62.616959 29.727806 1216481888112 -1.0
62.617074 29.72792 1216481898092 -1.0
62.617385 29.728367 1216481903078 -1.0
62.617393 29.728422 1216481908096 -1.0
62.617348 29.728581 1216481913182 -1.0
62.617354 29.728645 1216481918078 -1.0
62.61723 29.729659 1216481928078 -1.0
62.617121 29.729803 1216481933139 -1.0
62.617351 29.729857 1216481948153 -1.0
62.617502 29.730448 1216481958078 -1.0
62.617765 29.731442 1216481963078 -1.0
62.618072 29.733091 1216481978153 -1.0
62.618013 29.733355 1216481983078 -1.0
62.617918 29.73386 1216481988139 -1.0
62.617896 29.734142 1216481993078 -1.0
62.617984 29.734361 1216481998135 -1.0
62.618081 29.734624 1216482003091 -1.0
62.618086 29.734766 1216482008078 -1.0
62.618141 29.735044 1216482018132 -1.0
62.618152 29.735293 1216482023078 -1.0
62.618138 29.735506 1216482028121 -1.0
62.618018 29.735996 1216482033080 -1.0
62.617986 29.736194 1216482038120 -1.0
62.617973 29.736249 1216482043080 -1.0
62.618148 29.737217 1216482048123 -1.0
62.618031 29.738045 1216482053079 -1.0
62.618034 29.740005 1216482068081 -1.0
62.618049 29.740591 1216482073074 -1.0
62.618195 29.741536 1216482083090 -1.0
62.618111 29.74243 1216482098078 -1.0
62.618078 29.742579 1216482103104 -1.0
62.618066 29.744083 1216482118078 -1.0
62.618021 29.744155 1216482123245 -1.0
62.618111 29.745706 1216482138071 -1.0
62.61814 29.746111 1216482143078 -1.0
62.618157 29.746229 1216482148073 -1.0
62.618162 29.746275 1216482153080 -1.0
62.618217 29.747679 1216482163078 -1.0
62.618224 29.747988 1216482168078 -1.0
62.618231 29.748911 1216482178078 -1.0
62.618189 29.749182 1216482183078 -1.0
62.618188 29.749516 1216482188080 -1.0
62.618226 29.750046 1216482193082 -1.0
62.618234 29.750361 1216482198078 -1.0
62.618346 29.750664 1216482203085 -1.0
62.618354 29.751048 1216482208078 -1.0
62.618353 29.751464 1216482213084 -1.0
62.618357 29.751778 1216482218078 -1.0
62.618356 29.752401 1216482223076 -1.0
62.618359 29.752644 1216482228078 -1.0
62.618433 29.753059 1216482233082 -1.0
62.618434 29.753127 1216482238078 -1.0
62.618436 29.754245 1216482243078 -1.0
62.618304 29.754646 1216482248080 -1.0
62.618222 29.755131 1216482253078 -1.0
62.618232 29.755415 1216482258080 -1.0
62.618298 29.755828 1216482263078 -1.0
62.618348 29.756135 1216482268079 -1.0
62.618458 29.756426 1216482273085 -1.0
62.618443 29.756793 1216482278078 -1.0
62.61843 29.757098 1216482283080 -1.0
62.618602 29.75789 1216482298078 -1.0
62.618566 29.758182 1216482303078 -1.0
62.618518 29.758586 1216482308082 -1.0
62.618511 29.760115 1216482318085 -1.0
62.618521 29.760293 1216482323078 -1.0
62.618398 29.761089 1216482338078 -1.0
62.618248 29.761472 1216482343078 -1.0
62.61824 29.761596 1216482348082 -1.0
62.618277 29.761627 1216482353079 -1.0
62.618222 29.761695 1216482358084 -1.0
62.618171 29.761753 1216482363079 -1.0
62.618038 29.761851 1216482368081 -1.0
62.617855 29.761951 1216482373078 -1.0
62.617356 29.762001 1216482378079 -1.0
62.617143 29.761966 1216482383078 -1.0
62.61683 29.76199 1216482388079 -1.0
62.61667 29.761979 1216482393082 -1.0
62.616537 29.761983 1216482398078 -1.0
62.616352 29.761975 1216482403085 -1.0
62.616247 29.761969 1216482408078 -1.0
62.61603 29.762108 1216482413081 -1.0
62.615818 29.762327 1216482418078 -1.0
62.615717 29.762322 1216482423078 -1.0
62.615477 29.762089 1216482438078 -1.0
62.61519 29.762043 1216482443078 -1.0
62.615096 29.761848 1216482453078 -1.0
62.614369 29.761724 1216482463079 -1.0
62.614081 29.761902 1216482468078 -1.0
62.613958 29.761681 1216482473080 -1.0
62.613572 29.761271 1216482483079 -1.0
62.613343 29.76144 1216482488078 -1.0
62.613193 29.761169 1216482493078 -1.0
62.613062 29.761108 1216482498078 -1.0
62.613047 29.761076 1216482503078 -1.0
62.612981 29.761197 1216482508079 -1.0
62.612912 29.761217 1216482513078 -1.0
62.61282 29.761281 1216482518078 -1.0
62.612734 29.761663 1216482528078 -1.0
62.612381 29.762898 1216482533078 -1.0
62.612241 29.763175 1216482538078 -1.0
62.611975 29.764243 1216482548082 -1.0
62.611957 29.764273 1216482553068 -1.0