62.598081 29.744154 1372604194383 103.0
62.598097 29.744179 1372604197385 104.0
62.598096 29.74421 1372604199357 104.0
62.598094 29.744226 1372604201360 104.0
62.598093 29.744228 1372604203361 104.0
62.598106 29.744225 1372604205360 104.0
62.598104 29.744219 1372604207359 104.0
62.598104 29.74422 1372604209363 105.0
62.598091 29.744212 1372604211356 104.0
62.598087 29.743995 1372604213360 104.0
62.598087 29.743954 1372604215357 105.0
62.59807 29.743954 1372604217357 105.0
62.59805 29.743966 1372604219396 104.0
62.598024 29.743955 1372604220393 104.0
62.598002 29.743995 1372604223353 104.0
62.597994 29.744013 1372604225351 105.0
62.597992 29.744041 1372604227358 105.0
62.597983 29.744042 1372604229351 105.0
62.598007 29.744066 1372604231353 105.0
62.598021 29.744074 1372604233356 105.0
62.598006 29.74382 1372604235348 105.0
62.597988 29.743764 1372604237349 106.0
62.597933 29.743833 1372604239343 109.0
62.597884 29.743739 1372604241354 109.0
62.597829 29.743694 1372604243345 110.0
62.597774 29.743666 1372604245360 111.0
62.597715 29.743613 1372604247343 112.0
62.597646 29.743563 1372604249352 112.0
62.597573 29.743548 1372604251342 112.0
62.597502 29.743523 1372604253355 112.0
62.597433 29.743473 1372604255351 112.0
62.597372 29.743389 1372604257347 111.0
62.597338 29.74337 1372604259344 111.0
62.597365 29.743422 1372604261349 110.0
62.597389 29.743358 1372604263345 111.0
62.597317 29.74327 1372604265348 113.0
62.597339 29.743088 1372604267348 112.0
62.597328 29.742862 1372604269345 112.0
62.59743 29.742735 1372604271341 112.0
62.597494 29.742559 1372604273343 111.0
62.597577 29.742404 1372604275340 110.0
62.597679 29.74228 1372604277343 109.0
62.59769 29.742058 1372604279343 109.0
62.597748 29.741859 1372604281349 109.0
62.597782 29.741637 1372604283342 106.0
62.597869 29.741457 1372604285346 104.0
62.597883 29.741215 1372604287345 102.0
62.59796 29.741032 1372604289344 101.0
62.598019 29.740858 1372604291339 99.0
62.598092 29.740703 1372604293343 99.0
62.598093 29.740473 1372604295344 99.0
62.598131 29.740279 1372604297343 98.0
62.598193 29.740129 1372604299339 97.0
62.598232 29.739978 1372604301337 95.0
62.598266 29.739848 1372604303333 95.0
62.598286 29.739704 1372604305337 94.0
62.598344 29.739652 1372604307334 94.0
62.598341 29.739486 1372604309339 93.0
62.59834 29.739353 1372604311332 93.0
62.598355 29.73923 1372604313347 92.0
62.598372 29.739107 1372604315334 92.0
62.598298 29.738805 1372604317332 92.0
62.598313 29.738579 1372604319336 91.0
62.598352 29.73836 1372604321335 91.0
62.598377 29.738172 1372604323332 90.0
62.598428 29.738014 1372604325331 90.0
62.598484 29.737837 1372604327325 89.0
62.598521 29.737642 1372604329329 89.0
62.598594 29.737473 1372604331326 88.0
62.598664 29.73733 1372604333327 88.0
62.598751 29.737186 1372604335326 87.0
62.598828 29.737035 1372604337326 87.0
62.59889 29.736894 1372604339326 87.0
62.598958 29.736713 1372604341314 86.0
62.599012 29.736588 1372604343333 86.0
62.599092 29.736568 1372604345325 86.0
62.599152 29.736683 1372604347329 86.0
62.599239 29.736778 1372604349323 87.0
62.59929 29.736865 1372604351321 88.0
62.599321 29.736977 1372604353319 88.0
62.599437 29.737076 1372604355321 91.0
62.599537 29.737117 1372604357323 91.0
62.599628 29.737186 1372604359317 91.0
62.599728 29.737253 1372604361323 93.0
62.599828 29.737251 1372604363318 94.0
62.6 29.737 1372604365315 97.0
62.600063 29.736897 1372604367320 98.0
62.600029 29.737077 1372604369317 103.0
62.599971 29.737377 1372604371313 102.0
62.599922 29.737686 1372604373328 101.0
62.599878 29.737935 1372604375317 101.0
62.599848 29.738211 1372604377314 100.0
62.599783 29.73843 1372604379307 98.0
62.599755 29.738593 1372604381316 99.0
62.599721 29.738723 1372604383305 99.0
62.599688 29.738826 1372604385312 99.0
62.599663 29.738929 1372604387304 98.0
62.59963 29.739052 1372604389313 97.0
62.5996 29.739199 1372604391305 96.0
62.599565 29.739321 1372604393314 95.0
62.59953 29.739435 1372604395312 95.0
62.599497 29.739554 1372604397309 94.0
62.599471 29.739665 1372604399307 94.0
62.599434 29.739711 1372604401315 92.0
62.59946 29.739758 1372604403315 90.0
62.599481 29.739761 1372604405306 89.0
62.599503 29.73973 1372604407300 88.0
62.599571 29.739743 1372604409307 90.0
62.599592 29.739583 1372604411308 90.0
62.599566 29.739346 1372604413305 92.0
62.5996 29.739176 1372604415309 92.0
62.599638 29.739 1372604417306 91.0
62.599612 29.738746 1372604419303 92.0
62.599603 29.738553 1372604421308 93.0
62.599622 29.738422 1372604423302 93.0
62.599638 29.738225 1372604425296 93.0
62.599674 29.738034 1372604427299 93.0
62.599697 29.737866 1372604429289 92.0
62.599693 29.737665 1372604431299 92.0
62.599712 29.73747 1372604433314 92.0
62.599719 29.737349 1372604435298 91.0
62.599674 29.737274 1372604437296 88.0
62.599621 29.737152 1372604439295 87.0
62.599529 29.737086 1372604441289 87.0
62.599444 29.736969 1372604443296 86.0
62.599385 29.736841 1372604445296 88.0
62.599323 29.736765 1372604447297 89.0
62.599262 29.736741 1372604449295 89.0
62.599204 29.736648 1372604451292 89.0
62.599125 29.736544 1372604453294 89.0
62.599039 29.736538 1372604455292 90.0
62.598975 29.736551 1372604457294 91.0
62.598949 29.736554 1372604459287 90.0
62.598911 29.736649 1372604461294 91.0
62.598866 29.736753 1372604463295 91.0
62.598822 29.736863 1372604465293 90.0
62.598788 29.737081 1372604467290 92.0
62.598737 29.73726 1372604469288 93.0
62.598707 29.737474 1372604471288 95.0
62.59866 29.73759 1372604473287 97.0
62.598599 29.7378 1372604475286 97.0
62.59853 29.737987 1372604477275 96.0
62.598457 29.738118 1372604479283 97.0
62.598385 29.73824 1372604481285 97.0
62.598335 29.738389 1372604483281 97.0
62.598286 29.738355 1372604485282 96.0
62.598254 29.738485 1372604487284 96.0
62.59823 29.738598 1372604489283 94.0
62.598192 29.738661 1372604491281 92.0
62.598148 29.738701 1372604493295 89.0
62.59813 29.738825 1372604495281 89.0
62.598097 29.738863 1372604497279 88.0
62.598068 29.739003 1372604499279 91.0
62.598064 29.739193 1372604501281 93.0
62.598059 29.739332 1372604503280 94.0
62.59803 29.739423 1372604505283 97.0
62.597989 29.739634 1372604507279 98.0
62.597963 29.73987 1372604509276 101.0
62.597938 29.740197 1372604511275 95.0
62.597891 29.740401 1372604513272 91.0
62.597828 29.740734 1372604515266 90.0
62.597798 29.740911 1372604517262 89.0
62.597768 29.741098 1372604519267 88.0
62.597776 29.741259 1372604521271 88.0
62.597757 29.741497 1372604523269 86.0
62.597729 29.741658 1372604525264 86.0
62.597704 29.741807 1372604527270 85.0
62.597666 29.741953 1372604529271 86.0
62.597609 29.742052 1372604531268 88.0
62.59755 29.742099 1372604533273 87.0
62.597516 29.742225 1372604535265 86.0
62.597581 29.742338 1372604537265 85.0
62.597544 29.742482 1372604539266 86.0
62.597534 29.74265 1372604541261 83.0
62.597537 29.742784 1372604543264 78.0
62.597482 29.742893 1372604545262 74.0
62.597418 29.742997 1372604547263 69.0
62.597358 29.743136 1372604549266 68.0
62.597337 29.74326 1372604551270 68.0
62.597313 29.743379 1372604553277 70.0
62.597301 29.743485 1372604555270 69.0
62.597277 29.74364 1372604557259 69.0
62.597267 29.743736 1372604559262 69.0
62.597285 29.743813 1372604561249 68.0
62.597324 29.743862 1372604563261 67.0
62.597409 29.743855 1372604565261 67.0
62.597486 29.743842 1372604567258 69.0
62.597569 29.743902 1372604569256 71.0
62.597624 29.743885 1372604571261 70.0
62.597658 29.743916 1372604573259 69.0
62.597723 29.743976 1372604575263 72.0
62.597771 29.744053 1372604577258 75.0
62.597851 29.744118 1372604579253 78.0
62.59791 29.744163 1372604581248 78.0
62.597958 29.744246 1372604583246 81.0
62.59799 29.744294 1372604585254 82.0
62.597995 29.744302 1372604587243 82.0
62.598006 29.744284 1372604589258 84.0
62.598017 29.744293 1372604591253 84.0
62.598015 29.744327 1372604593274 85.0
62.59802 29.744333 1372604595249 86.0
62.598021 29.744337 1372604597253 86.0
62.598023 29.744323 1372604599252 86.0
62.598029 29.744354 1372604601257 88.0