62.600981 29.74324 1365686534509 97.0
62.601072 29.74323 1365686534933 104.0
62.601049 29.743193 1365686537444 109.0
62.600994 29.743192 1365686538652 107.0
62.600984 29.743188 1365686540651 109.0
62.60099 29.743167 1365686542650 113.0
62.600969 29.743159 1365686544650 113.0
62.600947 29.74314 1365686546654 113.0
62.600912 29.743128 1365686548651 109.0
62.600901 29.743115 1365686550649 108.0
62.600883 29.743112 1365686552651 109.0
62.600856 29.743095 1365686554653 108.0
62.600823 29.743067 1365686556652 105.0
62.600788 29.743042 1365686558652 102.0
62.600769 29.743024 1365686560653 104.0
62.600753 29.743007 1365686562655 105.0
62.600726 29.742986 1365686564653 104.0
62.600697 29.742975 1365686566652 103.0
62.60067 29.742959 1365686568652 103.0
62.600644 29.742932 1365686570658 103.0
62.60062 29.742921 1365686572652 102.0
62.600588 29.742915 1365686574657 102.0
62.600569 29.74291 1365686576656 101.0
62.600554 29.742908 1365686578655 102.0
62.600532 29.742917 1365686580654 101.0
62.600507 29.7429 1365686582661 100.0
62.600506 29.742861 1365686584655 100.0
62.600502 29.742875 1365686586656 99.0
62.600482 29.74288 1365686588657 99.0
62.600443 29.742921 1365686590655 98.0
62.600443 29.742955 1365686592657 97.0
62.60042 29.74299 1365686594641 96.0
62.600404 29.743014 1365686596655 97.0
62.600377 29.743023 1365686598658 96.0
62.600366 29.74302 1365686600656 96.0
62.600361 29.74302 1365686602658 97.0
62.600358 29.743019 1365686604662 97.0
62.600356 29.743018 1365686606662 97.0
62.600356 29.743017 1365686608645 97.0
62.600355 29.743017 1365686610643 97.0
62.600355 29.743016 1365686612645 97.0
62.600355 29.743015 1365686614645 97.0
62.600355 29.743015 1365686616646 97.0
62.600355 29.743014 1365686619646 97.0
62.600355 29.743014 1365686620651 97.0
62.600355 29.743014 1365686622645 97.0
62.600355 29.743014 1365686624651 97.0
62.600347 29.743006 1365686626665 97.0
62.600337 29.743028 1365686628664 98.0
62.600326 29.743033 1365686630663 100.0
62.600307 29.743025 1365686632664 100.0
62.600289 29.743002 1365686634661 100.0
62.600268 29.742994 1365686636666 101.0
62.600245 29.742983 1365686638662 101.0
62.600232 29.742966 1365686640680 101.0
62.600206 29.742956 1365686642649 101.0
62.600185 29.742946 1365686644647 101.0
62.600163 29.742929 1365686646648 101.0
62.600139 29.742917 1365686648648 101.0
62.600121 29.742893 1365686650648 100.0
62.600096 29.742878 1365686652666 100.0
62.600071 29.742863 1365686654646 99.0
62.600046 29.742848 1365686656636 99.0
62.600033 29.742825 1365686658628 98.0
62.600014 29.742808 1365686660663 98.0
62.599997 29.742794 1365686662647 98.0
62.59997 29.742774 1365686664642 98.0
62.599952 29.742766 1365686666626 97.0
62.599927 29.74274 1365686668627 97.0
62.599909 29.742718 1365686670625 98.0
62.59988 29.742689 1365686672630 97.0
62.599861 29.742673 1365686674641 96.0
62.599833 29.742654 1365686676641 96.0
62.599812 29.742637 1365686678647 96.0
62.599788 29.742616 1365686680652 96.0
62.599761 29.742595 1365686682645 96.0
62.599741 29.742574 1365686684661 96.0
62.599714 29.742556 1365686686668 96.0
62.599695 29.742533 1365686688658 96.0
62.599674 29.742514 1365686690659 95.0
62.599645 29.742493 1365686692649 95.0
62.599608 29.742471 1365686694643 94.0
62.599583 29.742451 1365686696641 94.0
62.599558 29.742426 1365686698659 94.0
62.59953 29.742398 1365686700639 94.0
62.599503 29.742373 1365686702640 93.0
62.599473 29.742358 1365686704640 92.0
62.599446 29.742333 1365686706639 92.0
62.599425 29.742306 1365686708648 92.0
62.599407 29.742295 1365686710652 93.0
62.599373 29.742271 1365686712644 92.0
62.599343 29.742253 1365686714645 92.0
62.599322 29.742247 1365686716663 92.0
62.599302 29.742223 1365686718664 93.0
62.599289 29.742204 1365686720666 93.0
62.599273 29.742175 1365686722668 94.0
62.599255 29.742161 1365686724647 95.0
62.59923 29.742151 1365686726642 95.0
62.599203 29.742164 1365686728641 93.0
62.599188 29.742203 1365686730660 94.0
62.599174 29.742234 1365686732653 94.0
62.599161 29.742274 1365686734638 94.0
62.599135 29.742316 1365686736641 93.0
62.599119 29.742364 1365686738644 93.0
62.599103 29.742404 1365686740660 93.0
62.59909 29.742453 1365686742626 94.0
62.599078 29.742515 1365686744625 95.0
62.599066 29.742562 1365686746639 95.0
62.599046 29.742607 1365686748655 95.0
62.599039 29.742644 1365686750658 96.0
62.599026 29.742685 1365686752649 97.0
62.599011 29.742731 1365686754635 97.0
62.598967 29.742746 1365686756632 92.0
62.598945 29.742791 1365686758633 91.0
62.598939 29.742832 1365686760644 92.0
62.598898 29.742864 1365686762653 89.0
62.598888 29.742894 1365686764648 90.0
62.598868 29.742934 1365686766634 90.0
62.598845 29.742951 1365686768635 90.0
62.598827 29.742971 1365686770640 89.0
62.5988 29.742975 1365686772636 88.0
62.598797 29.742961 1365686774652 90.0
62.59878 29.742957 1365686776656 90.0
62.598754 29.742935 1365686778650 89.0
62.598755 29.742918 1365686780655 92.0
62.598755 29.742902 1365686782666 95.0
62.59875 29.742865 1365686784644 94.0
62.598723 29.742881 1365686786643 92.0
62.598706 29.742875 1365686788640 92.0
62.598684 29.742813 1365686790640 93.0
62.598651 29.742829 1365686792641 92.0
62.598638 29.742802 1365686794657 92.0
62.598647 29.742798 1365686796648 96.0
62.598638 29.742796 1365686798646 96.0
62.598633 29.742737 1365686800649 98.0
62.598618 29.742741 1365686802645 100.0
62.598612 29.742762 1365686804654 101.0
62.598599 29.742798 1365686806650 103.0
62.598586 29.7428 1365686808644 104.0
62.598562 29.742807 1365686810648 105.0
62.598541 29.742841 1365686812639 104.0
62.598531 29.742889 1365686814655 104.0
62.598537 29.742922 1365686816652 109.0
62.598523 29.742941 1365686818655 109.0
62.598515 29.742956 1365686820649 109.0
62.598509 29.74296 1365686822653 110.0
62.598506 29.742971 1365686824648 111.0
62.59851 29.742987 1365686826640 112.0
62.598482 29.742993 1365686829638 113.0
62.598485 29.742991 1365686830650 115.0
62.598498 29.74297 1365686832649 122.0
62.598532 29.74327 1365686834636 124.0
62.598479 29.743431 1365686836636 125.0
62.598452 29.743501 1365686838637 126.0
62.59843 29.743574 1365686840656 127.0
62.598407 29.74362 1365686842635 127.0
62.598402 29.743654 1365686844637 127.0
62.598392 29.743699 1365686846635 127.0
62.599124 29.743091 1365686871647 127.0
62.599155 29.743086 1365686872648 127.0
62.598912 29.743213 1365686874640 127.0
62.598659 29.743335 1365686876635 127.0
62.598655 29.743317 1365686878634 127.0
62.598185 29.74323 1365686891637 127.0
62.598533 29.743311 1365686892641 127.0
62.59857 29.743431 1365686894637 127.0
62.597721 29.743725 1365686896637 127.0
62.597706 29.743739 1365686898652 127.0
62.597681 29.743927 1365686900637 128.0
62.597681 29.743927 1365686903633 128.0