62.594158 29.750746 1372096383487 101.0
62.594168 29.750773 1372096386480 101.0
62.594151 29.750777 1372096388476 99.0
62.594184 29.75081 1372096390479 98.0
62.594192 29.750798 1372096391505 98.0
62.594225 29.75072 1372096394479 98.0
62.594263 29.750633 1372096396486 98.0
62.594302 29.750563 1372096398483 98.0
62.594347 29.750503 1372096400485 98.0
62.594384 29.750441 1372096402480 97.0
62.594421 29.750381 1372096404480 97.0
62.594445 29.750321 1372096406473 97.0
62.594487 29.750302 1372096408465 97.0
62.594511 29.750261 1372096410480 99.0
62.594497 29.750263 1372096412475 99.0
62.594529 29.750288 1372096413488 99.0
62.594633 29.750363 1372096416467 99.0
62.594704 29.750418 1372096418467 98.0
62.594789 29.750433 1372096420473 97.0
62.594834 29.750557 1372096422464 97.0
62.594897 29.750601 1372096424470 97.0
62.594965 29.750673 1372096426467 97.0
62.595034 29.75077 1372096428467 97.0
62.595096 29.750866 1372096430469 96.0
62.595158 29.750938 1372096432472 96.0
62.595224 29.751011 1372096434470 96.0
62.595282 29.751069 1372096436468 96.0
62.595345 29.751123 1372096438468 96.0
62.595402 29.751183 1372096440470 96.0
62.595455 29.751226 1372096442474 96.0
62.595526 29.751248 1372096444471 96.0
62.595629 29.751157 1372096446454 96.0
62.595714 29.751106 1372096448458 97.0
62.595788 29.751129 1372096450455 97.0
62.595854 29.75119 1372096452466 97.0
62.59588 29.751348 1372096454464 96.0
62.595942 29.751393 1372096456465 96.0
62.596022 29.751471 1372096458445 96.0
62.596108 29.751541 1372096460448 97.0
62.596193 29.751701 1372096462456 91.0
62.596276 29.751827 1372096464459 92.0
62.596387 29.751887 1372096466457 92.0
62.596464 29.751972 1372096468462 91.0
62.59653 29.752056 1372096470458 89.0
62.596619 29.752114 1372096472450 90.0
62.596705 29.752202 1372096474446 90.0
62.596783 29.75233 1372096476452 90.0
62.596848 29.752459 1372096478456 90.0
62.59693 29.752529 1372096480456 90.0
62.597021 29.752623 1372096482454 92.0
62.597118 29.752695 1372096484449 92.0
62.597199 29.752765 1372096486452 93.0
62.597315 29.752794 1372096488447 94.0
62.597404 29.752838 1372096490454 96.0
62.597455 29.752896 1372096492449 96.0
62.597516 29.752906 1372096494447 95.0
62.597578 29.752894 1372096496437 94.0
62.597666 29.752933 1372096498466 94.0
62.597742 29.753056 1372096500444 94.0
62.597811 29.753144 1372096502453 94.0
62.597839 29.753164 1372096504447 93.0
62.597914 29.753149 1372096506442 93.0
62.598008 29.753196 1372096508445 95.0
62.598096 29.753257 1372096510436 97.0
62.598197 29.753355 1372096512455 100.0
62.598278 29.753458 1372096514439 101.0
62.598364 29.753579 1372096516453 101.0
62.598422 29.753699 1372096518443 100.0
62.598488 29.753791 1372096520445 100.0
62.598555 29.753885 1372096522433 100.0
62.598616 29.753947 1372096524436 100.0
62.598703 29.75399 1372096526442 101.0
62.598778 29.754059 1372096528436 102.0
62.598889 29.75408 1372096530440 104.0
62.598956 29.754149 1372096532438 105.0
62.599017 29.754191 1372096534437 106.0
62.599077 29.754244 1372096536435 107.0
62.599138 29.754339 1372096538435 106.0
62.599192 29.754408 1372096540440 107.0
62.599247 29.754496 1372096542430 106.0
62.599301 29.754579 1372096544435 106.0
62.599386 29.754646 1372096546427 108.0
62.599473 29.754702 1372096548427 108.0
62.599545 29.754763 1372096550435 108.0
62.599592 29.754831 1372096552439 105.0
62.599632 29.754805 1372096554437 102.0
62.599699 29.754818 1372096556431 102.0
62.599762 29.754891 1372096558431 103.0
62.599844 29.754994 1372096560435 105.0
62.599912 29.755047 1372096562429 101.0
62.599997 29.755073 1372096564418 100.0
62.60007 29.755163 1372096566422 97.0
62.600124 29.755256 1372096568426 91.0
62.600183 29.755331 1372096570432 86.0
62.600272 29.755417 1372096572428 89.0
62.600343 29.755495 1372096574431 89.0
62.600414 29.755557 1372096576426 89.0
62.600484 29.755635 1372096578415 89.0
62.600564 29.755701 1372096580416 89.0
62.600638 29.755779 1372096582423 90.0
62.600717 29.755833 1372096584426 90.0
62.600799 29.755874 1372096586416 91.0
62.600879 29.755871 1372096588413 91.0
62.600922 29.75591 1372096590421 92.0
62.600935 29.755942 1372096592417 93.0
62.600949 29.755932 1372096594418 96.0
62.600949 29.755961 1372096596418 97.0
62.600947 29.755977 1372096598443 97.0
62.600973 29.75598 1372096600417 99.0
62.600969 29.756001 1372096602407 101.0
62.600971 29.756008 1372096604413 102.0
62.600961 29.756042 1372096606411 104.0
62.600952 29.756093 1372096608416 105.0
62.600946 29.756168 1372096610411 107.0
62.600926 29.756263 1372096612414 108.0
62.600894 29.756393 1372096614413 109.0
62.600863 29.756531 1372096616414 109.0
62.600847 29.75667 1372096618418 110.0
62.600812 29.756806 1372096620412 108.0
62.600776 29.756952 1372096622412 107.0
62.600739 29.757105 1372096624403 106.0
62.600704 29.757262 1372096626413 105.0
62.600672 29.75743 1372096628412 104.0
62.600637 29.757594 1372096630410 103.0
62.60059 29.757751 1372096632409 102.0
62.600561 29.757892 1372096634408 102.0
62.600515 29.758047 1372096636409 102.0
62.600474 29.758188 1372096638409 101.0
62.600463 29.758325 1372096640409 101.0
62.600484 29.758438 1372096642408 100.0
62.600521 29.758532 1372096644405 99.0
62.600551 29.758634 1372096646402 97.0
62.600588 29.758764 1372096648399 99.0
62.600553 29.758904 1372096650403 99.0
62.600501 29.759041 1372096652406 98.0
62.600608 29.759196 1372096654401 104.0
62.600579 29.759385 1372096656401 105.0
62.600548 29.759562 1372096658402 107.0
62.600501 29.759731 1372096660406 106.0
62.600472 29.759922 1372096662401 106.0
62.600439 29.760125 1372096664397 105.0
62.600467 29.760352 1372096666395 104.0
62.600406 29.760502 1372096668400 104.0
62.600374 29.760688 1372096670399 104.0
62.60012 29.760671 1372096672400 108.0
62.599916 29.760718 1372096674394 111.0
62.599878 29.761027 1372096677397 110.0
62.599872 29.76114 1372096678394 109.0
62.599831 29.761346 1372096680397 108.0
62.599771 29.761526 1372096682393 107.0
62.599687 29.761678 1372096684393 106.0
62.599626 29.761835 1372096686397 105.0
62.599601 29.762018 1372096688393 104.0
62.599599 29.762196 1372096690398 103.0
62.599599 29.762355 1372096692390 102.0
62.599624 29.76255 1372096694390 101.0
62.599682 29.762732 1372096696393 101.0
62.599682 29.762921 1372096698388 100.0
62.599734 29.763104 1372096700390 99.0
62.5998 29.763287 1372096702386 100.0
62.599885 29.763446 1372096704375 100.0
62.600012 29.763588 1372096706375 102.0
62.600098 29.763788 1372096708417 101.0
62.600197 29.76391 1372096710382 101.0
62.600312 29.763924 1372096712381 102.0
62.600427 29.764032 1372096714381 102.0
62.600538 29.7642 1372096716373 103.0
62.600607 29.764364 1372096718381 103.0
62.600656 29.764606 1372096720369 102.0
62.600722 29.764754 1372096722381 103.0
62.60075 29.764853 1372096724379 102.0
62.600772 29.76489 1372096726370 102.0
62.600776 29.764897 1372096728380 103.0
62.600767 29.764899 1372096730400 102.0
62.600763 29.764898 1372096732365 103.0
62.600761 29.764896 1372096734380 104.0
62.600759 29.764897 1372096736377 104.0
62.600749 29.764895 1372096738384 103.0
62.600746 29.764887 1372096740387 104.0
62.600746 29.764885 1372096742379 104.0
62.600746 29.764879 1372096744389 104.0
62.600748 29.764876 1372096746386 104.0
62.600748 29.764871 1372096748382 104.0
62.60078 29.764907 1372096750373 104.0
62.600816 29.764943 1372096752375 104.0
62.600861 29.764997 1372096754366 103.0
62.600895 29.765054 1372096756365 103.0
62.600929 29.765039 1372096758363 103.0
62.600985 29.765117 1372096760377 103.0
62.601062 29.765197 1372096762362 101.0
62.601122 29.765389 1372096764369 97.0
62.601197 29.765505 1372096766365 95.0
62.601262 29.765595 1372096768375 95.0
62.601337 29.765722 1372096770364 96.0
62.601428 29.765787 1372096772364 97.0
62.601501 29.765998 1372096774362 99.0
62.601604 29.765767 1372096776370 115.0
62.601714 29.765889 1372096778370 125.0
62.601788 29.765982 1372096780368 122.0
62.601854 29.766055 1372096782363 118.0
62.601936 29.766144 1372096784366 116.0
62.601988 29.766219 1372096786360 115.0
62.602016 29.766255 1372096788362 114.0
62.602012 29.766275 1372096790364 113.0
62.602009 29.766285 1372096792423 113.0
62.60201 29.766293 1372096794356 113.0
62.602012 29.766296 1372096796360 113.0
62.602017 29.766277 1372096798370 113.0
62.602024 29.766298 1372096800362 115.0
62.602068 29.766324 1372096802362 117.0
62.602127 29.76641 1372096804361 117.0
62.602209 29.766441 1372096806346 117.0
62.602251 29.766493 1372096808360 119.0
62.602311 29.76654 1372096810355 120.0
62.60238 29.766612 1372096812382 119.0
62.602445 29.766702 1372096814355 117.0
62.602506 29.766788 1372096816340 114.0
62.602592 29.766855 1372096818342 112.0
62.602672 29.766935 1372096820342 111.0
62.602747 29.767015 1372096822351 108.0
62.602827 29.767078 1372096824350 107.0
62.602907 29.767146 1372096826354 107.0
62.602985 29.767222 1372096828345 107.0
62.603065 29.767294 1372096830352 106.0
62.603141 29.767375 1372096832352 106.0
62.603219 29.767441 1372096834348 106.0
62.603308 29.767401 1372096836334 105.0
62.603377 29.7674 1372096838348 105.0
62.603423 29.767502 1372096840347 105.0
62.60351 29.767616 1372096842349 105.0
62.603607 29.767661 1372096844352 105.0
62.603693 29.767733 1372096846344 104.0
62.603774 29.767822 1372096848342 105.0
62.60386 29.767903 1372096850336 105.0
62.60395 29.76797 1372096852344 105.0
62.604026 29.768041 1372096854342 104.0
62.604117 29.768082 1372096856331 104.0
62.604205 29.768113 1372096858343 104.0
62.604284 29.768199 1372096860334 104.0
62.604367 29.768277 1372096862334 104.0
62.604438 29.768358 1372096864331 104.0
62.604516 29.768401 1372096866337 104.0
62.604584 29.768389 1372096868336 103.0
62.604624 29.768415 1372096870335 102.0
62.604641 29.768464 1372096872329 102.0
62.604644 29.768521 1372096874339 105.0
62.604641 29.768541 1372096876325 105.0
62.604638 29.768549 1372096878338 105.0
62.604633 29.768557 1372096880338 104.0
62.604625 29.768632 1372096882340 105.0
62.604624 29.768634 1372096884338 104.0
62.604654 29.768652 1372096886338 104.0
62.604689 29.768684 1372096888333 106.0
62.60473 29.768762 1372096890335 104.0
62.604795 29.768848 1372096892335 103.0
62.604868 29.768936 1372096894335 103.0
62.604941 29.769024 1372096896330 102.0
62.605004 29.769077 1372096898322 102.0
62.60508 29.769147 1372096900328 101.0
62.605152 29.76921 1372096902331 100.0
62.605221 29.769255 1372096904333 98.0
62.605288 29.769299 1372096906332 97.0
62.605359 29.769351 1372096908330 93.0
62.605444 29.769411 1372096910321 92.0
62.605533 29.769506 1372096912320 91.0
62.605626 29.769589 1372096914350 89.0
62.605707 29.769688 1372096916323 90.0
62.605789 29.769821 1372096918316 89.0
62.605872 29.769973 1372096920324 90.0
62.605955 29.770136 1372096922329 93.0
62.606035 29.770309 1372096924325 96.0
62.606122 29.770484 1372096926325 97.0
62.606196 29.770666 1372096928314 98.0
62.60627 29.770842 1372096930313 99.0
62.606326 29.771013 1372096932317 99.0
62.606396 29.771177 1372096934311 99.0
62.606466 29.771338 1372096936311 98.0
62.606535 29.7715 1372096938318 99.0
62.606608 29.771687 1372096940310 100.0
62.606683 29.771868 1372096942323 103.0
62.606753 29.772046 1372096944307 104.0
62.606825 29.772223 1372096946309 104.0
62.606895 29.772396 1372096948304 105.0
62.606966 29.772567 1372096950305 105.0
62.607037 29.772725 1372096952311 103.0
62.60715 29.77286 1372096954304 103.0
62.607271 29.772978 1372096956306 103.0
62.607361 29.773102 1372096958309 101.0
62.607438 29.773215 1372096960304 101.0
62.607499 29.773374 1372096962307 103.0
62.607556 29.773542 1372096964308 104.0
62.60759 29.773725 1372096966299 105.0
62.607626 29.773904 1372096968309 106.0
62.607645 29.77412 1372096970309 106.0
62.607649 29.774362 1372096972310 106.0
62.607636 29.774604 1372096974297 106.0
62.607624 29.774837 1372096976299 106.0
62.607606 29.775067 1372096978295 107.0
62.607578 29.7753 1372096980300 106.0
62.60757 29.775548 1372096982297 106.0
62.607535 29.77583 1372096984302 104.0
62.607567 29.776088 1372096986302 104.0
62.607565 29.776326 1372096988305 102.0
62.607553 29.77657 1372096990296 101.0
62.607555 29.776816 1372096992294 101.0
62.607564 29.777064 1372096994303 101.0
62.607572 29.777306 1372096996303 100.0
62.60758 29.777556 1372096998293 101.0
62.607582 29.777802 1372097000296 101.0
62.607607 29.778067 1372097002303 101.0
62.607601 29.778317 1372097004300 101.0
62.607587 29.778571 1372097006298 101.0
62.60757 29.778827 1372097008297 100.0
62.607573 29.779065 1372097010291 100.0
62.607577 29.779238 1372097012284 100.0
62.607581 29.779367 1372097014302 99.0
62.607576 29.77956 1372097016291 99.0
62.60758 29.779821 1372097018302 99.0
62.607597 29.780071 1372097020285 99.0
62.60762 29.780385 1372097022296 97.0
62.607637 29.780652 1372097024293 96.0
62.607655 29.780865 1372097026283 95.0
62.607686 29.781042 1372097028281 96.0
62.607711 29.781211 1372097030266 97.0
62.607732 29.781352 1372097032266 97.0
62.607755 29.781483 1372097034263 98.0
62.607817 29.781588 1372097036260 101.0
62.607843 29.781703 1372097038260 102.0
62.607865 29.781806 1372097040268 102.0
62.607882 29.781906 1372097042262 102.0
62.607905 29.782015 1372097044283 101.0
62.607927 29.782123 1372097046272 101.0
62.607942 29.782231 1372097048265 101.0
62.607949 29.782343 1372097050261 102.0
62.607987 29.782446 1372097052258 103.0
62.607997 29.782567 1372097054269 103.0
62.608023 29.78268 1372097056258 104.0
62.608063 29.782779 1372097058256 106.0
62.608092 29.782878 1372097060266 106.0
62.608142 29.782964 1372097062257 108.0
62.608149 29.783073 1372097064264 108.0
62.60816 29.783178 1372097066254 108.0
62.608177 29.783277 1372097068260 108.0
62.608215 29.783353 1372097070265 109.0
62.60824 29.78344 1372097072253 110.0
62.608262 29.783532 1372097074262 110.0
62.608297 29.783621 1372097076255 111.0
62.608325 29.783708 1372097078262 112.0
62.608365 29.783778 1372097080261 111.0
62.608385 29.783873 1372097082262 111.0
62.608416 29.783963 1372097084251 110.0
62.608445 29.784057 1372097086248 110.0
62.608464 29.784157 1372097088251 110.0
62.608491 29.784257 1372097090252 109.0
62.608517 29.784353 1372097092259 109.0
62.608565 29.784438 1372097094250 109.0
62.608624 29.784514 1372097096256 110.0
62.608683 29.784592 1372097098249 110.0
62.608719 29.784694 1372097100257 110.0
62.60875 29.784801 1372097102257 110.0
62.608745 29.784925 1372097104258 109.0
62.608713 29.785029 1372097106247 109.0
62.608722 29.785151 1372097108254 109.0
62.608761 29.785247 1372097110247 108.0
62.608802 29.785364 1372097112242 107.0
62.608851 29.785493 1372097114244 105.0
62.6089 29.78564 1372097116243 104.0
62.60895 29.785823 1372097118247 101.0
62.60902 29.786026 1372097120242 99.0
62.609103 29.786242 1372097122241 99.0
62.609183 29.786473 1372097124251 98.0
62.609255 29.786725 1372097126251 99.0
62.609318 29.786988 1372097128237 98.0
62.609374 29.787258 1372097130244 98.0
62.609422 29.787539 1372097132247 98.0
62.609464 29.787831 1372097134240 98.0
62.609504 29.788124 1372097136236 98.0
62.609529 29.788416 1372097138238 98.0
62.609551 29.788702 1372097140243 98.0
62.609601 29.788963 1372097142246 100.0
62.609622 29.789239 1372097144243 100.0
62.609608 29.789531 1372097146247 98.0
62.609598 29.789824 1372097148231 96.0
62.60961 29.790093 1372097150250 96.0
62.609651 29.790347 1372097152240 97.0
62.609682 29.790602 1372097154245 97.0
62.609701 29.790859 1372097156240 97.0
62.609711 29.791133 1372097158239 96.0
62.609742 29.791374 1372097160237 96.0
62.609776 29.791628 1372097162227 95.0
62.609805 29.791874 1372097164238 94.0
62.609834 29.792127 1372097166241 93.0
62.609873 29.792382 1372097168229 92.0
62.609941 29.79261 1372097170241 93.0
62.609996 29.792829 1372097172225 93.0
62.610042 29.793046 1372097174230 92.0
62.61009 29.793259 1372097176237 93.0
62.61013 29.793486 1372097178224 92.0
62.610175 29.793695 1372097180225 92.0
62.610228 29.793902 1372097182231 92.0
62.610289 29.794097 1372097184236 92.0
62.610351 29.794295 1372097186230 92.0
62.610408 29.794496 1372097188230 91.0
62.610465 29.794684 1372097190220 90.0
62.610503 29.794874 1372097192219 90.0
62.610568 29.795047 1372097194228 89.0
62.610634 29.795198 1372097196220 90.0
62.610699 29.795352 1372097198224 90.0
62.610755 29.795505 1372097200214 90.0
62.610834 29.795623 1372097202215 93.0
62.610887 29.795729 1372097204216 94.0
62.610918 29.795828 1372097206213 93.0
62.610952 29.795928 1372097208223 93.0
62.610971 29.796033 1372097210212 91.0
62.611019 29.796118 1372097212221 91.0
62.611074 29.796199 1372097214221 91.0
62.611118 29.796291 1372097216212 92.0
62.611135 29.796391 1372097218218 90.0
62.611181 29.796468 1372097220217 91.0
62.61123 29.796534 1372097222217 92.0
62.611273 29.796602 1372097224221 93.0
62.611314 29.79667 1372097226207 93.0
62.611335 29.796754 1372097228219 92.0
62.611349 29.796846 1372097230212 91.0
62.611394 29.796925 1372097232212 93.0
62.611457 29.796991 1372097234215 97.0
62.611503 29.797084 1372097236214 98.0
62.611533 29.797206 1372097238204 97.0
62.611586 29.797317 1372097240204 97.0
62.61165 29.797433 1372097242210 98.0
62.611718 29.797557 1372097244210 99.0
62.611767 29.797705 1372097246210 99.0
62.61183 29.797843 1372097248210 99.0
62.611883 29.797969 1372097250208 99.0
62.611874 29.798103 1372097252200 95.0
62.611921 29.798181 1372097254198 96.0
62.611975 29.798248 1372097256223 97.0
62.612077 29.798283 1372097258204 100.0
62.612121 29.798343 1372097260197 100.0
62.612185 29.798389 1372097262206 102.0
62.612237 29.798434 1372097264196 102.0
62.612288 29.798461 1372097266197 103.0
62.612315 29.798521 1372097268199 102.0
62.612363 29.798583 1372097270196 103.0
62.61241 29.798655 1372097272195 103.0
62.612452 29.79874 1372097274192 103.0
62.612497 29.798837 1372097276191 103.0
62.612549 29.798942 1372097278193 103.0
62.612585 29.799073 1372097280195 102.0
62.61263 29.799195 1372097282194 101.0
62.612681 29.799313 1372097284190 101.0
62.612744 29.799426 1372097286196 102.0
62.612795 29.799548 1372097288196 102.0
62.612832 29.799683 1372097290199 101.0
62.612887 29.799815 1372097292199 101.0
62.612951 29.799944 1372097294189 102.0
62.613011 29.800076 1372097296187 103.0
62.613053 29.800222 1372097298196 104.0
62.613134 29.800342 1372097300196 106.0
62.613239 29.800445 1372097302185 110.0
62.61329 29.800586 1372097304191 110.0
62.613352 29.800724 1372097306189 111.0
62.613372 29.800885 1372097308196 109.0
62.613421 29.801023 1372097310181 109.0
62.613463 29.801169 1372097312190 110.0
62.613479 29.801338 1372097314190 109.0
62.613507 29.801504 1372097316185 109.0
62.613529 29.801673 1372097318183 108.0
62.613561 29.801839 1372097320180 108.0
62.613593 29.802007 1372097322187 108.0
62.613586 29.802197 1372097324187 106.0
62.613631 29.802353 1372097326188 107.0
62.613675 29.802508 1372097328185 108.0
62.613702 29.802673 1372097330185 109.0
62.61375 29.802819 1372097332175 110.0
62.613767 29.802989 1372097334175 110.0
62.613781 29.803163 1372097336178 111.0
62.613796 29.803334 1372097338184 110.0
62.613805 29.80351 1372097340183 109.0
62.613822 29.803682 1372097342186 109.0
62.61383 29.803854 1372097344174 108.0
62.613844 29.804019 1372097346180 108.0
62.613858 29.804182 1372097348181 108.0
62.613867 29.804345 1372097350170 107.0
62.61388 29.804512 1372097352169 107.0
62.613905 29.804682 1372097354177 107.0
62.613914 29.804857 1372097356176 106.0
62.6139 29.805038 1372097358181 104.0
62.613884 29.805225 1372097360176 103.0
62.613877 29.805411 1372097362180 102.0
62.613878 29.805598 1372097364172 101.0
62.613847 29.805784 1372097366166 100.0
62.61383 29.805967 1372097368172 99.0
62.613833 29.80615 1372097370174 99.0
62.613801 29.806338 1372097372171 98.0
62.613807 29.806526 1372097374173 98.0
62.613804 29.806716 1372097376175 97.0
62.613809 29.806913 1372097378171 96.0
62.613813 29.807116 1372097380170 95.0
62.613804 29.807327 1372097382170 94.0
62.613825 29.80754 1372097384167 95.0
62.613849 29.807752 1372097386198 95.0
62.613871 29.807964 1372097388161 96.0
62.613885 29.80818 1372097390163 96.0
62.613908 29.808395 1372097392167 96.0
62.613931 29.808605 1372097394164 96.0
62.61395 29.808818 1372097396163 96.0
62.613976 29.809032 1372097398158 97.0
62.613998 29.809243 1372097400156 97.0
62.614013 29.809454 1372097402159 97.0
62.61404 29.809659 1372097404162 97.0
62.614053 29.809871 1372097406160 97.0
62.614068 29.810082 1372097408159 95.0
62.614083 29.810292 1372097410181 95.0
62.61411 29.810491 1372097412156 95.0
62.61414 29.810685 1372097414157 95.0
62.614164 29.810876 1372097416157 95.0
62.614195 29.811067 1372097418153 95.0
62.614228 29.811254 1372097420163 94.0
62.614268 29.81144 1372097422155 94.0
62.614314 29.811624 1372097424156 94.0
62.614344 29.811813 1372097426156 94.0
62.614373 29.812005 1372097428157 94.0
62.614405 29.812196 1372097430152 94.0
62.61444 29.81238 1372097432147 95.0
62.614468 29.812562 1372097434150 95.0
62.614502 29.812738 1372097436143 95.0
62.614546 29.812906 1372097438151 95.0
62.614554 29.813093 1372097440153 95.0
62.614484 29.813253 1372097442151 95.0
62.614379 29.813306 1372097444153 94.0
62.61427 29.813357 1372097446143 94.0
62.614173 29.813428 1372097448142 94.0
62.614072 29.81348 1372097450146 93.0
62.613973 29.813509 1372097452145 93.0
62.613873 29.813542 1372097454138 94.0
62.613795 29.813569 1372097456138 95.0
62.613692 29.813561 1372097458141 94.0
62.613595 29.813563 1372097460133 95.0
62.613507 29.813589 1372097462139 98.0
62.613422 29.813603 1372097464142 101.0
62.613355 29.813612 1372097466133 101.0
62.613318 29.81363 1372097468140 101.0
62.613309 29.81369 1372097470144 100.0
62.613306 29.813806 1372097472138 98.0
62.613288 29.813951 1372097474132 98.0
62.613264 29.814083 1372097476142 98.0
62.613259 29.814235 1372097478136 98.0
62.613258 29.814399 1372097480138 100.0
62.61325 29.81454 1372097482128 101.0
62.613248 29.814698 1372097484125 102.0
62.613246 29.814863 1372097486130 103.0
62.613252 29.81503 1372097488138 103.0
62.61326 29.815199 1372097490135 103.0
62.613263 29.815361 1372097492124 102.0
62.613273 29.815524 1372097494128 102.0
62.613242 29.815655 1372097496137 99.0
62.613236 29.815769 1372097498123 98.0
62.613253 29.815921 1372097500136 97.0
62.613288 29.816043 1372097502131 98.0
62.613225 29.816188 1372097504133 96.0
62.613242 29.816318 1372097506129 97.0
62.613273 29.816467 1372097508121 99.0
62.613303 29.81662 1372097510131 99.0
62.613388 29.81674 1372097512119 102.0
62.613448 29.816904 1372097514128 104.0
62.613507 29.81706 1372097516128 105.0
62.61356 29.817221 1372097518116 105.0
62.613591 29.817396 1372097520130 105.0
62.613638 29.81757 1372097522117 106.0
62.613663 29.817742 1372097524121 106.0
62.61369 29.817892 1372097526127 106.0
62.613706 29.817995 1372097528115 105.0
62.613731 29.818118 1372097530112 105.0
62.613747 29.818239 1372097532131 104.0
62.613785 29.818373 1372097534126 104.0
62.613822 29.818507 1372097536120 104.0
62.613861 29.818692 1372097538125 101.0
62.613922 29.818885 1372097540111 102.0
62.613982 29.819059 1372097542109 104.0
62.614045 29.819248 1372097544122 106.0
62.614094 29.819422 1372097546120 108.0
62.614155 29.819593 1372097548123 108.0
62.614163 29.819725 1372097550118 108.0
62.614122 29.819796 1372097552117 108.0
62.614158 29.819969 1372097554123 108.0
62.614197 29.820135 1372097556119 108.0
62.614231 29.820273 1372097558116 106.0
62.614265 29.820428 1372097560120 106.0
62.614293 29.820592 1372097562111 106.0
62.61431 29.820768 1372097564119 105.0
62.61435 29.820937 1372097566109 106.0
62.614377 29.821108 1372097568107 105.0
62.614431 29.821277 1372097570112 108.0
62.614516 29.821422 1372097572115 111.0
62.614582 29.821574 1372097574100 110.0
62.614624 29.821743 1372097576113 107.0
62.614655 29.821921 1372097578108 106.0
62.614711 29.822082 1372097580113 106.0
62.614763 29.822243 1372097582109 107.0
62.614811 29.822405 1372097584108 106.0
62.614854 29.82257 1372097586108 106.0
62.614874 29.822748 1372097588100 103.0
62.614907 29.822913 1372097590098 101.0
62.614956 29.82308 1372097592107 102.0
62.615003 29.82325 1372097594096 103.0
62.615044 29.82342 1372097596104 102.0
62.615092 29.823603 1372097598105 101.0
62.61513 29.823781 1372097600096 100.0
62.615185 29.823952 1372097602103 101.0
62.615252 29.824113 1372097604100 103.0
62.61531 29.824288 1372097606091 106.0
62.615349 29.824457 1372097608103 107.0
62.615392 29.824641 1372097610104 107.0
62.615433 29.824829 1372097612105 108.0
62.615435 29.825039 1372097614092 106.0
62.61549 29.825234 1372097616092 108.0
62.615538 29.825417 1372097618095 108.0
62.615544 29.825617 1372097620092 107.0
62.615551 29.825814 1372097622099 106.0
62.615576 29.826006 1372097624099 107.0
62.615581 29.8262 1372097626087 107.0
62.615533 29.826331 1372097628100 108.0
62.615528 29.826504 1372097630097 107.0
62.615501 29.826578 1372097632095 107.0
62.615478 29.82662 1372097634093 109.0
62.615432 29.826629 1372097636094 108.0
62.615399 29.826674 1372097638092 106.0
62.615364 29.826787 1372097640094 106.0
62.615326 29.82685 1372097642095 101.0
62.615283 29.826946 1372097644092 98.0
62.615234 29.827054 1372097646090 94.0
62.615172 29.827109 1372097648091 93.0
62.6151 29.827139 1372097650091 91.0
62.615031 29.827154 1372097652085 89.0
62.615004 29.827228 1372097654085 88.0
62.614993 29.827366 1372097656088 90.0
62.614998 29.827498 1372097658085 92.0
62.614963 29.82746 1372097660086 91.0
62.614949 29.827567 1372097662080 92.0
62.61494 29.827547 1372097664096 94.0
62.614941 29.827537 1372097666101 96.0
62.614933 29.82753 1372097668087 96.0
62.614912 29.827537 1372097670084 101.0
62.61491 29.827551 1372097672113 103.0