62.598288 29.744867 1372353645050 189.0
62.598297 29.744709 1372353651097 191.0
62.59832 29.744716 1372353652094 194.0
62.598355 29.744693 1372353653937 194.0
62.598382 29.744705 1372353655966 192.0
62.598365 29.744693 1372353657984 192.0
62.598375 29.744702 1372353659975 191.0
62.598386 29.744708 1372353661972 190.0
62.598394 29.74473 1372353663971 189.0
62.598368 29.744739 1372353665971 189.0
62.598353 29.744725 1372353667981 187.0
62.598339 29.744744 1372353669981 185.0
62.598336 29.744752 1372353671984 183.0
62.598347 29.744773 1372353673975 186.0
62.59835 29.744778 1372353675971 185.0
62.598358 29.744794 1372353677970 187.0
62.598366 29.744805 1372353679989 188.0
62.59838 29.744856 1372353681960 186.0
62.598385 29.744859 1372353683968 182.0
62.598381 29.744901 1372353685972 179.0
62.598382 29.744908 1372353687963 178.0
62.598385 29.744911 1372353689960 176.0
62.598388 29.744959 1372353691960 174.0
62.598396 29.744905 1372353693984 175.0
62.598397 29.744957 1372353695964 175.0
62.598404 29.744983 1372353697972 175.0
62.598402 29.744987 1372353699972 174.0
62.598391 29.744997 1372353701977 173.0
62.598378 29.744955 1372353703969 174.0
62.598375 29.744923 1372353705969 176.0
62.598389 29.744912 1372353707970 175.0
62.598432 29.744933 1372353709973 174.0
62.59848 29.744978 1372353711968 174.0
62.59854 29.745011 1372353713958 174.0
62.598606 29.745051 1372353715962 175.0
62.598673 29.745097 1372353717963 174.0
62.598746 29.745148 1372353719964 174.0
62.598819 29.745199 1372353721963 174.0
62.598885 29.745242 1372353723963 174.0
62.598944 29.745295 1372353725966 174.0
62.599012 29.745351 1372353727960 174.0
62.599086 29.745406 1372353729962 175.0
62.599161 29.745471 1372353731965 174.0
62.599234 29.745519 1372353733954 172.0
62.599302 29.745577 1372353735961 171.0
62.599372 29.745637 1372353737955 170.0
62.599447 29.745701 1372353739949 169.0
62.599524 29.745766 1372353741947 168.0
62.599604 29.745832 1372353743957 167.0
62.599683 29.745907 1372353745957 166.0
62.599767 29.74598 1372353747950 165.0
62.599843 29.746051 1372353749946 163.0
62.599913 29.746112 1372353751948 159.0
62.599974 29.746175 1372353753946 152.0
62.600057 29.746247 1372353755945 151.0
62.600137 29.746315 1372353757954 151.0
62.600218 29.746389 1372353759950 151.0
62.600304 29.746461 1372353761952 152.0
62.600389 29.746536 1372353763943 151.0
62.600477 29.746618 1372353765951 151.0
62.600562 29.746697 1372353767948 152.0
62.600647 29.746776 1372353769948 152.0
62.600732 29.74686 1372353771946 151.0
62.600818 29.746939 1372353773946 150.0
62.600901 29.747015 1372353775942 149.0
62.600982 29.747087 1372353777938 149.0
62.601063 29.747155 1372353779938 149.0
62.601143 29.747222 1372353781937 149.0
62.60122 29.747296 1372353783936 149.0
62.601295 29.747378 1372353785943 148.0
62.601371 29.747445 1372353787942 148.0
62.601436 29.747494 1372353789942 147.0
62.601498 29.747554 1372353791944 145.0
62.601561 29.747617 1372353793938 144.0
62.601628 29.747682 1372353795935 142.0
62.601703 29.747741 1372353797934 141.0
62.601777 29.747807 1372353799933 139.0
62.601853 29.747875 1372353801936 138.0
62.601929 29.747944 1372353803932 137.0
62.602002 29.748011 1372353805930 136.0
62.602073 29.748085 1372353807932 135.0
62.602141 29.748148 1372353809937 134.0
62.602212 29.748201 1372353811936 135.0
62.602275 29.748258 1372353813928 136.0
62.602335 29.748315 1372353815938 136.0
62.602387 29.74835 1372353817929 136.0