62.59913 29.744064 1372086596504 350.0
62.599127 29.74407 1372086598504 349.0
62.599122 29.744065 1372086600508 347.0
62.599113 29.744048 1372086602537 343.0
62.599111 29.744028 1372086604537 341.0
62.599093 29.744004 1372086606535 335.0
62.59909 29.743981 1372086608527 333.0
62.59906 29.743957 1372086610532 327.0
62.599045 29.743942 1372086612537 323.0
62.599033 29.743923 1372086614514 318.0
62.599046 29.743898 1372086617534 316.0
62.599057 29.743885 1372086618532 316.0
62.599068 29.743861 1372086621575 315.0
62.599062 29.743838 1372086623520 313.0
62.599058 29.743833 1372086625504 312.0
62.599043 29.743796 1372086626566 308.0
62.599035 29.743761 1372086628533 304.0
62.599036 29.743712 1372086630529 302.0
62.599017 29.743692 1372086632583 300.0
62.598971 29.743209 1372086775472 278.0
62.59897 29.743206 1372086777473 279.0
62.59897 29.74319 1372086779507 278.0
62.598963 29.743207 1372086781490 279.0
62.598958 29.743218 1372086783495 280.0
62.598843 29.743518 1372086838496 298.0
62.598841 29.743519 1372086840502 298.0
62.598834 29.743538 1372086843463 298.0
62.598838 29.74347 1372086845458 298.0
62.59887 29.74341 1372086847457 297.0
62.59891 29.743431 1372086849513 298.0
62.598806 29.743335 1372086851486 299.0
62.598682 29.743279 1372086853463 300.0
62.598637 29.743263 1372086855459 302.0
62.598639 29.743314 1372086857459 303.0
62.598696 29.74335 1372086859459 303.0
62.598647 29.743839 1372086861460 301.0
62.598709 29.743979 1372086863456 298.0
62.598888 29.744601 1372086865467 297.0
62.598921 29.744829 1372086867459 297.0
62.598946 29.744996 1372086869459 297.0
62.599015 29.745174 1372086871461 295.0
62.598975 29.745286 1372086874451 293.0
62.598993 29.745568 1372086878448 292.0
62.59898 29.745972 1372086881450 291.0
62.598631 29.747338 1372086902476 287.0
62.5986 29.747485 1372086903455 287.0
62.598524 29.747807 1372086905440 284.0
62.5985 29.748157 1372086907442 282.0
62.598427 29.748445 1372086910448 281.0
62.598417 29.748631 1372086911440 279.0
62.598323 29.74877 1372086913436 277.0
62.598281 29.748693 1372086915439 274.0
62.598232 29.748831 1372086917435 272.0
62.598188 29.748905 1372086919437 269.0
62.598185 29.748958 1372086921434 266.0
62.598127 29.749096 1372086923433 264.0
62.598076 29.749299 1372086926433 263.0
62.59801 29.7494 1372086928438 263.0
62.598004 29.749445 1372086929436 262.0
62.597925 29.749672 1372086933444 258.0
62.597903 29.74978 1372086935437 258.0
62.597868 29.74983 1372086937433 255.0
62.597803 29.749796 1372086939443 252.0
62.597745 29.749604 1372086941435 250.0
62.597727 29.749537 1372086943434 250.0
62.597707 29.749487 1372086945421 250.0
62.59763 29.749329 1372086949430 250.0
62.597602 29.749274 1372086951433 250.0
62.597578 29.749213 1372086953434 250.0
62.597551 29.749104 1372086955432 250.0
62.597508 29.748784 1372086958431 249.0
62.597486 29.748776 1372086959428 249.0
62.597511 29.748806 1372086961425 249.0
62.597449 29.748875 1372086963432 249.0
62.597302 29.74891 1372086965433 249.0
62.597196 29.748778 1372086967432 249.0
62.597043 29.748643 1372086969434 250.0
62.596972 29.748558 1372086971451 250.0
62.596807 29.748624 1372086973427 249.0
62.596653 29.748473 1372086977418 248.0
62.596602 29.748297 1372086979425 247.0
62.596522 29.74822 1372086981428 247.0
62.596402 29.748208 1372086983426 247.0
62.596328 29.748035 1372086985416 246.0
62.596288 29.747939 1372086987425 246.0
62.596243 29.747848 1372086989426 246.0
62.596157 29.747785 1372086991419 246.0
62.596098 29.74777 1372086993435 246.0
62.595992 29.747442 1372086995424 244.0
62.595893 29.747344 1372086997420 242.0
62.595805 29.747268 1372086999426 240.0
62.595758 29.747185 1372087001412 239.0
62.59565 29.747294 1372087003420 235.0
62.595499 29.747039 1372087006414 232.0
62.595451 29.747048 1372087007416 230.0
62.595397 29.747007 1372087009416 230.0
62.595326 29.746978 1372087011420 229.0
62.595259 29.74691 1372087013406 229.0
62.595179 29.7469 1372087015420 226.0
62.59514 29.746872 1372087017416 225.0
62.59515 29.746855 1372087019416 225.0
62.595165 29.746755 1372087021416 219.0
62.595207 29.746803 1372087023413 218.0
62.595276 29.746828 1372087025412 218.0
62.595323 29.746869 1372087027410 216.0
62.595384 29.746908 1372087029412 214.0
62.595426 29.746911 1372087031410 212.0
62.595424 29.746794 1372087033428 199.0
62.59541 29.746856 1372087035422 195.0
62.595353 29.746973 1372087037409 191.0
62.595286 29.747058 1372087039405 182.0
62.595222 29.747194 1372087041397 175.0
62.595149 29.747285 1372087043409 165.0
62.595095 29.747446 1372087045408 156.0
62.595059 29.747612 1372087047406 153.0
62.595009 29.747768 1372087049395 148.0
62.594975 29.747927 1372087051399 145.0
62.594927 29.748103 1372087053417 142.0
62.594876 29.748215 1372087055399 139.0
62.594843 29.748348 1372087057407 135.0
62.594805 29.748413 1372087059400 135.0
62.594806 29.748497 1372087061399 133.0
62.594845 29.748657 1372087063403 133.0
62.594853 29.748791 1372087065402 131.0
62.594823 29.748905 1372087067402 129.0
62.594788 29.74903 1372087069400 127.0
62.59477 29.749182 1372087071402 123.0
62.594744 29.749281 1372087073392 116.0
62.594713 29.749407 1372087075398 115.0
62.594644 29.749477 1372087077395 106.0
62.59459 29.749595 1372087079402 101.0
62.594526 29.749671 1372087081401 94.0
62.594487 29.749831 1372087083396 90.0
62.594453 29.749985 1372087085398 88.0
62.594417 29.750128 1372087087395 87.0
62.594368 29.750214 1372087089391 85.0
62.594357 29.750338 1372087091395 92.0
62.594325 29.750349 1372087093394 95.0
62.594315 29.750327 1372087095380 97.0
62.594301 29.750288 1372087097394 98.0
62.59427 29.750276 1372087099422 99.0
62.59423 29.750223 1372087101396 99.0
62.594186 29.750186 1372087103393 98.0
62.594128 29.750129 1372087105395 97.0
62.594063 29.750066 1372087107391 97.0
62.593995 29.749997 1372087109383 97.0
62.593928 29.749917 1372087111391 96.0
62.593866 29.749842 1372087113404 97.0
62.593798 29.749754 1372087115389 97.0
62.593727 29.749685 1372087117382 98.0
62.593652 29.749601 1372087119389 98.0
62.593576 29.749536 1372087121388 97.0
62.593506 29.7495 1372087123392 97.0
62.593448 29.749508 1372087125385 98.0
62.593402 29.749564 1372087127385 101.0
62.593359 29.74968 1372087129375 101.0
62.593326 29.749847 1372087131373 103.0
62.5933 29.750028 1372087133382 104.0
62.593291 29.750205 1372087135375 103.0
62.59332 29.750324 1372087137383 103.0
62.593399 29.7504 1372087139388 103.0
62.593476 29.750457 1372087141373 103.0
62.593549 29.750478 1372087143371 102.0
62.593629 29.750492 1372087145371 103.0
62.593723 29.750532 1372087147380 107.0
62.593792 29.750609 1372087149377 109.0
62.593863 29.750668 1372087151380 109.0
62.593923 29.750719 1372087153367 108.0
62.593971 29.750784 1372087155372 109.0
62.59405 29.750829 1372087157367 112.0
62.594124 29.750902 1372087159377 116.0
62.594179 29.750979 1372087161377 117.0
62.594196 29.751074 1372087163366 115.0
62.594211 29.751149 1372087165380 113.0
62.594244 29.751157 1372087167379 110.0
62.594238 29.75115 1372087169378 109.0
62.59423 29.751147 1372087171376 107.0
62.594219 29.751142 1372087173390 104.0
62.594209 29.751147 1372087175378 103.0
62.594206 29.751152 1372087177395 103.0
62.594205 29.751149 1372087179363 102.0
62.594204 29.751147 1372087181384 102.0