62.646933 29.840446 1372075431123 0.0
62.647249 29.837699 1372075433126 0.0
62.646224 29.836154 1372075435129 0.0
62.645829 29.833579 1372075437132 0.0
62.646066 29.831004 1372075439135 0.0
62.646776 29.826884 1372075441386 0.0
62.648511 29.824996 1372075443382 0.0
62.651744 29.824825 1372075445384 0.0
62.651665 29.825683 1372075447388 0.0
62.651429 29.826713 1372075449394 0.0
62.651429 29.829974 1372075451411 0.0
62.65135 29.833064 1372075453419 0.0
62.651271 29.834609 1372075455412 0.0
62.651271 29.834609 1372075457420 0.0
62.650719 29.837871 1372075459432 0.0
62.650404 29.835811 1372075461442 0.0
62.649694 29.832206 1372075463455 0.0
62.649457 29.831176 1372075465475 0.0
62.649457 29.831176 1372075467506 0.0
62.649457 29.831176 1372075469518 0.0
62.648826 29.830146 1372075471548 0.0
62.646224 29.830146 1372075473552 0.0
62.646224 29.830146 1372075476489 0.0