62.617497 29.694133 1390474322188 131.39999389648
62.617319 29.69467 1390474330000 62.0
62.61742 29.694607 1390474340000 87.400001525879
62.617512 29.694674 1390474343000 93.400001525879
62.617601 29.694745 1390474345000 93.699996948242
62.617685 29.694862 1390474347000 91.199996948242
62.617776 29.695038 1390474349000 93.0
62.617932 29.695167 1390474351000 97.0
62.618016 29.695256 1390474352000 96.599998474121
62.618115 29.695376 1390474353000 93.599998474121
62.618294 29.695445 1390474355000 93.900001525879
62.618409 29.695425 1390474356000 97.5
62.618757 29.695216 1390474359000 109.69999694824
62.618858 29.695117 1390474360000 111.40000152588
62.618969 29.694997 1390474361000 116.90000152588
62.619055 29.694864 1390474362000 117.19999694824
62.619122 29.694716 1390474363000 112.5
62.619203 29.694554 1390474364000 113.19999694824
62.619294 29.694354 1390474365000 115.90000152588
62.619367 29.694159 1390474366000 115.09999847412
62.619441 29.693998 1390474367000 114.19999694824
62.619524 29.693822 1390474368000 116.69999694824
62.619596 29.693647 1390474369000 118.5
62.619665 29.69348 1390474370000 116.80000305176
62.619729 29.693338 1390474371000 116.5
62.61985 29.693124 1390474373000 116.19999694824
62.619987 29.693108 1390474375000 115.30000305176
62.620087 29.69302 1390474378000 114.80000305176
62.620158 29.692885 1390474388000 116.30000305176
62.620402 29.692604 1390474393000 117.09999847412
62.62055 29.692424 1390474395000 116.80000305176
62.62069 29.692268 1390474397000 114.69999694824
62.620814 29.692076 1390474400000 112.30000305176
62.620899 29.691934 1390474402000 111.5
62.62101 29.691731 1390474404000 110.5
62.621136 29.691492 1390474406000 113.40000152588
62.621202 29.691345 1390474407000 114.69999694824
62.621272 29.691184 1390474408000 114.80000305176
62.621465 29.690812 1390474411000 113.5
62.621559 29.690615 1390474413000 112.80000305176
62.621634 29.690448 1390474415000 113.69999694824
62.621743 29.690318 1390474417000 113.69999694824
62.62188 29.690226 1390474419000 112.90000152588
62.62237 29.690222 1390474424000 112.5
62.622477 29.690257 1390474425000 113.5
62.6226 29.690265 1390474426000 113.80000305176
62.622729 29.690268 1390474427000 114.30000305176
62.622858 29.69027 1390474428000 113.80000305176
62.622987 29.69027 1390474429000 113.90000152588
62.623104 29.690271 1390474430000 114.40000152588
62.623236 29.690269 1390474431000 114.19999694824
62.623366 29.690289 1390474432000 113.40000152588
62.623511 29.69032 1390474433000 113.59999847412
62.623644 29.690352 1390474434000 113.5
62.623773 29.690414 1390474435000 113.5
62.624013 29.690531 1390474437000 113.5
62.624134 29.690599 1390474438000 113.40000152588
62.624235 29.690663 1390474439000 113.59999847412
62.624345 29.690742 1390474440000 113.80000305176
62.624534 29.690867 1390474442000 113.69999694824
62.624678 29.691064 1390474444000 113.19999694824
62.624764 29.691257 1390474446000 115.0
62.624845 29.691426 1390474450000 114.40000152588
62.62492 29.691545 1390474464000 115.90000152588
62.625004 29.691657 1390474466000 115.59999847412
62.625174 29.691598 1390474469000 115.69999694824
62.625329 29.69142 1390474471000 115.80000305176
62.625502 29.69119 1390474473000 115.5
62.625662 29.690896 1390474475000 115.80000305176
62.625888 29.690687 1390474477000 115.80000305176
62.62602 29.690628 1390474478000 115.69999694824
62.626269 29.690541 1390474480000 115.69999694824
62.626515 29.690442 1390474482000 115.80000305176
62.626746 29.690222 1390474484000 115.90000152588
62.626854 29.690093 1390474485000 115.09999847412
62.627093 29.689596 1390474488000 113.40000152588
62.627297 29.688754 1390474492000 113.40000152588
62.627351 29.68827 1390474494000 113.59999847412
62.627371 29.687495 1390474497000 113.40000152588
62.627345 29.68703 1390474499000 113.19999694824
62.62747 29.686317 1390474502000 113.5
62.627528 29.68608 1390474503000 113.80000305176
62.627625 29.685614 1390474505000 114.0
62.627812 29.68512 1390474508000 114.09999847412
62.627919 29.684831 1390474510000 114.0
62.628054 29.68496 1390474513000 114.19999694824
62.628151 29.684996 1390474519000 114.09999847412
62.628244 29.684985 1390474524000 113.90000152588
62.628256 29.684708 1390474532000 114.09999847412
62.628219 29.684514 1390474537000 114.09999847412
62.628338 29.684877 1390474540000 114.40000152588
62.628494 29.68488 1390474543000 115.19999694824
62.628653 29.684802 1390474546000 115.0
62.628838 29.684647 1390474549000 115.09999847412
62.629117 29.684587 1390474552000 115.0
62.629285 29.684566 1390474553000 114.90000152588
62.629745 29.684788 1390474556000 114.09999847412
62.630068 29.685172 1390474559000 114.59999847412
62.630426 29.685724 1390474563000 114.69999694824
62.630563 29.685939 1390474565000 114.59999847412
62.630757 29.686283 1390474569000 114.40000152588
62.630862 29.686578 1390474573000 115.40000152588
62.630812 29.686948 1390474576000 114.69999694824
62.630643 29.687584 1390474580000 114.59999847412
62.63049 29.688238 1390474583000 114.19999694824
62.63028 29.689179 1390474587000 113.69999694824
62.630004 29.690165 1390474591000 112.5
62.629588 29.69101 1390474595000 107.69999694824
62.629153 29.69188 1390474599000 104.59999847412
62.628821 29.692503 1390474602000 105.19999694824
62.628713 29.692715 1390474603000 105.40000152588
62.628367 29.693338 1390474606000 104.09999847412
62.627957 29.694063 1390474610000 103.59999847412
62.627514 29.695104 1390474615000 102.69999694824
62.627291 29.695881 1390474619000 102.69999694824
62.627165 29.696288 1390474623000 102.0
62.626638 29.696134 1390474632000 106.0
62.62618 29.695685 1390474637000 106.40000152588
62.625628 29.695479 1390474642000 105.30000305176
62.625284 29.695521 1390474645000 105.80000305176
62.624693 29.695976 1390474650000 106.59999847412
62.624138 29.69677 1390474655000 105.69999694824
62.623623 29.697707 1390474660000 105.69999694824
62.623087 29.698919 1390474666000 106.30000305176
62.622783 29.7 1390474670000 105.80000305176
62.622437 29.70138 1390474675000 105.69999694824
62.621979 29.702962 1390474681000 105.19999694824
62.621502 29.704186 1390474686000 105.0
62.620941 29.705556 1390474692000 104.80000305176
62.620579 29.706755 1390474697000 108.90000152588
62.620353 29.707964 1390474702000 109.69999694824
62.620359 29.709366 1390474708000 109.80000305176
62.620349 29.710448 1390474713000 108.59999847412
62.620212 29.711794 1390474719000 109.5
62.619914 29.713289 1390474726000 108.30000305176
62.61981 29.713897 1390474729000 109.09999847412
62.619725 29.714457 1390474732000 109.19999694824
62.619582 29.715254 1390474736000 110.09999847412
62.619437 29.716216 1390474742000 111.19999694824
62.619388 29.716469 1390474744000 110.90000152588
62.619246 29.717389 1390474749000 110.80000305176
62.619127 29.718288 1390474753000 110.69999694824
62.618975 29.719362 1390474757000 111.30000305176
62.618745 29.72077 1390474762000 111.09999847412
62.618691 29.721063 1390474763000 111.09999847412
62.618476 29.72252 1390474768000 110.80000305176
62.617979 29.725622 1390474779000 110.30000305176
62.617465 29.727011 1390474787000 108.30000305176
62.617373 29.727129 1390474788000 108.90000152588
62.616728 29.72799 1390474795000 109.90000152588
62.61659 29.728037 1390474796000 109.69999694824