62.609455 29.786493 1390747640000 112.5
62.609499 29.786715 1390747644000 112.69999694824
62.609616 29.78709 1390747651000 107.40000152588
62.609682 29.787223 1390747657000 108.19999694824
62.609729 29.787398 1390747662000 112.19999694824
62.609727 29.787681 1390747669000 103.69999694824
62.609754 29.787882 1390747675000 103.09999847412
62.609787 29.788279 1390747691000 100.40000152588
62.609762 29.788485 1390747700000 98.599998474121
62.609763 29.788685 1390747708000 97.900001525879
62.609819 29.789149 1390747721000 98.099998474121
62.609879 29.789307 1390747727000 96.300003051758
62.609895 29.789516 1390747735000 95.800003051758
62.609988 29.789635 1390747742000 99.400001525879
62.610047 29.789826 1390747749000 99.5
62.610057 29.790037 1390747754000 97.400001525879
62.610081 29.79028 1390747762000 97.099998474121
62.610134 29.790483 1390747766000 96.699996948242
62.610243 29.790543 1390747773000 97.099998474121
62.610243 29.790774 1390747778000 96.699996948242
62.610235 29.790996 1390747783000 94.800003051758
62.610312 29.791135 1390747787000 92.699996948242
62.610312 29.791343 1390747794000 92.400001525879
62.610322 29.791549 1390747803000 89.099998474121
62.610333 29.791777 1390747809000 90.199996948242
62.610323 29.791975 1390747817000 89.699996948242
62.610355 29.792209 1390747825000 87.699996948242
62.610395 29.792387 1390747831000 88.300003051758
62.610474 29.792764 1390747845000 87.699996948242
62.610517 29.79296 1390747853000 87.400001525879
62.610579 29.79311 1390747860000 86.699996948242
62.610631 29.793302 1390747891000 86.599998474121
62.610686 29.793482 1390747896000 87.099998474121
62.610723 29.793708 1390747903000 89.800003051758
62.610788 29.793888 1390747909000 92.5
62.610838 29.794081 1390747916000 94.0
62.610924 29.794179 1390747923000 92.599998474121
62.611001 29.794055 1390747929000 89.800003051758
62.611057 29.793871 1390747937000 91.300003051758
62.611135 29.793765 1390747943000 92.199996948242
62.611217 29.793644 1390747951000 90.800003051758
62.611263 29.793464 1390747961000 91.400001525879
62.611336 29.793315 1390747976000 92.300003051758
62.611407 29.793073 1390747982000 90.199996948242
62.611415 29.792816 1390747996000 88.099998474121
62.611517 29.792485 1390748005000 87.900001525879
62.611562 29.792284 1390748011000 90.400001525879
62.611621 29.792106 1390748017000 88.800003051758
62.611601 29.79191 1390748029000 89.599998474121
62.611629 29.791649 1390748034000 89.699996948242
62.611612 29.791447 1390748040000 89.699996948242
62.611649 29.791195 1390748047000 91.800003051758
62.611637 29.790962 1390748055000 87.5
62.611648 29.790723 1390748062000 90.5
62.611673 29.790516 1390748068000 92.300003051758
62.611689 29.790286 1390748075000 93.900001525879
62.611666 29.790031 1390748082000 96.0
62.611651 29.789822 1390748090000 92.400001525879
62.61172 29.789425 1390748104000 89.800003051758
62.611796 29.789221 1390748112000 88.199996948242
62.611844 29.789043 1390748119000 87.300003051758
62.611898 29.788886 1390748125000 89.0
62.611975 29.788727 1390748132000 86.599998474121
62.612034 29.788534 1390748140000 85.0
62.612082 29.788334 1390748147000 83.5
62.612094 29.78812 1390748152000 83.800003051758
62.612118 29.787932 1390748159000 85.699996948242
62.612171 29.78776 1390748164000 85.900001525879
62.612195 29.787548 1390748171000 86.900001525879
62.61226 29.787413 1390748178000 87.400001525879
62.612312 29.787225 1390748184000 88.900001525879
62.612403 29.78713 1390748192000 88.800003051758
62.61244 29.78695 1390748198000 88.599998474121
62.612415 29.786735 1390748203000 92.699996948242
62.612494 29.786615 1390748209000 94.900001525879
62.612656 29.786392 1390748227000 96.400001525879
62.612741 29.786205 1390748236000 95.5
62.612815 29.786092 1390748242000 94.099998474121
62.612868 29.785898 1390748249000 95.900001525879
62.612909 29.785722 1390748257000 96.900001525879
62.612951 29.785515 1390748264000 98.800003051758
62.613001 29.785317 1390748271000 101.40000152588
62.613063 29.785142 1390748279000 100.5
62.613136 29.784954 1390748288000 98.900001525879
62.613174 29.784767 1390748294000 99.699996948242
62.613241 29.784597 1390748301000 98.900001525879
62.613269 29.784408 1390748307000 99.099998474121
62.613337 29.784208 1390748314000 104.90000152588
62.613402 29.784057 1390748322000 105.40000152588
62.613475 29.784191 1390748336000 102.80000305176
62.613539 29.784365 1390748342000 105.19999694824
62.613579 29.784648 1390748352000 104.80000305176
62.613545 29.784852 1390748359000 104.19999694824
62.613495 29.785027 1390748366000 113.59999847412
62.613429 29.785193 1390748373000 114.30000305176
62.613411 29.785414 1390748381000 113.5
62.6135 29.785613 1390748391000 111.80000305176
62.61356 29.785771 1390748397000 111.09999847412
62.613488 29.785638 1390748427000 106.59999847412
62.613403 29.785442 1390748436000 108.0
62.613439 29.785236 1390748442000 110.59999847412
62.613506 29.785013 1390748449000 112.59999847412
62.61355 29.784814 1390748457000 112.09999847412
62.613548 29.784609 1390748466000 109.69999694824
62.613508 29.784423 1390748474000 107.0
62.613464 29.784235 1390748482000 105.0
62.613475 29.784 1390748490000 100.09999847412
62.613522 29.7838 1390748497000 99.400001525879
62.613584 29.783655 1390748503000 102.5
62.613634 29.783488 1390748509000 104.30000305176
62.613686 29.783319 1390748516000 105.19999694824
62.613751 29.783182 1390748523000 107.19999694824
62.613816 29.783042 1390748532000 110.5
62.613863 29.782865 1390748537000 114.69999694824
62.613913 29.782698 1390748544000 113.30000305176
62.613984 29.782555 1390748552000 106.5
62.614043 29.782386 1390748560000 105.40000152588
62.614104 29.782178 1390748568000 105.59999847412
62.614165 29.782021 1390748575000 105.90000152588
62.614202 29.781839 1390748582000 106.69999694824
62.614253 29.781647 1390748590000 105.69999694824
62.614301 29.781467 1390748598000 105.09999847412
62.614363 29.781263 1390748607000 105.19999694824
62.614406 29.781063 1390748615000 107.90000152588
62.614445 29.780859 1390748622000 111.69999694824
62.614485 29.780668 1390748629000 106.09999847412
62.614532 29.780496 1390748637000 101.19999694824
62.614606 29.780313 1390748646000 95.0
62.614657 29.780145 1390748652000 98.800003051758
62.614723 29.779941 1390748659000 96.800003051758
62.614801 29.779759 1390748674000 98.199996948242
62.614868 29.779598 1390748678000 103.80000305176
62.614909 29.779422 1390748685000 106.0
62.615028 29.779088 1390748699000 107.90000152588
62.615068 29.778914 1390748706000 105.5
62.615122 29.778756 1390748712000 100.80000305176
62.615164 29.778578 1390748719000 100.09999847412
62.615231 29.778409 1390748726000 99.800003051758
62.615293 29.778249 1390748733000 96.900001525879
62.61534 29.778079 1390748740000 92.699996948242
62.615366 29.777879 1390748746000 93.699996948242
62.615472 29.777427 1390748763000 95.099998474121
62.61553 29.777253 1390748772000 95.0
62.615576 29.777043 1390748780000 96.699996948242
62.61561 29.776851 1390748787000 98.300003051758
62.615664 29.77667 1390748795000 98.099998474121
62.615727 29.776509 1390748802000 97.5
62.615779 29.77632 1390748810000 97.599998474121
62.615817 29.776132 1390748817000 95.199996948242
62.61589 29.776014 1390748822000 97.0
62.615956 29.775848 1390748830000 97.099998474121
62.616025 29.775722 1390748835000 99.0
62.616081 29.775562 1390748843000 98.900001525879
62.616195 29.775217 1390748858000 100.69999694824
62.61625 29.775025 1390748865877 103.59999847412
62.616322 29.774875 1390748875000 102.0
62.616394 29.774659 1390748883000 99.800003051758
62.616438 29.774474 1390748891000 100.5
62.616482 29.774295 1390748898000 98.0
62.616537 29.774123 1390748906000 99.800003051758
62.616649 29.773714 1390748922000 99.0
62.616732 29.773544 1390748929000 100.09999847412
62.616777 29.773361 1390748935000 101.30000305176
62.616812 29.773169 1390748943000 100.40000152588
62.616849 29.772959 1390748951000 99.400001525879
62.616909 29.772799 1390748956000 100.80000305176
62.616954 29.77261 1390748962000 101.5
62.61703 29.772493 1390748971000 104.40000152588
62.617132 29.772489 1390748985000 96.699996948242
62.617221 29.772576 1390748991000 97.5
62.6173 29.772703 1390748998000 95.099998474121
62.617408 29.772818 1390749008000 90.300003051758
62.617493 29.772886 1390749016000 87.400001525879
62.617573 29.77298 1390749022000 88.0
62.617659 29.773078 1390749029000 90.099998474121
62.617752 29.773178 1390749036000 92.199996948242
62.617829 29.773312 1390749044000 94.300003051758
62.61791 29.773411 1390749051000 96.800003051758
62.617986 29.773526 1390749057000 97.599998474121
62.618069 29.773613 1390749066000 95.5
62.618191 29.773642 1390749075000 90.5
62.618214 29.773429 1390749084000 84.5
62.618228 29.773219 1390749089000 84.099998474121
62.618314 29.772823 1390749105000 85.900001525879
62.618387 29.772672 1390749111000 88.099998474121
62.618415 29.77247 1390749117000 90.400001525879
62.618423 29.77219 1390749127000 96.900001525879
62.618449 29.771966 1390749134000 96.300003051758
62.618519 29.771817 1390749140000 100.69999694824
62.618552 29.771617 1390749149000 98.599998474121
62.618627 29.771486 1390749157000 101.40000152588
62.618543 29.771353 1390749169000 102.5
62.618435 29.771164 1390749179000 102.0
62.618412 29.770955 1390749188000 101.40000152588
62.618334 29.770801 1390749194000 101.59999847412
62.618362 29.770572 1390749201000 101.09999847412
62.618361 29.770356 1390749210000 98.599998474121
62.618361 29.770149 1390749219000 96.699996948242
62.618396 29.769966 1390749234000 97.900001525879