62.61618 29.70285 1390676460478 79.900001525879
62.616346 29.703223 1390676463483 99.699996948242
62.616251 29.703327 1390676464479 67.300003051758
62.616298 29.703529 1390676475000 71.199996948242
62.616377 29.703712 1390676486000 86.900001525879
62.6164 29.703946 1390676493000 88.199996948242
62.616426 29.704136 1390676498000 88.300003051758
62.616487 29.704329 1390676503000 88.099998474121
62.616572 29.704431 1390676510000 87.5
62.616675 29.704485 1390676516000 87.800003051758
62.6166 29.704059 1390676539000 85.300003051758
62.616692 29.704061 1390676543000 85.099998474121
62.616823 29.703849 1390676553000 85.099998474121
62.616259 29.705219 1390676605000 85.400001525879
62.616472 29.704518 1390676685000 96.199996948242
62.616521 29.704798 1390676699000 95.199996948242
62.616497 29.705003 1390676730000 93.699996948242
62.616488 29.705204 1390676735000 94.099998474121
62.616535 29.705387 1390676739000 93.900001525879
62.616608 29.705509 1390676753000 94.599998474121
62.616631 29.705702 1390676759000 96.099998474121
62.61669 29.706106 1390676770000 96.699996948242
62.616752 29.706257 1390676773000 98.199996948242
62.616681 29.706416 1390676785000 95.900001525879
62.616604 29.706549 1390676792000 95.199996948242
62.616587 29.706779 1390676803000 93.199996948242
62.616669 29.706995 1390676806000 93.300003051758
62.616712 29.707173 1390676811000 92.800003051758
62.616803 29.707249 1390676817000 92.199996948242
62.616851 29.707446 1390676830000 90.699996948242
62.616862 29.707655 1390676843000 92.300003051758
62.61696 29.707608 1390676850000 92.400001525879
62.617076 29.707613 1390676855000 92.0
62.617167 29.707532 1390676862000 92.800003051758
62.617186 29.707221 1390676868000 92.199996948242
62.617191 29.706999 1390676873000 92.300003051758
62.617257 29.707135 1390676877000 92.0
62.617356 29.707136 1390676886000 93.5
62.617448 29.707096 1390676891000 93.0
62.617542 29.707052 1390676900000 93.800003051758
62.617614 29.706778 1390676907000 96.199996948242
62.6177 29.706693 1390676916000 95.800003051758
62.617807 29.706776 1390676924000 92.599998474121
62.617885 29.706969 1390676928000 92.199996948242
62.61797 29.707037 1390676936000 93.5
62.618206 29.706724 1390676968000 93.300003051758
62.618314 29.706974 1390676971000 93.800003051758