62.616191 29.702541 1390908203000 103.30000305176
62.6161 29.702539 1390908209000 105.0
62.616122 29.702266 1390908285000 109.19999694824
62.616106 29.701867 1390908288000 109.5
62.616137 29.701621 1390908290000 109.59999847412
62.616143 29.701317 1390908292000 109.40000152588
62.616142 29.70112 1390908294000 108.90000152588
62.616181 29.700566 1390908296000 109.09999847412
62.616169 29.700365 1390908297000 109.09999847412
62.616197 29.70014 1390908298000 109.0
62.61614 29.69973 1390908301000 108.80000305176
62.61617 29.699449 1390908303000 106.80000305176
62.616248 29.698927 1390908307000 105.09999847412
62.617448 29.694717 1390908334000 105.90000152588
62.617504 29.694929 1390908349000 103.80000305176
62.617554 29.695105 1390908351000 104.0
62.617613 29.695347 1390908353000 103.90000152588
62.617684 29.695471 1390908355000 104.0
62.617775 29.695633 1390908356000 104.0
62.617973 29.695803 1390908358000 103.90000152588
62.618268 29.695704 1390908362000 104.40000152588
62.61848 29.69555 1390908363000 104.0
62.618694 29.695184 1390908364000 105.5
62.618805 29.695054 1390908365000 106.19999694824
62.618957 29.69489 1390908366000 105.59999847412
62.619421 29.694005 1390908370000 107.30000305176
62.619517 29.693781 1390908371000 107.5
62.619599 29.693667 1390908372000 107.59999847412
62.620284 29.692962 1390908393000 105.90000152588
62.620402 29.692697 1390908406000 107.0
62.620494 29.692595 1390908407000 106.80000305176
62.620642 29.692384 1390908409000 107.40000152588
62.620727 29.692256 1390908410000 107.90000152588
62.620814 29.692107 1390908411000 107.80000305176
62.620903 29.692026 1390908412000 107.90000152588
62.621019 29.691798 1390908414000 108.0
62.621081 29.691649 1390908415000 108.09999847412
62.621154 29.691412 1390908416000 108.0
62.621398 29.690989 1390908419000 106.30000305176
62.621552 29.690772 1390908421000 106.40000152588
62.621671 29.690509 1390908423000 108.40000152588
62.621757 29.690422 1390908425000 111.09999847412
62.621894 29.69028 1390908427000 111.19999694824
62.622031 29.690268 1390908429000 110.30000305176
62.622123 29.690493 1390908446000 108.69999694824
62.622223 29.69051 1390908455000 110.40000152588
62.622363 29.690481 1390908457000 109.90000152588
62.622464 29.690469 1390908458000 110.69999694824
62.622626 29.690515 1390908460000 110.69999694824
62.622743 29.690479 1390908461000 109.80000305176
62.622888 29.690436 1390908462000 109.09999847412
62.623459 29.690484 1390908466000 109.5
62.623573 29.690498 1390908467000 109.59999847412
62.623722 29.690499 1390908468000 108.90000152588
62.623868 29.690536 1390908469000 109.5
62.623998 29.690631 1390908470000 109.30000305176
62.624129 29.690712 1390908471000 109.19999694824
62.624256 29.690766 1390908472000 109.59999847412
62.62439 29.69088 1390908473000 109.09999847412
62.624486 29.690994 1390908474000 109.90000152588
62.624593 29.691107 1390908475000 110.19999694824
62.624666 29.691232 1390908476000 110.5
62.624843 29.691651 1390908479000 110.19999694824
62.624897 29.691815 1390908481000 110.5
62.624865 29.691612 1390908494000 109.30000305176
62.624968 29.69166 1390908505000 109.40000152588
62.625038 29.691865 1390908507000 108.90000152588
62.62512 29.692152 1390908510000 109.80000305176
62.625194 29.692381 1390908512000 109.90000152588
62.625251 29.692678 1390908514000 110.40000152588
62.625303 29.692918 1390908515000 110.80000305176
62.625423 29.693935 1390908518000 108.19999694824
62.625462 29.694157 1390908519000 106.59999847412
62.625491 29.694372 1390908520000 107.59999847412
62.62549 29.694726 1390908522000 108.40000152588
62.625545 29.694948 1390908526000 109.59999847412
62.625397 29.69509 1390908534000 109.30000305176
62.625259 29.695133 1390908536000 109.69999694824
62.625156 29.695218 1390908538000 109.09999847412
62.625074 29.695397 1390908545000 111.69999694824
62.625015 29.695554 1390908550000 113.19999694824
62.624748 29.695883 1390908571000 116.5
62.624597 29.69598 1390908573000 116.40000152588
62.624486 29.696091 1390908574000 116.5
62.624355 29.696314 1390908575000 116.40000152588
62.624262 29.696457 1390908576000 116.5
62.624171 29.696594 1390908577000 116.80000305176
62.624062 29.696729 1390908578000 117.09999847412
62.623942 29.696892 1390908579000 117.30000305176
62.62383 29.697097 1390908580000 116.80000305176
62.623723 29.697313 1390908581000 116.69999694824
62.623433 29.69802 1390908584000 117.59999847412
62.623345 29.69824 1390908585000 117.90000152588
62.623272 29.698498 1390908586000 116.90000152588
62.623193 29.698688 1390908587000 117.30000305176
62.623138 29.698901 1390908588000 117.19999694824
62.623059 29.699126 1390908590000 118.0
62.622881 29.699562 1390908595000 118.09999847412
62.622814 29.699763 1390908604000 117.59999847412
62.622792 29.700068 1390908607000 117.19999694824
62.622718 29.700379 1390908609000 116.90000152588
62.622664 29.700566 1390908610000 116.90000152588
62.622597 29.700979 1390908612000 116.80000305176
62.622325 29.702005 1390908615000 116.5
62.622239 29.702255 1390908616000 116.5
62.622159 29.702473 1390908617000 116.40000152588
62.622061 29.702719 1390908618000 115.80000305176
62.621928 29.703102 1390908619000 115.0
62.621811 29.703431 1390908620000 114.09999847412
62.62168 29.703731 1390908621000 113.30000305176
62.621556 29.703991 1390908622000 113.0
62.621453 29.704255 1390908623000 113.09999847412
62.620882 29.705484 1390908628000 108.40000152588
62.62079 29.705724 1390908629000 107.80000305176
62.620709 29.705963 1390908630000 107.59999847412
62.620626 29.706236 1390908631000 107.30000305176
62.620553 29.706478 1390908632000 107.19999694824
62.620478 29.706745 1390908633000 107.0
62.620425 29.707 1390908634000 106.90000152588
62.620355 29.70726 1390908635000 106.30000305176
62.620318 29.707577 1390908636000 105.59999847412
62.620308 29.707855 1390908637000 105.59999847412
62.620292 29.708103 1390908638000 105.5
62.620356 29.71008 1390908647000 106.40000152588
62.620313 29.71027 1390908649000 106.09999847412
62.620271 29.710493 1390908651000 105.80000305176
62.620268 29.711251 1390908673000 104.0
62.620263 29.711523 1390908675000 104.09999847412
62.620227 29.711719 1390908676000 104.09999847412
62.620143 29.712137 1390908678000 104.19999694824
62.620034 29.712595 1390908680000 103.80000305176
62.619922 29.71308 1390908682000 103.19999694824
62.619858 29.713399 1390908683000 103.30000305176
62.619711 29.714227 1390908686000 102.09999847412
62.619637 29.714579 1390908687000 101.0
62.619598 29.714867 1390908688000 100.80000305176
62.619492 29.715447 1390908690000 100.59999847412
62.61946 29.715741 1390908691000 100.59999847412
62.619401 29.716167 1390908692000 100.5
62.619372 29.716388 1390908693000 99.599998474121
62.619307 29.716614 1390908694000 99.0
62.619266 29.716896 1390908695000 99.199996948242
62.619221 29.717175 1390908696000 98.699996948242
62.619092 29.717924 1390908699000 100.80000305176
62.619045 29.718132 1390908700000 101.80000305176
62.619021 29.718373 1390908701000 101.69999694824
62.619002 29.718575 1390908702000 101.40000152588
62.618978 29.718806 1390908703000 102.40000152588
62.618921 29.719105 1390908704000 103.19999694824
62.6189 29.719395 1390908705000 103.30000305176
62.618871 29.719655 1390908706000 102.69999694824
62.618848 29.719938 1390908707000 102.40000152588
62.618802 29.720317 1390908708000 102.30000305176
62.618772 29.72061 1390908709000 102.59999847412
62.618599 29.721628 1390908712000 104.0
62.618545 29.721959 1390908713000 104.59999847412
62.618472 29.722296 1390908714000 104.69999694824
62.618442 29.722586 1390908715000 104.0
62.618388 29.72292 1390908716000 104.0
62.61833 29.723308 1390908717000 103.69999694824
62.61822 29.723715 1390908718000 103.19999694824
62.618167 29.724076 1390908719000 103.30000305176
62.61809 29.72445 1390908720000 102.59999847412
62.617788 29.725849 1390908725000 102.90000152588
62.617719 29.726094 1390908726000 102.90000152588
62.617644 29.726323 1390908727000 103.19999694824
62.617562 29.726512 1390908728000 103.69999694824
62.61746 29.726687 1390908729000 103.30000305176
62.617321 29.726971 1390908730000 101.69999694824
62.61718 29.7272 1390908731000 102.40000152588
62.617052 29.727383 1390908732000 102.0
62.61691 29.727557 1390908733000 101.90000152588
62.616762 29.727656 1390908734000 102.0
62.616606 29.727722 1390908735000 100.90000152588
62.616169 29.727905 1390908738000 101.19999694824
62.616036 29.727984 1390908739000 101.69999694824
62.615903 29.728076 1390908740000 101.40000152588
62.615776 29.728153 1390908741000 100.90000152588
62.615655 29.72824 1390908742000 100.69999694824
62.615545 29.728341 1390908743000 100.69999694824
62.615438 29.728411 1390908744000 99.5
62.615345 29.728497 1390908745000 99.199996948242
62.615189 29.728617 1390908747000 98.599998474121
62.615185 29.728812 1390908759000 100.69999694824
62.615277 29.728834 1390908778000 103.69999694824
62.615165 29.728954 1390908784000 100.69999694824
62.615049 29.72919 1390908786000 100.30000305176
62.614829 29.72974 1390908790000 99.599998474121
62.614784 29.729931 1390908791000 99.5
62.614729 29.730104 1390908792000 98.800003051758
62.614668 29.730254 1390908793000 99.099998474121
62.61462 29.730497 1390908794000 99.099998474121
62.614588 29.730829 1390908796000 98.199996948242
62.614524 29.731107 1390908798000 97.300003051758
62.61448 29.73134 1390908800000 97.0
62.614277 29.731427 1390908803000 96.900001525879
62.614186 29.731424 1390908805000 97.0
62.613953 29.731554 1390908807000 97.099998474121
62.613823 29.731592 1390908808000 96.699996948242
62.613705 29.731674 1390908809000 96.5
62.613577 29.731799 1390908810000 96.0
62.613454 29.731929 1390908811000 95.900001525879
62.613291 29.732128 1390908813000 96.0
62.612976 29.732612 1390908816000 95.900001525879
62.612849 29.732736 1390908817000 96.5
62.612743 29.732875 1390908818000 96.800003051758
62.612659 29.733071 1390908819000 97.300003051758
62.612462 29.733574 1390908821000 97.5
62.612365 29.733761 1390908822000 97.599998474121
62.612282 29.733972 1390908823000 97.300003051758
62.612215 29.734142 1390908824000 98.5
62.612149 29.734302 1390908825000 100.59999847412
62.612065 29.734451 1390908826000 100.09999847412
62.611777 29.734875 1390908829000 101.40000152588
62.611673 29.735035 1390908830000 101.69999694824
62.611572 29.73515 1390908831000 101.5
62.611488 29.735303 1390908832000 101.80000305176
62.611398 29.735436 1390908833000 102.0
62.611309 29.735572 1390908834000 101.40000152588
62.611211 29.73567 1390908835000 101.30000305176
62.611113 29.735789 1390908836000 101.19999694824
62.610934 29.735944 1390908838000 100.90000152588
62.610625 29.736329 1390908842000 101.0
62.610544 29.736427 1390908843000 100.90000152588
62.610459 29.736529 1390908844000 100.69999694824
62.610336 29.73679 1390908846000 100.19999694824
62.610244 29.736836 1390908847000 99.900001525879
62.610154 29.736874 1390908848000 99.599998474121
62.609977 29.736966 1390908850000 100.0
62.609731 29.737286 1390908855000 101.09999847412
62.609636 29.737531 1390908857000 101.09999847412
62.609561 29.737659 1390908858000 101.40000152588
62.609419 29.737826 1390908860000 101.5
62.609316 29.737874 1390908861000 101.69999694824
62.609225 29.737869 1390908862000 101.69999694824
62.609083 29.737916 1390908863000 101.30000305176
62.608953 29.738003 1390908864000 101.40000152588
62.608831 29.738091 1390908865000 101.19999694824
62.608523 29.738499 1390908868000 100.90000152588
62.608379 29.738643 1390908869000 101.80000305176
62.608239 29.73875 1390908870000 101.30000305176
62.608132 29.73882 1390908871000 101.19999694824
62.607996 29.738924 1390908872000 101.5
62.607906 29.739035 1390908873000 101.90000152588
62.607793 29.73909 1390908874000 101.90000152588
62.607689 29.739173 1390908875000 102.0
62.60758 29.739258 1390908876000 101.5
62.607487 29.739341 1390908877000 101.69999694824
62.607367 29.739414 1390908878000 101.59999847412
62.607026 29.739657 1390908881000 101.59999847412
62.606831 29.739774 1390908883000 102.09999847412
62.605705 29.740658 1390908894000 105.09999847412
62.605604 29.740734 1390908895000 105.19999694824
62.605505 29.740762 1390908896000 105.09999847412
62.605407 29.740812 1390908897000 105.09999847412
62.605309 29.740859 1390908898000 105.0
62.605217 29.740912 1390908899000 105.0
62.605055 29.741046 1390908901000 105.09999847412
62.604958 29.741283 1390908902000 104.90000152588
62.604863 29.741431 1390908903000 104.80000305176
62.604774 29.741538 1390908904000 104.90000152588
62.604674 29.74164 1390908905000 104.90000152588
62.604563 29.741709 1390908906000 104.90000152588
62.604436 29.741856 1390908907000 104.69999694824
62.604543 29.741776 1390908908000 104.59999847412
62.604424 29.741858 1390908911000 104.69999694824
62.604334 29.741999 1390908913000 104.59999847412
62.60424 29.742073 1390908915000 104.59999847412
62.604161 29.742165 1390908917000 104.59999847412
62.604218 29.741951 1390908921000 105.80000305176
62.604133 29.742099 1390908941000 105.90000152588
62.604051 29.742323 1390908944000 105.09999847412
62.603862 29.742792 1390908947000 104.09999847412
62.603782 29.742977 1390908948000 102.69999694824
62.603682 29.743258 1390908950000 103.69999694824
62.603599 29.743541 1390908952000 103.90000152588
62.603505 29.743833 1390908954000 104.0
62.603437 29.744126 1390908956000 103.69999694824
62.603409 29.744428 1390908960000 106.80000305176
62.603372 29.744626 1390908962000 108.59999847412
62.603337 29.744873 1390908963000 108.80000305176
62.603253 29.745193 1390908965000 108.40000152588
62.60321 29.745364 1390908966000 108.69999694824
62.603132 29.745705 1390908968000 109.19999694824
62.603089 29.745943 1390908969000 109.90000152588
62.603056 29.746145 1390908970000 110.90000152588
62.602929 29.746713 1390908973000 113.19999694824
62.602896 29.746908 1390908974000 113.59999847412
62.602834 29.747223 1390908976000 111.80000305176
62.602807 29.747505 1390908978000 111.30000305176
62.602733 29.74771 1390908983000 111.09999847412
62.602675 29.747923 1390908994000 110.40000152588
62.602629 29.748123 1390908996000 109.5
62.602551 29.74856 1390908999000 109.59999847412
62.602503 29.748765 1390909000000 109.59999847412
62.602424 29.749167 1390909002000 110.19999694824
62.602344 29.749516 1390909004000 108.30000305176
62.602304 29.74971 1390909005000 107.30000305176
62.602221 29.750084 1390909007000 104.09999847412
62.602152 29.750331 1390909009000 104.40000152588
62.602069 29.750724 1390909012000 105.09999847412
62.602017 29.750919 1390909015000 105.5
62.602067 29.750522 1390909034000 104.09999847412