62.770235 30.971745 1394702229546 0.0
62.770235 30.971745 1394702231551 0.0
62.770235 30.971745 1394702233582 0.0
62.77025 30.971777 1394702235604 0.0
62.770272 30.971803 1394702238052 0.0
62.770289 30.971831 1394702240546 0.0
62.770315 30.971873 1394702242505 0.0
62.770342 30.971907 1394702244580 0.0
62.770367 30.971938 1394702246889 0.0
62.770392 30.971957 1394702249246 0.0
62.770418 30.971959 1394702251202 0.0
62.770441 30.971972 1394702253333 0.0
62.770461 30.972001 1394702255347 0.0
62.770479 30.97203 1394702257353 0.0
62.770495 30.972063 1394702259397 0.0
62.770512 30.972092 1394702261589 0.0
62.770548 30.972135 1394702263945 0.0
62.770565 30.972159 1394702266002 0.0
62.770582 30.972173 1394702267996 0.0
62.770582 30.972173 1394702270043 0.0
62.770582 30.972173 1394702272044 0.0
62.770553 30.972163 1394702274036 0.0
62.770527 30.972131 1394702276443 0.0
62.770507 30.97209 1394702278595 0.0
62.770482 30.972062 1394702280594 0.0
62.770456 30.97203 1394702288732 0.0
62.770399 30.971953 1394702291068 0.0
62.770377 30.971932 1394702293496 0.0
62.770352 30.971921 1394702295525 0.0
62.770352 30.971921 1394702297604 0.0
62.770352 30.971921 1394702299607 0.0
62.770352 30.971921 1394702302084 0.0
62.770352 30.971921 1394702304081 0.0
62.770333 30.971938 1394702306200 0.0
62.770321 30.971991 1394702308584 0.0
62.770303 30.972045 1394702310570 0.0
62.770279 30.972085 1394702312590 0.0
62.770253 30.972111 1394702314615 0.0
62.770233 30.972097 1394702316618 0.0
62.770175 30.972076 1394702318709 0.0
62.770159 30.97205 1394702321087 0.0
62.770159 30.97205 1394702323528 0.0
62.770159 30.97205 1394702325989 0.0
62.770139 30.972062 1394702328244 0.0
62.770116 30.972083 1394702330320 0.0
62.770103 30.97213 1394702332311 0.0
62.770096 30.972186 1394702334571 0.0
62.770076 30.972304 1394702337042 0.0
62.770063 30.972357 1394702339134 0.0
62.770047 30.972405 1394702341080 0.0
62.770021 30.972428 1394702343453 0.0
62.769991 30.972427 1394702345402 0.0
62.76996 30.972431 1394702347821 0.0
62.769933 30.972444 1394702349875 0.0
62.769908 30.972473 1394702352234 0.0
62.76989 30.972519 1394702354287 0.0
62.76988 30.972576 1394702356336 0.0
62.769877 30.972635 1394702358408 0.0
62.769877 30.972635 1394702360427 0.0
62.769877 30.972635 1394702362677 0.0
62.769868 30.972671 1394702365143 0.0
62.769868 30.972671 1394702367400 0.0
62.769863 30.972718 1394702369348 0.0
62.769862 30.972764 1394702371592 0.0
62.769868 30.972864 1394702374086 0.0
62.769876 30.972921 1394702376113 0.0
62.769884 30.972979 1394702378454 0.0
62.769917 30.973087 1394702380941 0.0
62.769961 30.973147 1394702382978 0.0
62.770003 30.973196 1394702385035 0.0
62.77004 30.973246 1394702387107 0.0
62.770057 30.973271 1394702389354 0.0
62.770081 30.973305 1394702391346 0.0
62.770105 30.973339 1394702393366 0.0
62.770142 30.973422 1394702395577 0.0
62.770204 30.973573 1394702397965 0.0
62.770215 30.97362 1394702400264 0.0
62.770229 30.973655 1394702402274 0.0
62.770245 30.973609 1394702404341 0.0
62.770263 30.97357 1394702406347 0.0
62.770288 30.973555 1394702408495 0.0
62.770334 30.973506 1394702410694 0.0
62.770341 30.97345 1394702412950 0.0
62.770344 30.973399 1394702414883 0.0
62.770344 30.973399 1394702417325 0.0
62.770344 30.973399 1394702419775 0.0
62.770336 30.973356 1394702421988 0.0
62.770336 30.973356 1394702424144 0.0
62.770336 30.973356 1394702426301 0.0
62.770336 30.973356 1394702428326 0.0
62.770336 30.973356 1394702430714 0.0
62.770336 30.973356 1394702433120 0.0
62.770336 30.973356 1394702435473 0.0
62.770342 30.973313 1394702437391 0.0
62.770342 30.973313 1394702439442 0.0
62.770356 30.973351 1394702441944 0.0
62.770356 30.973351 1394702444353 0.0
62.770356 30.973351 1394702446369 0.0
62.770362 30.973394 1394702448872 0.0
62.770362 30.973394 1394702451292 0.0
62.770362 30.973394 1394702453747 0.0
62.770353 30.973436 1394702455938 0.0
62.770345 30.973477 1394702458417 0.0
62.770337 30.973531 1394702460582 0.0
62.770325 30.97356 1394702463075 0.0
62.770325 30.97356 1394702465510 0.0
62.770325 30.97356 1394702467848 0.0
62.770325 30.97356 1394702470260 0.0
62.770313 30.973606 1394702472393 0.0
62.770287 30.973693 1394702474801 0.0
62.770293 30.973741 1394702476876 0.0
62.770306 30.973782 1394702478938 0.0
62.770326 30.97381 1394702481464 0.0
62.770326 30.97381 1394702483893 0.0
62.770326 30.97381 1394702486354 0.0
62.770326 30.97381 1394702488307 0.0
62.770304 30.973759 1394702490515 0.0
62.770286 30.973735 1394702492541 0.0
62.770266 30.973734 1394702494551 0.0
62.770248 30.973744 1394702497030 0.0
62.770229 30.973772 1394702499335 0.0
62.770219 30.97381 1394702501329 0.0
62.770208 30.973854 1394702503332 0.0
62.770192 30.97391 1394702505346 0.0
62.770162 30.974007 1394702507450 0.0
62.770124 30.974109 1394702509939 0.0
62.770081 30.974194 1394702511933 0.0
62.770038 30.974266 1394702513993 0.0
62.770018 30.974295 1394702516259 0.0
62.769994 30.97431 1394702518456 0.0
62.769979 30.97434 1394702520468 0.0
62.769966 30.974374 1394702522641 0.0
62.769966 30.974374 1394702525052 0.0
62.769951 30.974419 1394702527112 0.0
62.769929 30.974491 1394702529128 0.0
62.769904 30.974571 1394702531509 0.0
62.76988 30.974662 1394702533997 0.0
62.769869 30.974707 1394702536504 0.0
62.769859 30.974751 1394702538460 0.0
62.769846 30.974789 1394702540521 0.0
62.769846 30.974789 1394702542898 0.0
62.769846 30.974789 1394702545379 0.0
62.769841 30.974847 1394702547429 0.0
62.769829 30.9749 1394702549555 0.0
62.769819 30.974958 1394702551549 0.0
62.76981 30.975024 1394702553818 0.0
62.769802 30.975095 1394702556224 0.0
62.769794 30.975166 1394702558204 0.0
62.769787 30.975231 1394702560217 0.0
62.769776 30.975288 1394702562377 0.0
62.769779 30.975341 1394702564339 0.0
62.769791 30.975395 1394702566346 0.0
62.769798 30.975445 1394702568478 0.0
62.769797 30.975495 1394702570919 0.0
62.769803 30.975548 1394702573151 0.0
62.769808 30.975592 1394702575155 0.0
62.769807 30.97564 1394702577693 0.0
62.7698 30.975733 1394702579985 0.0
62.769804 30.975779 1394702582465 0.0
62.769801 30.975828 1394702584569 0.0
62.769795 30.975874 1394702586560 0.0
62.769774 30.975895 1394702589126 0.0
62.769748 30.975907 1394702591331 0.0
62.769723 30.975923 1394702593410 0.0
62.769701 30.975942 1394702595503 0.0
62.769701 30.975942 1394702597844 0.0
62.769681 30.97598 1394702599897 0.0
62.769656 30.976004 1394702602112 0.0
62.769631 30.976012 1394702604593 0.0
62.769606 30.976031 1394702606580 0.0
62.769587 30.976051 1394702609148 0.0
62.76957 30.976084 1394702611098 0.0
62.769554 30.97612 1394702613146 0.0
62.769536 30.976154 1394702615370 0.0
62.769517 30.976186 1394702617384 0.0
62.769491 30.97619 1394702619417 0.0
62.769464 30.976171 1394702621433 0.0
62.769438 30.976154 1394702623442 0.0
62.76937 30.976086 1394702625955 0.0
62.769354 30.976067 1394702628052 0.0
62.769339 30.976041 1394702630163 0.0
62.769339 30.976041 1394702632290 0.0
62.769339 30.976041 1394702634817 0.0
62.769339 30.976041 1394702637099 0.0
62.769339 30.975989 1394702639434 0.0
62.76935 30.975941 1394702641624 0.0
62.769373 30.975866 1394702643946 0.0
62.769384 30.97583 1394702645903 0.0
62.769394 30.975785 1394702648097 0.0
62.769406 30.975746 1394702650547 0.0
62.769417 30.975706 1394702653068 0.0
62.769423 30.97566 1394702655203 0.0
62.769431 30.975621 1394702657148 0.0
62.769442 30.975585 1394702659179 0.0
62.769454 30.97555 1394702661181 0.0
62.769461 30.97551 1394702663210 0.0
62.76947 30.97547 1394702665341 0.0
62.769483 30.975418 1394702667344 0.0
62.769485 30.975365 1394702669359 0.0
62.769451 30.975288 1394702671921 0.0
62.769425 30.975241 1394702673937 0.0
62.7694 30.975187 1394702676447 0.0
62.769379 30.975131 1394702678586 0.0
62.769356 30.975079 1394702680587 0.0
62.769335 30.975026 1394702682688 0.0
62.769317 30.974985 1394702685188 0.0
62.769301 30.974965 1394702687633 0.0
62.76928 30.974935 1394702690179 0.0
62.769258 30.97491 1394702692562 0.0
62.769239 30.974884 1394702694988 0.0
62.769239 30.974884 1394702697434 0.0
62.769226 30.974844 1394702699829 0.0
62.769244 30.974845 1394702701865 0.0
62.769263 30.974807 1394702704285 0.0
62.769278 30.974764 1394702706339 0.0
62.769291 30.974717 1394702708366 0.0
62.769301 30.974667 1394702710714 0.0
62.769317 30.974627 1394702713071 0.0
62.769341 30.974581 1394702715103 0.0
62.769358 30.974565 1394702717557 0.0
62.769377 30.974529 1394702720029 0.0
62.769396 30.974496 1394702722456 0.0
62.769408 30.974448 1394702724965 0.0
62.769408 30.974448 1394702727362 0.0
62.76941 30.974392 1394702729770 0.0
62.769424 30.974345 1394702731847 0.0
62.769422 30.97422 1394702734075 0.0
62.769418 30.974129 1394702736068 0.0
62.769417 30.974064 1394702738444 0.0
62.76943 30.974013 1394702740563 0.0
62.769449 30.97397 1394702742621 0.0
62.769469 30.973931 1394702744996 0.0
62.769459 30.973879 1394702747147 0.0
62.769462 30.973823 1394702749343 0.0
62.76947 30.973726 1394702751643 0.0
62.769442 30.973649 1394702754140 0.0
62.769413 30.973622 1394702756606 0.0
62.769392 30.97359 1394702758852 0.0
62.769377 30.973543 1394702761324 0.0
62.769389 30.973482 1394702763332 0.0
62.769405 30.973427 1394702765351 0.0
62.769453 30.973358 1394702767595 0.0
62.769475 30.973321 1394702769621 0.0
62.76949 30.973276 1394702771631 0.0
62.76949 30.973276 1394702773636 0.0
62.76949 30.973227 1394702775649 0.0
62.769487 30.973187 1394702778045 0.0
62.769489 30.973147 1394702780023 0.0
62.769489 30.973147 1394702782035 0.0
62.769489 30.973147 1394702784076 0.0
62.769489 30.973147 1394702786218 0.0
62.769489 30.973147 1394702788326 0.0
62.769489 30.973147 1394702790291 0.0
62.769489 30.973147 1394702792302 0.0
62.769489 30.973147 1394702794368 0.0
62.769489 30.973147 1394702796325 0.0
62.769488 30.973187 1394702798503 0.0
62.769487 30.973248 1394702800517 0.0
62.76949 30.973292 1394702802533 0.0
62.76949 30.973292 1394702804540 0.0
62.76949 30.973292 1394702806540 0.0
62.76949 30.973292 1394702808568 0.0
62.76949 30.973292 1394702810611 0.0
62.76949 30.973292 1394702812639 0.0
62.76949 30.973292 1394702814668 0.0
62.76949 30.973292 1394702817135 0.0
62.769472 30.973238 1394702819350 0.0
62.769457 30.973185 1394702821677 0.0
62.769457 30.973185 1394702823694 0.0
62.769473 30.973211 1394702825989 0.0
62.769483 30.973259 1394702828045 0.0
62.769487 30.973306 1394702830027 0.0
62.769484 30.973352 1394702832025 0.0
62.76947 30.973392 1394702834035 0.0
62.769449 30.97342 1394702836031 0.0
62.769432 30.973457 1394702838526 0.0
62.769416 30.973501 1394702840584 0.0
62.7694 30.973545 1394702842583 0.0
62.769385 30.973589 1394702844663 0.0
62.769372 30.973635 1394702847201 0.0
62.769361 30.973682 1394702849328 0.0
62.769373 30.973722 1394702851344 0.0
62.769393 30.973749 1394702853415 0.0
62.769391 30.973798 1394702855387 0.0
62.769385 30.973848 1394702857882 0.0
62.769406 30.973849 1394702859947 0.0
62.769428 30.97384 1394702862460 0.0
62.769464 30.973846 1394702864420 0.0
62.769503 30.973857 1394702866620 0.0
62.769536 30.973848 1394702868949 0.0
62.76956 30.973825 1394702871081 0.0
62.769586 30.973784 1394702873464 0.0
62.769614 30.973724 1394702875804 0.0
62.769644 30.973675 1394702877873 0.0
62.769668 30.97363 1394702880349 0.0
62.769694 30.973616 1394702882411 0.0
62.769721 30.973632 1394702884546 0.0
62.769726 30.97368 1394702886661 0.0
62.769722 30.973735 1394702889062 0.0
62.76972 30.97379 1394702891049 0.0
62.769718 30.973847 1394702893113 0.0
62.769714 30.973901 1394702895395 0.0
62.769706 30.973946 1394702897350 0.0
62.7697 30.973991 1394702899346 0.0
62.769677 30.974066 1394702901451 0.0
62.769667 30.974109 1394702903931 0.0
62.769653 30.974155 1394702905897 0.0
62.769637 30.974196 1394702907965 0.0
62.769625 30.974254 1394702910497 0.0
62.76961 30.974308 1394702912660 0.0
62.769596 30.97436 1394702914892 0.0
62.769575 30.974397 1394702917150 0.0
62.769545 30.974421 1394702919338 0.0
62.76949 30.974456 1394702921476 0.0
62.769451 30.974472 1394702923600 0.0
62.769427 30.974524 1394702925572 0.0
62.769382 30.97459 1394702927873 0.0
62.769334 30.97462 1394702929981 0.0
62.769293 30.974656 1394702932440 0.0
62.769255 30.974667 1394702934921 0.0
62.769233 30.974638 1394702936979 0.0
62.769211 30.974616 1394702939230 0.0
62.769187 30.974598 1394702941568 0.0
62.769167 30.974562 1394702944013 0.0
62.76915 30.97452 1394702946272 0.0
62.769135 30.974479 1394702948406 0.0
62.769113 30.974464 1394702950420 0.0
62.769094 30.974493 1394702952492 0.0
62.769065 30.974595 1394702954924 0.0
62.769042 30.974642 1394702961183 0.0
62.768951 30.974736 1394702963464 0.0
62.76893 30.974773 1394702965557 0.0
62.76889 30.974817 1394702967643 0.0
62.768869 30.974826 1394702969627 0.0
62.768791 30.97487 1394702972030 0.0
62.768757 30.974911 1394702974402 0.0
62.768723 30.974948 1394702976335 0.0
62.768686 30.974981 1394702978341 0.0
62.768652 30.975003 1394702980608 0.0
62.768628 30.975031 1394702983110 0.0
62.7686 30.975068 1394702985253 0.0
62.768574 30.975103 1394702987335 0.0
62.768548 30.975119 1394702989344 0.0
62.768526 30.975138 1394702991357 0.0
62.768513 30.975178 1394702993364 0.0
62.768507 30.975251 1394702995688 0.0
62.768525 30.975304 1394702997879 0.0
62.76855 30.975348 1394703000360 0.0
62.768573 30.975386 1394703002397 0.0
62.768607 30.975488 1394703004929 0.0
62.768621 30.975537 1394703006970 0.0
62.768636 30.975585 1394703009475 0.0
62.768653 30.97563 1394703011539 0.0
62.768688 30.975717 1394703013547 0.0
62.768702 30.975748 1394703015848 0.0
62.768727 30.975794 1394703018243 0.0
62.768747 30.975832 1394703020378 0.0
62.76876 30.975872 1394703022639 0.0
62.768775 30.975912 1394703025097 0.0
62.768794 30.97596 1394703027562 0.0
62.768827 30.976061 1394703030047 0.0
62.768838 30.976121 1394703032095 0.0
62.768846 30.976159 1394703034541 0.0
62.76886 30.976195 1394703036554 0.0
62.768875 30.976233 1394703038559 0.0
62.768893 30.976316 1394703041019 0.0
62.76889 30.976405 1394703043085 0.0
62.768889 30.976493 1394703045311 0.0
62.768888 30.976535 1394703047339 0.0
62.76888 30.976607 1394703049335 0.0
62.768868 30.97665 1394703051341 0.0
62.768854 30.976689 1394703053516 0.0
62.768836 30.976776 1394703055984 0.0
62.768827 30.976817 1394703058220 0.0
62.768817 30.976858 1394703060629 0.0
62.768808 30.9769 1394703062800 0.0
62.768793 30.976937 1394703064758 0.0
62.768778 30.976974 1394703067138 0.0
62.768761 30.977006 1394703069179 0.0
62.768751 30.977045 1394703071192 0.0
62.768751 30.977045 1394703073258 0.0
62.768751 30.977045 1394703075615 0.0
62.768764 30.97709 1394703077957 0.0
62.768764 30.97709 1394703080395 0.0
62.768788 30.977105 1394703082830 0.0
62.768809 30.977132 1394703085190 0.0
62.768826 30.977151 1394703087407 0.0
62.768846 30.977167 1394703089408 0.0
62.768895 30.977221 1394703091462 0.0
62.768918 30.977248 1394703093437 0.0
62.768939 30.977271 1394703095439 0.0
62.768958 30.977285 1394703097953 0.0
62.768969 30.977324 1394703100411 0.0
62.768996 30.977385 1394703102639 0.0
62.769052 30.977471 1394703105177 0.0
62.769091 30.977499 1394703107084 0.0
62.769109 30.97751 1394703109353 0.0
62.769162 30.977538 1394703111371 0.0
62.769187 30.977556 1394703113938 0.0
62.769213 30.977569 1394703115899 0.0
62.769241 30.977585 1394703118020 0.0
62.769268 30.97761 1394703120534 0.0
62.76929 30.977645 1394703122686 0.0
62.76931 30.977686 1394703125142 0.0
62.769331 30.977721 1394703127333 0.0
62.76935 30.977759 1394703129365 0.0
62.769384 30.977827 1394703131951 0.0
62.769384 30.977827 1394703134329 0.0
62.769406 30.977856 1394703136360 0.0
62.769425 30.977886 1394703138360 0.0
62.769445 30.977967 1394703140935 0.0
62.769456 30.978002 1394703142948 0.0
62.769472 30.978031 1394703145146 0.0
62.769486 30.978055 1394703147598 0.0
62.769499 30.978082 1394703149605 0.0
62.769519 30.978119 1394703151847 0.0
62.76953 30.978151 1394703154279 0.0
62.769543 30.978184 1394703156583 0.0
62.769557 30.978214 1394703159129 0.0
62.769572 30.97824 1394703161346 0.0
62.769596 30.978266 1394703163404 0.0
62.769611 30.978287 1394703165407 0.0
62.769628 30.978308 1394703167592 0.0
62.769647 30.978321 1394703170071 0.0
62.769666 30.978332 1394703172116 0.0
62.769686 30.978334 1394703174368 0.0
62.769707 30.978332 1394703176511 0.0
62.769749 30.978345 1394703178953 0.0
62.76977 30.978352 1394703181041 0.0
62.76979 30.978365 1394703183495 0.0
62.76981 30.978381 1394703185604 0.0
62.769825 30.978405 1394703187637 0.0
62.769841 30.978422 1394703190177 0.0
62.769858 30.978439 1394703192172 0.0
62.769875 30.978456 1394703194226 0.0
62.769895 30.978471 1394703196165 0.0
62.769915 30.978481 1394703198191 0.0
62.769935 30.978488 1394703200719 0.0
62.769957 30.978465 1394703203182 0.0
62.769973 30.978443 1394703205598 0.0
62.76998 30.978399 1394703207929 0.0
62.76998 30.978399 1394703210247 0.0
62.770006 30.978393 1394703212342 0.0
62.770028 30.978382 1394703214346 0.0
62.770054 30.978372 1394703216389 0.0
62.770101 30.9784 1394703218398 0.0
62.770115 30.978429 1394703220947 0.0
62.770124 30.978476 1394703223033 0.0
62.770139 30.978512 1394703225405 0.0
62.77016 30.978524 1394703227424 0.0
62.770183 30.978538 1394703229494 0.0
62.770205 30.978555 1394703231997 0.0
62.770227 30.97854 1394703233968 0.0
62.770251 30.978522 1394703236013 0.0
62.770277 30.978489 1394703238052 0.0
62.770304 30.978454 1394703240108 0.0
62.770333 30.978426 1394703242099 0.0
62.77036 30.978396 1394703244154 0.0
62.77038 30.97835 1394703246393 0.0
62.770416 30.978247 1394703248914 0.0
62.770432 30.978193 1394703251147 0.0
62.770453 30.978152 1394703253637 0.0
62.770474 30.978108 1394703256110 0.0
62.770514 30.978031 1394703258330 0.0
62.770558 30.977968 1394703260409 0.0
62.770618 30.977866 1394703262441 0.0
62.770677 30.977765 1394703264366 0.0
62.770754 30.977641 1394703266499 0.0
62.770772 30.977607 1394703268896 0.0
62.770734 30.977606 1394703270945 0.0
62.77068 30.977674 1394703272995 0.0
62.770628 30.977745 1394703275101 0.0
62.770582 30.977814 1394703277100 0.0
62.770544 30.977867 1394703279205 0.0
62.770515 30.97789 1394703281275 0.0
62.770489 30.97789 1394703283466 0.0
62.770463 30.977869 1394703285648 0.0
62.770438 30.977836 1394703287810 0.0
62.770414 30.977804 1394703289779 0.0
62.770396 30.977759 1394703291771 0.0
62.770377 30.977716 1394703294051 0.0
62.770361 30.977681 1394703296081 0.0
62.770344 30.977648 1394703298078 0.0
62.770327 30.977615 1394703300103 0.0
62.77031 30.977575 1394703302106 0.0
62.770291 30.977535 1394703304096 0.0
62.77027 30.977497 1394703306130 0.0
62.77025 30.977455 1394703308327 0.0
62.770235 30.97742 1394703310333 0.0
62.770218 30.977396 1394703312342 0.0
62.770199 30.977369 1394703314347 0.0
62.770176 30.977335 1394703316369 0.0
62.770158 30.977301 1394703318367 0.0
62.770117 30.977218 1394703320958 0.0
62.7701 30.977174 1394703322883 0.0
62.770077 30.977134 1394703325096 0.0
62.770054 30.977092 1394703327145 0.0
62.770035 30.977045 1394703329546 0.0
62.770016 30.977004 1394703331586 0.0
62.769996 30.976969 1394703334079 0.0
62.769969 30.976938 1394703336289 0.0
62.769933 30.976852 1394703338347 0.0
62.769906 30.976763 1394703340409 0.0
62.769867 30.976628 1394703342939 0.0
62.769853 30.976555 1394703345092 0.0
62.769854 30.976482 1394703347597 0.0
62.769854 30.976409 1394703350057 0.0
62.769855 30.976336 1394703352082 0.0
62.769862 30.976273 1394703354107 0.0
62.769868 30.976223 1394703356146 0.0
62.769861 30.97626 1394703358618 0.0
62.769861 30.97626 1394703361068 0.0
62.76984 30.976223 1394703363116 0.0
62.769826 30.97616 1394703365153 0.0
62.769813 30.976049 1394703367361 0.0
62.769808 30.97601 1394703369364 0.0
62.769808 30.975864 1394703371888 0.0
62.769807 30.975798 1394703374091 0.0
62.769811 30.975741 1394703376139 0.0
62.769811 30.975741 1394703378454 0.0
62.769811 30.975741 1394703380844 0.0
62.769806 30.975679 1394703382879 0.0
62.769794 30.975614 1394703384902 0.0
62.76979 30.975549 1394703386896 0.0
62.769784 30.975482 1394703388910 0.0
62.769782 30.975414 1394703391150 0.0
62.76978 30.975301 1394703393400 0.0
62.769778 30.975183 1394703395430 0.0
62.769778 30.975183 1394703397413 0.0
62.769772 30.975038 1394703399895 0.0
62.769772 30.974972 1394703402126 0.0
62.769772 30.974908 1394703404612 0.0
62.769773 30.974846 1394703406656 0.0
62.769786 30.974798 1394703408628 0.0
62.769813 30.974765 1394703410738 0.0
62.769854 30.974689 1394703412876 0.0
62.769881 30.974618 1394703415036 0.0
62.769893 30.97458 1394703417182 0.0
62.769928 30.974476 1394703419314 0.0
62.769939 30.974444 1394703421358 0.0
62.769977 30.97432 1394703423873 0.0
62.769998 30.974263 1394703425940 0.0
62.770022 30.974214 1394703428439 0.0
62.770046 30.974179 1394703430645 0.0
62.770067 30.974138 1394703432643 0.0
62.770082 30.97408 1394703435112 0.0
62.770097 30.974021 1394703437199 0.0
62.770121 30.973971 1394703439339 0.0
62.770142 30.973918 1394703441348 0.0
62.770162 30.973874 1394703443474 0.0
62.770192 30.973783 1394703445982 0.0
62.770211 30.973741 1394703448457 0.0
62.770234 30.973708 1394703450675 0.0
62.770259 30.973709 1394703453145 0.0
62.770282 30.973754 1394703455153 0.0
62.770301 30.973802 1394703457212 0.0
62.770322 30.973845 1394703459396 0.0
62.770359 30.973895 1394703461441 0.0
62.770377 30.973881 1394703463445 0.0
62.770359 30.973874 1394703465933 0.0
62.770359 30.973874 1394703471489 0.0
62.770386 30.973952 1394703473969 0.0
62.770407 30.973963 1394703476490 0.0
62.77043 30.973965 1394703478647 0.0
62.770445 30.973991 1394703480636 0.0
62.770461 30.974015 1394703482835 0.0
62.770487 30.97404 1394703485177 0.0
62.770512 30.974074 1394703487644 0.0
62.770535 30.974119 1394703489668 0.0
62.770547 30.974171 1394703492106 0.0
62.770553 30.974226 1394703494175 0.0
62.770551 30.974285 1394703496452 0.0
62.770589 30.974389 1394703498948 0.0
62.770608 30.974438 1394703501477 0.0
62.770627 30.97447 1394703503743 0.0
62.770648 30.974494 1394703506232 0.0
62.770663 30.974531 1394703508329 0.0
62.770676 30.974561 1394703510429 0.0
62.7707 30.974641 1394703512996 0.0
62.770706 30.974689 1394703515485 0.0
62.77071 30.974738 1394703517726 0.0
62.770715 30.974787 1394703519788 0.0
62.770725 30.974825 1394703521849 0.0
62.770748 30.974858 1394703524198 0.0
62.770765 30.97488 1394703526490 0.0
62.770802 30.974846 1394703528898 0.0
62.770819 30.974821 1394703530945 0.0
62.770837 30.974802 1394703532957 0.0
62.770837 30.974802 1394703535373 0.0
62.770852 30.974757 1394703537750 0.0
62.770852 30.974757 1394703540266 0.0
62.770852 30.974757 1394703546896 0.0
62.770878 30.97468 1394703549255 0.0
62.770884 30.974627 1394703551313 0.0
62.77088 30.974569 1394703553589 0.0
62.770886 30.974525 1394703556018 0.0
62.770886 30.974525 1394703558015 0.0
62.770891 30.974473 1394703562017 0.0
62.770898 30.974426 1394703564181 0.0
62.770908 30.974377 1394703566360 0.0
62.770913 30.974337 1394703568702 0.0
62.770909 30.97429 1394703571016 0.0
62.77092 30.974257 1394703573406 0.0
62.770938 30.974237 1394703575658 0.0
62.770959 30.97423 1394703578138 0.0
62.770959 30.97423 1394703580362 0.0
62.770979 30.974193 1394703582760 0.0
62.77099 30.97415 1394703585187 0.0
62.770994 30.974111 1394703587140 0.0
62.770994 30.974111 1394703589606 0.0
62.770994 30.974111 1394703592095 0.0
62.771006 30.974076 1394703594187 0.0
62.771006 30.974076 1394703596579 0.0
62.771007 30.97403 1394703598602 0.0
62.771011 30.973975 1394703601064 0.0
62.771013 30.973926 1394703603102 0.0
62.771016 30.973879 1394703605492 0.0
62.771024 30.973834 1394703607458 0.0
62.771037 30.973799 1394703609574 0.0
62.771053 30.973766 1394703611596 0.0
62.771069 30.973724 1394703614014 0.0
62.77108 30.973676 1394703616254 0.0
62.771086 30.973632 1394703618256 0.0
62.771094 30.973592 1394703620353 0.0
62.771104 30.973555 1394703622362 0.0
62.771112 30.97351 1394703624487 0.0
62.771129 30.973416 1394703626947 0.0
62.77114 30.973368 1394703629440 0.0
62.77116 30.97328 1394703631922 0.0
62.771167 30.973232 1394703634197 0.0
62.771213 30.973165 1394703636445 0.0
62.77125 30.97309 1394703638975 0.0
62.771258 30.973033 1394703640906 0.0
62.771262 30.972979 1394703642929 0.0
62.771262 30.972927 1394703644942 0.0
62.771248 30.972884 1394703646945 0.0
62.771241 30.972843 1394703649158 0.0
62.771238 30.972799 1394703651589 0.0
62.771225 30.972759 1394703653992 0.0
62.771201 30.97274 1394703656097 0.0
62.771171 30.972734 1394703658183 0.0
62.771143 30.972727 1394703660347 0.0
62.771121 30.972705 1394703662829 0.0
62.771121 30.972705 1394703665239 0.0
62.771121 30.972705 1394703667742 0.0
62.771121 30.972705 1394703670223 0.0
62.771121 30.972705 1394703672386 0.0
62.77112 30.972657 1394703674751 0.0
62.771125 30.972608 1394703677016 0.0
62.771125 30.972608 1394703679409 0.0
62.771129 30.972566 1394703681397 0.0
62.771129 30.972566 1394703683839 0.0
62.771129 30.972566 1394703686287 0.0
62.771127 30.972521 1394703688798 0.0
62.77114 30.972465 1394703691272 0.0
62.771153 30.97241 1394703693279 0.0
62.771193 30.972302 1394703695351 0.0
62.771252 30.972201 1394703697883 0.0
62.771267 30.972168 1394703700301 0.0
62.771282 30.972111 1394703702760 0.0
62.771262 30.972156 1394703705234 0.0
62.771256 30.97222 1394703707346 0.0
62.771246 30.972275 1394703709353 0.0
62.771237 30.972323 1394703711367 0.0
62.771227 30.972359 1394703713429 0.0
62.771207 30.972392 1394703715540 0.0
62.771191 30.972433 1394703717596 0.0
62.771191 30.972433 1394703719609 0.0
62.771177 30.972486 1394703721647 0.0
62.771165 30.972517 1394703723700 0.0
62.771144 30.972532 1394703725989 0.0
62.771122 30.972548 1394703728232 0.0
62.771103 30.972583 1394703730260 0.0
62.771083 30.972607 1394703732340 0.0
62.77107 30.972655 1394703734376 0.0
62.771053 30.972696 1394703736376 0.0
62.771007 30.972713 1394703738412 0.0
62.770984 30.972728 1394703740608 0.0
62.770958 30.972724 1394703743078 0.0
62.770932 30.972711 1394703745537 0.0
62.770901 30.972711 1394703747628 0.0
62.770871 30.972706 1394703749896 0.0
62.770851 30.972676 1394703752246 0.0
62.770846 30.972622 1394703754331 0.0
62.770851 30.972555 1394703756357 0.0
62.770851 30.972491 1394703758368 0.0
62.770844 30.972432 1394703760384 0.0
62.770831 30.972375 1394703762385 0.0
62.770792 30.972265 1394703764948 0.0
62.77077 30.972222 1394703767458 0.0
62.770746 30.972194 1394703769758 0.0
62.770719 30.972184 1394703772203 0.0
62.770692 30.972191 1394703774203 0.0
62.770664 30.972201 1394703776372 0.0
62.770613 30.972205 1394703778968 0.0
62.770588 30.972193 1394703780931 0.0
62.770566 30.972173 1394703782879 0.0
62.77054 30.972156 1394703785085 0.0
62.770514 30.97213 1394703787105 0.0
62.770489 30.972104 1394703789510 0.0
62.770469 30.97207 1394703791742 0.0
62.770453 30.972036 1394703793701 0.0
62.770435 30.971999 1394703796142 0.0
62.770414 30.971964 1394703798162 0.0
62.770393 30.971931 1394703800368 0.0
62.77037 30.971897 1394703802336 0.0
62.770349 30.971866 1394703804361 0.0
62.770345 30.971818 1394703806389 0.0
62.770316 30.971754 1394703808960 0.0
62.770295 30.971727 1394703811453 0.0
62.770278 30.97169 1394703813559 0.0
62.770252 30.971667 1394703815558 0.0
62.770222 30.971653 1394703818117 0.0
62.770194 30.971623 1394703820107 0.0
62.770184 30.971567 1394703822195 0.0
62.770185 30.971504 1394703824344 0.0
62.770187 30.971451 1394703826355 0.0
62.770206 30.97134 1394703828947 0.0
62.770218 30.97129 1394703830915 0.0
62.77023 30.971247 1394703832960 0.0
62.770243 30.971204 1394703835500 0.0