62.598075 29.744405 1395932374000 109.94501293127
62.598131 29.744475 1395932377000 103.02363087108
62.598144 29.744486 1395932380000 98.184477290446
62.598198 29.744494 1395932383000 95.680644310654
62.598268 29.74455 1395932389000 93.253148236217
62.598331 29.74463 1395932395000 99.108095251118
62.598379 29.744671 1395932399000 99.163134802736
62.598418 29.744714 1395932402000 99.121802384062
62.598434 29.744741 1395932404000 99.26053863836
62.598471 29.744782 1395932408000 99.57759897301
62.5985 29.7448 1395932411000 100.132
62.5985 29.7448 1395932414000 100.663
62.5986 29.7447 1395932417000 101.009
62.5986 29.7446 1395932420000 101.199
62.5986 29.7445 1395932423000 101.659
62.5986 29.7444 1395932426000 102.183
62.5986 29.7443 1395932429000 102.521
62.5986 29.7442 1395932432000 103.052
62.5986 29.7442 1395932435000 103.553
62.5986 29.7442 1395932438000 104.335
62.598548 29.744143 1395932441000 105.22093447725
62.598452 29.744047 1395932444000 106.63450040495
62.598403 29.743987 1395932447000 107.39147294365
62.59837 29.743949 1395932450000 107.37652369425
62.59836 29.743942 1395932453000 107.08206985143
62.598364 29.743951 1395932456000 106.77778686113
62.598373 29.743893 1395932459000 106.43446393265
62.59837 29.743828 1395932462000 105.8900755974
62.598371 29.743743 1395932465000 105.5037308221
62.598393 29.743636 1395932468000 105.43378546547
62.598417 29.743555 1395932471000 105.65153479223
62.598431 29.743497 1395932474000 105.8271116834
62.59845 29.74344 1395932477000 105.46586172125
62.598474 29.743357 1395932480000 105.02567632878
62.598483 29.743375 1395932483000 105.22074274351
62.598469 29.743441 1395932486000 105.45252385278
62.598452 29.743527 1395932489000 105.70972497907
62.598422 29.743631 1395932492000 107.06272314179
62.5984 29.743747 1395932495000 108.61443225923
62.598347 29.743937 1395932498000 109.97237244811
62.598355 29.743958 1395932501000 111.02087162706
62.598383 29.743993 1395932504000 111.34976407058
62.598393 29.743997 1395932507000 111.47424712863
62.598408 29.743971 1395932510000 111.50028516319
62.598415 29.743955 1395932513000 111.48642803121
62.598421 29.743948 1395932516000 111.58703500113
62.598422 29.743956 1395932519000 111.87824406511
62.598415 29.743982 1395932522000 112.4382753007
62.598395 29.744 1395932525000 113.45816305969
62.598384 29.743992 1395932528000 114.37140968426
62.5984 29.744 1395932531000 115.123
62.5984 29.744 1395932534000 115.786
62.5984 29.744 1395932537000 116.432
62.5985 29.744 1395932540000 117.186
62.5985 29.744 1395932543000 117.571
62.5986 29.7441 1395932546000 117.639
62.5987 29.7442 1395932549000 117.885
62.5987 29.7443 1395932552000 118.196
62.5987 29.7444 1395932555000 118.448
62.5987 29.7446 1395932558000 118.349
62.598623 29.744657 1395932561000 117.96823816842
62.598585 29.744674 1395932564000 117.80306297386
62.598499 29.744624 1395932567000 117.33954823025
62.598444 29.744543 1395932570000 116.2943138122
62.59841 29.744509 1395932573000 115.22193857755
62.598382 29.744485 1395932576000 114.47396856052
62.598343 29.744458 1395932579000 114.2364306732
62.598311 29.744435 1395932582000 113.957605418
62.598291 29.744397 1395932585000 113.9918595453
62.598226 29.744304 1395932588000 114.05301476555
62.5982 29.7443 1395932591000 113.892
62.5981 29.7443 1395932594000 113.92
62.5981 29.7442 1395932597000 113.877
62.5981 29.7442 1395932600000 114.13
62.598 29.7442 1395932603000 114.095