62.598852 29.745692 1396463861000 213.42836834539
62.598811 29.745488 1396463872000 201.36022635357
62.59869 29.745304 1396463884000 147.89534818725
62.598674 29.745269 1396463905000 146.0894624241
62.598681 29.745223 1396463909000 144.56466800664
62.598782 29.745237 1396463912000 143.33862726995
62.598878 29.745292 1396463915000 141.86005861699
62.598974 29.745367 1396463918000 135.57955064874
62.599114 29.745439 1396463921000 123.10031452492
62.599265 29.745553 1396463924000 116.53140414247
62.599396 29.745675 1396463927000 111.66238668785
62.599527 29.745847 1396463930000 111.96383381899
62.599686 29.745984 1396463933000 111.30962686201
62.599832 29.746117 1396463936000 108.7773067819
62.599986 29.746252 1396463939000 105.24915629322
62.600137 29.746359 1396463942000 103.45894504611
62.60027 29.746476 1396463945000 102.17123952162
62.600432 29.746596 1396463948000 100.72367015472
62.600551 29.746705 1396463951000 99.13632470569
62.600675 29.746799 1396463954000 99.111913394867
62.600816 29.746941 1396463957000 100.33095730921
62.60096 29.747089 1396463960000 101.50601198984
62.601078 29.74722 1396463963000 99.463491413296
62.601212 29.747345 1396463966000 98.520964395251
62.601336 29.747437 1396463969000 99.7754353745
62.601475 29.747552 1396463972000 100.82385417096
62.601595 29.747665 1396463975000 102.2737931905
62.601723 29.747801 1396463978000 102.75294248421
62.601865 29.747934 1396463981000 102.50842627147
62.602004 29.748059 1396463984000 101.76484332345
62.602122 29.748163 1396463987000 102.2196849563
62.602254 29.748272 1396463990000 102.08331540235
62.602354 29.748346 1396463993000 102.41198209777
62.602372 29.748361 1396463994000 102.52139781708
62.602388 29.748385 1396463997000 102.88201190496
62.602405 29.748375 1396464002000 103.3329822011
62.602422 29.74839 1396464004000 103.37718672964
62.602447 29.748364 1396464007000 103.57476743699
62.602457 29.748332 1396464011000 103.61474180187
62.602432 29.748557 1396464023000 104.01970784716
62.602384 29.748859 1396464026000 106.24936255936
62.602348 29.749144 1396464029000 108.12248682709
62.602294 29.749496 1396464032000 110.61781857985
62.602216 29.749901 1396464035000 111.30745088277
62.602152 29.750193 1396464038000 110.01871270061
62.602096 29.750491 1396464041000 109.02344051605
62.602027 29.750819 1396464044000 107.29481378932
62.601951 29.751145 1396464047000 106.47161298998
62.601886 29.751436 1396464050000 104.67414713056
62.601825 29.751741 1396464053000 103.17736270318
62.601759 29.752003 1396464056000 102.25405538346
62.601713 29.752211 1396464059000 101.34180040645
62.601669 29.752486 1396464062000 103.59809742794
62.601628 29.752767 1396464065000 106.22064358055
62.601578 29.753041 1396464068000 107.46814654237
62.601528 29.753329 1396464071000 107.47720585245
62.601488 29.753565 1396464074000 107.840856546
62.601447 29.753724 1396464077000 107.82122684805
62.601398 29.753917 1396464080000 107.8766807706
62.601335 29.754164 1396464083000 107.79576769857
62.601304 29.754421 1396464086000 109.87369635335
62.601249 29.75469 1396464089000 109.8279967996
62.601192 29.754967 1396464092000 108.91632158204
62.601152 29.755208 1396464095000 110.54407138169
62.601113 29.755441 1396464098000 113.65991399342
62.601072 29.755693 1396464101000 117.16991239609
62.601028 29.755972 1396464104000 119.33968713364
62.600991 29.756215 1396464107000 119.35817822837
62.60092 29.756468 1396464110000 118.7085895728
62.600869 29.756732 1396464113000 114.89340832808
62.600813 29.756993 1396464116000 113.39527001423
62.600755 29.757231 1396464119000 112.02505076724
62.600706 29.757493 1396464122000 111.6539865677
62.600658 29.757733 1396464125000 111.39322509802
62.600613 29.757967 1396464128000 111.11181923844
62.600574 29.75813 1396464131000 110.75633399466
62.600636 29.758284 1396464134000 110.41735276958
62.600655 29.758419 1396464137000 110.0954979252
62.600684 29.758632 1396464140000 109.98438724391
62.600785 29.758748 1396464143000 109.82120430614
62.600896 29.758856 1396464146000 107.46973203993
62.600995 29.758961 1396464149000 106.80292064451
62.601102 29.759074 1396464152000 104.74236442083
62.601223 29.759171 1396464155000 104.50350806194
62.601348 29.759266 1396464158000 106.07908106789
62.601438 29.759437 1396464161000 107.35482662241
62.601494 29.759666 1396464164000 107.57092560978
62.601565 29.759973 1396464167000 107.45068897042
62.601572 29.760264 1396464170000 107.51830361964
62.601521 29.760573 1396464173000 107.86471812514
62.601473 29.76093 1396464176000 107.33128672759
62.601437 29.761243 1396464179000 111.31270977133
62.60144 29.761608 1396464182000 120.34248476437
62.601376 29.761882 1396464185000 121.13560927665
62.601322 29.762164 1396464188000 121.36722825191
62.601291 29.762429 1396464191000 124.41789382504
62.601251 29.762699 1396464194000 125.3506934955
62.60121 29.762935 1396464197000 125.35455411213
62.601191 29.763137 1396464200000 125.33847871554
62.601184 29.763236 1396464203000 124.81120587429
62.601189 29.763293 1396464205000 124.13227490845
62.601238 29.763401 1396464209000 123.1888800259
62.601317 29.763499 1396464212000 121.14983761537
62.601405 29.763653 1396464215000 120.21049201289
62.60149 29.763784 1396464218000 121.1963466296
62.601603 29.763928 1396464221000 124.82056709516
62.601732 29.76412 1396464224000 125.45999417802
62.601857 29.764274 1396464227000 126.24371537613
62.601985 29.764431 1396464230000 127.21179748926
62.6021 29.764567 1396464233000 127.63445434622
62.602167 29.764657 1396464235000 127.50322185953
62.60228 29.764606 1396464239000 127.32391284079
62.602387 29.764494 1396464242000 126.93484025732
62.602434 29.764509 1396464245000 126.14058316723
62.602472 29.764699 1396464248000 125.35245688288
62.6025 29.764777 1396464251000 124.40450399015
62.602523 29.764774 1396464253000 124.18677357838
62.602583 29.764846 1396464257000 124.16161162254
62.602679 29.76494 1396464260000 125.14503356339
62.602813 29.765079 1396464263000 128.9865422773
62.602937 29.765218 1396464266000 132.08161318037
62.60305 29.765337 1396464269000 132.41266594732
62.603177 29.765477 1396464272000 134.06309530005
62.603299 29.765568 1396464275000 133.53442532833
62.603406 29.765654 1396464278000 133.48980935147
62.603482 29.765736 1396464281000 133.26759093489
62.603579 29.765982 1396464284000 132.54013806594
62.603624 29.76606 1396464286000 131.74551319823
62.603692 29.766107 1396464290000 130.41609936123
62.603785 29.766176 1396464293000 127.27124446506
62.603892 29.766339 1396464296000 126.34381993936
62.603997 29.766482 1396464299000 117.07096964602
62.604134 29.766584 1396464302000 115.96029359458
62.604329 29.766651 1396464305000 114.68920680583
62.604478 29.766757 1396464308000 114.07653538527
62.604618 29.766873 1396464311000 112.79336359341
62.604761 29.766972 1396464314000 114.41810498111
62.604883 29.767082 1396464317000 114.73412386483
62.604993 29.767168 1396464320000 115.13747225909
62.605055 29.767211 1396464323000 115.87861257324
62.605153 29.767306 1396464326000 118.67254992549
62.605296 29.767406 1396464329000 122.73057482924
62.605397 29.76754 1396464332000 124.48920472671
62.60552 29.767638 1396464335000 124.18209685384
62.605677 29.767763 1396464338000 121.33707063832
62.605818 29.767903 1396464341000 118.70499661284
62.605973 29.768033 1396464344000 114.55297579721
62.606118 29.768163 1396464347000 111.31983313731
62.606235 29.768266 1396464350000 107.96750438177
62.606327 29.768363 1396464353000 108.48411262957
62.606431 29.768506 1396464356000 110.33560442266
62.60653 29.768582 1396464359000 110.54592391031
62.606641 29.768709 1396464362000 111.40833552173
62.606769 29.768792 1396464365000 108.4975387721
62.606898 29.76892 1396464368000 106.07580420862
62.607014 29.76902 1396464371000 105.44032555176
62.607118 29.769124 1396464374000 105.02177945966
62.607212 29.769327 1396464377000 103.55873901193
62.607279 29.769471 1396464380000 106.11951498987
62.607282 29.769657 1396464383000 106.38891230209
62.607276 29.769859 1396464386000 106.83632757271
62.60729 29.770048 1396464389000 107.60288728152
62.607305 29.770111 1396464391000 108.06523552755
62.60735 29.770197 1396464395000 108.48298931138
62.607387 29.770243 1396464398000 108.69531869147
62.607417 29.770325 1396464401000 108.72310208996
62.607461 29.770509 1396464404000 108.63989806505
62.607502 29.770727 1396464407000 109.01732432991
62.607542 29.770964 1396464410000 109.00171055987
62.607578 29.771236 1396464413000 109.12246537726
62.607617 29.771509 1396464416000 109.6246041577
62.607657 29.77175 1396464419000 109.42760186494
62.607693 29.771975 1396464422000 108.91978931933
62.60772 29.772244 1396464425000 109.77516001035
62.607748 29.77263 1396464429000 110.56231624898
62.607764 29.772932 1396464432000 111.20392253173
62.607761 29.773115 1396464434000 110.50817183242
62.607734 29.773434 1396464438000 110.53347595278
62.607665 29.773641 1396464441000 109.86343647901
62.607591 29.773833 1396464444000 109.47565481597
62.607539 29.773974 1396464447000 109.0464371793
62.607529 29.77402 1396464449000 108.80780982872
62.60753 29.774079 1396464467000 109.35954006031
62.607526 29.774221 1396464470000 109.91479693192
62.607521 29.774523 1396464474000 110.02314628524
62.607503 29.774783 1396464477000 109.35503680116
62.607475 29.77509 1396464480000 107.38037568408
62.607448 29.775413 1396464483000 106.78811409079
62.60745 29.775766 1396464486000 108.6233583374
62.607482 29.776101 1396464489000 110.85123436197
62.607505 29.776392 1396464492000 109.09554530091
62.607521 29.776697 1396464495000 108.81321619252
62.607528 29.776995 1396464498000 107.11376957195
62.607561 29.77733 1396464501000 107.90042649017
62.607575 29.777694 1396464504000 107.59652999938
62.607583 29.77795 1396464506000 106.7095281406
62.607578 29.778483 1396464510000 105.61528228106
62.607574 29.778882 1396464513000 104.8932333031
62.6076 29.779261 1396464516000 104.91947970131
62.607607 29.779586 1396464519000 107.95822886078
62.6076 29.77986 1396464521000 109.94938111409
62.607629 29.780401 1396464525000 109.50566597052
62.607664 29.780789 1396464528000 105.86773969477
62.607699 29.781139 1396464531000 102.97548406149
62.607751 29.78149 1396464534000 101.46704381398
62.60781 29.78182 1396464537000 99.743579306424
62.607863 29.782124 1396464540000 98.66028710073
62.607918 29.782395 1396464543000 99.641269726798
62.607979 29.782651 1396464546000 103.03803475151
62.608027 29.7829 1396464549000 105.27784622178
62.60806 29.78308 1396464552000 105.61291958076
62.608101 29.783308 1396464555000 106.00186686526
62.608146 29.783515 1396464557999 106.21410999513
62.608198 29.783679 1396464560999 106.4489524796
62.608263 29.783864 1396464563999 106.60090331135
62.608335 29.78404 1396464566999 106.70624627391
62.608375 29.784142 1396464568999 106.77167453243
62.608436 29.784301 1396464572999 106.98511444865
62.608482 29.784449 1396464575999 106.93475561016
62.608533 29.784568 1396464578999 106.86813966445
62.608593 29.784699 1396464581999 106.83920949047
62.608646 29.784838 1396464584999 106.84593829378
62.608676 29.784922 1396464586999 106.76885021567
62.608672 29.785069 1396464590999 106.52915847465
62.608695 29.785238 1396464593999 106.35369321046
62.608764 29.785403 1396464596999 106.34339244889
62.608847 29.785636 1396464599999 106.8364905839
62.608959 29.78594 1396464602999 106.13867685234
62.609087 29.786269 1396464605999 104.64476715738
62.609193 29.78656 1396464608999 102.59367287259
62.609304 29.78696 1396464611999 102.90168385534
62.609412 29.787429 1396464614999 102.37255393657
62.609484 29.787844 1396464617999 102.25877644599
62.609533 29.788306 1396464620999 103.87294604812
62.609561 29.788748 1396464623999 102.8512457478
62.609588 29.789208 1396464626999 102.91084598743
62.609603 29.789653 1396464629999 103.79203621133
62.609637 29.790137 1396464632999 103.94884659323
62.609684 29.790611 1396464635999 103.65410227028
62.609717 29.791012 1396464638999 103.25373717405
62.609761 29.791421 1396464641999 103.09020598928
62.609802 29.791803 1396464644999 102.2696718539
62.609856 29.792257 1396464647999 103.0670505279
62.609944 29.792685 1396464650999 103.74942837182
62.610044 29.793042 1396464653999 103.50351727383
62.610144 29.793367 1396464656999 104.86656036969
62.610237 29.793734 1396464659999 103.05121122842
62.610327 29.79406 1396464662999 103.1186379935
62.610451 29.794439 1396464665999 102.15913632785
62.610553 29.794749 1396464668999 101.27946096866
62.610655 29.795051 1396464671999 101.96314060414
62.610762 29.795331 1396464674999 101.74184640921
62.610858 29.795581 1396464677999 100.66404394141
62.610946 29.795785 1396464680999 101.2653862931
62.611016 29.795945 1396464683999 101.31898018088
62.611053 29.796025 1396464685999 101.36546584592
62.61113 29.796192 1396464689999 101.70719810404
62.61121 29.796317 1396464692999 101.93655993113
62.611279 29.796436 1396464695999 102.17604041402
62.611325 29.796552 1396464698999 102.31116799859
62.611367 29.796637 1396464700999 102.43331082121
62.611442 29.796796 1396464704999 102.5965881059
62.611487 29.79692 1396464707999 102.69741745214
62.61154 29.797056 1396464710999 102.69093966087
62.611598 29.797216 1396464713999 102.70007642004
62.611665 29.797421 1396464716999 102.74676862396
62.61174 29.797647 1396464719999 102.76030534047
62.611823 29.797871 1396464722999 101.66285531925
62.611913 29.798069 1396464725999 101.69051083857
62.611992 29.798215 1396464728999 101.69723384209
62.612077 29.798338 1396464731999 101.78279784938
62.612153 29.798419 1396464734999 101.87793321601
62.612231 29.798474 1396464737999 101.99382876919
62.612286 29.798528 1396464740999 102.2457982687
62.612342 29.798616 1396464743999 102.37903749743
62.6124 29.798732 1396464746999 102.78803761991
62.612451 29.798862 1396464749999 103.21860249456
62.612544 29.799042 1396464752999 104.98742271599
62.612623 29.799213 1396464755999 105.45489346054
62.612688 29.799393 1396464758999 105.76018058781
62.612758 29.799574 1396464761999 106.08174352481
62.612827 29.799783 1396464764999 108.53712753831
62.612896 29.800054 1396464767999 110.75747182347
62.612968 29.800277 1396464770999 112.86419325743
62.613024 29.800462 1396464773999 113.77270577861
62.613091 29.800727 1396464776999 115.34564956726
62.613153 29.801004 1396464779999 114.94770488639
62.613237 29.801326 1396464782999 113.93113357519
62.613313 29.801616 1396464785999 113.21893965463
62.613383 29.801859 1396464788999 112.90287183759
62.613441 29.80211 1396464791999 112.72997569048
62.613492 29.802332 1396464794999 112.63495328609
62.613535 29.802597 1396464797999 112.90057216544
62.61356 29.802824 1396464800999 113.15925138276
62.613598 29.803079 1396464803999 113.34312061239
62.61361 29.803233 1396464805999 113.43018509626
62.613614 29.803582 1396464809999 114.15844977844
62.613656 29.803907 1396464812999 114.51610215018
62.613719 29.804182 1396464815999 114.52927161561
62.613759 29.80444 1396464818999 114.536803128
62.613808 29.804665 1396464821999 114.58707085146
62.613844 29.804931 1396464824999 114.11893130844
62.613871 29.805243 1396464827999 113.98428374386
62.613882 29.805483 1396464830999 113.44990156114
62.613878 29.805775 1396464833999 113.18500159041
62.613884 29.806117 1396464836999 111.86181855797
62.613899 29.806424 1396464839999 111.73677600121
62.613925 29.806704 1396464842999 110.86555952875
62.613957 29.807031 1396464845999 110.20622551704
62.613941 29.807228 1396464848999 110.31616824106
62.613945 29.80739 1396464850999 110.44299102117
62.613966 29.80768 1396464854999 110.70288152135
62.613977 29.807975 1396464857999 112.42241164581
62.61398 29.808288 1396464860999 113.12450663221
62.614001 29.808606 1396464863999 113.39725706024
62.61402 29.809008 1396464866999 114.484108799
62.614062 29.809458 1396464869999 113.24077491039
62.61411 29.809816 1396464872999 112.95517801436
62.614142 29.810051 1396464875999 112.92982519808
62.61417 29.810343 1396464878999 114.21297317533
62.614188 29.81047 1396464880999 114.34345413137
62.6142 29.810702 1396464884999 114.67509014312
62.614231 29.810979 1396464887999 115.22861076673
62.614289 29.811299 1396464890999 116.67509075836
62.614342 29.811633 1396464893999 116.83524522505
62.614392 29.811944 1396464896999 118.04262101035
62.61444 29.812229 1396464899999 118.38436814466
62.614494 29.812515 1396464902999 119.99923416325
62.614524 29.812845 1396464905999 120.5676519605
62.614509 29.813033 1396464908999 120.28658044154
62.614469 29.813186 1396464911999 118.59546963655
62.614383 29.813283 1396464914999 115.30599412282
62.614294 29.81336 1396464917999 115.16916549361
62.614179 29.813434 1396464920999 114.48847212047
62.614075 29.813486 1396464923999 112.97298717732
62.613993 29.813518 1396464926999 112.7943595286
62.613906 29.813552 1396464929999 112.51570679774
62.613799 29.813559 1396464932999 112.15354308753
62.613724 29.813543 1396464935999 111.94412841539
62.613653 29.813544 1396464938999 111.89620347678
62.613562 29.81354 1396464941999 112.27545679646
62.613398 29.813561 1396464947999 113.71607149369
62.613339 29.813758 1396464950999 114.49215068458
62.613324 29.814148 1396464953999 115.07685169034
62.613309 29.814485 1396464956999 115.4395699563
62.613297 29.814749 1396464959999 115.48419209557
62.613295 29.815012 1396464962999 115.39627493807
62.613286 29.815265 1396464965999 115.34218539251
62.613285 29.815524 1396464968999 115.27127979193
62.613276 29.815787 1396464971999 115.05381127011
62.613319 29.816043 1396464974999 113.73561092635
62.613309 29.816266 1396464977999 113.35134724037
62.613301 29.816476 1396464980999 113.08410692061
62.613343 29.816667 1396464983999 112.92365468461
62.613393 29.816893 1396464986999 112.95210088412
62.613442 29.817115 1396464989999 113.02770186796
62.613478 29.817319 1396464992999 113.22175444192
62.613528 29.81753 1396464995999 113.41688924022
62.613574 29.817721 1396464998999 113.55130724303
62.613627 29.818079 1396465001999 114.32020574026
62.613686 29.818366 1396465004999 114.4420487741
62.613744 29.818607 1396465007999 113.27859088151
62.613811 29.818819 1396465010999 110.21566753227
62.613885 29.819116 1396465013999 108.51493008547
62.613963 29.819376 1396465016999 107.43950715243
62.614038 29.819657 1396465019999 107.55102703425
62.614101 29.819916 1396465022999 107.63573458447
62.614168 29.82019 1396465025999 107.23578048151
62.614226 29.82044 1396465028999 105.96023852638
62.614289 29.820636 1396465031999 105.94293425452
62.614342 29.820834 1396465034999 106.01549924142
62.614385 29.82105 1396465037999 106.06310849616
62.614427 29.821256 1396465040999 105.9823152341
62.614483 29.821505 1396465043999 105.45284528691
62.614538 29.82173 1396465046999 104.19793421626
62.614596 29.822 1396465049999 104.59834231495
62.614641 29.822218 1396465052999 105.1118028752
62.614695 29.822453 1396465055999 105.89693093585
62.614752 29.822682 1396465058999 106.58294327669
62.614806 29.822927 1396465061999 107.09592197359
62.614866 29.823148 1396465064999 107.51838289324
62.614964 29.823457 1396465067999 110.14420435275
62.615052 29.823721 1396465070999 110.05963218827
62.615108 29.824005 1396465073999 110.89753706435
62.615157 29.824337 1396465076999 113.16739191414
62.615216 29.824614 1396465079999 114.82870230125
62.615246 29.824807 1396465082999 114.93560293972
62.61531 29.824986 1396465085999 115.28523194385
62.615352 29.825375 1396465088999 118.00859638429
62.615402 29.825679 1396465091999 118.8310788304
62.615431 29.825912 1396465094999 118.85430812425
62.615446 29.826136 1396465097999 119.01050394953
62.615455 29.826382 1396465100999 119.11427863937
62.615456 29.826598 1396465103999 119.28392387093
62.615465 29.826782 1396465106999 119.44851947116
62.615469 29.826828 1396465107999 119.51139277457
62.615437 29.826948 1396465112999 119.90446559201
62.615356 29.827044 1396465115999 120.14240232527
62.615276 29.827103 1396465118999 120.43276428647
62.6152 29.827129 1396465121999 120.71619504657
62.615087 29.827163 1396465124999 121.17700457871
62.614951 29.827239 1396465127999 124.08256104249
62.614865 29.827284 1396465130999 124.30257751553
62.614778 29.827302 1396465133999 124.35667058265
62.614647 29.827341 1396465136999 124.26807693677
62.61454 29.827394 1396465139999 124.02181724119
62.614419 29.827477 1396465142999 123.97898775223
62.614362 29.827508 1396465144999 123.86438311319
62.614335 29.827478 1396465146999 123.60972938018
62.614321 29.827505 1396465151999 123.59727312787
62.614354 29.827757 1396465154999 124.41176505382
62.614369 29.82785 1396465155999 124.68379428679
62.614409 29.827936 1396465160999 125.28887638444
62.614415 29.827975 1396465162999 125.07318922526
62.614409 29.828012 1396465166999 123.67715784489
62.614414 29.828066 1396465171999 122.93937033102
62.614405 29.828119 1396465175999 122.05469409338
62.614406 29.828158 1396465179999 121.79630525446