62.601194 29.743316 1398348584406 0.0
62.6012 29.743368 1398348586458 0.0
62.6012 29.743368 1398348588488 0.0
62.6012 29.743368 1398348590525 0.0
62.6012 29.743368 1398348593071 0.0
62.601196 29.743329 1398348595067 0.0
62.601196 29.743329 1398348597154 0.0
62.601199 29.74329 1398348599314 0.0
62.601199 29.74329 1398348601385 0.0
62.601199 29.74329 1398348603343 0.0
62.601199 29.74329 1398348605439 0.0
62.601199 29.74329 1398348607494 0.0
62.601203 29.743251 1398348609758 0.0
62.601203 29.743251 1398348611792 0.0
62.601203 29.743251 1398348614249 0.0
62.601203 29.743251 1398348616201 0.0
62.601203 29.743251 1398348618198 0.0
62.601185 29.743248 1398348620753 0.0
62.601185 29.743248 1398348622907 0.0
62.601185 29.743248 1398348624922 0.0
62.601185 29.743248 1398348627486 0.0
62.601185 29.743248 1398348629440 0.0
62.601185 29.743248 1398348631442 0.0
62.601185 29.743248 1398348633905 0.0
62.601185 29.743248 1398348635858 0.0
62.601185 29.743248 1398348637834 0.0
62.601185 29.743248 1398348640337 0.0
62.601185 29.743248 1398348642313 0.0
62.601185 29.743248 1398348644289 0.0
62.601185 29.743248 1398348646751 0.0
62.601185 29.743248 1398348649161 0.0
62.601185 29.743248 1398348651088 0.0
62.601185 29.743248 1398348653143 0.0
62.601175 29.743213 1398348655498 0.0
62.601175 29.743213 1398348657426 0.0
62.601175 29.743213 1398348659482 0.0
62.601175 29.743213 1398348661881 0.0
62.601175 29.743213 1398348663946 0.0
62.60116 29.743179 1398348666143 0.0
62.601129 29.743165 1398348668140 0.0
62.601075 29.743133 1398348670735 0.0
62.601049 29.743076 1398348673176 0.0
62.601001 29.743014 1398348675110 0.0
62.600952 29.742958 1398348677400 0.0
62.600891 29.742835 1398348679729 0.0
62.600852 29.742752 1398348682167 0.0
62.600803 29.742727 1398348684184 0.0
62.600739 29.742843 1398348686682 0.0
62.600685 29.742935 1398348688659 0.0
62.600611 29.742972 1398348690811 0.0
62.60054 29.742911 1398348692989 0.0
62.600483 29.742787 1398348695113 0.0
62.600398 29.742598 1398348697687 0.0
62.600343 29.742478 1398348700139 0.0
62.60029 29.742358 1398348702093 0.0
62.600245 29.742276 1398348704103 0.0
62.600194 29.742213 1398348706104 0.0
62.600169 29.742191 1398348708467 0.0
62.600169 29.742191 1398348710457 0.0
62.600149 29.742199 1398348712547 0.0
62.600149 29.742199 1398348714536 0.0
62.600149 29.742199 1398348716566 0.0
62.600149 29.742199 1398348718994 0.0
62.60014 29.742163 1398348721458 0.0
62.60014 29.742163 1398348723432 0.0
62.60014 29.742163 1398348725926 0.0
62.60014 29.742163 1398348727882 0.0
62.60014 29.742163 1398348730308 0.0
62.60014 29.742163 1398348732333 0.0
62.60014 29.742163 1398348734846 0.0
62.60014 29.742163 1398348736859 0.0
62.60014 29.742163 1398348739346 0.0
62.60014 29.742163 1398348741311 0.0
62.60014 29.742163 1398348743315 0.0
62.600159 29.74218 1398348745458 0.0
62.600159 29.74218 1398348747946 0.0
62.600159 29.74218 1398348749936 0.0
62.600159 29.74218 1398348751899 0.0
62.600159 29.74218 1398348754282 0.0
62.600157 29.742141 1398348756744 0.0
62.600157 29.742141 1398348759122 0.0
62.600157 29.742141 1398348761524 0.0
62.600157 29.742141 1398348763717 0.0
62.600157 29.742141 1398348765948 0.0
62.600157 29.742141 1398348768018 0.0
62.600157 29.742141 1398348770041 0.0
62.600157 29.742141 1398348772057 0.0
62.600129 29.742132 1398348774097 0.0
62.600102 29.742152 1398348776143 0.0
62.600075 29.742175 1398348778148 0.0
62.600043 29.742202 1398348780153 0.0
62.600009 29.742236 1398348782151 0.0
62.599991 29.742252 1398348784097 0.0
62.599936 29.742274 1398348786389 0.0
62.599878 29.742333 1398348788483 0.0
62.599833 29.74238 1398348790377 0.0
62.599787 29.742454 1398348792737 0.0
62.599742 29.742545 1398348795201 0.0
62.599698 29.742647 1398348797159 0.0
62.599661 29.742757 1398348799186 0.0
62.599626 29.742911 1398348801673 0.0
62.59961 29.742971 1398348804163 0.0
62.59961 29.742971 1398348806263 0.0
62.59961 29.742971 1398348808325 0.0
62.59961 29.742971 1398348810786 0.0
62.59961 29.742971 1398348812921 0.0
62.59961 29.742971 1398348814975 0.0
62.599623 29.742943 1398348817512 0.0
62.599623 29.742943 1398348819588 0.0
62.599623 29.742943 1398348821659 0.0
62.599623 29.742943 1398348823666 0.0
62.599623 29.742943 1398348825645 0.0
62.599623 29.742943 1398348827744 0.0
62.599623 29.742943 1398348829847 0.0
62.599623 29.742943 1398348831888 0.0
62.599623 29.742943 1398348833901 0.0
62.599638 29.742923 1398348836097 0.0
62.599638 29.742923 1398348838247 0.0
62.599638 29.742923 1398348840302 0.0
62.599638 29.742923 1398348842386 0.0
62.599638 29.742923 1398348844481 0.0
62.599638 29.742923 1398348846426 0.0
62.599638 29.742923 1398348848480 0.0
62.599638 29.742923 1398348850574 0.0
62.599638 29.742923 1398348852597 0.0
62.599638 29.742923 1398348854700 0.0
62.599638 29.742923 1398348856696 0.0
62.599638 29.742923 1398348858812 0.0
62.599638 29.742923 1398348860901 0.0
62.599638 29.742923 1398348862866 0.0
62.599638 29.742923 1398348865295 0.0
62.599638 29.742923 1398348867361 0.0
62.59964 29.742966 1398348869808 0.0
62.59964 29.742966 1398348871930 0.0
62.599657 29.742945 1398348874248 0.0
62.599657 29.742945 1398348876290 0.0
62.599657 29.742945 1398348878375 0.0
62.599657 29.742945 1398348880388 0.0
62.599657 29.742945 1398348882457 0.0
62.599657 29.742945 1398348884560 0.0
62.599657 29.742945 1398348886628 0.0
62.599657 29.742945 1398348888673 0.0
62.599657 29.742945 1398348890705 0.0
62.599657 29.742945 1398348892702 0.0
62.599657 29.742945 1398348894742 0.0
62.599657 29.742945 1398348896774 0.0
62.599657 29.742945 1398348898808 0.0
62.599657 29.742945 1398348900942 0.0
62.599657 29.742945 1398348902917 0.0
62.599657 29.742945 1398348904942 0.0
62.599657 29.742945 1398348906941 0.0
62.599657 29.742945 1398348909006 0.0
62.599657 29.742945 1398348911023 0.0
62.59966 29.74299 1398348913138 0.0
62.599683 29.742989 1398348915146 0.0
62.599698 29.742936 1398348917180 0.0
62.599683 29.742831 1398348919328 0.0
62.599668 29.742756 1398348921217 0.0
62.599641 29.742648 1398348923256 0.0
62.599627 29.742615 1398348925398 0.0
62.599586 29.742552 1398348927393 0.0
62.599505 29.742491 1398348929422 0.0
62.599451 29.742448 1398348931438 0.0
62.599397 29.742413 1398348933477 0.0
62.599347 29.742373 1398348935516 0.0
62.599322 29.742347 1398348937568 0.0
62.599245 29.742282 1398348939638 0.0
62.599195 29.742256 1398348941660 0.0
62.599171 29.74224 1398348943706 0.0
62.599141 29.74221 1398348945701 0.0
62.599113 29.742184 1398348947726 0.0
62.599067 29.742216 1398348949744 0.0
62.599041 29.742319 1398348951845 0.0
62.599029 29.742382 1398348953858 0.0
62.598991 29.742562 1398348955883 0.0
62.598973 29.742675 1398348957954 0.0
62.598955 29.742779 1398348959972 0.0
62.598933 29.74287 1398348961984 0.0
62.598916 29.742962 1398348964041 0.0
62.598895 29.743049 1398348966104 0.0
62.598866 29.743123 1398348968132 0.0
62.598837 29.74319 1398348970142 0.0
62.598814 29.743277 1398348972149 0.0
62.598814 29.743277 1398348974171 0.0
62.598834 29.743293 1398348976199 0.0
62.598848 29.743247 1398348978214 0.0
62.598853 29.7432 1398348980253 0.0
62.598876 29.743107 1398348982318 0.0
62.598896 29.743 1398348984397 0.0
62.598918 29.742892 1398348986414 0.0
62.598941 29.74277 1398348988427 0.0
62.598966 29.742637 1398348990490 0.0
62.598987 29.742503 1398348992587 0.0
62.599003 29.742376 1398348994595 0.0
62.599017 29.742274 1398348996638 0.0
62.599026 29.742198 1398348998670 0.0
62.599025 29.742128 1398349000721 0.0
62.599011 29.742075 1398349002755 0.0
62.599011 29.742075 1398349004787 0.0
62.599014 29.741975 1398349006828 0.0
62.59904 29.741824 1398349008861 0.0
62.599072 29.741679 1398349010876 0.0
62.599083 29.741627 1398349012898 0.0
62.599083 29.741627 1398349014994 0.0
62.599083 29.741627 1398349017026 0.0
62.599083 29.741627 1398349019067 0.0
62.5991 29.741604 1398349021113 0.0
62.5991 29.741604 1398349023163 0.0
62.5991 29.741604 1398349025236 0.0
62.5991 29.741604 1398349027289 0.0
62.599113 29.741569 1398349029318 0.0
62.599113 29.741569 1398349031349 0.0
62.599114 29.74161 1398349033416 0.0
62.599114 29.74161 1398349035478 0.0
62.599114 29.74161 1398349037497 0.0
62.599114 29.74161 1398349039541 0.0
62.599114 29.74161 1398349041602 0.0
62.599114 29.74161 1398349043624 0.0
62.599114 29.74161 1398349045666 0.0
62.599114 29.74161 1398349047703 0.0
62.599114 29.74161 1398349049754 0.0
62.599128 29.741584 1398349051794 0.0
62.599149 29.741479 1398349053824 0.0
62.599179 29.741363 1398349055843 0.0
62.599192 29.741303 1398349057878 0.0
62.59923 29.741097 1398349059954 0.0
62.599263 29.740933 1398349062005 0.0
62.59929 29.740773 1398349064040 0.0
62.5993 29.740623 1398349066102 0.0
62.599285 29.740517 1398349068073 0.0
62.59927 29.740474 1398349070168 0.0
62.599195 29.740395 1398349072192 0.0
62.599158 29.740378 1398349074295 0.0
62.599025 29.740285 1398349076290 0.0
62.598962 29.740225 1398349078292 0.0
62.598931 29.740193 1398349080341 0.0
62.598877 29.740125 1398349082441 0.0
62.598833 29.740004 1398349084490 0.0
62.598807 29.739934 1398349086496 0.0
62.598791 29.739901 1398349088528 0.0
62.598791 29.739901 1398349097657 0.0
62.598804 29.739893 1398349099689 0.0
62.598804 29.739893 1398349101820 0.0
62.598804 29.739893 1398349103871 0.0
62.598804 29.739893 1398349105938 0.0
62.598804 29.739893 1398349107988 0.0
62.598804 29.739893 1398349110025 0.0
62.598819 29.739867 1398349112000 0.0
62.598819 29.739867 1398349114033 0.0
62.598819 29.739867 1398349116105 0.0
62.598819 29.739867 1398349118124 0.0
62.598819 29.739867 1398349120567 0.0
62.598819 29.739867 1398349122630 0.0
62.598819 29.739867 1398349124626 0.0
62.598819 29.739867 1398349126648 0.0
62.598819 29.739867 1398349128653 0.0
62.598819 29.739867 1398349131236 0.0
62.598819 29.739867 1398349133311 0.0
62.598819 29.739867 1398349135383 0.0
62.598819 29.739867 1398349137871 0.0
62.598819 29.739867 1398349139973 0.0
62.598819 29.739867 1398349142397 0.0
62.598819 29.739867 1398349144365 0.0
62.598819 29.739867 1398349146776 0.0
62.598819 29.739867 1398349148799 0.0
62.598819 29.739867 1398349150878 0.0
62.598819 29.739867 1398349153376 0.0
62.598819 29.739867 1398349155476 0.0
62.598819 29.739867 1398349157561 0.0
62.598819 29.739867 1398349160060 0.0
62.598819 29.739867 1398349162133 0.0
62.598819 29.739867 1398349164201 0.0
62.598819 29.739867 1398349166717 0.0
62.598819 29.739867 1398349168787 0.0
62.598819 29.739867 1398349170840 0.0
62.598819 29.739867 1398349173223 0.0
62.598819 29.739867 1398349175267 0.0
62.598819 29.739867 1398349177356 0.0
62.598819 29.739867 1398349179611 0.0
62.598819 29.739867 1398349181924 0.0
62.598819 29.739867 1398349184279 0.0
62.598819 29.739867 1398349186695 0.0
62.598819 29.739867 1398349188912 0.0
62.598819 29.739867 1398349191132 0.0
62.598819 29.739867 1398349193325 0.0
62.598819 29.739867 1398349195578 0.0
62.598819 29.739867 1398349197788 0.0
62.598819 29.739867 1398349200060 0.0
62.598819 29.739867 1398349202217 0.0
62.598819 29.739867 1398349204449 0.0
62.598819 29.739867 1398349206749 0.0
62.598819 29.739867 1398349208964 0.0
62.598819 29.739867 1398349211237 0.0
62.598819 29.739867 1398349213515 0.0
62.598819 29.739867 1398349215736 0.0
62.598819 29.739867 1398349217971 0.0
62.598819 29.739867 1398349220216 0.0
62.598819 29.739867 1398349222462 0.0
62.598819 29.739867 1398349224737 0.0
62.598819 29.739867 1398349226962 0.0
62.598819 29.739867 1398349229333 0.0
62.598819 29.739867 1398349231324 0.0
62.598819 29.739867 1398349233554 0.0
62.598819 29.739867 1398349235769 0.0
62.598819 29.739867 1398349238054 0.0
62.598804 29.739903 1398349240279 0.0
62.598804 29.739903 1398349242513 0.0
62.598804 29.739903 1398349244722 0.0
62.598804 29.739903 1398349246936 0.0
62.598804 29.739903 1398349249155 0.0
62.598804 29.739903 1398349251345 0.0
62.598804 29.739903 1398349253524 0.0
62.598804 29.739903 1398349255812 0.0
62.598804 29.739903 1398349258035 0.0
62.598804 29.739903 1398349260295 0.0
62.598804 29.739903 1398349262574 0.0
62.598823 29.739898 1398349264683 0.0
62.598823 29.739898 1398349266932 0.0
62.598823 29.739898 1398349269210 0.0
62.598823 29.739898 1398349271445 0.0
62.598823 29.739898 1398349273678 0.0
62.598823 29.739898 1398349275744 0.0
62.598823 29.739898 1398349277963 0.0
62.598823 29.739898 1398349280182 0.0
62.598823 29.739898 1398349282383 0.0
62.598823 29.739898 1398349284567 0.0
62.598823 29.739898 1398349286615 0.0
62.598823 29.739898 1398349289124 0.0
62.598823 29.739898 1398349291127 0.0
62.598823 29.739898 1398349293619 0.0
62.598823 29.739898 1398349295727 0.0
62.598832 29.739856 1398349298236 0.0
62.598832 29.739856 1398349300256 0.0
62.59885 29.739819 1398349302567 0.0
62.598876 29.739814 1398349305047 0.0
62.598901 29.739828 1398349307105 0.0
62.598918 29.739859 1398349309163 0.0
62.598931 29.739901 1398349311141 0.0
62.598933 29.739951 1398349313193 0.0
62.598917 29.740112 1398349315284 0.0
62.598904 29.740152 1398349317586 0.0
62.598844 29.740182 1398349319665 0.0
62.598793 29.740129 1398349321883 0.0
62.59874 29.740072 1398349323898 0.0
62.598684 29.740039 1398349325916 0.0
62.598629 29.740011 1398349328099 0.0
62.598575 29.739972 1398349330141 0.0
62.598523 29.739923 1398349332111 0.0
62.598445 29.739883 1398349334673 0.0
62.598394 29.739868 1398349336892 0.0
62.598349 29.739825 1398349339102 0.0
62.598303 29.73978 1398349341084 0.0
62.598255 29.739742 1398349343155 0.0
62.598203 29.739708 1398349345150 0.0
62.598148 29.739677 1398349347475 0.0
62.598089 29.739616 1398349349659 0.0
62.598051 29.739586 1398349352118 0.0
62.598004 29.739561 1398349354097 0.0
62.597955 29.739521 1398349356177 0.0
62.597903 29.739558 1398349358106 0.0
62.597875 29.73967 1398349360207 0.0
62.597859 29.739866 1398349362322 0.0
62.597842 29.739983 1398349364718 0.0
62.597824 29.740095 1398349366665 0.0
62.597816 29.740152 1398349368632 0.0
62.597787 29.740317 1398349370666 0.0
62.597765 29.740429 1398349372913 0.0
62.597746 29.740544 1398349374880 0.0
62.597727 29.740663 1398349376923 0.0
62.59771 29.740781 1398349379148 0.0
62.597697 29.740831 1398349381106 0.0
62.597685 29.74093 1398349383508 0.0
62.597729 29.740955 1398349385849 0.0
62.597759 29.740929 1398349387856 0.0
62.597783 29.740949 1398349390423 0.0
62.597807 29.740986 1398349392499 0.0
62.597857 29.740957 1398349394893 0.0
62.59789 29.740868 1398349397087 0.0
62.597918 29.740764 1398349399245 0.0
62.59796 29.740599 1398349401268 0.0
62.597986 29.740481 1398349403313 0.0
62.598009 29.740368 1398349405717 0.0
62.598031 29.740258 1398349408044 0.0
62.598047 29.740145 1398349410130 0.0
62.598062 29.740033 1398349412101 0.0
62.598076 29.739922 1398349414115 0.0
62.598092 29.739814 1398349416331 0.0
62.59812 29.739654 1398349418311 0.0
62.598138 29.739551 1398349420796 0.0
62.598151 29.739463 1398349422921 0.0
62.598167 29.739364 1398349425074 0.0
62.598195 29.739269 1398349427102 0.0
62.598215 29.739157 1398349429282 0.0
62.598246 29.73897 1398349431317 0.0
62.598256 29.738904 1398349433415 0.0
62.598299 29.738725 1398349435868 0.0
62.598326 29.738606 1398349437898 0.0
62.598353 29.738476 1398349439858 0.0
62.598399 29.738366 1398349442139 0.0
62.59845 29.73827 1398349444097 0.0
62.598499 29.738178 1398349446147 0.0
62.598546 29.738087 1398349448206 0.0
62.598614 29.737955 1398349450746 0.0
62.598658 29.737866 1398349452739 0.0
62.5987 29.73777 1398349454890 0.0
62.598741 29.737676 1398349456919 0.0
62.598783 29.737584 1398349459169 0.0
62.598824 29.73749 1398349461164 0.0
62.598864 29.737394 1398349463122 0.0
62.598926 29.737256 1398349465669 0.0
62.598956 29.737167 1398349467867 0.0
62.598979 29.737081 1398349469891 0.0
62.599008 29.736994 1398349472202 0.0
62.599041 29.736904 1398349474181 0.0
62.599091 29.736763 1398349476717 0.0
62.599128 29.736676 1398349478685 0.0
62.599161 29.736594 1398349480940 0.0
62.599177 29.736553 1398349483003 0.0
62.599224 29.736437 1398349485066 0.0
62.599247 29.736391 1398349487537 0.0
62.599287 29.736309 1398349489852 0.0
62.599313 29.736247 1398349491905 0.0
62.59934 29.736181 1398349493882 0.0
62.599368 29.736114 1398349495895 0.0
62.599404 29.736054 1398349498084 0.0
62.599438 29.735986 1398349500100 0.0
62.599474 29.735906 1398349502333 0.0
62.599529 29.735782 1398349504329 0.0
62.599565 29.735699 1398349506324 0.0
62.599601 29.735619 1398349508339 0.0
62.599618 29.735583 1398349510649 0.0
62.599671 29.735488 1398349512676 0.0
62.599708 29.735492 1398349514946 0.0
62.599748 29.73553 1398349516921 0.0
62.59977 29.735625 1398349519118 0.0
62.599787 29.735657 1398349521195 0.0
62.599807 29.735713 1398349523124 0.0
62.599827 29.735741 1398349525247 0.0
62.599861 29.735795 1398349527791 0.0
62.599863 29.735855 1398349529879 0.0
62.599863 29.735855 1398349532032 0.0
62.599863 29.735855 1398349534136 0.0
62.599863 29.735855 1398349536171 0.0
62.599863 29.735855 1398349538190 0.0
62.599884 29.735817 1398349540708 0.0
62.599884 29.735817 1398349542759 0.0
62.5999 29.735781 1398349545246 0.0
62.5999 29.735781 1398349547312 0.0
62.5999 29.735781 1398349549787 0.0
62.5999 29.735781 1398349551850 0.0
62.5999 29.735781 1398349553911 0.0
62.5999 29.735781 1398349556462 0.0
62.5999 29.735781 1398349558516 0.0
62.5999 29.735781 1398349560552 0.0
62.5999 29.735781 1398349563034 0.0
62.599905 29.73582 1398349565362 0.0
62.599905 29.73582 1398349567431 0.0
62.599893 29.735784 1398349569439 0.0
62.599893 29.735784 1398349571937 0.0
62.599895 29.735733 1398349573969 0.0
62.599918 29.735631 1398349576125 0.0
62.599947 29.735575 1398349578299 0.0
62.600011 29.735497 1398349580319 0.0
62.600061 29.735466 1398349582671 0.0
62.600086 29.735475 1398349584761 0.0
62.600153 29.735539 1398349586817 0.0
62.600194 29.735586 1398349588937 0.0
62.600235 29.735621 1398349590903 0.0
62.600273 29.735672 1398349592907 0.0
62.600315 29.735717 1398349595175 0.0
62.60036 29.735762 1398349597166 0.0
62.600408 29.735802 1398349599103 0.0
62.600456 29.735844 1398349601125 0.0
62.6005 29.735897 1398349603603 0.0
62.60056 29.735977 1398349605846 0.0
62.600601 29.736007 1398349607952 0.0
62.600645 29.736031 1398349610077 0.0
62.600688 29.736072 1398349612142 0.0
62.600758 29.736145 1398349614327 0.0
62.60081 29.736181 1398349616752 0.0
62.600861 29.736219 1398349619009 0.0
62.600883 29.736238 1398349621133 0.0
62.600989 29.736336 1398349623328 0.0
62.601042 29.736378 1398349625309 0.0
62.601093 29.736417 1398349627664 0.0
62.601144 29.736448 1398349629963 0.0
62.601194 29.736496 1398349631931 0.0
62.601245 29.736548 1398349633977 0.0
62.601293 29.736605 1398349636112 0.0
62.601334 29.736678 1398349638093 0.0
62.601345 29.736783 1398349640214 0.0
62.601334 29.736889 1398349642106 0.0
62.601323 29.736991 1398349644339 0.0
62.601317 29.737037 1398349646229 0.0
62.601317 29.737037 1398349648290 0.0
62.601317 29.737037 1398349650818 0.0
62.601317 29.737037 1398349652927 0.0
62.601317 29.737037 1398349655090 0.0
62.601317 29.737037 1398349657581 0.0
62.601317 29.737037 1398349659642 0.0
62.601317 29.737037 1398349661658 0.0
62.601319 29.737077 1398349663946 0.0
62.601319 29.737077 1398349666248 0.0
62.601319 29.737077 1398349668481 0.0
62.601319 29.737077 1398349670703 0.0
62.601319 29.737077 1398349672972 0.0
62.601319 29.737077 1398349675224 0.0
62.601319 29.737077 1398349677401 0.0
62.601319 29.737077 1398349679601 0.0
62.601319 29.737077 1398349681820 0.0
62.601319 29.737077 1398349684175 0.0
62.601319 29.737077 1398349686377 0.0
62.601319 29.737077 1398349688664 0.0
62.601319 29.737077 1398349690769 0.0
62.601319 29.737077 1398349693051 0.0
62.601319 29.737077 1398349695330 0.0
62.601319 29.737077 1398349697541 0.0
62.601319 29.737077 1398349699774 0.0
62.601319 29.737077 1398349702039 0.0
62.601319 29.737077 1398349704310 0.0
62.601319 29.737077 1398349706668 0.0
62.601319 29.737077 1398349708859 0.0
62.601319 29.737077 1398349711149 0.0
62.601319 29.737077 1398349713462 0.0
62.601319 29.737077 1398349715448 0.0
62.601319 29.737077 1398349717687 0.0
62.601319 29.737077 1398349719882 0.0
62.601319 29.737077 1398349722114 0.0
62.601319 29.737077 1398349724339 0.0
62.601319 29.737077 1398349726528 0.0
62.601319 29.737077 1398349728714 0.0
62.601319 29.737077 1398349730914 0.0
62.601319 29.737077 1398349733156 0.0
62.601319 29.737077 1398349735376 0.0
62.601319 29.737077 1398349737594 0.0
62.601319 29.737077 1398349739822 0.0
62.601319 29.737077 1398349742030 0.0
62.601319 29.737077 1398349744277 0.0
62.601319 29.737077 1398349746765 0.0
62.601319 29.737077 1398349749017 0.0
62.601319 29.737077 1398349751327 0.0
62.601319 29.737077 1398349753571 0.0
62.601319 29.737077 1398349755716 0.0
62.601319 29.737077 1398349758001 0.0
62.601319 29.737077 1398349760265 0.0
62.601319 29.737077 1398349762540 0.0
62.601319 29.737077 1398349764807 0.0
62.601319 29.737077 1398349767078 0.0
62.601319 29.737077 1398349769285 0.0
62.601319 29.737077 1398349771492 0.0
62.601319 29.737077 1398349773742 0.0
62.601319 29.737077 1398349775956 0.0
62.601319 29.737077 1398349777985 0.0
62.601319 29.737077 1398349780218 0.0
62.601319 29.737077 1398349782441 0.0
62.601319 29.737077 1398349784633 0.0
62.601319 29.737077 1398349786979 0.0
62.601319 29.737077 1398349789198 0.0
62.601319 29.737077 1398349791403 0.0
62.601319 29.737077 1398349793632 0.0
62.601319 29.737077 1398349795989 0.0
62.601319 29.737077 1398349798335 0.0
62.601319 29.737077 1398349800590 0.0
62.601319 29.737077 1398349802801 0.0
62.601319 29.737077 1398349805084 0.0
62.601319 29.737077 1398349807619 0.0
62.601319 29.737077 1398349809779 0.0
62.601319 29.737077 1398349812098 0.0
62.601319 29.737077 1398349814305 0.0
62.601319 29.737077 1398349816459 0.0
62.601319 29.737077 1398349818770 0.0
62.601319 29.737077 1398349820976 0.0
62.601319 29.737077 1398349823210 0.0
62.601319 29.737077 1398349825472 0.0
62.601319 29.737077 1398349827743 0.0
62.601319 29.737077 1398349829994 0.0
62.601319 29.737077 1398349832210 0.0
62.601319 29.737077 1398349834451 0.0
62.601319 29.737077 1398349836596 0.0
62.601319 29.737077 1398349838799 0.0
62.601319 29.737077 1398349840735 0.0
62.601319 29.737077 1398349842982 0.0
62.601319 29.737077 1398349845168 0.0
62.601319 29.737077 1398349847409 0.0
62.601319 29.737077 1398349849656 0.0
62.601319 29.737077 1398349851885 0.0
62.601319 29.737077 1398349854102 0.0
62.601319 29.737077 1398349856322 0.0
62.601319 29.737077 1398349858518 0.0
62.601319 29.737077 1398349860779 0.0
62.601319 29.737077 1398349862997 0.0
62.601315 29.737038 1398349865357 0.0
62.601315 29.737038 1398349867816 0.0
62.601315 29.737038 1398349870075 0.0
62.601334 29.737047 1398349872383 0.0
62.601334 29.737047 1398349874595 0.0
62.601334 29.737047 1398349876756 0.0
62.601334 29.737047 1398349878989 0.0
62.601334 29.737047 1398349881227 0.0
62.601334 29.737047 1398349883481 0.0
62.601334 29.737047 1398349885873 0.0
62.601334 29.737047 1398349888111 0.0
62.601334 29.737047 1398349890306 0.0
62.601334 29.737047 1398349892574 0.0
62.601334 29.737047 1398349894790 0.0
62.601334 29.737047 1398349897070 0.0
62.601334 29.737047 1398349899554 0.0
62.601334 29.737047 1398349901729 0.0
62.601334 29.737047 1398349903963 0.0
62.601334 29.737047 1398349906250 0.0
62.601334 29.737047 1398349908461 0.0
62.601334 29.737047 1398349910674 0.0
62.601334 29.737047 1398349912895 0.0
62.601334 29.737047 1398349915093 0.0
62.601334 29.737047 1398349917313 0.0
62.601334 29.737047 1398349919541 0.0
62.601334 29.737047 1398349921743 0.0
62.601334 29.737047 1398349923958 0.0
62.601316 29.737055 1398349926039 0.0
62.601316 29.737055 1398349928287 0.0
62.601316 29.737055 1398349930544 0.0
62.601316 29.737055 1398349932838 0.0
62.601316 29.737055 1398349935099 0.0
62.601316 29.737055 1398349937383 0.0
62.601316 29.737055 1398349939429 0.0
62.601316 29.737055 1398349941851 0.0
62.601316 29.737055 1398349943921 0.0
62.601316 29.737055 1398349945988 0.0
62.601316 29.737055 1398349948535 0.0
62.601316 29.737055 1398349950677 0.0
62.601316 29.737055 1398349952674 0.0
62.601316 29.737055 1398349954753 0.0
62.601316 29.737055 1398349956781 0.0
62.601316 29.737055 1398349958854 0.0
62.601316 29.737055 1398349960955 0.0
62.601316 29.737055 1398349962897 0.0
62.601316 29.737055 1398349965005 0.0
62.601316 29.737055 1398349966943 0.0
62.601316 29.737055 1398349968975 0.0
62.601316 29.737055 1398349971091 0.0
62.601301 29.737089 1398349973202 0.0
62.601289 29.73712 1398349975170 0.0
62.601256 29.73719 1398349977268 0.0
62.601238 29.737261 1398349979297 0.0
62.601222 29.737338 1398349981642 0.0
62.601208 29.737419 1398349983877 0.0
62.601192 29.737504 1398349985911 0.0
62.601169 29.737586 1398349988371 0.0
62.601133 29.737726 1398349990698 0.0
62.601117 29.737831 1398349992893 0.0
62.601101 29.737931 1398349994913 0.0
62.601084 29.73803 1398349996926 0.0
62.601065 29.738124 1398349999055 0.0
62.601048 29.738218 1398350001056 0.0
62.601031 29.73831 1398350003068 0.0
62.601022 29.738405 1398350005070 0.0
62.601065 29.738528 1398350007291 0.0
62.601114 29.738571 1398350009310 0.0
62.60114 29.738584 1398350011686 0.0
62.601232 29.738645 1398350013708 0.0
62.601291 29.738697 1398350015860 0.0
62.601325 29.738813 1398350017905 0.0
62.60131 29.738946 1398350019886 0.0
62.60127 29.739021 1398350021942 0.0
62.60123 29.73908 1398350024030 0.0
62.60119 29.739145 1398350026123 0.0
62.601142 29.739268 1398350028060 0.0
62.601103 29.739417 1398350030074 0.0
62.601076 29.739564 1398350032323 0.0
62.60105 29.739765 1398350034306 0.0
62.601025 29.73989 1398350036443 0.0
62.600991 29.740013 1398350038632 0.0
62.600958 29.740124 1398350040887 0.0
62.600922 29.740211 1398350043057 0.0
62.600869 29.740241 1398350045121 0.0
62.600815 29.740225 1398350047055 0.0
62.600779 29.740176 1398350049058 0.0
62.600744 29.740133 1398350051058 0.0
62.600705 29.740155 1398350053068 0.0
62.600673 29.740201 1398350055152 0.0
62.600659 29.740226 1398350057106 0.0
62.600645 29.740294 1398350059555 0.0
62.600646 29.740403 1398350061940 0.0
62.600636 29.740451 1398350063972 0.0
62.600623 29.740502 1398350066545 0.0
62.600623 29.740502 1398350068657 0.0
62.600613 29.740548 1398350070670 0.0
62.600613 29.740548 1398350072776 0.0
62.600613 29.740548 1398350074876 0.0
62.600624 29.740583 1398350077065 0.0
62.600624 29.740583 1398350079076 0.0
62.600624 29.740583 1398350081191 0.0
62.600624 29.740583 1398350083101 0.0
62.600643 29.740585 1398350085229 0.0
62.600662 29.740565 1398350087751 0.0
62.600662 29.740565 1398350089894 0.0
62.600684 29.740562 1398350091931 0.0
62.600684 29.740562 1398350094444 0.0
62.600702 29.740538 1398350096505 0.0
62.600702 29.740538 1398350098600 0.0
62.600702 29.740538 1398350100571 0.0
62.600702 29.740538 1398350102531 0.0
62.600702 29.740538 1398350105115 0.0
62.600702 29.740538 1398350107227 0.0
62.600702 29.740538 1398350109358 0.0
62.600702 29.740538 1398350111604 0.0
62.60068 29.740535 1398350113738 0.0
62.60068 29.740535 1398350115853 0.0
62.600656 29.740532 1398350118186 0.0
62.600637 29.740524 1398350120472 0.0
62.600637 29.740524 1398350122609 0.0
62.600637 29.740524 1398350124551 0.0
62.600637 29.740524 1398350126630 0.0
62.600637 29.740524 1398350128560 0.0
62.600637 29.740524 1398350130692 0.0
62.600637 29.740524 1398350132644 0.0
62.600625 29.74056 1398350134773 0.0
62.600625 29.74056 1398350136881 0.0
62.600625 29.74056 1398350139014 0.0
62.600613 29.740602 1398350141486 0.0
62.600613 29.740602 1398350144008 0.0
62.600598 29.740626 1398350146477 0.0
62.600598 29.740626 1398350164061 0.0
62.600645 29.740724 1398350166140 0.0
62.600757 29.741137 1398350168139 0.0
62.600723 29.74122 1398350170317 0.0
62.600672 29.741382 1398350172637 0.0
62.600639 29.741501 1398350174617 0.0
62.600607 29.741625 1398350176920 0.0
62.600577 29.741756 1398350179056 0.0
62.600547 29.741887 1398350181057 0.0
62.600516 29.742013 1398350183059 0.0
62.600489 29.742141 1398350185264 0.0
62.600449 29.742339 1398350187333 0.0
62.600438 29.74241 1398350189478 0.0
62.600409 29.742628 1398350191888 0.0
62.600381 29.742763 1398350194106 0.0
62.600354 29.74291 1398350196128 0.0
62.600321 29.743057 1398350198070 0.0
62.600284 29.743208 1398350200080 0.0
62.600246 29.743373 1398350202133 0.0
62.600192 29.743625 1398350204310 0.0
62.60016 29.743795 1398350206689 0.0
62.600133 29.74397 1398350208643 0.0
62.600118 29.744058 1398350210794 0.0
62.600065 29.74432 1398350213136 0.0
62.600036 29.744512 1398350215067 0.0
62.600001 29.744677 1398350217079 0.0
62.599969 29.744849 1398350219261 0.0
62.599924 29.745099 1398350221316 0.0
62.599906 29.745179 1398350223448 0.0
62.599864 29.74541 1398350225642 0.0
62.599833 29.745565 1398350227850 0.0
62.599804 29.745716 1398350229865 0.0
62.599785 29.745852 1398350232077 0.0
62.599787 29.745969 1398350234085 0.0
62.599822 29.746077 1398350236272 0.0
62.599912 29.746176 1398350238701 0.0
62.599981 29.746229 1398350240818 0.0
62.60005 29.746283 1398350242860 0.0
62.600118 29.746334 1398350245105 0.0
62.600151 29.746362 1398350247232 0.0
62.600284 29.746487 1398350249114 0.0
62.600352 29.746547 1398350251497 0.0
62.600419 29.746611 1398350253685 0.0
62.600486 29.746676 1398350255622 0.0
62.600556 29.746739 1398350257731 0.0
62.600627 29.746802 1398350259719 0.0
62.600698 29.746861 1398350262059 0.0
62.600767 29.746929 1398350264061 0.0
62.600833 29.746996 1398350266072 0.0
62.600902 29.747057 1398350268145 0.0
62.600971 29.747118 1398350270161 0.0
62.601072 29.747207 1398350272623 0.0
62.601129 29.747259 1398350274830 0.0
62.60118 29.747308 1398350277096 0.0
62.601203 29.747335 1398350279185 0.0
62.601288 29.747405 1398350281297 0.0
62.601328 29.747427 1398350283333 0.0
62.601365 29.747454 1398350285638 0.0
62.6014 29.747487 1398350287649 0.0
62.601435 29.747522 1398350289944 0.0
62.601471 29.747555 1398350291915 0.0
62.601508 29.747597 1398350293909 0.0
62.601543 29.747635 1398350296055 0.0
62.60156 29.747651 1398350298102 0.0
62.601611 29.747699 1398350300305 0.0
62.601646 29.747726 1398350302531 0.0
62.601676 29.747762 1398350304568 0.0
62.601704 29.747803 1398350306575 0.0
62.601737 29.747818 1398350308552 0.0
62.601737 29.747721 1398350310905 0.0
62.60171 29.747713 1398350312903 0.0
62.601685 29.747705 1398350315494 0.0
62.60163 29.747672 1398350317629 0.0
62.601584 29.747639 1398350319899 0.0
62.601537 29.747612 1398350322144 0.0
62.601489 29.747582 1398350324511 0.0
62.601424 29.747516 1398350326642 0.0
62.601415 29.747423 1398350328881 0.0
62.601454 29.747358 1398350330875 0.0
62.601502 29.747339 1398350333149 0.0
62.601547 29.74736 1398350335145 0.0
62.601563 29.747381 1398350337103 0.0
62.601581 29.747415 1398350339261 0.0
62.601603 29.747421 1398350341203 0.0
62.601603 29.747421 1398350343286 0.0
62.601603 29.747421 1398350345825 0.0
62.601603 29.747421 1398350347993 0.0
62.601603 29.747421 1398350349993 0.0
62.601622 29.747415 1398350352065 0.0
62.601644 29.747432 1398350354207 0.0
62.601667 29.747448 1398350356091 0.0
62.601693 29.747461 1398350358147 0.0
62.60172 29.747477 1398350360351 0.0
62.601754 29.747521 1398350362485 0.0
62.601769 29.747562 1398350364560 0.0
62.601772 29.747608 1398350366725 0.0
62.60177 29.747654 1398350369140 0.0
62.601764 29.747696 1398350371439 0.0
62.601764 29.747696 1398350373756 0.0
62.601753 29.747638 1398350376179 0.0
62.601743 29.747594 1398350378210 0.0
62.601725 29.747562 1398350380196 0.0
62.601697 29.747528 1398350382293 0.0
62.601678 29.747508 1398350384503 0.0
62.601659 29.747488 1398350386720 0.0
62.601642 29.747466 1398350388714 0.0
62.601642 29.747466 1398350390893 0.0
62.601642 29.747466 1398350392911 0.0
62.601642 29.747466 1398350395200 0.0
62.601642 29.747466 1398350397334 0.0
62.601642 29.747466 1398350399873 0.0
62.601642 29.747466 1398350402065 0.0
62.60163 29.747434 1398350404253 0.0
62.60163 29.747434 1398350406287 0.0
62.60163 29.747434 1398350408378 0.0
62.60163 29.747434 1398350410413 0.0
62.60163 29.747434 1398350412826 0.0
62.60163 29.747434 1398350415122 0.0
62.60163 29.747434 1398350417440 0.0
62.60163 29.747434 1398350419475 0.0
62.60163 29.747434 1398350421728 0.0
62.60165 29.747415 1398350423898 0.0
62.601673 29.747376 1398350426119 0.0
62.601692 29.747338 1398350428385 0.0
62.601724 29.747254 1398350430716 0.0
62.601735 29.747204 1398350432978 0.0
62.601747 29.747152 1398350435018 0.0
62.601762 29.747106 1398350437287 0.0
62.60178 29.747067 1398350439490 0.0
62.601802 29.747049 1398350441592 0.0
62.601825 29.747066 1398350444156 0.0
62.601846 29.747094 1398350446109 0.0
62.601866 29.747121 1398350448418 0.0
62.601887 29.747117 1398350450442 0.0
62.601911 29.747066 1398350452543 0.0
62.601912 29.747024 1398350454643 0.0
62.601891 29.746995 1398350456654 0.0
62.601867 29.746982 1398350459183 0.0
62.601844 29.746991 1398350461559 0.0
62.601806 29.747057 1398350463687 0.0
62.601806 29.747057 1398350465782 0.0
62.601787 29.747123 1398350468100 0.0
62.601775 29.74716 1398350470592 0.0
62.601747 29.747219 1398350472838 0.0
62.601747 29.747219 1398350474652 0.0
62.601747 29.747219 1398350477253 0.0
62.601747 29.747219 1398350479333 0.0
62.601747 29.747219 1398350481525 0.0
62.601747 29.747219 1398350483718 0.0
62.601747 29.747219 1398350486073 0.0
62.601747 29.747219 1398350488107 0.0
62.601747 29.747219 1398350490326 0.0
62.601721 29.747303 1398350492698 0.0
62.601659 29.747468 1398350494800 0.0
62.601612 29.747534 1398350496875 0.0
62.601561 29.747517 1398350499184 0.0
62.601545 29.747501 1398350501341 0.0
62.601569 29.747455 1398350503318 0.0
62.601588 29.74743 1398350505680 0.0
62.601588 29.74743 1398350507639 0.0
62.601588 29.74743 1398350509891 0.0
62.601603 29.747403 1398350511919 0.0
62.601603 29.747403 1398350514097 0.0
62.601603 29.747403 1398350516075 0.0
62.601603 29.747403 1398350518242 0.0
62.601603 29.747403 1398350520327 0.0
62.601602 29.747352 1398350522514 0.0
62.601583 29.747321 1398350524462 0.0
62.601561 29.747309 1398350526555 0.0
62.601534 29.747308 1398350529037 0.0
62.601469 29.747327 1398350530962 0.0
62.601422 29.747364 1398350533050 0.0
62.601368 29.747412 1398350535056 0.0
62.601306 29.747409 1398350537056 0.0
62.601246 29.747362 1398350539063 0.0
62.601183 29.747304 1398350541131 0.0
62.60112 29.747247 1398350543069 0.0
62.601022 29.747153 1398350545640 0.0
62.600951 29.747085 1398350547900 0.0
62.600876 29.747011 1398350550056 0.0
62.600799 29.746946 1398350552071 0.0
62.60072 29.746889 1398350554073 0.0
62.600651 29.74682 1398350556089 0.0
62.600585 29.746741 1398350558283 0.0
62.600479 29.74665 1398350560336 0.0
62.600408 29.746581 1398350562333 0.0
62.600334 29.746509 1398350564704 0.0
62.600258 29.746444 1398350566910 0.0
62.600181 29.746379 1398350568901 0.0
62.600101 29.746325 1398350571108 0.0
62.600022 29.746271 1398350573065 0.0
62.599907 29.746174 1398350575338 0.0
62.599837 29.746081 1398350577303 0.0
62.599764 29.745995 1398350579687 0.0
62.599689 29.74592 1398350581644 0.0
62.59965 29.745891 1398350583653 0.0
62.599538 29.74581 1398350585713 0.0
62.599467 29.74575 1398350587901 0.0
62.599395 29.745691 1398350589974 0.0
62.599324 29.745638 1398350592052 0.0
62.599259 29.745558 1398350594060 0.0
62.599189 29.745498 1398350596067 0.0
62.599116 29.745439 1398350598128 0.0
62.599014 29.745323 1398350600692 0.0
62.598943 29.745258 1398350602596 0.0
62.598869 29.745202 1398350604850 0.0
62.598795 29.745146 1398350606896 0.0
62.598721 29.745082 1398350609127 0.0
62.598647 29.745017 1398350611177 0.0
62.598572 29.744957 1398350613079 0.0
62.598498 29.744911 1398350615169 0.0
62.598393 29.744829 1398350617679 0.0
62.59832 29.74477 1398350619819 0.0
62.598247 29.744712 1398350622059 0.0
62.598174 29.744642 1398350624395 0.0
62.598067 29.744513 1398350626720 0.0
62.597994 29.744432 1398350629112 0.0
62.59792 29.744351 1398350631102 0.0
62.597809 29.744249 1398350633682 0.0
62.597736 29.744197 1398350635823 0.0
62.597666 29.744138 1398350638074 0.0
62.5976 29.744071 1398350640063 0.0
62.597534 29.744021 1398350642567 0.0
62.597486 29.743979 1398350644582 0.0
62.597441 29.743929 1398350646539 0.0
62.597379 29.743854 1398350648452 0.0
62.597356 29.743833 1398350650640 0.0
62.597332 29.743814 1398350652619 0.0
62.597308 29.743797 1398350654619 0.0
62.597285 29.743766 1398350656640 0.0
62.597245 29.743741 1398350658658 0.0
62.597224 29.743729 1398350660767 0.0
62.597157 29.743666 1398350662796 0.0
62.597112 29.743611 1398350664867 0.0
62.597088 29.743581 1398350666871 0.0
62.597001 29.743477 1398350668897 0.0
62.596939 29.743428 1398350670966 0.0
62.596876 29.743379 1398350672941 0.0
62.596813 29.743336 1398350674948 0.0
62.596751 29.743292 1398350677263 0.0
62.596663 29.7432 1398350679203 0.0
62.596601 29.743148 1398350681210 0.0
62.596571 29.743118 1398350683230 0.0
62.596479 29.743027 1398350685239 0.0
62.596418 29.742982 1398350687252 0.0
62.596387 29.742955 1398350689263 0.0
62.596331 29.742892 1398350691292 0.0
62.596236 29.742825 1398350693350 0.0
62.596173 29.742777 1398350695386 0.0
62.596145 29.742743 1398350697419 0.0
62.59607 29.742632 1398350699397 0.0
62.596011 29.742587 1398350701402 0.0
62.595956 29.742539 1398350703460 0.0
62.595902 29.742489 1398350705468 0.0
62.595849 29.742441 1398350707494 0.0
62.595795 29.742401 1398350709507 0.0
62.595738 29.742367 1398350711524 0.0
62.595675 29.742323 1398350713711 0.0
62.595615 29.742263 1398350715716 0.0
62.595585 29.74223 1398350717697 0.0
62.595491 29.742167 1398350719831 0.0
62.595426 29.742128 1398350721822 0.0
62.595367 29.74208 1398350723858 0.0
62.595312 29.742026 1398350725870 0.0
62.595286 29.741996 1398350727865 0.0
62.595213 29.741926 1398350729880 0.0
62.595164 29.741893 1398350731891 0.0
62.595113 29.741851 1398350733938 0.0
62.595057 29.741814 1398350736068 0.0
62.595005 29.741775 1398350738077 0.0
62.594952 29.741728 1398350740340 0.0
62.594899 29.74168 1398350742427 0.0
62.594845 29.741637 1398350744648 0.0
62.594773 29.741562 1398350746854 0.0
62.594727 29.741515 1398350749127 0.0
62.594701 29.741453 1398350751066 0.0
62.594694 29.741367 1398350753071 0.0
62.594688 29.74124 1398350755100 0.0
62.594685 29.741202 1398350757113 0.0
62.594679 29.741131 1398350759119 0.0
62.594679 29.74106 1398350761249 0.0
62.594678 29.740988 1398350763782 0.0
62.594671 29.740867 1398350766118 0.0
62.594661 29.740779 1398350768148 0.0
62.594655 29.740697 1398350770653 0.0
62.594652 29.740624 1398350772776 0.0
62.594644 29.74055 1398350774772 0.0
62.594642 29.740478 1398350776763 0.0
62.594648 29.740412 1398350779299 0.0
62.594656 29.740368 1398350782107 0.0
62.594656 29.740368 1398350783972 0.0
62.594656 29.740368 1398350785992 0.0
62.594656 29.740368 1398350787989 0.0
62.594656 29.740368 1398350790011 0.0
62.594656 29.740368 1398350792040 0.0
62.594656 29.740368 1398350794069 0.0
62.594655 29.740314 1398350796092 0.0
62.594674 29.740267 1398350798113 0.0
62.594737 29.740226 1398350800147 0.0
62.594791 29.740185 1398350802193 0.0
62.594887 29.740122 1398350804215 0.0
62.594951 29.740079 1398350806260 0.0
62.594985 29.740058 1398350808310 0.0
62.595084 29.740004 1398350810325 0.0
62.595164 29.73994 1398350812337 0.0
62.595234 29.739882 1398350814364 0.0
62.595264 29.739855 1398350816394 0.0
62.59533 29.739734 1398350818422 0.0
62.595347 29.739682 1398350820462 0.0
62.595381 29.73958 1398350822555 0.0
62.595428 29.739419 1398350824538 0.0
62.595457 29.739317 1398350826554 0.0
62.595487 29.73922 1398350828595 0.0
62.595516 29.739121 1398350830721 0.0
62.595547 29.739021 1398350832714 0.0
62.595586 29.738929 1398350834929 0.0
62.595629 29.738846 1398350836965 0.0
62.595652 29.738811 1398350839010 0.0
62.595731 29.73875 1398350841048 0.0
62.595786 29.73873 1398350843774 0.0
62.595873 29.73869 1398350846112 0.0
62.595928 29.738655 1398350848053 0.0
62.595984 29.738611 1398350850067 0.0
62.596034 29.738584 1398350852069 0.0
62.596097 29.73854 1398350854606 0.0
62.596113 29.738517 1398350856748 0.0
62.59614 29.738478 1398350858821 0.0
62.596154 29.738437 1398350860966 0.0
62.596156 29.73839 1398350863136 0.0
62.596146 29.738333 1398350865426 0.0
62.596119 29.738218 1398350867190 0.0
62.596106 29.73818 1398350869575 0.0
62.596073 29.738054 1398350871840 0.0
62.596059 29.737963 1398350873908 0.0
62.596042 29.737865 1398350875887 0.0
62.596035 29.73782 1398350877877 0.0
62.596003 29.737637 1398350880315 0.0
62.595993 29.737525 1398350882252 0.0
62.595982 29.737371 1398350884096 0.0
62.595979 29.737322 1398350886230 0.0
62.595979 29.737322 1398350888222 0.0
62.595979 29.737322 1398350890358 0.0
62.595979 29.737322 1398350892609 0.0
62.595979 29.737322 1398350894643 0.0
62.595979 29.737322 1398350896751 0.0
62.595979 29.737322 1398350898887 0.0
62.595979 29.737322 1398350901220 0.0
62.595979 29.737322 1398350903259 0.0
62.595979 29.737322 1398350905173 0.0
62.595979 29.737322 1398350907687 0.0
62.595979 29.737322 1398350909766 0.0
62.595979 29.737322 1398350911976 0.0
62.595979 29.737322 1398350914059 0.0
62.595979 29.737322 1398350916297 0.0
62.595975 29.737271 1398350918471 0.0
62.595979 29.737206 1398350920714 0.0
62.595991 29.737073 1398350922972 0.0
62.596 29.73698 1398350925039 0.0
62.596013 29.736886 1398350927154 0.0
62.596053 29.736678 1398350929644 0.0
62.596091 29.73656 1398350931950 0.0
62.596136 29.736454 1398350933985 0.0
62.596182 29.736353 1398350936147 0.0
62.59623 29.736264 1398350938059 0.0
62.596309 29.736163 1398350940618 0.0
62.596363 29.736113 1398350942937 0.0
62.596414 29.736061 1398350945407 0.0
62.596482 29.736024 1398350947513 0.0
62.5965 29.736018 1398350949718 0.0
62.596534 29.736008 1398350952101 0.0
62.596552 29.735996 1398350954516 0.0
62.596552 29.735996 1398350956767 0.0
62.596552 29.735996 1398350958809 0.0
62.596552 29.735996 1398350961069 0.0
62.596552 29.735996 1398350963279 0.0
62.596557 29.735957 1398350965285 0.0
62.596557 29.735957 1398350967855 0.0
62.596554 29.735909 1398350970072 0.0
62.596554 29.735909 1398350972073 0.0
62.596558 29.735868 1398350974077 0.0
62.596573 29.735837 1398350976298 0.0
62.596596 29.73579 1398350978720 0.0
62.596607 29.735752 1398350980678 0.0
62.596607 29.735752 1398350982792 0.0
62.59661 29.735709 1398350984976 0.0
62.59661 29.735709 1398350987166 0.0
62.59661 29.735709 1398350989383 0.0
62.59661 29.735709 1398350991494 0.0
62.59661 29.735709 1398350993623 0.0
62.59661 29.735709 1398350995976 0.0
62.59661 29.735709 1398350998068 0.0
62.59661 29.735709 1398351000014 0.0
62.596592 29.735731 1398351001989 0.0
62.596592 29.735731 1398351004614 0.0
62.596575 29.735745 1398351006603 0.0
62.596575 29.735745 1398351008684 0.0
62.596575 29.735745 1398351011248 0.0
62.596575 29.735745 1398351013630 0.0
62.596575 29.735745 1398351015674 0.0
62.596575 29.735745 1398351017904 0.0
62.596556 29.735745 1398351019874 0.0
62.596556 29.735745 1398351021837 0.0
62.596533 29.735754 1398351024083 0.0
62.596533 29.735754 1398351026127 0.0
62.596507 29.735762 1398351028213 0.0
62.596489 29.735767 1398351030600 0.0
62.596457 29.735774 1398351032581 0.0
62.596437 29.735783 1398351034581 0.0
62.596417 29.735797 1398351036580 0.0
62.596397 29.735807 1398351038757 0.0
62.596367 29.735828 1398351040830 0.0
62.596347 29.735844 1398351042983 0.0
62.596328 29.735858 1398351045266 0.0
62.596311 29.73587 1398351047183 0.0
62.596311 29.73587 1398351049405 0.0
62.596311 29.73587 1398351051647 0.0
62.596311 29.73587 1398351053473 0.0
62.596311 29.73587 1398351055782 0.0
62.596311 29.73587 1398351058102 0.0
62.59629 29.735882 1398351060082 0.0
62.596271 29.735894 1398351062242 0.0
62.596271 29.735894 1398351064587 0.0
62.596251 29.735918 1398351067026 0.0
62.596251 29.735918 1398351069066 0.0
62.596222 29.735951 1398351071609 0.0
62.596201 29.735972 1398351073607 0.0
62.596201 29.735972 1398351075653 0.0
62.596185 29.735943 1398351078149 0.0
62.596184 29.735902 1398351080583 0.0
62.596184 29.735902 1398351082957 0.0
62.596184 29.735902 1398351085073 0.0
62.596184 29.735902 1398351087300 0.0
62.596174 29.735869 1398351089408 0.0
62.596174 29.735869 1398351091766 0.0
62.596174 29.735869 1398351093876 0.0
62.596174 29.735869 1398351096125 0.0
62.596166 29.735832 1398351098236 0.0
62.596166 29.735832 1398351100627 0.0
62.596166 29.735832 1398351102579 0.0
62.596166 29.735832 1398351104696 0.0
62.596157 29.735798 1398351107018 0.0
62.596157 29.735798 1398351109061 0.0
62.596157 29.735798 1398351111154 0.0
62.596157 29.735798 1398351113236 0.0
62.596157 29.735798 1398351115595 0.0
62.596157 29.735798 1398351117710 0.0
62.596157 29.735798 1398351119939 0.0
62.596157 29.735798 1398351122072 0.0
62.596157 29.735798 1398351124572 0.0
62.596157 29.735798 1398351126916 0.0
62.596157 29.735798 1398351129000 0.0
62.596157 29.735798 1398351131374 0.0
62.596157 29.735798 1398351133472 0.0
62.596157 29.735798 1398351135788 0.0
62.596157 29.735798 1398351137855 0.0
62.596157 29.735798 1398351140213 0.0
62.596157 29.735798 1398351142313 0.0
62.596157 29.735798 1398351144688 0.0
62.596157 29.735798 1398351146739 0.0
62.596157 29.735798 1398351148965 0.0
62.596157 29.735798 1398351151064 0.0
62.596157 29.735798 1398351153531 0.0
62.596157 29.735798 1398351155915 0.0
62.596157 29.735798 1398351157984 0.0
62.596157 29.735798 1398351160346 0.0
62.596157 29.735798 1398351162424 0.0
62.596157 29.735798 1398351164825 0.0
62.596157 29.735798 1398351166927 0.0
62.596157 29.735798 1398351168957 0.0
62.596157 29.735798 1398351171187 0.0
62.596157 29.735798 1398351173412 0.0
62.596157 29.735798 1398351175694 0.0
62.596157 29.735798 1398351178011 0.0
62.596157 29.735798 1398351180264 0.0
62.596157 29.735798 1398351182513 0.0
62.596157 29.735798 1398351184803 0.0
62.596157 29.735798 1398351187028 0.0
62.596157 29.735798 1398351189254 0.0
62.596157 29.735798 1398351191709 0.0
62.596157 29.735798 1398351193732 0.0
62.596157 29.735798 1398351195973 0.0
62.596157 29.735798 1398351198209 0.0
62.596157 29.735798 1398351200458 0.0
62.596157 29.735798 1398351202669 0.0
62.596157 29.735798 1398351204915 0.0
62.596157 29.735798 1398351207218 0.0
62.596157 29.735798 1398351209513 0.0
62.596157 29.735798 1398351212029 0.0
62.596157 29.735798 1398351214289 0.0
62.596157 29.735798 1398351216576 0.0
62.596157 29.735798 1398351218811 0.0
62.596157 29.735798 1398351221085 0.0
62.596157 29.735798 1398351223391 0.0
62.596157 29.735798 1398351225670 0.0
62.596157 29.735798 1398351227952 0.0
62.596157 29.735798 1398351230218 0.0
62.596157 29.735798 1398351232500 0.0
62.596157 29.735798 1398351234809 0.0
62.596157 29.735798 1398351237115 0.0
62.596157 29.735798 1398351239508 0.0
62.596157 29.735798 1398351241740 0.0
62.596157 29.735798 1398351244006 0.0
62.596157 29.735798 1398351246201 0.0
62.596157 29.735798 1398351248455 0.0
62.596157 29.735798 1398351250742 0.0
62.596157 29.735798 1398351253023 0.0
62.596157 29.735798 1398351255298 0.0
62.596157 29.735798 1398351257584 0.0
62.596157 29.735798 1398351259852 0.0
62.596157 29.735798 1398351262128 0.0
62.596157 29.735798 1398351264389 0.0
62.596157 29.735798 1398351266665 0.0
62.596157 29.735798 1398351268922 0.0
62.596157 29.735798 1398351271022 0.0
62.596157 29.735798 1398351273570 0.0
62.596157 29.735798 1398351275668 0.0
62.596157 29.735798 1398351277776 0.0
62.596157 29.735798 1398351280201 0.0