62.598523 29.743129 1401466874000 109.78055081654
62.598479 29.74319 1401466919000 109.26025797784
62.598426 29.743308 1401466922000 109.58626721687
62.598365 29.743453 1401466925000 109.7738955711
62.598334 29.743535 1401466927000 109.98805421434
62.598309 29.743616 1401466931000 111.22618623808
62.5983 29.743672 1401466933000 112.0309395885
62.598295 29.743723 1401466936000 113.50352698554
62.598289 29.743764 1401466939000 115.05739199758
62.598276 29.743795 1401466942000 116.28041590346
62.598263 29.743854 1401466945000 117.0408479391
62.59826 29.743916 1401466949000 118.03366841446
62.598295 29.743954 1401466952000 117.8026901645
62.598372 29.744002 1401466955000 117.67828420003
62.598447 29.744008 1401466957000 117.81458344666
62.59852 29.743992 1401466961000 117.448085298
62.598578 29.74403 1401466964000 117.04834381517
62.598642 29.744158 1401466967000 117.05897535983
62.598685 29.744305 1401466970000 117.06376962973
62.598689 29.744458 1401466973000 117.26006885614
62.598677 29.744591 1401466976000 117.21138768209
62.598627 29.74469 1401466979000 116.87287093738
62.598556 29.744733 1401466982000 116.28572212647
62.598516 29.744729 1401466984000 116.02348646097
62.598478 29.74471 1401466988000 115.40524345862
62.598458 29.744716 1401466990000 115.18627021026
62.598435 29.744694 1401466994000 114.699009491
62.598416 29.744666 1401466996000 114.40562550343
62.598364 29.744605 1401467000000 114.10681462487
62.598348 29.744587 1401467002000 113.79877947153
62.598306 29.744527 1401467005000 113.39176508922
62.598252 29.744441 1401467009000 112.88883000171
62.598234 29.744419 1401467011000 112.63430827176
62.598201 29.744324 1401467015000 111.88891915571
62.59815 29.744276 1401467018000 111.25321814719
62.598105 29.744251 1401467020000 110.86140864036
62.598094 29.744211 1401467023000 110.4004151753
62.598074 29.744196 1401467025000 110.26393378516
62.598022 29.744146 1401467030000 109.69089224925
62.598 29.744139 1401467032000 109.34049255402
62.597953 29.744121 1401467036000 108.96346377861
62.597927 29.744103 1401467038000 108.75382643441
62.597891 29.744026 1401467042000 108.32427466594
62.597854 29.743954 1401467045000 107.73388535542
62.597824 29.743925 1401467048000 107.37723524151
62.597791 29.743881 1401467050000 107.22749917588
62.597758 29.74384 1401467054000 106.93630148875
62.59774 29.743806 1401467056000 106.71725172575
62.597692 29.743754 1401467060000 106.10509730292
62.597645 29.743766 1401467063000 105.68161069676
62.597612 29.743775 1401467065000 105.26736752661
62.597572 29.743769 1401467069000 104.8002579608
62.597555 29.743749 1401467071000 104.53529626522
62.597538 29.743728 1401467073000 104.43622806005
62.597482 29.743726 1401467078000 104.43333362424
62.597438 29.743699 1401467081000 104.50322882014
62.597376 29.743705 1401467084000 104.28074033994
62.597319 29.743719 1401467093000 103.67592264581
62.597249 29.743683 1401467096000 103.15951458704
62.597235 29.74363 1401467098000 102.8098934528
62.597249 29.743539 1401467101000 102.35757745632
62.597267 29.743479 1401467103000 102.02125100855
62.5973 29.74333 1401467108000 101.21999601492
62.597312 29.743284 1401467110000 100.82802343708
62.597326 29.743254 1401467112000 100.55647735507
62.597348 29.743174 1401467117000 100.03361589337
62.597358 29.74314 1401467118000 99.947345110166
62.597382 29.743052 1401467122000 99.35010520853
62.597393 29.743004 1401467124000 99.088734491827
62.597421 29.742893 1401467129000 98.380662401922
62.597468 29.742767 1401467132000 98.121812071847
62.597481 29.742689 1401467134000 97.895962201924
62.597494 29.742586 1401467138000 97.486752648386
62.597502 29.742545 1401467140000 97.421180847576
62.597512 29.742497 1401467145000 97.528807985009
62.597532 29.7424 1401467150000 98.366312492459
62.597542 29.742351 1401467152000 98.483997589946
62.59756 29.74225 1401467156000 98.255825886628
62.597573 29.742163 1401467159000 97.980759032764
62.597583 29.742074 1401467162000 97.739784522974
62.597586 29.741994 1401467164000 97.549755525677
62.597593 29.741869 1401467168000 97.029261953871
62.597599 29.741831 1401467171000 96.726296684311
62.597613 29.741783 1401467173000 96.525340783675
62.597644 29.74168 1401467177000 96.328245157945
62.597647 29.741627 1401467179000 96.268634903685
62.597638 29.741527 1401467183000 96.365513526754
62.597637 29.741488 1401467185000 96.382605994349
62.597655 29.741361 1401467190000 96.142851944729
62.597665 29.741308 1401467192000 96.022209270682
62.597677 29.741243 1401467194000 95.841473454758
62.597687 29.741155 1401467198000 95.593498651
62.597693 29.741117 1401467200000 95.595099526192
62.597704 29.741073 1401467203000 95.280261454648
62.597729 29.740968 1401467207000 94.869432307614
62.597749 29.740946 1401467209000 94.779343568844
62.597773 29.740958 1401467213000 94.557847463622
62.597801 29.740986 1401467215000 94.46153342783
62.597834 29.741033 1401467220000 94.513282174954
62.597842 29.741081 1401467223000 94.69971753731
62.597841 29.741141 1401467225000 94.73727624976
62.597827 29.741272 1401467228000 94.873147819894
62.597823 29.741369 1401467232000 94.911890286039
62.597814 29.741407 1401467235000 94.855945000426
62.597806 29.741451 1401467237000 94.752261459055
62.59777 29.741557 1401467241000 94.643930233656
62.597757 29.741608 1401467243000 94.768872829985
62.597731 29.741721 1401467247000 94.914947160851
62.597722 29.741761 1401467249000 95.106264724403
62.597713 29.741859 1401467252000 95.436868671222
62.597703 29.741958 1401467256000 95.736002515092
62.597696 29.742016 1401467258000 95.808539190281
62.597686 29.742115 1401467261000 96.155157680179
62.597664 29.742202 1401467264000 96.467582478263
62.597631 29.742258 1401467268000 96.834214452508
62.597616 29.742336 1401467271000 97.097618252536
62.59761 29.742401 1401467273000 97.525122365069
62.597605 29.742441 1401467277000 98.06745880661
62.597603 29.742551 1401467280000 98.35711509465
62.597605 29.742604 1401467282000 98.532881897881
62.597602 29.742655 1401467284000 98.725827263616
62.597597 29.742692 1401467287000 98.786219069338
62.597565 29.742793 1401467291000 98.744477430862
62.597543 29.742845 1401467293000 98.760521698734
62.597491 29.742956 1401467297000 98.799073838217
62.597466 29.742986 1401467299000 98.701084452156
62.597426 29.743067 1401467304000 98.04661925515
62.597414 29.743121 1401467307000 97.793517025839
62.597405 29.74316 1401467309000 97.616681403438
62.597388 29.743242 1401467313000 97.026208691352
62.597363 29.743378 1401467318000 96.49555206226
62.597351 29.743472 1401467322000 96.248409759534
62.597344 29.743511 1401467324000 96.169973899178
62.597341 29.743591 1401467326000 96.090427324543
62.597345 29.743713 1401467330000 96.056537363674
62.59739 29.743823 1401467334000 96.361986232817
62.59743 29.743859 1401467337000 96.476144656053
62.59746 29.743874 1401467340000 96.466479359814
62.597518 29.743897 1401467343000 96.224643270657
62.59755 29.743892 1401467345000 96.051251961175
62.597604 29.743867 1401467349000 95.54261968267
62.59763 29.743894 1401467352000 95.315081949264
62.597651 29.743936 1401467354000 94.926730464361
62.597688 29.743982 1401467358000 94.23269439859
62.597717 29.744011 1401467360000 93.856391132612
62.597765 29.744034 1401467364000 93.530938130248
62.597784 29.744053 1401467366000 93.526105152334
62.597815 29.744065 1401467368000 93.478995603791
62.597863 29.744112 1401467372000 93.388881872746
62.597904 29.744131 1401467375000 93.707732939661
62.597929 29.744125 1401467377000 93.846490501786
62.59799 29.744085 1401467381000 93.784052517556
62.598013 29.744081 1401467383000 93.992257711774
62.59801 29.744028 1401467396000 92.931500231705
62.598009 29.743925 1401467399000 92.557979596014
62.598012 29.743886 1401467401000 92.040014492882
62.598014 29.743757 1401467405000 90.976927339117
62.598018 29.743712 1401467407000 90.976927339117