62.599604 29.745877 1401454906999 106.53034026177
62.599655 29.745961 1401454909999 106.5103354375
62.599682 29.745987 1401454912999 106.32475308913
62.599707 29.746009 1401454914999 106.23126005446
62.599758 29.746039 1401454918999 106.47310696637
62.599808 29.746084 1401454921999 106.74395656548
62.599843 29.746129 1401454923999 106.98571323772
62.599888 29.746145 1401454927999 107.17167794402
62.599912 29.74617 1401454929999 106.98392742051
62.599961 29.746186 1401454933999 106.66029157681
62.599988 29.746183 1401454935999 106.4926959751
62.600032 29.746226 1401454939999 105.730916265
62.600061 29.746247 1401454941999 105.41143419694
62.600086 29.746267 1401454943999 104.95335608939
62.600114 29.74628 1401454946999 103.93349969561
62.600125 29.746318 1401454950999 103.14727740051
62.600147 29.746302 1401454960999 102.02990516998
62.600167 29.746313 1401454962999 101.63748798395
62.60024 29.746393 1401454966999 101.24236679885
62.60026 29.74642 1401454968999 101.18385742099
62.600312 29.74648 1401454972999 101.39207931582
62.600337 29.746509 1401454974999 101.498354885
62.60039 29.746548 1401454978999 101.45590171003
62.600411 29.746561 1401454980999 101.47056716304
62.600466 29.746605 1401454984999 101.51816133603
62.600485 29.746638 1401454986999 101.4563908867
62.600525 29.746714 1401454990999 100.9038095139
62.600544 29.74674 1401454992999 100.73659941399
62.600594 29.746771 1401454996999 100.54034660172
62.600626 29.746798 1401454998999 100.40639466601
62.600685 29.746844 1401455002999 100.45000175069
62.600715 29.746865 1401455004999 100.50608951819
62.600759 29.746881 1401455008999 100.84638886802
62.600789 29.746888 1401455010999 100.92780536785
62.600845 29.746936 1401455014999 100.9750676347
62.600865 29.746956 1401455016999 101.05084668538
62.600905 29.746997 1401455020999 101.41325430548
62.600927 29.747014 1401455022999 101.53479168069
62.600977 29.74708 1401455026999 101.85021006886
62.601033 29.747144 1401455029999 102.11218988554
62.601056 29.747172 1401455031999 102.2210714411
62.601102 29.747213 1401455035999 102.36395035809
62.601145 29.747266 1401455038999 102.31381127808
62.601169 29.747286 1401455040999 102.11938830307
62.601243 29.747303 1401455044999 102.07121619386
62.601274 29.747315 1401455046999 102.15791389659
62.601336 29.747381 1401455050999 102.02802839712
62.601363 29.747402 1401455052999 102.08837885897
62.60138 29.747425 1401455054999 101.9248399636
62.601431 29.747451 1401455059999 101.46394274043
62.601476 29.747468 1401455062999 101.40665053305
62.601532 29.747512 1401455065999 101.34377223458
62.601552 29.747523 1401455067999 101.33229317728
62.601593 29.747577 1401455070999 101.35739225795
62.601644 29.747632 1401455074999 101.32320875775
62.60167 29.747654 1401455076999 101.26880514315
62.601714 29.747701 1401455080999 100.98924809228
62.601752 29.747754 1401455082999 100.80770222029
62.60181 29.747818 1401455086999 100.44570140226
62.601847 29.747848 1401455088999 100.37527525524
62.6019 29.747888 1401455092999 100.50351251688
62.601949 29.747915 1401455095999 100.88546766846
62.601978 29.747938 1401455097999 101.04228301043
62.602024 29.747997 1401455101999 101.27828923313
62.602071 29.748049 1401455107999 101.41513542725
62.602094 29.748064 1401455109999 101.3641679928
62.602152 29.748112 1401455113999 101.19652060431
62.602192 29.748136 1401455116999 101.12486695521
62.602234 29.748162 1401455118999 101.31977491439
62.602282 29.74822 1401455122999 101.59322098329
62.602325 29.74826 1401455125999 101.64029072231
62.602371 29.74829 1401455128999 101.58425005507
62.602391 29.748307 1401455130999 101.56299582859
62.602448 29.748364 1401455134999 101.60881163038
62.602468 29.748375 1401455136999 101.5843478677
62.602511 29.748392 1401455140999 101.14805287115
62.602551 29.748446 1401455155999 99.701225924204
62.602593 29.748449 1401455158999 99.341057803245
62.602629 29.748471 1401455160999 99.283464046107
62.602689 29.748506 1401455164999 99.451026642004
62.602746 29.74854 1401455167999 99.516532220128
62.602787 29.748549 1401455170999 99.243284817276
62.602832 29.748519 1401455173999 99.202890125166
62.602857 29.748505 1401455175999 99.218056028523
62.602896 29.748463 1401455179000 99.399008127278
62.602946 29.748424 1401455182000 99.640685191047
62.603007 29.748398 1401455186000 99.880662301597
62.60305 29.748345 1401455189000 99.959549936129
62.603077 29.748316 1401455191000 99.93942569745
62.60312 29.748295 1401455194000 99.748244446681
62.603146 29.748286 1401455196000 99.888552727472
62.603173 29.748166 1401455201000 100.49641714922
62.603184 29.748101 1401455203000 100.63160532106
62.603206 29.747985 1401455207000 100.70676107273
62.603214 29.747931 1401455209000 100.83009483528
62.60325 29.747803 1401455213000 100.9236597348
62.603272 29.747724 1401455215000 100.73719841764
62.603297 29.747649 1401455219000 100.4359851312
62.603319 29.747608 1401455221000 100.38074407976
62.603353 29.747507 1401455225000 100.41642026034
62.603376 29.747417 1401455228000 100.52456578708
62.603378 29.747365 1401455230000 100.46568596297
62.603395 29.74729 1401455232000 100.59816393069
62.603416 29.747179 1401455237000 100.82888123266
62.603437 29.747096 1401455240000 100.8811046253
62.603451 29.747034 1401455242000 100.87910664583
62.603467 29.746906 1401455246000 101.16243929905
62.603483 29.746844 1401455248000 101.12658188051
62.6035 29.746715 1401455252000 101.23102179395
62.603505 29.746606 1401455255000 101.13219545351
62.603518 29.746552 1401455257000 101.13267719721
62.60354 29.746465 1401455260000 100.88339875361
62.603571 29.746356 1401455264000 100.79012928586
62.603588 29.746273 1401455267000 100.67763977899
62.603602 29.746218 1401455269000 100.61272413315
62.603632 29.746147 1401455272000 100.46995938782
62.603663 29.746052 1401455276000 100.7128464782
62.603667 29.746013 1401455277000 100.7508359767
62.60368 29.745978 1401455280000 100.80844647324
62.603701 29.745954 1401455283000 100.8062965999
62.603731 29.745876 1401455288000 101.32978556095
62.603774 29.745816 1401455290000 101.51780325057
62.603817 29.745768 1401455292000 101.67838876336
62.60387 29.745784 1401455297000 102.03672888309
62.603896 29.745813 1401455299000 102.00832261161
62.603946 29.745867 1401455303000 102.03353031213
62.603975 29.745896 1401455305000 102.26323010129
62.604032 29.745944 1401455309000 102.73930130857
62.60406 29.745965 1401455311000 103.18932083744
62.604112 29.745985 1401455315000 103.66786386072
62.604154 29.746003 1401455317000 103.92077556728
62.604222 29.746048 1401455321000 103.80806706055
62.604272 29.746088 1401455324000 103.59249171333
62.604295 29.746135 1401455326000 103.38051684402
62.604335 29.746184 1401455330000 103.12998939525
62.604357 29.746202 1401455332000 102.96017021308
62.604402 29.746223 1401455336000 102.93424544928
62.604452 29.746261 1401455339000 102.99584527947
62.604481 29.746281 1401455341000 103.03598116383
62.604527 29.74632 1401455345000 103.09798585982
62.604557 29.746355 1401455347000 103.04600713392
62.604575 29.746378 1401455350000 102.97016980967
62.604612 29.746422 1401455354000 103.28785262993
62.604635 29.74651 1401455357000 103.82335351077
62.604689 29.746574 1401455360000 104.26670198876
62.604734 29.746622 1401455362000 104.32380158795
62.604756 29.746632 1401455366000 104.57079580989
62.604825 29.746696 1401455369000 104.29667659262
62.604931 29.746783 1401455372000 104.03669863349
62.604965 29.746848 1401455375000 103.89509778552
62.605005 29.74685 1401455378000 103.98501929465
62.605056 29.746857 1401455381000 104.00473200136
62.605107 29.74689 1401455384000 103.88057106241
62.605154 29.746932 1401455387000 103.6649725062
62.605176 29.746941 1401455389000 103.43574519014
62.605196 29.746952 1401455392000 103.11758682828
62.605226 29.746975 1401455395000 103.03518086803
62.605269 29.747033 1401455398000 103.12836943603
62.605305 29.747093 1401455402000 102.93523043913
62.605325 29.747117 1401455405000 102.83041785365
62.605348 29.747124 1401455407000 102.81610737082
62.605392 29.747149 1401455411000 102.63684501948
62.605446 29.74717 1401455414000 102.47101251794
62.605481 29.747177 1401455416000 102.3372587376
62.605513 29.747189 1401455418000 102.09801381329
62.605567 29.747241 1401455423000 101.66219369265
62.605607 29.747301 1401455426000 101.43769847256
62.60566 29.747372 1401455429000 101.43508860182
62.605701 29.74745 1401455432000 101.40137908952
62.60572 29.747489 1401455434000 101.33579385483
62.605759 29.747607 1401455438000 101.26013021929
62.605772 29.747645 1401455440000 101.28680792209
62.605794 29.747738 1401455444000 101.32559548911
62.605805 29.747811 1401455446000 101.24211934164
62.605824 29.747912 1401455450000 100.62774486783
62.605829 29.747958 1401455452000 100.386880129
62.605853 29.748068 1401455456000 99.83234025182
62.605862 29.748126 1401455458000 99.716252894618
62.605884 29.748225 1401455462000 99.477511328962
62.605905 29.748298 1401455464000 99.426207132609
62.605915 29.748358 1401455467000 98.963129516514
62.605933 29.748467 1401455471000 98.332685802986
62.605962 29.748542 1401455474000 97.859753240489
62.605983 29.748667 1401455477000 97.667530919659
62.605981 29.74876 1401455479000 97.753057890905
62.605939 29.74888 1401455483000 98.222868267235
62.605914 29.748916 1401455485000 98.456168896428
62.605866 29.748983 1401455489000 98.874423127822
62.605851 29.749005 1401455490000 98.924541120046
62.60581 29.74905 1401455495000 99.391028965502
62.605809 29.749096 1401455511000 100.51328626578