62.614317 29.828696 1406037308000 101.64732755819
62.614294 29.828693 1406037318000 105.99155774567
62.614239 29.828618 1406037324000 120.59744797398
62.614225 29.828562 1406037327000 119.29426708823
62.614214 29.828399 1406037333000 125.01687399125
62.614209 29.828346 1406037335000 124.86746769713
62.614191 29.828261 1406037339000 124.37294216922
62.614178 29.82817 1406037342000 124.18292456492
62.614175 29.828111 1406037344000 124.11122193134
62.614166 29.828066 1406037346000 123.94930603211
62.614173 29.828013 1406037349000 123.48692847826
62.614209 29.827953 1406037354000 123.09001770239
62.614247 29.827931 1406037356000 122.8966149887
62.61431 29.827918 1406037360000 122.22891044667
62.614355 29.827932 1406037363000 121.71549971601
62.614373 29.827948 1406037365000 121.35709747003
62.614376 29.827999 1406037368000 120.78443234793
62.614371 29.828105 1406037372000 120.09239072332
62.6144 29.828198 1406037375000 119.37455516521
62.614413 29.828244 1406037377000 118.92994301764
62.61443 29.828296 1406037380000 118.50583066143
62.614442 29.828341 1406037382000 118.20984228641
62.614437 29.828435 1406037387000 116.86060673425
62.614444 29.828478 1406037390000 115.85658295673
62.614438 29.828519 1406037392000 115.29811105396
62.6144 29.828508 1406037399000 113.2223640071
62.614376 29.828493 1406037401000 112.77698902935
62.614326 29.828426 1406037405000 112.31403056339
62.614296 29.828394 1406037407000 111.95662178651
62.614248 29.828326 1406037411000 111.3125930935
62.614208 29.828261 1406037414000 111.1382254934
62.61419 29.828237 1406037416000 111.14219875546
62.614175 29.828191 1406037419000 111.13406144823
62.614158 29.828089 1406037423000 111.11903915417
62.614169 29.828044 1406037425000 111.23598736827
62.614217 29.827969 1406037429000 111.05496925321
62.614247 29.82794 1406037431000 110.89649379263
62.614296 29.827926 1406037435000 110.7579441576
62.614327 29.827926 1406037437000 110.66050622862
62.614372 29.827993 1406037440000 110.47997960447
62.614383 29.828092 1406037444000 110.09538599754
62.614399 29.828142 1406037446000 109.9439602585
62.614409 29.828227 1406037449000 109.81876829562
62.614423 29.82831 1406037453000 109.29480423781