62.908798 27.687406 1410696171499 117.9451021861
62.909536 27.687272 1410696175000 121.68563170405
62.910195 27.687169 1410696178000 119.9445689753
62.91087 27.687006 1410696181000 121.40402478245
62.91151 27.686367 1410696184000 118.71955631912
62.912034 27.685749 1410696187000 116.40865825378
62.91273 27.684893 1410696190000 113.78625935459
62.913335 27.684105 1410696193000 110.23911581538
62.913965 27.683133 1410696196000 111.39038237373
62.914541 27.682235 1410696199000 108.31345824086
62.915103 27.681302 1410696202000 112.88217419937
62.915693 27.680475 1410696205000 119.97817163329
62.916367 27.679761 1410696208000 124.18430762089
62.917038 27.679192 1410696211000 126.59399517351
62.917735 27.678682 1410696214000 126.98901614631
62.91842 27.678241 1410696217000 125.63485092193
62.919087 27.67785 1410696220000 122.30530824889
62.919733 27.677541 1410696223000 119.63641155808
62.920372 27.677281 1410696226000 117.4275639628
62.921013 27.67699 1410696229000 117.02308640264
62.921661 27.676682 1410696232000 116.59082025906
62.922316 27.676369 1410696235000 114.8947920165
62.922927 27.676136 1410696238000 113.2309651796
62.923533 27.67596 1410696240999 112.7129120097
62.924156 27.675814 1410696243999 110.3729094805
62.924823 27.67572 1410696246999 107.94264348284
62.925498 27.675676 1410696249999 105.97453940417
62.926157 27.675697 1410696252999 105.38583447964
62.926808 27.675696 1410696255999 106.13226498148
62.927461 27.675652 1410696258999 107.32634465119
62.928063 27.675564 1410696261999 108.02347722621
62.928669 27.675351 1410696264999 109.75224792928
62.929255 27.675024 1410696267999 115.22540637054
62.929801 27.674679 1410696270999 118.64449233056
62.930317 27.674232 1410696273999 120.0461415478
62.930774 27.6737 1410696276999 119.04831562442
62.931145 27.673212 1410696279999 116.31570952831
62.931465 27.672807 1410696282999 114.79669577194
62.931764 27.672594 1410696285999 115.07636664285
62.932004 27.672589 1410696288999 116.66472269538
62.932115 27.672668 1410696291999 116.81875848817
62.93223 27.672712 1410696294999 116.91122928741
62.932374 27.672539 1410696297999 117.61234237456
62.932523 27.67217 1410696300999 117.08987832999
62.932657 27.671788 1410696303999 117.80275808661
62.932843 27.671252 1410696306999 116.13839676837
62.933052 27.670649 1410696309999 112.92209705765
62.933242 27.670165 1410696312999 111.38471818035
62.933449 27.669722 1410696315999 112.60780907315
62.933659 27.669354 1410696318999 111.45908341471
62.933819 27.669088 1410696321999 108.90929987146
62.933899 27.668971 1410696324999 108.63426880893
62.933936 27.668914 1410696326999 108.73494945997
62.933958 27.668884 1410696328999 108.85101290618
62.93404 27.668797 1410696357999 111.24801832916
62.934155 27.668608 1410696360999 116.5700691676
62.934318 27.668313 1410696363999 119.25269315775
62.934536 27.66796 1410696366999 121.29462810508
62.934808 27.667618 1410696369999 122.36718982768
62.935212 27.6673 1410696372999 120.86558232001
62.935651 27.667036 1410696375999 120.37898586238
62.936173 27.666764 1410696378999 117.62567669893
62.936716 27.666598 1410696381999 113.44894909153
62.937256 27.666564 1410696384999 110.53493061446
62.937789 27.666551 1410696387999 109.12161320418
62.938324 27.666589 1410696390999 111.50257492687
62.938871 27.666718 1410696393999 113.50699817017
62.939428 27.66687 1410696396999 113.26060417436
62.939996 27.66707 1410696399999 111.30089214631
62.940576 27.667344 1410696402999 111.94538477089
62.941146 27.667624 1410696405999 110.75337919539
62.941706 27.667914 1410696408999 109.83188499349
62.942302 27.668214 1410696411999 110.39574110955
62.942887 27.668507 1410696414999 110.37571769198
62.943478 27.668841 1410696417999 110.57258479423
62.944083 27.669237 1410696420999 111.71434710364
62.944667 27.669655 1410696423999 114.22852461457
62.945235 27.670112 1410696426999 115.02818549395
62.945778 27.670564 1410696429999 112.33069635978
62.946327 27.671036 1410696432999 110.76892672083
62.946847 27.671494 1410696435999 111.22465050892
62.947381 27.672007 1410696438999 112.34759829833
62.947917 27.672573 1410696441999 112.40479289454
62.948475 27.673186 1410696444999 110.39668306162
62.949024 27.673857 1410696447999 109.57749697564
62.949571 27.674583 1410696450999 110.22277242311
62.950141 27.675411 1410696453999 111.76964008036
62.950677 27.676314 1410696456999 112.20555552408
62.951185 27.677228 1410696459999 112.06851023528
62.951661 27.678217 1410696462999 111.19479790542
62.952116 27.679271 1410696465999 109.56598423197
62.952541 27.680308 1410696468999 107.63602201237
62.952951 27.681375 1410696471999 106.27459561742
62.953343 27.682409 1410696474999 106.57905840599
62.953881 27.683783 1410696478999 106.46882491467
62.95417 27.684498 1410696480999 106.64621987883
62.954737 27.685841 1410696484999 106.60966455102
62.955053 27.686452 1410696486999 105.44752037682
62.955696 27.687598 1410696490999 103.68995226787
62.956015 27.688149 1410696492999 104.59958477919
62.956473 27.688891 1410696495999 107.47957272046
62.956923 27.689495 1410696498999 110.88240115856
62.957345 27.689963 1410696501999 109.78757858124
62.957771 27.690361 1410696505999 107.79143944064
62.957985 27.690548 1410696508999 106.7205869331
62.958055 27.690608 1410696510999 106.74678387014
62.958139 27.690693 1410696513999 106.82363463937
62.958265 27.690821 1410696517999 107.30527756703
62.958441 27.690981 1410696520999 108.57676551319
62.958667 27.691166 1410696523999 108.01672118901
62.958938 27.69136 1410696526999 108.06142520754
62.959286 27.691576 1410696529999 108.98530254363
62.959663 27.6918 1410696532999 107.7631895523
62.96012 27.692152 1410696535999 106.34046420181
62.960617 27.69265 1410696538999 104.55174214469
62.961101 27.693245 1410696541999 103.58937468543
62.961625 27.693945 1410696544999 104.03895645545
62.962169 27.694678 1410696547999 104.68316671444
62.962722 27.695419 1410696550999 104.82348455139
62.963276 27.696187 1410696553999 105.13966264654
62.963823 27.69695 1410696556999 104.09587368248
62.964364 27.697701 1410696559999 102.58514190516
62.964907 27.698449 1410696562999 102.20355142081
62.965455 27.699212 1410696565999 101.92740241109
62.965992 27.699951 1410696568999 101.33459397423
62.966537 27.700724 1410696571999 101.73904387688
62.96708 27.701511 1410696574999 102.95757398819
62.967618 27.702288 1410696577999 104.18047586107
62.968161 27.703059 1410696580999 103.84956832929
62.968693 27.70371 1410696583999 104.46060189429
62.969245 27.704312 1410696586999 105.72393454563
62.9698 27.704838 1410696589999 107.29744575724
62.970351 27.705326 1410696592999 108.54020831134
62.970884 27.705733 1410696595999 109.67118560226
62.971365 27.706015 1410696598999 111.72901609471
62.971821 27.706247 1410696601999 111.43589505143
62.972193 27.706383 1410696604999 110.89531427038
62.97243 27.706478 1410696607999 110.47084150221
62.972591 27.706837 1410696610999 110.84598144846
62.972641 27.707443 1410696613999 112.11566593802
62.972698 27.708199 1410696616999 114.43875487032
62.972882 27.708921 1410696619999 115.72940435893
62.973098 27.709498 1410696622999 115.81302758231
62.973292 27.709857 1410696625999 116.90131004796
62.973344 27.709916 1410696627999 117.06914983217
62.973409 27.709992 1410696667999 117.51351751793
62.973528 27.710111 1410696670999 118.03082609747
62.973692 27.71024 1410696673999 118.57257081949
62.973883 27.710398 1410696676999 118.9245600149
62.974152 27.71062 1410696679999 118.53052282417
62.974469 27.71093 1410696682999 118.67302808639
62.974809 27.711286 1410696685999 118.09244028871
62.975195 27.711698 1410696688999 116.12574622083
62.975604 27.712135 1410696691999 114.56773632877
62.975898 27.712456 1410696693999 113.63737676885
62.976485 27.713156 1410696697999 113.29816695516
62.976928 27.713699 1410696700999 113.09856024545
62.977376 27.714204 1410696703999 113.03350139912
62.977854 27.714712 1410696706999 111.4095205588
62.97834 27.715224 1410696709999 109.76224418009
62.9788 27.715796 1410696712999 109.96611341439
62.979253 27.716406 1410696715999 111.36143279225
62.979633 27.717067 1410696718999 116.13566804123
62.980008 27.717772 1410696721999 120.94739027374
62.980376 27.718494 1410696724999 124.31953352756
62.980728 27.719364 1410696727999 126.55087064415
62.981027 27.720235 1410696730999 127.78520213674
62.981333 27.721209 1410696733999 126.98730536438
62.9816 27.722218 1410696736999 127.79754273057
62.981858 27.723256 1410696739999 129.69099917787
62.982077 27.724339 1410696742999 132.25925980427
62.982256 27.725349 1410696745999 136.71997515094
62.982429 27.726358 1410696748999 138.39818496242
62.982575 27.727403 1410696751999 139.46219739231
62.982688 27.728447 1410696754999 138.99255836715
62.982784 27.729503 1410696757999 138.6132270126
62.982868 27.730536 1410696760999 139.53080604499
62.982943 27.731566 1410696763999 143.23634997721
62.983019 27.732563 1410696766999 146.48652454048
62.983102 27.73357 1410696769999 146.51938475598
62.983203 27.734582 1410696772999 146.27751156815
62.983312 27.735667 1410696775999 145.40678114917
62.983399 27.73675 1410696778999 145.40540644733
62.983496 27.737851 1410696781999 142.38806929321
62.983606 27.739003 1410696784999 142.15758401916
62.98374 27.740176 1410696787999 140.70444096011
62.983871 27.741366 1410696790999 138.17545365837
62.983998 27.742621 1410696793999 136.16550698255
62.984129 27.743949 1410696796999 135.29227451395
62.984273 27.745302 1410696799999 135.95562000137
62.984392 27.746672 1410696802999 137.02148757027
62.984533 27.748106 1410696805999 135.19066721763
62.984679 27.749548 1410696808999 130.46530401104
62.984826 27.750958 1410696811999 127.39080161999
62.984977 27.75244 1410696814999 128.87754864106
62.985109 27.753937 1410696817999 129.18008328387
62.98524 27.755426 1410696820999 129.15155030358
62.985358 27.75683 1410696823999 132.5085432796
62.98546 27.758258 1410696826999 135.9922550169
62.985552 27.759688 1410696829999 138.59425630488
62.985643 27.761172 1410696832999 140.30775090267
62.985728 27.762613 1410696835999 136.16950303844
62.985764 27.76396 1410696838999 132.12340735877
62.985819 27.765375 1410696841999 127.94283592211
62.985867 27.766817 1410696844999 127.33825679911
62.985873 27.768259 1410696847999 126.40205783347
62.985893 27.769699 1410696850999 125.36508944177
62.985831 27.771121 1410696853999 122.01184267122
62.985716 27.772527 1410696856999 120.73928824375
62.985557 27.773886 1410696859999 119.74874761695
62.985396 27.775151 1410696862999 117.52460736166
62.985262 27.776222 1410696865999 116.45681265412
62.985155 27.777101 1410696868999 121.92803293383
62.985069 27.777678 1410696871999 130.36129640146
62.985023 27.778076 1410696874999 133.13025627759
62.985022 27.778139 1410696875999 133.14616721027
62.985018 27.778308 1410696940999 129.2197479198
62.985004 27.778617 1410696943999 123.71016350496
62.984978 27.779066 1410696946999 118.86627555075
62.984929 27.779666 1410696949999 117.23826792767
62.98483 27.780393 1410696952999 117.4478446025
62.984719 27.781257 1410696955999 119.41096759052
62.984589 27.782189 1410696958999 121.40248018093
62.984409 27.783159 1410696961999 120.84000156115
62.984228 27.784221 1410696964999 118.58136256729
62.983968 27.785295 1410696967999 119.1485586025
62.983648 27.786375 1410696970999 123.581800327
62.983257 27.787381 1410696973999 122.63238546142
62.982819 27.788354 1410696976999 121.77532599789
62.982313 27.789373 1410696979999 130.1186098543
62.981766 27.790308 1410696982999 131.93810969985
62.981218 27.791207 1410696985999 129.33468868614
62.980647 27.792242 1410696988999 127.16815548211
62.980026 27.793354 1410696991999 125.35203932127
62.979531 27.794599 1410696994999 121.84404508988
62.979137 27.79598 1410696997999 119.49958035256
62.978761 27.797346 1410697000999 118.40606686526
62.978368 27.798729 1410697003999 116.92524390862
62.977967 27.800101 1410697006999 116.08191032984
62.977545 27.801429 1410697009999 113.75498746884
62.977156 27.802652 1410697012999 113.33213984763
62.976833 27.803672 1410697015999 112.84548167922
62.976552 27.804564 1410697018999 115.22455516119
62.976335 27.805219 1410697021999 117.60346479792
62.976221 27.805589 1410697024999 117.05281783749
62.976206 27.805625 1410697025999 117.05682387393
62.976183 27.80565 1410697102999 115.25308578545
62.976153 27.80571 1410697105999 114.94167252645
62.976092 27.805894 1410697108999 114.48957335318
62.975983 27.806268 1410697111999 113.71979769961
62.975852 27.806692 1410697114999 115.08865254958
62.975679 27.807221 1410697117999 115.71199021887
62.975477 27.807832 1410697120999 117.71410287479
62.975263 27.808492 1410697123999 117.71987735428
62.975017 27.809277 1410697126999 119.43280002716
62.974746 27.810145 1410697129999 120.36619985816
62.974464 27.811071 1410697132999 121.31705864646
62.97418 27.811989 1410697135999 122.08633199482
62.973862 27.812969 1410697138999 121.12322789333
62.973537 27.814028 1410697141999 121.33006194455
62.973205 27.815136 1410697144999 120.8652823915
62.972908 27.816398 1410697147999 122.70306803556
62.972646 27.817714 1410697150999 124.18260573519
62.972452 27.819051 1410697153999 122.37887489506
62.972249 27.820406 1410697156999 119.66766977945
62.972037 27.821769 1410697159999 118.34236810295
62.971881 27.823041 1410697162999 119.28754574107
62.971768 27.824326 1410697165999 118.17605704537
62.971671 27.825581 1410697168999 114.57519257416
62.971604 27.826901 1410697171999 110.7483605073
62.971529 27.828173 1410697174999 108.32801111563
62.971454 27.829371 1410697177999 104.70212334875
62.971366 27.830593 1410697180999 102.63400727473
62.971277 27.831807 1410697183999 97.590773699378
62.971175 27.833037 1410697186999 95.695415893803
62.971002 27.834215 1410697189999 96.421067582174
62.970683 27.835284 1410697192999 98.803236660544
62.970395 27.836524 1410697195999 100.72300455479
62.970064 27.837659 1410697198999 102.59320804481
62.969727 27.838927 1410697201999 105.42440473375
62.969372 27.840186 1410697204999 109.0449279853
62.969008 27.841424 1410697207999 107.97868983746
62.968589 27.842553 1410697210999 108.51983813612
62.968129 27.843547 1410697213999 108.88861198598
62.967589 27.84442 1410697216999 107.63976750296
62.967055 27.845098 1410697219999 107.98714894446
62.966463 27.84593 1410697222999 110.76285173843
62.965953 27.846719 1410697225999 117.83183931601
62.965409 27.847499 1410697228999 123.14902678722
62.964869 27.848214 1410697231999 127.85597647543
62.964325 27.848977 1410697234999 126.04335417631
62.963789 27.849674 1410697237999 122.98751315946
62.963257 27.850585 1410697240999 121.95296021298
62.962722 27.851505 1410697243999 123.24708091696
62.962192 27.852488 1410697246999 121.35786897143
62.961659 27.853574 1410697249999 116.93735089042
62.961108 27.854608 1410697252999 110.91585314745
62.960562 27.855712 1410697255999 105.93232020609
62.960063 27.856863 1410697258999 103.08106994719
62.959559 27.858036 1410697261999 102.32688326272
62.959083 27.859168 1410697264999 105.02796411639
62.958618 27.860275 1410697267999 104.50042647341
62.958175 27.861411 1410697270999 103.5201596391
62.957735 27.862535 1410697273999 104.67706874392
62.957268 27.863654 1410697276999 106.81697918471
62.956824 27.864792 1410697279999 106.36202164651
62.956399 27.865921 1410697282999 108.74190927376
62.955948 27.867088 1410697285999 110.69995776838
62.955436 27.868313 1410697288999 110.56810814025
62.954901 27.869557 1410697291999 109.96147742775
62.954397 27.870672 1410697294999 106.80495271525
62.953932 27.871773 1410697297999 102.92166947442
62.953494 27.872941 1410697300999 102.15632818381
62.953042 27.874086 1410697303999 100.65843846757
62.952575 27.875208 1410697306999 100.27880824068
62.952139 27.876275 1410697309999 101.42352088811
62.951751 27.877274 1410697312999 103.86621470022
62.951337 27.878309 1410697315999 106.82042543248
62.950907 27.879348 1410697318999 109.55245546843
62.950475 27.880393 1410697321999 109.94659394322
62.950046 27.881519 1410697324999 114.45517677298
62.949654 27.88264 1410697327999 121.58032848025
62.949212 27.883709 1410697330999 123.09258539961
62.948739 27.884792 1410697333999 121.29357997266
62.948296 27.885884 1410697336999 118.48475935528
62.947853 27.886901 1410697339999 115.01191913154
62.947415 27.887928 1410697342999 113.89373587481
62.947013 27.888966 1410697345999 113.93957396184
62.946634 27.889993 1410697348999 116.78034501417
62.946245 27.891055 1410697351999 121.31605774607
62.945863 27.892061 1410697354999 124.88012155216
62.945472 27.893164 1410697357999 127.71335298679
62.945104 27.89426 1410697360999 128.68011531314
62.944724 27.89536 1410697363999 130.09402140133
62.944353 27.896477 1410697366999 127.51421609985
62.943999 27.897617 1410697369999 129.50957431844
62.943631 27.898682 1410697372999 128.13413244155
62.943271 27.899768 1410697375999 126.52583818418
62.942877 27.900833 1410697378999 121.21192058317
62.942482 27.901947 1410697381999 117.10228570501
62.942072 27.903086 1410697384999 115.39761019935
62.94168 27.904217 1410697387999 113.96317562386
62.941294 27.905308 1410697390999 112.52625307152
62.940937 27.90639 1410697393999 111.9075902902
62.940577 27.907446 1410697396999 111.03777689542
62.940233 27.908477 1410697399999 111.37746365587
62.939885 27.909583 1410697403000 109.89853193058
62.939564 27.910722 1410697406000 107.89522560364
62.939254 27.911876 1410697409000 105.40882609873
62.938936 27.913086 1410697412000 105.28851373784
62.938637 27.914328 1410697415000 104.68375170576
62.938352 27.915612 1410697418000 102.3425172212
62.938145 27.916963 1410697421000 102.93203095211
62.937984 27.918323 1410697424000 103.24242294403
62.937907 27.919668 1410697427000 107.4540338937
62.937867 27.921006 1410697430000 109.85527999261
62.937825 27.922415 1410697433000 112.67075990741
62.937757 27.923798 1410697436000 115.45691385783
62.937687 27.925189 1410697439000 117.3210594146
62.937553 27.926467 1410697442000 117.47641377351
62.937392 27.927767 1410697445000 118.94053374559
62.937209 27.929099 1410697448000 121.81620171543
62.937014 27.930412 1410697451000 122.99368586884
62.936833 27.931742 1410697454000 125.6851569965
62.936631 27.933075 1410697457000 123.63204388106
62.936455 27.934387 1410697460000 121.34097583782
62.936303 27.935591 1410697463000 119.3971963097
62.936152 27.936774 1410697466000 117.21127214681
62.936022 27.938048 1410697469000 114.36048264122
62.935896 27.939256 1410697472000 113.02617003049
62.935757 27.940551 1410697475000 110.91282109169
62.935586 27.941926 1410697478000 107.9374287445
62.935452 27.943287 1410697481000 109.56853171976
62.935296 27.944672 1410697484000 110.98926735188
62.935134 27.946224 1410697487000 112.80164787538
62.934987 27.947747 1410697490000 113.55333355697
62.934861 27.949376 1410697493000 115.85966747519
62.934689 27.951031 1410697496000 115.41843475459
62.934514 27.952627 1410697499000 114.24351767448
62.934337 27.954216 1410697502000 114.18263992403
62.934178 27.955765 1410697505000 116.52005652458
62.934017 27.957368 1410697508000 120.93712359937
62.933891 27.958909 1410697511000 126.08236369593
62.933678 27.960499 1410697514000 131.4239909389
62.933431 27.962058 1410697517000 135.03868474638
62.933169 27.96361 1410697520000 133.67322277157
62.932889 27.96517 1410697523000 131.48166494912
62.932633 27.966765 1410697526000 127.99693074684
62.932384 27.968364 1410697529000 123.94942059995
62.932159 27.96987 1410697532000 124.64491478865
62.931977 27.971442 1410697535000 126.06587748612
62.931799 27.973032 1410697538000 124.72900900935
62.931678 27.974583 1410697541000 126.64501419861
62.931581 27.976188 1410697544000 129.40026843299
62.931507 27.977901 1410697547000 133.52678593621
62.93144 27.979507 1410697550000 133.68972240753
62.93135 27.981108 1410697553000 131.67532510083
62.931271 27.982695 1410697556000 130.59287303559
62.931198 27.984332 1410697559000 131.87999179837
62.931123 27.986016 1410697562000 135.7061073998
62.931049 27.987581 1410697565000 139.21566428893
62.930976 27.989201 1410697568000 141.31356853297
62.930892 27.990805 1410697571000 140.28402232166
62.930822 27.992357 1410697574000 140.52185844798
62.930767 27.993957 1410697577000 139.82413806783
62.930704 27.995526 1410697580000 141.53096868861
62.930644 27.997057 1410697583000 142.64937312311
62.930604 27.998653 1410697586000 147.46075257287
62.930527 28.000283 1410697589000 149.66558366232
62.930423 28.001899 1410697592000 148.77615825307
62.930339 28.003452 1410697595000 148.62496950343
62.930265 28.005068 1410697598000 149.05932974237
62.930227 28.006592 1410697601000 147.04137931881
62.930157 28.008135 1410697604000 146.7725976936
62.930132 28.009766 1410697607000 150.31952075742
62.93015 28.01138 1410697610000 151.85459336694
62.930215 28.012906 1410697613000 153.20694932997
62.930327 28.01447 1410697616000 152.76929509277
62.930422 28.016014 1410697619000 153.96788465537
62.930505 28.017597 1410697622000 155.20280093853
62.930574 28.019187 1410697625000 154.841318474
62.930675 28.02072 1410697628000 151.63841763276
62.930725 28.022036 1410697631000 149.11563302911
62.930751 28.023022 1410697634000 148.387091773
62.930776 28.023723 1410697637000 150.11420907337
62.930798 28.024066 1410697640000 151.03023791635
62.9308 28.024157 1410697671000 152.82567999765
62.930782 28.024463 1410697679000 155.21398428368
62.930766 28.024713 1410697682000 156.14554576249
62.93077 28.025412 1410697685000 155.61739179923
62.930838 28.026599 1410697688000 154.06098000798
62.93095 28.02793 1410697691000 152.64478130271
62.931048 28.029268 1410697694000 152.75230357556
62.931156 28.030588 1410697697000 151.63830619354
62.931256 28.031943 1410697700000 150.61531233922
62.93135 28.033327 1410697703000 150.04441870526
62.931443 28.034833 1410697706000 149.28445922394
62.931518 28.036412 1410697709000 149.29003760791
62.931603 28.038016 1410697712000 146.66095995993
62.931675 28.039689 1410697715000 144.51714155471
62.931689 28.04129 1410697718000 141.84708900676
62.931656 28.042956 1410697721000 138.03737924884
62.931573 28.044597 1410697724000 137.67124464938
62.931497 28.046167 1410697727000 138.93819916331
62.931432 28.047798 1410697730000 140.08104853514
62.93135 28.049427 1410697733000 139.69039802255
62.93124 28.051014 1410697736000 139.57838447522
62.931117 28.052645 1410697739000 136.96425879156
62.931027 28.054255 1410697742000 134.78762339658
62.930922 28.055817 1410697745000 130.36298271753
62.930847 28.057381 1410697748000 128.15178182127
62.93076 28.058929 1410697751000 129.10835493939
62.930669 28.060439 1410697754000 130.86570371428
62.93057 28.061931 1410697757000 127.86174931624
62.930483 28.063389 1410697760000 128.43167536283
62.93039 28.064814 1410697763000 128.6787665521
62.930302 28.066228 1410697766000 128.4147977532
62.930216 28.067638 1410697769000 127.76779512238
62.930124 28.069018 1410697772000 127.98218467122
62.930031 28.070415 1410697775000 129.6292424775
62.929933 28.071845 1410697778000 128.38273970184
62.929862 28.072812 1410697780000 128.89395100385
62.929754 28.074747 1410697784000 132.25470730881
62.929559 28.076095 1410697787000 131.31708905097
62.929281 28.07743 1410697790000 128.8265130931
62.928977 28.07873 1410697793000 128.27347404345
62.928599 28.080575 1410697797000 131.56228537845
62.92847 28.0815 1410697799000 131.73329586284
62.928231 28.083337 1410697803000 131.21843318132
62.928089 28.08423 1410697805000 127.20450642071
62.927716 28.086012 1410697809000 125.29427136331
62.927459 28.087357 1410697812000 125.13325409825
62.927204 28.08863 1410697815000 122.26575290484
62.927036 28.089468 1410697817000 119.83999557276
62.926722 28.091206 1410697821000 116.41847603565
62.926459 28.092482 1410697824000 112.36427967546
62.926184 28.093798 1410697827000 110.23666528056
62.926012 28.094633 1410697829000 107.57791941215
62.925623 28.096162 1410697833000 110.59398454785
62.925287 28.097363 1410697836000 113.14310680354
62.92505 28.098171 1410697838000 109.05280684703
62.924578 28.099749 1410697842000 111.56220471792
62.924099 28.100753 1410697845000 105.79791482361
62.923753 28.101347 1410697847000 104.70272340353
62.923121 28.102499 1410697851000 106.92035296888
62.922613 28.103327 1410697854000 109.92315381992
62.922141 28.104245 1410697857000 116.09962923259
62.921659 28.105199 1410697860000 123.31291886725
62.921148 28.106109 1410697863000 127.84358177093
62.920707 28.106938 1410697866000 132.13720072707
62.920229 28.10785 1410697869000 131.97660956214
62.919913 28.108499 1410697871000 133.69254051401
62.919303 28.109741 1410697875000 125.6122343054
62.918904 28.110708 1410697878000 121.17830495306
62.918669 28.111376 1410697880000 121.32970932796
62.918314 28.112401 1410697883000 122.98568246106
62.917983 28.113761 1410697887000 124.51245770598
62.917875 28.114754 1410697890000 126.78302475612
62.917778 28.116018 1410697893000 126.73943713134
62.917751 28.117153 1410697896000 127.21566539501
62.917768 28.118142 1410697899000 127.68201122757
62.917826 28.119218 1410697902000 128.00636271244
62.917919 28.120333 1410697905000 125.76317163934
62.917991 28.121411 1410697908000 122.86893066666
62.918105 28.122556 1410697911000 121.93326421653
62.918188 28.123694 1410697914000 120.34109434488
62.918185 28.124839 1410697917000 120.04588382197
62.918164 28.125892 1410697920000 119.5839457598
62.918162 28.126934 1410697923000 118.16539262967
62.918155 28.127934 1410697926000 116.22345137603
62.918153 28.12895 1410697929000 113.01822486534
62.918172 28.130022 1410697932000 109.84748221171
62.918156 28.131085 1410697935000 109.09678654499
62.918098 28.132139 1410697938000 110.79215858974
62.918024 28.133127 1410697941000 109.92155648998
62.917909 28.134125 1410697944000 109.63835467525
62.917767 28.135141 1410697947000 111.09219341859
62.917604 28.13614 1410697950000 112.36305234269
62.917432 28.137131 1410697953000 114.96336440825
62.917241 28.138117 1410697956000 117.85844409104
62.916975 28.139087 1410697959000 120.75108518328
62.916697 28.140023 1410697962000 123.90879431025
62.916397 28.140798 1410697965000 128.78519352553
62.916082 28.141496 1410697968000 132.02470508423
62.915747 28.142119 1410697971000 133.14780241594
62.91538 28.142899 1410697974000 135.20277063488
62.915047 28.143702 1410697977000 137.44060500831
62.914742 28.144526 1410697980000 141.10078515388
62.914379 28.145312 1410697983000 140.18954236582
62.914021 28.146096 1410697986000 141.41645242854
62.913678 28.146887 1410697989000 143.13160304985
62.913397 28.147631 1410697992000 144.30384169972
62.913205 28.148158 1410697995000 145.23776538334
62.913052 28.148751 1410697998000 147.21972141642
62.912928 28.149063 1410698001000 147.53612797402
62.91285 28.14917 1410698004000 140.94350414342
62.912887 28.14946 1410698007000 133.76409533853
62.913026 28.149865 1410698010000 127.98676135552
62.913137 28.150379 1410698013000 123.64266207106
62.913269 28.151059 1410698016000 121.47109179153
62.913392 28.151746 1410698019000 121.13350091077
62.913529 28.152443 1410698022000 120.00878756567
62.913665 28.153136 1410698025000 119.50056648178
62.913799 28.153753 1410698028000 120.83116361548
62.913939 28.154409 1410698031000 122.23216286166
62.914099 28.155087 1410698034000 122.64251313771
62.914257 28.155814 1410698037000 119.48336551162
62.914374 28.156533 1410698040000 115.19889612706
62.914412 28.157315 1410698043000 114.37577682043
62.914371 28.158117 1410698046000 114.41313335767
62.914273 28.15882 1410698049000 115.20354186554
62.914173 28.159509 1410698052000 115.38553304449
62.914052 28.160121 1410698055000 114.45815852735
62.913937 28.160568 1410698058000 116.08312149394
62.913834 28.161124 1410698061000 116.72558861437
62.913759 28.161591 1410698064000 116.67165577609
62.913695 28.162048 1410698067000 117.92558839727
62.913639 28.162344 1410698070000 116.89266682188
62.913622 28.16257 1410698073000 116.79786928476
62.913679 28.162815 1410698076000 116.8725059836
62.913776 28.162975 1410698079000 117.66574665533
62.913796 28.163072 1410698081000 117.71260121945
62.913772 28.163253 1410698121000 119.17141328549
62.913754 28.163368 1410698124000 119.64209672903
62.913714 28.163581 1410698127000 122.45019127798
62.913658 28.163712 1410698130000 122.42592821959
62.91362 28.163752 1410698132000 122.51663867547
62.913573 28.163779 1410698136000 122.47003865346
62.913505 28.16383 1410698139000 122.12611694616
62.913424 28.164025 1410698142000 122.55468013052
62.913356 28.16425 1410698145000 122.83508493659
62.913318 28.164437 1410698148000 124.94924054227
62.913253 28.164774 1410698151000 127.48125902666
62.913195 28.165165 1410698154000 129.35409580661
62.913082 28.165744 1410698157000 128.69049448692
62.912915 28.166217 1410698160000 128.72776511714
62.912659 28.166569 1410698163000 127.28164895593
62.91245 28.166801 1410698166000 125.41614713963
62.91228 28.166925 1410698169000 124.09160877419
62.91216 28.166939 1410698172000 123.93928937368
62.912003 28.166696 1410698175000 126.82000094185
62.911902 28.166205 1410698178000 129.21506416632
62.911794 28.16565 1410698181000 128.64325197431
62.911641 28.164961 1410698184000 127.6465160807
62.911456 28.164116 1410698187000 128.56494035242
62.911255 28.163151 1410698190000 127.96127623252
62.911067 28.162188 1410698193000 127.35677887184
62.910873 28.161218 1410698196000 125.29052918578
62.910687 28.160286 1410698199000 122.59566255191
62.910514 28.159441 1410698202000 120.54059507754
62.910361 28.158657 1410698205000 118.73151060584
62.910234 28.15802 1410698208000 117.1703276487
62.910166 28.15767 1410698211000 114.26453302402
62.910138 28.157485 1410698214000 113.95471945405
62.910079 28.157337 1410698217000 113.73503872916
62.909952 28.157403 1410698220000 113.8698033418
62.909833 28.157752 1410698223000 116.01223016786
62.909671 28.158208 1410698226000 116.71852890929
62.90943 28.158809 1410698229000 115.86229254011
62.909161 28.159502 1410698232000 113.95259559396
62.908872 28.160248 1410698235000 108.8010873592
62.90854 28.161109 1410698238000 104.74731401241
62.908182 28.162064 1410698241000 104.17168556421
62.907813 28.163077 1410698244000 104.83037121262
62.907444 28.164084 1410698247000 105.79785732952
62.90706 28.165126 1410698250000 107.04946767717
62.906673 28.166197 1410698253000 108.7362205938
62.906273 28.167303 1410698256000 110.69392802216
62.905849 28.168447 1410698259000 112.05293776645
62.905427 28.169664 1410698262000 112.50697869793
62.905041 28.170916 1410698265000 112.89781578101
62.904689 28.172227 1410698268000 113.37268460611
62.904362 28.173576 1410698271000 113.99739899688
62.904079 28.17498 1410698274000 113.69412293508
62.903829 28.176409 1410698277000 113.46010418371
62.903603 28.177811 1410698280000 112.85698945609
62.903376 28.179235 1410698283000 113.06537399304
62.903152 28.180679 1410698286000 113.68851748406
62.902938 28.182111 1410698289000 113.88118645211
62.902736 28.183515 1410698292000 115.24220189712
62.902528 28.184919 1410698295000 114.81100679177
62.902317 28.186249 1410698298000 115.05690388563
62.902102 28.187579 1410698301000 115.64449678126
62.90189 28.188911 1410698304000 115.13717078265
62.90167 28.190253 1410698307000 115.11658245822
62.901366 28.191484 1410698310000 114.44253301151
62.900977 28.192615 1410698313000 116.238436405
62.900561 28.193743 1410698316000 117.73996387342
62.900168 28.194816 1410698319000 120.2165069853
62.899768 28.19591 1410698322000 120.38501366198
62.899362 28.197039 1410698325000 120.36076274654
62.898978 28.198225 1410698328000 120.87505061292
62.898667 28.19942 1410698331000 121.48747710864
62.898451 28.200777 1410698334000 122.46373408002
62.898296 28.202201 1410698337000 121.36396042929
62.898146 28.203616 1410698340000 120.35729925
62.898 28.204976 1410698343000 121.00117772152
62.897846 28.206373 1410698346000 120.69035942297
62.897681 28.207716 1410698349000 120.25593293967
62.897477 28.209186 1410698352000 118.80109872043
62.897345 28.210569 1410698355000 124.9864081272
62.897217 28.211903 1410698358000 127.22886916124
62.897081 28.213192 1410698361000 125.6100171054
62.896896 28.214524 1410698364000 121.32182818398
62.896715 28.215887 1410698367000 118.20680894329
62.896591 28.217239 1410698370000 121.15938052508
62.89645 28.218484 1410698373000 122.17718220889
62.89622 28.219804 1410698376000 121.3210970835
62.895996 28.221041 1410698379000 120.10933737662
62.895733 28.222177 1410698382000 117.77937937606
62.895478 28.223349 1410698385000 117.30118638169
62.895229 28.224453 1410698388000 116.33453959681
62.895025 28.22544 1410698391000 115.56314528785
62.894875 28.226188 1410698394000 116.39413501901
62.89475 28.226723 1410698397000 113.77370273696
62.894694 28.226971 1410698400000 114.30018550081
62.894715 28.227156 1410698415000 115.08020547688
62.894719 28.227517 1410698418000 115.68749840806
62.894621 28.227901 1410698421000 112.65463435624
62.894425 28.228571 1410698424000 109.32624377388
62.894204 28.229413 1410698427000 110.89829484845
62.894014 28.230242 1410698430000 114.09376859264
62.893812 28.231138 1410698433000 116.98317546761
62.893605 28.232088 1410698436000 118.98222518016
62.893365 28.233115 1410698439000 122.45456639488
62.893115 28.23424 1410698442000 124.28320321819
62.892841 28.235459 1410698445000 121.35052880205
62.892543 28.236706 1410698448000 119.27264140456
62.892185 28.237902 1410698451000 119.01874786613
62.891739 28.238976 1410698454000 117.61669972025
62.891223 28.239829 1410698457000 117.97373422
62.890709 28.240681 1410698460000 117.05343712582
62.890161 28.241475 1410698463000 115.37917946199
62.889618 28.242305 1410698466000 112.93801389876
62.889141 28.243241 1410698469000 111.60889981883
62.888735 28.244289 1410698472000 112.42144900591
62.888393 28.245583 1410698475000 113.33074524774
62.888093 28.246884 1410698478000 115.25934537448
62.887877 28.24822 1410698481000 117.96243484691
62.887681 28.249492 1410698484000 118.29065257573
62.887439 28.250786 1410698487000 116.51708900923
62.887117 28.252055 1410698490000 116.7668764106
62.886761 28.253221 1410698493000 116.11869859727
62.886379 28.254396 1410698496000 116.34166532612
62.886007 28.255503 1410698499000 116.50355475717
62.885672 28.256774 1410698502000 117.21032428428
62.885366 28.258029 1410698505000 117.57847095779
62.88511 28.25923 1410698508000 117.00268202934
62.884874 28.260545 1410698511000 117.33075796992
62.884663 28.261924 1410698514000 119.10587482058
62.884451 28.263297 1410698517000 123.16487187128
62.884246 28.264625 1410698520000 122.89740521744
62.884041 28.265965 1410698523000 122.15468532382
62.883814 28.26729 1410698526000 121.8025431792
62.883595 28.268653 1410698529000 124.3273739953
62.88336 28.269974 1410698532000 126.46636643177
62.883119 28.271259 1410698535000 125.99281004006
62.882826 28.27255 1410698538000 124.67501352136
62.882514 28.273859 1410698541000 125.04398518554
62.882203 28.275094 1410698544000 129.33834301853
62.881906 28.276342 1410698547000 133.11284474066
62.881611 28.277557 1410698550000 136.08023778622
62.881282 28.278754 1410698553000 137.7892193942
62.880918 28.279938 1410698556000 136.73724197306
62.880518 28.281082 1410698559000 135.60252941293
62.880117 28.282204 1410698562000 131.91741545166
62.879726 28.283322 1410698565000 131.64319008624
62.879334 28.284452 1410698568000 132.16953249414
62.87895 28.285611 1410698571000 133.09585399955
62.87861 28.286822 1410698574000 132.6813797973
62.878286 28.288096 1410698577000 131.21233468211
62.877969 28.289339 1410698580000 130.9680180849
62.877658 28.290616 1410698583000 130.73170216328
62.877359 28.291882 1410698586000 131.88953115524
62.877108 28.293145 1410698589000 131.32130676809
62.876878 28.294464 1410698592000 130.58910039081
62.876662 28.295796 1410698595000 131.45684520005
62.876446 28.297106 1410698598000 134.68556733146
62.876249 28.298446 1410698601000 138.71413638207
62.876044 28.29982 1410698604000 140.03047899229
62.875812 28.301142 1410698607000 137.45128558479
62.875609 28.302519 1410698610000 135.43638291732
62.87539 28.303854 1410698613000 134.41989928369
62.875139 28.305108 1410698616000 133.21335501784
62.874809 28.306297 1410698619000 132.80447283322
62.874427 28.307378 1410698622000 131.85749447512
62.874019 28.308508 1410698625000 131.18961764782
62.87362 28.309622 1410698628000 129.14992472665
62.873211 28.310723 1410698631000 127.60486505159
62.872833 28.311888 1410698634000 127.83062689606
62.872521 28.313158 1410698636999 126.33935808534
62.872277 28.314461 1410698639999 124.71744999485
62.872097 28.31585 1410698642999 125.02537151958
62.872047 28.317223 1410698645999 125.90186613051
62.872055 28.318619 1410698648999 126.60135010082
62.872101 28.320051 1410698651999 127.87212664678
62.872145 28.321476 1410698654999 129.01666170006
62.872202 28.322869 1410698657999 128.06251064413
62.872239 28.32423 1410698660999 127.28323290474
62.872277 28.32559 1410698663999 128.67851623823
62.872318 28.326994 1410698666999 127.99408320441
62.872345 28.328324 1410698669999 127.41330054
62.872291 28.329686 1410698672999 127.99090695317
62.872115 28.330996 1410698675999 126.0605402072
62.871924 28.332237 1410698678999 125.39599694931
62.871593 28.333474 1410698681999 126.32417620779
62.871269 28.334678 1410698684999 127.23693764727
62.870939 28.33585 1410698687999 126.99997683602
62.870579 28.336972 1410698690999 128.35125845971
62.870221 28.338168 1410698693999 128.63110368245
62.869877 28.339356 1410698696999 126.35812163747
62.869553 28.340532 1410698699999 123.6693158541
62.869192 28.341684 1410698702999 121.18261935714
62.868832 28.342833 1410698705999 120.02991435173
62.868466 28.343957 1410698708999 118.99779204309
62.868103 28.345056 1410698711999 118.46920072455
62.867738 28.346179 1410698714999 119.19121541477
62.867365 28.347318 1410698717999 121.40444292443
62.867009 28.348465 1410698720999 122.18452970795
62.866717 28.349688 1410698723999 123.6376433268
62.866522 28.350938 1410698726999 124.33415778838
62.866394 28.35233 1410698729999 124.87352137002
62.866356 28.353781 1410698732999 125.66728529206
62.86639 28.355125 1410698735999 129.31618289768
62.866467 28.356426 1410698738999 132.78275226611
62.866555 28.357816 1410698741999 132.28961646607
62.866648 28.359232 1410698744999 131.90204460937
62.866738 28.360596 1410698747999 131.80442754789
62.866835 28.361922 1410698750999 133.45986081348
62.86693 28.363329 1410698753999 135.83945855415
62.867025 28.364702 1410698756999 136.20656182121
62.867108 28.36609 1410698759999 136.77269274392
62.867209 28.36747 1410698762999 136.41816835574
62.867343 28.368857 1410698765999 135.55157640046
62.867537 28.370228 1410698768999 135.09563444109
62.867697 28.371567 1410698771999 134.7023935291
62.867844 28.372861 1410698774999 131.33358568447
62.868023 28.374143 1410698777999 130.64854996913
62.868235 28.375406 1410698780999 132.63085353135
62.868537 28.376535 1410698783999 136.46215477509
62.868956 28.377484 1410698786999 138.54428401284
62.869397 28.378367 1410698789999 141.31309074016
62.869874 28.379222 1410698792999 143.31385854445
62.870316 28.380181 1410698795999 146.53247435311
62.870668 28.381336 1410698798999 149.78423721357
62.870883 28.382604 1410698801999 151.03120591465
62.87095 28.383948 1410698804999 152.61208768784
62.870888 28.385344 1410698807999 154.5801869188
62.870709 28.386613 1410698810999 155.84041507432
62.870408 28.387767 1410698813999 156.79743370535
62.870061 28.388905 1410698816999 159.05533518879
62.869729 28.390012 1410698819999 158.41707888945
62.869404 28.391151 1410698822999 157.80409140644
62.869064 28.39234 1410698825999 157.6755939608
62.868741 28.393546 1410698828999 158.84315784885
62.868417 28.394738 1410698831999 159.08828013186
62.868094 28.395909 1410698834999 158.65568188279
62.86782 28.397145 1410698837999 157.68087109835
62.867674 28.398551 1410698840999 156.908255524
62.86764 28.399958 1410698843999 159.29378933288
62.867697 28.401307 1410698846999 160.17291582287
62.867749 28.402726 1410698849999 160.34847849548
62.867813 28.404077 1410698852999 159.78576019516
62.867943 28.405437 1410698855999 161.63749720032
62.86814 28.406814 1410698858999 163.04127493598
62.868335 28.408167 1410698861999 162.29319788268
62.868487 28.409482 1410698864999 161.38273933598
62.868545 28.41086 1410698867999 159.44611839234
62.868545 28.41221 1410698870999 159.87051208478
62.868487 28.413523 1410698873999 162.01368955014
62.868356 28.414858 1410698876999 163.1106783001
62.86818 28.416164 1410698879999 162.08289350668
62.867985 28.417464 1410698882999 162.97805361115
62.867792 28.41881 1410698885999 165.16740095788
62.8676 28.420179 1410698888999 165.76525159311
62.867424 28.421532 1410698891999 164.94682360582
62.867299 28.422905 1410698894999 164.83212093011
62.867211 28.424273 1410698897999 163.72961969205
62.86714 28.425655 1410698900999 163.85180906265
62.867042 28.427005 1410698903999 161.32876012166
62.866877 28.428335 1410698906999 161.22713317409
62.866672 28.429626 1410698909999 161.51697692335
62.866365 28.43089 1410698912999 163.51064337943
62.866046 28.432077 1410698915999 165.64773088727
62.865716 28.433211 1410698918999 165.40916302265
62.86539 28.434428 1410698921999 166.480862675
62.86506 28.435597 1410698924999 166.16190481554
62.864719 28.436787 1410698927999 165.89844398603
62.864323 28.437804 1410698930999 163.70023402269
62.863892 28.438823 1410698933999 163.27531045059
62.863459 28.439847 1410698936999 162.56180170121
62.863037 28.440879 1410698939999 161.25400360766
62.862626 28.44198 1410698942999 160.71814320243
62.862253 28.443084 1410698945999 161.56057304986
62.861871 28.444173 1410698948999 161.69964702245
62.861477 28.445259 1410698951999 159.87057671887
62.8611 28.446294 1410698954999 156.7977500296
62.860693 28.447355 1410698957999 155.176250667
62.860214 28.448332 1410698960999 156.54771070648
62.859643 28.449073 1410698963999 155.3282383426
62.859044 28.449579 1410698966999 152.89943653317
62.858406 28.449933 1410698969999 150.10243271873
62.857774 28.450233 1410698972999 149.14785139819
62.857124 28.45053 1410698975999 148.26747592736
62.856435 28.450811 1410698978999 146.45124457768
62.855748 28.451111 1410698981999 144.47173492821
62.855068 28.451422 1410698984999 142.19846034135
62.854425 28.451707 1410698987999 140.92262728438
62.853809 28.452038 1410698990999 140.27029000665
62.853188 28.452336 1410698993999 139.25938743403
62.852574 28.452604 1410698996999 138.92284216547
62.851934 28.452889 1410698999999 138.63567539749
62.851319 28.453276 1410699002999 139.20884780544
62.850743 28.453693 1410699005999 138.37713926239
62.850173 28.454106 1410699008999 137.46438316971
62.849576 28.45456 1410699011999 134.64999767859
62.848976 28.455011 1410699014999 135.02200041998
62.848368 28.455468 1410699017999 133.74521982877
62.84776 28.455922 1410699020999 131.70671958788
62.847124 28.456373 1410699023999 131.18112833099
62.846534 28.456819 1410699026999 130.21141569773
62.84588 28.457304 1410699029999 126.98269414263
62.845317 28.457756 1410699032999 126.20919286723
62.844721 28.458225 1410699035999 125.83246152176
62.844104 28.458603 1410699038999 125.72060804448
62.843452 28.458872 1410699041999 127.16441400835
62.842816 28.458937 1410699044999 129.22879914017
62.842156 28.459022 1410699047999 130.608257701
62.841499 28.459084 1410699050999 129.85226187432
62.84085 28.459135 1410699053999 128.80655761268
62.840219 28.45918 1410699056999 128.33882807135
62.839578 28.459219 1410699059999 128.90550030326
62.838957 28.459268 1410699062999 129.38091169866
62.838333 28.459292 1410699065999 131.70930297126
62.837696 28.459314 1410699068999 134.34014266086
62.837052 28.459339 1410699071999 135.59581181439
62.836413 28.459366 1410699074999 134.11271870729
62.835763 28.459395 1410699077999 132.83869080252
62.835108 28.459449 1410699080999 130.81298199512
62.834469 28.459448 1410699083999 130.03742759131
62.833844 28.459468 1410699086999 128.93693300075
62.833199 28.459577 1410699089999 128.96134521878
62.832576 28.459708 1410699092999 129.50391524838
62.8319 28.4599 1410699095999 128.781
62.8313 28.4602 1410699098999 125.958