62.598094 29.744478 1216668868327 -1.0
62.598094 29.744478 1216668875299 -1.0
62.603391 29.758948 1216669027218 -1.0
62.603417 29.758682 1216669035218 -1.0
62.603456 29.758242 1216669043714 -1.0
62.604114 29.756035 1216669092017 -1.0
62.60416 29.755646 1216669100057 -1.0
62.604226 29.755431 1216669108019 -1.0
62.604293 29.755225 1216669116022 -1.0
62.604375 29.754278 1216669132015 -1.0
62.604435 29.754006 1216669140015 -1.0
62.604561 29.753622 1216669148019 -1.0
62.604625 29.753655 1216669156015 -1.0
62.604723 29.753411 1216669164020 -1.0
62.604727 29.75334 1216669172048 -1.0
62.604762 29.753296 1216669180030 -1.0
62.604648 29.75281 1216669188015 -1.0
62.604836 29.752216 1216669196019 -1.0
62.604893 29.752011 1216669204015 -1.0
62.60514 29.750566 1216669220015 -1.0
62.605183 29.750611 1216669228015 -1.0
62.605553 29.749578 1216669236019 -1.0
62.605883 29.74945 1216669244015 -1.0
62.605896 29.749421 1216669252022 -1.0
62.607509 29.747408 1216669268019 -1.0
62.611387 29.743766 1216669340015 -1.0
62.612008 29.743653 1216669348015 -1.0
62.612791 29.742518 1216669364015 -1.0
62.613548 29.740275 1216669396015 -1.0
62.613637 29.740856 1216669404015 -1.0
62.6147 29.742483 1216669428015 -1.0
62.61473 29.742475 1216669436015 -1.0
62.615025 29.742372 1216669444015 -1.0
62.614992 29.742448 1216669452015 -1.0
62.614962 29.742664 1216669460015 -1.0
62.614878 29.742744 1216669468015 -1.0
62.61488 29.742789 1216669476015 -1.0
62.614931 29.742672 1216669484015 -1.0
62.614859 29.742612 1216669492015 -1.0
62.614877 29.742526 1216669500015 -1.0
62.614869 29.742497 1216669508015 -1.0
62.614868 29.742553 1216669516015 -1.0
62.61485 29.742595 1216669524015 -1.0
62.61483 29.7426 1216669532015 -1.0
62.614854 29.74282 1216669540015 -1.0
62.614878 29.742693 1216669548015 -1.0
62.614881 29.74248 1216669556015 -1.0
62.614855 29.742551 1216669564015 -1.0
62.614846 29.742582 1216669572017 -1.0
62.614878 29.742786 1216669580018 -1.0
62.614824 29.742735 1216669588016 -1.0
62.614849 29.742958 1216669596018 -1.0
62.614869 29.743001 1216669604017 -1.0
62.614927 29.743146 1216669612021 -1.0
62.614882 29.743195 1216669620016 -1.0
62.61476 29.743139 1216669636016 -1.0
62.614757 29.743124 1216669644015 -1.0
62.614644 29.743426 1216669668015 -1.0
62.614642 29.743494 1216669676015 -1.0
62.614792 29.74346 1216669684015 -1.0
62.614853 29.743437 1216669692019 -1.0
62.614855 29.743416 1216669700015 -1.0
62.614828 29.743514 1216669724015 -1.0
62.614805 29.743039 1216669772015 -1.0
62.614854 29.742923 1216669796015 -1.0
62.614923 29.74383 1216669812019 -1.0
62.614928 29.74382 1216669820015 -1.0
62.614617 29.743139 1216669836015 -1.0
62.614655 29.743164 1216669844015 -1.0
62.614719 29.74324 1216669852019 -1.0
62.614932 29.743403 1216669940015 -1.0
62.614874 29.743388 1216669948016 -1.0
62.614765 29.742865 1216669980015 -1.0