62.614794 29.74331 1216463244515 -1.0
62.614766 29.743287 1216463249500 -1.0
62.614755 29.743271 1216463254267 -1.0
62.61473 29.74324 1216463259403 -1.0
62.614741 29.743232 1216463264267 -1.0
62.614769 29.743252 1216463269402 -1.0
62.614781 29.743263 1216463274265 -1.0
62.614784 29.743272 1216463279496 -1.0
62.614774 29.743274 1216463284265 -1.0
62.614771 29.74327 1216463289502 -1.0
62.614767 29.743274 1216463294265 -1.0
62.614781 29.743271 1216463299509 -1.0
62.614794 29.743279 1216463304265 -1.0
62.614799 29.743287 1216463309371 -1.0
62.6148 29.74329 1216463314269 -1.0
62.614803 29.743292 1216463319372 -1.0
62.614805 29.743295 1216463324267 -1.0
62.614818 29.743296 1216463329371 -1.0
62.614823 29.743297 1216463334273 -1.0
62.614826 29.743298 1216463339371 -1.0
62.614827 29.743293 1216463344265 -1.0
62.614827 29.743295 1216463349370 -1.0
62.614824 29.743296 1216463354265 -1.0
62.614822 29.743304 1216463359372 -1.0
62.61482 29.743302 1216463364267 -1.0
62.614819 29.743302 1216463369356 -1.0
62.61482 29.743307 1216463374268 -1.0
62.614819 29.743309 1216463379355 -1.0
62.614855 29.743313 1216463384272 -1.0
62.614872 29.743316 1216463389348 -1.0
62.614881 29.743315 1216463394268 -1.0
62.614913 29.743299 1216463399354 -1.0
62.614929 29.743287 1216463404268 -1.0
62.614954 29.74328 1216463409350 -1.0
62.614981 29.743287 1216463414267 -1.0
62.615005 29.743302 1216463419375 -1.0
62.615 29.743302 1216463424437 -1.0
62.614981 29.743296 1216463429265 -1.0
62.614945 29.743283 1216463434445 -1.0
62.614904 29.743246 1216463439265 -1.0
62.614907 29.743242 1216463444438 -1.0
62.614903 29.743231 1216463449265 -1.0
62.614903 29.743223 1216463454410 -1.0
62.6149 29.743221 1216463459265 -1.0
62.614913 29.743219 1216463464446 -1.0
62.614943 29.743208 1216463469265 -1.0
62.615014 29.743187 1216463474337 -1.0
62.615021 29.74319 1216463479265 -1.0
62.615043 29.743203 1216463484428 -1.0
62.615037 29.743198 1216463489266 -1.0
62.61502 29.743178 1216463494326 -1.0
62.61501 29.743173 1216463499265 -1.0
62.615025 29.743178 1216463504426 -1.0
62.615029 29.74318 1216463509268 -1.0
62.61514 29.743516 1216463519401 -1.0
62.615199 29.743676 1216463524265 -1.0
62.615167 29.743573 1216463529265 -1.0
62.614968 29.743197 1216463534374 -1.0
62.614911 29.743047 1216463539265 -1.0
62.614897 29.743013 1216463544295 -1.0
62.614912 29.743065 1216463549267 -1.0
62.614929 29.743138 1216463554265 -1.0
62.614923 29.743237 1216463559269 -1.0
62.614945 29.743261 1216463564265 -1.0
62.614938 29.743284 1216463569292 -1.0
62.614849 29.743275 1216463574409 -1.0
62.614956 29.743307 1216463579384 -1.0
62.614962 29.743326 1216463584266 -1.0
62.615261 29.743619 1216463599265 -1.0
62.615387 29.743698 1216463604339 -1.0
62.615328 29.743567 1216463609266 -1.0
62.615186 29.743471 1216463614356 -1.0
62.615282 29.743433 1216463629265 -1.0
62.615337 29.74353 1216463634265 -1.0
62.614938 29.743361 1216463649265 -1.0
62.614933 29.743339 1216463654268 -1.0
62.614995 29.743364 1216463664265 -1.0
62.615123 29.743405 1216463669346 -1.0
62.615237 29.743487 1216463674265 -1.0
62.615387 29.743573 1216463679346 -1.0
62.615421 29.743525 1216463684337 -1.0
62.615448 29.743483 1216463689265 -1.0
62.615267 29.743352 1216463694329 -1.0
62.615184 29.743259 1216463699265 -1.0
62.615023 29.74312 1216463704325 -1.0
62.615013 29.743172 1216463714326 -1.0
62.615072 29.743263 1216463724303 -1.0
62.614984 29.743224 1216463734269 -1.0
62.615669 29.743494 1216463754265 -1.0
62.615681 29.743538 1216463759292 -1.0
62.615758 29.743564 1216463764268 -1.0
62.615901 29.743613 1216463769265 -1.0
62.616044 29.743723 1216463774299 -1.0
62.616073 29.743756 1216463789272 -1.0
62.615941 29.743588 1216463799283 -1.0
62.615899 29.743448 1216463809319 -1.0
62.615754 29.743648 1216463814265 -1.0
62.615757 29.743634 1216463819315 -1.0
62.615781 29.743669 1216463824265 -1.0
62.615795 29.743665 1216463829289 -1.0
62.615793 29.743604 1216463839269 -1.0
62.615556 29.743598 1216463849269 -1.0
62.615522 29.743597 1216463854267 -1.0