62.614815 29.74333 1216627753289 -1.0
62.614823 29.743413 1216627761254 -1.0
62.614818 29.743398 1216627769296 -1.0
62.614791 29.743428 1216627777257 -1.0
62.614641 29.743609 1216627801250 -1.0
62.614932 29.743649 1216627857250 -1.0
62.614917 29.743646 1216627865250 -1.0
62.614737 29.743283 1216627881253 -1.0
62.614859 29.743731 1216627889250 -1.0
62.614798 29.743723 1216627905254 -1.0
62.614654 29.743155 1216627913250 -1.0
62.614635 29.743276 1216627921257 -1.0
62.614644 29.743269 1216627929250 -1.0
62.614611 29.743277 1216627937250 -1.0
62.614597 29.743289 1216627945257 -1.0
62.614626 29.743319 1216627953250 -1.0
62.61465 29.743273 1216627961257 -1.0
62.614857 29.743484 1216627969250 -1.0
62.614848 29.743507 1216627977252 -1.0
62.614773 29.743431 1216628001640 -1.0
62.614766 29.74342 1216628009250 -1.0
62.614746 29.743352 1216628017250 -1.0
62.614724 29.743363 1216628025251 -1.0
62.614721 29.743594 1216628033250 -1.0
62.614721 29.743584 1216628041253 -1.0
62.614704 29.743529 1216628049250 -1.0
62.614706 29.743552 1216628057251 -1.0
62.614719 29.74356 1216628065250 -1.0
62.614811 29.743536 1216628073250 -1.0
62.615043 29.743888 1216628081251 -1.0
62.615129 29.744039 1216628089250 -1.0
62.615053 29.743818 1216628097253 -1.0
62.615019 29.74375 1216628105250 -1.0
62.614993 29.743642 1216628113250 -1.0
62.614985 29.74355 1216628121250 -1.0
62.61497 29.743523 1216628129250 -1.0
62.614938 29.743535 1216628137253 -1.0
62.614937 29.743674 1216628153674 -1.0
62.614818 29.743543 1216628161576 -1.0
62.614732 29.743427 1216628169671 -1.0
62.614682 29.743372 1216628177577 -1.0
62.61479 29.743294 1216628185698 -1.0
62.61462 29.743446 1216628201253 -1.0
62.614442 29.742942 1216628233560 -1.0
62.614445 29.743007 1216628241250 -1.0
62.614654 29.743288 1216628249584 -1.0
62.614437 29.742944 1216628265560 -1.0
62.614427 29.74286 1216628273546 -1.0
62.614474 29.742796 1216628289253 -1.0
62.614435 29.742807 1216628297250 -1.0
62.614528 29.743119 1216628305250 -1.0
62.614441 29.742939 1216628321260 -1.0
62.614594 29.743329 1216628329296 -1.0
62.614588 29.743311 1216628337260 -1.0
62.61474 29.743366 1216628353480 -1.0
62.614574 29.743178 1216628377250 -1.0
62.614513 29.742687 1216628393250 -1.0
62.614502 29.742409 1216628401250 -1.0
62.61459 29.742819 1216628409253 -1.0
62.614809 29.742914 1216628417250 -1.0
62.615066 29.743117 1216628457513 -1.0
62.615035 29.743121 1216628465514 -1.0
62.614975 29.743051 1216628473518 -1.0
62.614949 29.743039 1216628481251 -1.0
62.614923 29.743041 1216628489252 -1.0
62.614918 29.742981 1216628497250 -1.0
62.614807 29.742978 1216628513250 -1.0
62.6148 29.743056 1216628521502 -1.0
62.614708 29.742892 1216628529481 -1.0
62.614694 29.742886 1216628537254 -1.0
62.614645 29.742891 1216628553252 -1.0
62.614867 29.742381 1216628569252 -1.0