62.618233 29.769539 1217678649998 -1.0
62.618271 29.769615 1217678657984 -1.0
62.618332 29.769705 1217678665953 -1.0
62.618314 29.769701 1217678673953 -1.0
62.618322 29.76972 1217678681956 -1.0
62.618325 29.769718 1217678689953 -1.0
62.618333 29.769726 1217678698090 -1.0
62.618328 29.769712 1217678705956 -1.0
62.618334 29.769708 1217678714016 -1.0
62.618342 29.769702 1217678722017 -1.0
62.618338 29.769698 1217678729953 -1.0
62.618329 29.769703 1217678737955 -1.0
62.618316 29.76963 1217678745953 -1.0
62.618249 29.769421 1217678753953 -1.0
62.618182 29.769203 1217678762010 -1.0
62.61809 29.768092 1217678818970 -1.0
62.618214 29.767998 1217678826941 -1.0
62.618329 29.767912 1217678834922 -1.0
62.618438 29.767739 1217678842915 -1.0
62.618488 29.767532 1217678850924 -1.0
62.618517 29.767222 1217678858958 -1.0
62.618444 29.766735 1217678866923 -1.0
62.618509 29.766363 1217678874922 -1.0
62.618555 29.765921 1217678882921 -1.0
62.618589 29.765755 1217678890921 -1.0
62.618607 29.765742 1217678898921 -1.0
62.61865 29.765618 1217678906921 -1.0
62.618596 29.765104 1217678914922 -1.0
62.618502 29.764584 1217678922926 -1.0
62.618393 29.763951 1217678930922 -1.0
62.618314 29.7633 1217678938925 -1.0
62.618215 29.76273 1217678946921 -1.0
62.618226 29.76209 1217678954922 -1.0
62.618274 29.761372 1217678962924 -1.0
62.618329 29.760698 1217678970923 -1.0
62.618356 29.759928 1217678978922 -1.0
62.618402 29.759213 1217678986924 -1.0
62.618456 29.758633 1217678994922 -1.0
62.618462 29.757917 1217679002959 -1.0
62.618509 29.757239 1217679010922 -1.0
62.618492 29.756437 1217679018921 -1.0
62.618531 29.755797 1217679026921 -1.0
62.618537 29.755238 1217679034921 -1.0
62.618515 29.754621 1217679042921 -1.0
62.618493 29.753932 1217679050956 -1.0
62.61849 29.753395 1217679058921 -1.0