62.598052 29.744662 1217600825412 -1.0
62.598476 29.744919 1217600849421 -1.0
62.5988 29.744951 1217600865406 -1.0
62.5989 29.745042 1217600873406 -1.0
62.599032 29.745105 1217600881406 -1.0
62.599108 29.745304 1217600889406 -1.0
62.59917 29.745485 1217600897406 -1.0
62.599368 29.745699 1217600905410 -1.0
62.599919 29.746114 1217600913406 -1.0
62.600407 29.74659 1217600921410 -1.0
62.600645 29.74677 1217600929406 -1.0
62.600719 29.746871 1217600937410 -1.0
62.601233 29.747194 1217600945406 -1.0
62.60119 29.747466 1217600953410 -1.0
62.601348 29.747793 1217600961408 -1.0
62.60153 29.748264 1217600969424 -1.0
62.601774 29.748744 1217600977406 -1.0
62.602069 29.748573 1217600985410 -1.0
62.602496 29.748493 1217600993408 -1.0
62.602682 29.748895 1217601001409 -1.0
62.602809 29.749153 1217601009407 -1.0
62.602951 29.749412 1217601017406 -1.0
62.603134 29.749763 1217601025406 -1.0
62.60342 29.74997 1217601033849 -1.0
62.603573 29.750236 1217601041406 -1.0
62.603809 29.750678 1217601049406 -1.0
62.604533 29.750687 1217601057406 -1.0
62.604807 29.750605 1217601065831 -1.0
62.604998 29.750557 1217601073406 -1.0
62.605535 29.749726 1217601089406 -1.0
62.605747 29.749488 1217601097737 -1.0
62.605868 29.749357 1217601105813 -1.0
62.605874 29.74934 1217601113408 -1.0
62.60689 29.748607 1217601121799 -1.0
62.607154 29.748347 1217601129798 -1.0
62.607318 29.748116 1217601137410 -1.0