62.616124 29.754148 1217672603734 -1.0
62.616145 29.754467 1217672612171 -1.0
62.616213 29.754985 1217672619721 -1.0
62.616263 29.75549 1217672627753 -1.0
62.616307 29.756027 1217672635721 -1.0
62.616314 29.756681 1217672644049 -1.0
62.616328 29.757499 1217672651725 -1.0
62.616377 29.758267 1217672659718 -1.0
62.616376 29.759089 1217672668129 -1.0
62.616358 29.759817 1217672675718 -1.0
62.616219 29.760532 1217672684149 -1.0
62.616127 29.761251 1217672691718 -1.0
62.616225 29.761655 1217672700063 -1.0
62.61656 29.761672 1217672708147 -1.0
62.617052 29.761769 1217672716124 -1.0
62.61755 29.761892 1217672724122 -1.0
62.617871 29.761989 1217672732048 -1.0
62.618095 29.762066 1217672739992 -1.0
62.618207 29.762408 1217672748109 -1.0
62.618259 29.762938 1217672755998 -1.0
62.618353 29.763538 1217672764091 -1.0
62.618476 29.764254 1217672771982 -1.0
62.618634 29.765033 1217672780076 -1.0
62.6188 29.765823 1217672787983 -1.0
62.618984 29.766508 1217672796083 -1.0
62.619162 29.76674 1217672803983 -1.0
62.619158 29.767261 1217672811966 -1.0
62.619244 29.767844 1217672820053 -1.0
62.619332 29.768533 1217672827951 -1.0
62.619327 29.769224 1217672836044 -1.0
62.61929 29.769531 1217672843934 -1.0
62.619292 29.769562 1217672852046 -1.0