62.616912 29.77662 1217677142566 -1.0
62.616912 29.776567 1217677150542 -1.0
62.616893 29.776518 1217677158556 -1.0
62.616891 29.776523 1217677166517 -1.0
62.616866 29.776526 1217677174516 -1.0
62.616848 29.776485 1217677182537 -1.0
62.616839 29.776408 1217677190532 -1.0
62.616871 29.775737 1217677198515 -1.0
62.616917 29.775692 1217677206519 -1.0
62.61692 29.775771 1217677214515 -1.0
62.616902 29.775469 1217677222538 -1.0
62.616943 29.77533 1217677230515 -1.0
62.617129 29.775144 1217677238519 -1.0
62.617522 29.774932 1217677246531 -1.0
62.617637 29.774806 1217677254515 -1.0
62.617697 29.774722 1217677262535 -1.0
62.617814 29.774625 1217677270531 -1.0
62.617939 29.774547 1217677278531 -1.0
62.618649 29.772044 1217677302515 -1.0
62.618825 29.772006 1217677310519 -1.0
62.618926 29.77148 1217677318515 -1.0
62.619005 29.771299 1217677326519 -1.0
62.619145 29.770369 1217677334515 -1.0
62.619226 29.770231 1217677342519 -1.0
62.619409 29.770071 1217677350515 -1.0
62.619374 29.769664 1217677358519 -1.0
62.61931 29.769723 1217677366515 -1.0
62.619038 29.769727 1217677374519 -1.0
62.618882 29.769823 1217677382531 -1.0
62.618841 29.769861 1217677390531 -1.0
62.618854 29.769775 1217677398519 -1.0
62.618895 29.769718 1217677406515 -1.0
62.618844 29.769839 1217677414519 -1.0
62.618771 29.769921 1217677422515 -1.0
62.618641 29.770013 1217677430515 -1.0
62.618554 29.770065 1217677438522 -1.0