60.43357 22.935877 1218519303920 -1.0
60.434338 22.941596 1218519311705 -1.0
60.434929 22.946408 1218519319735 -1.0
60.435416 22.959084 1218519337321 -1.0
60.435224 22.963915 1218519344635 -1.0
60.43481 22.970002 1218519354046 -1.0
60.434552 22.973664 1218519359752 -1.0
60.434048 22.980131 1218519367782 -1.0
60.433519 22.984606 1218519375762 -1.0
60.432992 22.988368 1218519383773 -1.0
60.431773 22.994828 1218519391918 -1.0
60.431001 22.999284 1218519399843 -1.0
60.430271 23.005918 1218519410344 -1.0
60.429692 23.009587 1218519415843 -1.0
60.428886 23.015928 1218519425171 -1.0
60.428309 23.021495 1218519431765 -1.0
60.428021 23.025039 1218519440890 -1.0
60.42819 23.029365 1218519447781 -1.0
60.427979 23.037839 1218519459140 -1.0
60.4276 23.040818 1218519465125 -1.0
60.427269 23.045917 1218519475203 -1.0
60.427492 23.048447 1218519479765 -1.0
60.427188 23.05302 1218519490718 -1.0
60.425611 23.058544 1218519495765 -1.0
60.423398 23.069547 1218519507725 -1.0
60.422558 23.07473 1218519520176 -1.0
60.422337 23.077732 1218519527765 -1.0
60.421657 23.082457 1218519536812 -1.0
60.419598 23.09115 1218519546458 -1.0
60.417233 23.108288 1218519561531 -1.0
60.41744 23.111111 1218519571578 -1.0
60.418241 23.117665 1218519584506 -1.0
60.418245 23.126345 1218519591750 -1.0
60.418655 23.131094 1218519603390 -1.0
60.418757 23.131085 1218519607767 -1.0
60.418993 23.131204 1218519615781 -1.0
60.41947 23.131939 1218519623845 -1.0
60.418072 23.143627 1218519639843 -1.0
60.418669 23.160344 1218519650396 -1.0
60.416897 23.168893 1218519662648 -1.0
60.416872 23.176228 1218519680359 -1.0