60.371744 23.433939 1218520332458 -1.0
60.372829 23.46437 1218520393578 -1.0
60.372939 23.469591 1218520400718 -1.0
60.374603 23.474545 1218520415953 -1.0
60.374118 23.49443 1218520448645 -1.0
60.374488 23.499543 1218520456302 -1.0
60.375047 23.502421 1218520463830 -1.0
60.376326 23.507898 1218520472250 -1.0
60.377356 23.512067 1218520479739 -1.0
60.378959 23.518406 1218520489468 -1.0
60.37988 23.522335 1218520497265 -1.0
60.379861 23.52602 1218520503781 -1.0
60.38154 23.565047 1218520569583 -1.0
60.37984 23.57672 1218520596562 -1.0
60.375523 23.611184 1218520691146 -1.0
60.372352 23.631837 1218520741253 -1.0
60.371888 23.634506 1218520753798 -1.0
60.371882 23.635343 1218520759781 -1.0