62.612035 29.742465 1218092625866 -1.0
62.611953 29.742521 1218092633844 -1.0
62.61191 29.742653 1218092641851 -1.0
62.611837 29.742674 1218092649848 -1.0
62.611707 29.742738 1218092657844 -1.0
62.611416 29.74315 1218092665836 -1.0
62.611154 29.743442 1218092673829 -1.0
62.610946 29.743819 1218092681832 -1.0
62.610988 29.743589 1218092689829 -1.0
62.61103 29.743587 1218092697828 -1.0
62.611092 29.743538 1218092705829 -1.0
62.611141 29.743557 1218092713829 -1.0
62.611164 29.743596 1218092721832 -1.0
62.611148 29.743693 1218092729829 -1.0
62.61105 29.743818 1218092737829 -1.0
62.61087 29.744011 1218092745829 -1.0
62.61063 29.744171 1218092753837 -1.0
62.610344 29.744408 1218092761841 -1.0
62.609973 29.74486 1218092769829 -1.0
62.609834 29.745034 1218092777836 -1.0
62.609724 29.745313 1218092785838 -1.0
62.609457 29.745483 1218092793833 -1.0
62.608985 29.745887 1218092801830 -1.0
62.608647 29.746337 1218092809830 -1.0
62.608334 29.746684 1218092817833 -1.0
62.608039 29.747158 1218092825834 -1.0
62.607765 29.747454 1218092833840 -1.0
62.607461 29.747853 1218092841838 -1.0
62.607127 29.748264 1218092849837 -1.0
62.606847 29.748541 1218092857830 -1.0
62.606414 29.749093 1218092865830 -1.0
62.606125 29.749448 1218092873830 -1.0
62.605881 29.749675 1218092881840 -1.0
62.605366 29.750312 1218092889841 -1.0
62.605119 29.750597 1218092897842 -1.0
62.605052 29.75044 1218092905859 -1.0
62.604816 29.750549 1218092913830 -1.0
62.60454 29.750357 1218092921830 -1.0
62.604181 29.750299 1218092929830 -1.0
62.603845 29.750056 1218092937830 -1.0
62.603612 29.74971 1218092945830 -1.0
62.60329 29.74972 1218092953830 -1.0
62.602939 29.749965 1218092961830 -1.0
62.602629 29.750232 1218092969830 -1.0
62.602358 29.750484 1218092977833 -1.0
62.602233 29.750502 1218092985852 -1.0
62.602204 29.750482 1218092993862 -1.0
62.602253 29.750018 1218093001830 -1.0
62.602285 29.749298 1218093009830 -1.0
62.602314 29.748991 1218093017841 -1.0
62.602394 29.748575 1218093025830 -1.0
62.602322 29.748179 1218093033830 -1.0
62.601985 29.747958 1218093041830 -1.0
62.601512 29.747644 1218093049830 -1.0
62.601119 29.747207 1218093057830 -1.0
62.600824 29.746976 1218093065837 -1.0
62.600485 29.746778 1218093073839 -1.0
62.600178 29.746532 1218093081846 -1.0
62.599814 29.74613 1218093089863 -1.0
62.599515 29.746035 1218093097831 -1.0
62.599141 29.745622 1218093105836 -1.0
62.598838 29.745308 1218093113836 -1.0
62.598578 29.745083 1218093121831 -1.0
62.598319 29.744842 1218093129831 -1.0
62.598224 29.744697 1218093137831 -1.0
62.598183 29.744603 1218093145831 -1.0
62.598027 29.744483 1218093153837 -1.0
62.597892 29.74445 1218093161857 -1.0
62.597765 29.74453 1218093169831 -1.0
62.597715 29.744587 1218093177831 -1.0
62.597724 29.744584 1218093185831 -1.0
62.597679 29.744521 1218093193831 -1.0
62.597689 29.744375 1218093201831 -1.0