47.682976 26.028343 1219943275596 -1.0
47.682982 26.028293 1219943283593 -1.0
47.682998 26.028237 1219943291593 -1.0
47.682988 26.02828 1219943299593 -1.0
47.682963 26.028372 1219943307596 -1.0
47.682972 26.028351 1219943315613 -1.0
47.68299 26.028275 1219943323593 -1.0
47.682983 26.028312 1219943331593 -1.0
47.682771 26.029134 1219943371593 -1.0
47.682761 26.029349 1219943379596 -1.0
47.682787 26.029355 1219943387613 -1.0
47.682825 26.028889 1219943395579 -1.0
47.682839 26.028888 1219943403727 -1.0