60.209539 24.945218 1219813288972 -1.0
60.209545 24.945334 1219813304562 -1.0
60.209572 24.945301 1219813316018 -1.0
60.209685 24.945324 1219813324046 -1.0
60.209976 24.945096 1219813331828 -1.0
60.210158 24.945047 1219813339865 -1.0
60.21055 24.944815 1219813347861 -1.0
60.210806 24.944728 1219813356296 -1.0
60.234812 24.94578 1219813522596 -1.0
60.237159 24.947636 1219813534551 -1.0
60.238287 24.948219 1219813541678 -1.0
60.239621 24.948351 1219813549234 -1.0
60.257692 24.957391 1219813673690 -1.0
60.258669 24.959913 1219813680015 -1.0
60.259505 24.961297 1219813686707 -1.0