62.603751 29.746587 1239879988609 -1.0
62.603721 29.746552 1239879997609 -1.0
62.603576 29.746247 1239880006752 -1.0
62.603629 29.746291 1239880015619 -1.0
62.603703 29.746012 1239880024662 -1.0
62.603663 29.746131 1239880033758 -1.0
62.603675 29.746158 1239880042651 -1.0
62.603712 29.745797 1239880051744 -1.0
62.603698 29.745613 1239880060623 -1.0
62.603265 29.745118 1239880069617 -1.0
62.603039 29.744835 1239880078630 -1.0
62.602739 29.74486 1239880087623 -1.0
62.602344 29.744766 1239880096783 -1.0
62.602068 29.744136 1239880105699 -1.0
62.60192 29.743617 1239880114690 -1.0
62.60179 29.743345 1239880123773 -1.0
62.601761 29.743234 1239880132645 -1.0
62.601717 29.743213 1239880141731 -1.0
62.601554 29.743122 1239880159648 -1.0
62.601422 29.743022 1239880168617 -1.0