62.610863 29.75961 1240746911716 -1.0
62.610883 29.759339 1240746920609 -1.0
62.61089 29.759324 1240746929605 -1.0
62.610859 29.759195 1240746956706 -1.0
62.611061 29.758279 1240746974613 -1.0
62.611154 29.757538 1240746983703 -1.0
62.611228 29.757269 1240746992621 -1.0
62.611336 29.756941 1240747001692 -1.0
62.611522 29.756425 1240747010620 -1.0
62.611633 29.755936 1240747019705 -1.0
62.611772 29.7553 1240747028587 -1.0
62.612115 29.75449 1240747037724 -1.0
62.612335 29.754268 1240747046605 -1.0
62.612973 29.75323 1240747064700 -1.0
62.613261 29.753136 1240747073600 -1.0
62.613588 29.753111 1240747082586 -1.0
62.613947 29.752572 1240747091588 -1.0
62.614257 29.752381 1240747100620 -1.0
62.61446 29.752196 1240747109604 -1.0
62.614558 29.752127 1240747118693 -1.0
62.614773 29.751601 1240747127607 -1.0
62.615144 29.7507 1240747145719 -1.0
62.615232 29.750145 1240747163605 -1.0
62.615186 29.749348 1240747172755 -1.0
62.615227 29.749007 1240747181597 -1.0
62.615316 29.748824 1240747190590 -1.0
62.615428 29.748648 1240747199600 -1.0
62.615626 29.748081 1240747208599 -1.0
62.615641 29.747571 1240747217634 -1.0
62.615572 29.746634 1240747226708 -1.0
62.61551 29.745922 1240747235612 -1.0
62.615423 29.7454 1240747244705 -1.0
62.615422 29.744812 1240747253605 -1.0
62.615446 29.744248 1240747262718 -1.0
62.615417 29.743905 1240747271608 -1.0
62.615275 29.743373 1240747280607 -1.0
62.614969 29.743002 1240747334683 -1.0
62.614958 29.742999 1240747343613 -1.0