62.893963 27.671354 1240657747315 -1.0
62.894046 27.671318 1240657756312 -1.0
62.894165 27.671257 1240657765422 -1.0
62.894237 27.671224 1240657774332 -1.0
62.894315 27.671214 1240657783337 -1.0
62.894453 27.671181 1240657792369 -1.0
62.894489 27.671021 1240657803180 -1.0
62.894504 27.670756 1240657810439 -1.0
62.894515 27.670477 1240657819379 -1.0
62.894515 27.670275 1240657828333 -1.0
62.894515 27.670275 1240657828333 -1.0
62.89451 27.670083 1240657837320 -1.0
62.894505 27.66988 1240657846320 -1.0
62.894493 27.669689 1240657855320 -1.0
62.894479 27.669448 1240657864385 -1.0
62.894466 27.6693 1240657873323 -1.0
62.894453 27.669057 1240657882384 -1.0
62.894445 27.668917 1240657891457 -1.0
62.894432 27.668739 1240657900358 -1.0
62.894418 27.668494 1240657909418 -1.0
62.894426 27.668215 1240657918350 -1.0
62.894447 27.668029 1240657927593 -1.0
62.894472 27.667916 1240657936325 -1.0
62.894496 27.667836 1240657945323 -1.0
62.894582 27.667804 1240657954466 -1.0
62.894582 27.667804 1240657955346 -1.0
62.894592 27.667806 1240657956435 -1.0
62.895385 27.667687 1240658027921 -1.0
62.89544 27.667693 1240658036933 -1.0
62.89548 27.667669 1240658045975 -1.0
62.895595 27.667527 1240658054977 -1.0
62.895683 27.667473 1240658064043 -1.0
62.895778 27.667368 1240658072933 -1.0
62.895923 27.667052 1240658088162 -1.0
62.895937 27.667051 1240658090972 -1.0
62.896011 27.666921 1240658099964 -1.0