62.614799 29.742592 1240393676786 -1.0
62.614819 29.74253 1240393685872 -1.0
62.614805 29.742594 1240393694828 -1.0
62.61438 29.741116 1240393739791 -1.0
62.61438 29.741116 1240393739791 -1.0
62.610812 29.742059 1240393847901 -1.0
62.607178 29.748076 1240393919810 -1.0
62.606471 29.748444 1240393937903 -1.0
62.605245 29.749492 1240393964789 -1.0
62.605245 29.749492 1240393964789 -1.0
62.604319 29.749526 1240393991837 -1.0
62.604319 29.749526 1240393991837 -1.0
62.603943 29.749532 1240394000802 -1.0
62.603693 29.749283 1240394009789 -1.0
62.602636 29.748546 1240394045789 -1.0
62.602575 29.748616 1240394054802 -1.0
62.602565 29.748466 1240394072823 -1.0
62.602549 29.748404 1240394081798 -1.0
62.60022 29.747046 1240394126789 -1.0
62.60022 29.747046 1240394126789 -1.0
62.600108 29.746897 1240394135802 -1.0
62.600108 29.746897 1240394135802 -1.0
62.597928 29.744842 1240394207808 -1.0
62.597983 29.744611 1240394216816 -1.0
62.598072 29.743545 1240394270934 -1.0
62.598085 29.743504 1240394279841 -1.0
62.598146 29.742652 1240394378889 -1.0
62.598702 29.743231 1240394522810 -1.0
62.598602 29.743943 1240394594887 -1.0
62.598542 29.743611 1240394603815 -1.0
62.598464 29.74343 1240394612799 -1.0
62.598623 29.742816 1240394684789 -1.0
62.598379 29.742724 1240394693803 -1.0