62.615094 29.742704 1240477249165 -1.0
62.614906 29.742755 1240477258397 -1.0
62.614877 29.742755 1240477267184 -1.0
62.614858 29.742758 1240477276177 -1.0
62.61476 29.741938 1240477321272 -1.0
62.614754 29.741497 1240477330189 -1.0
62.614439 29.740921 1240477348170 -1.0
62.609522 29.74463 1240477483247 -1.0
62.608451 29.746666 1240477501315 -1.0
62.607672 29.747539 1240477537216 -1.0
62.6075 29.747936 1240477546179 -1.0
62.606687 29.748188 1240477564325 -1.0
62.606443 29.748698 1240477573257 -1.0
62.605327 29.749898 1240477600265 -1.0
62.605166 29.749773 1240477609418 -1.0
62.604804 29.749575 1240477618219 -1.0
62.604258 29.749376 1240477636229 -1.0
62.604116 29.749429 1240477645252 -1.0
62.603772 29.749656 1240477654276 -1.0
62.603762 29.749644 1240477663356 -1.0
62.603827 29.748995 1240477681196 -1.0
62.603529 29.748683 1240477690166 -1.0
62.602999 29.748702 1240477699380 -1.0
62.602668 29.748458 1240477708307 -1.0
62.602486 29.748328 1240477717171 -1.0
62.601706 29.748017 1240477753285 -1.0
62.600473 29.746991 1240477780336 -1.0
62.600253 29.746531 1240477789349 -1.0
62.599413 29.746351 1240477807265 -1.0
62.599311 29.745383 1240477816188 -1.0
62.597871 29.744336 1240477888509 -1.0
62.597854 29.744271 1240477897295 -1.0