62.599717 29.741474 1241609288359 -1.0
62.59949 29.74223 1241609371140 -1.0
62.599663 29.741939 1241609398154 -1.0
62.598935 29.742912 1241609407161 -1.0
62.598898 29.742879 1241609416213 -1.0
62.59903 29.743404 1241609425182 -1.0
62.599281 29.744376 1241609452150 -1.0
62.599388 29.744616 1241609461150 -1.0
62.599392 29.743064 1241609470150 -1.0
62.599305 29.742878 1241609479150 -1.0
62.599251 29.742929 1241609488141 -1.0
62.599161 29.742919 1241609497140 -1.0
62.599132 29.742916 1241609506160 -1.0
62.599061 29.74289 1241609515141 -1.0
62.598874 29.743559 1241609524140 -1.0
62.598885 29.743736 1241609533160 -1.0
62.598895 29.743861 1241609542140 -1.0
62.598852 29.743928 1241609551140 -1.0
62.598752 29.743259 1241609560161 -1.0
62.599045 29.743372 1241609569140 -1.0
62.599201 29.743256 1241609578162 -1.0
62.599247 29.743189 1241609587141 -1.0
62.599283 29.743094 1241609596140 -1.0