62.598425 29.744557 1249983840686 -1.0
62.598518 29.74468 1249983849633 -1.0
62.598556 29.744749 1249983858706 -1.0
62.598677 29.744996 1249983876774 -1.0
62.598797 29.745119 1249983885603 -1.0
62.598856 29.74518 1249983894585 -1.0
62.598922 29.745281 1249983903585 -1.0
62.598922 29.745281 1249983903585 -1.0
62.599015 29.745373 1249983912590 -1.0
62.599107 29.745473 1249983921602 -1.0
62.599169 29.745523 1249983930599 -1.0
62.599282 29.745631 1249983939623 -1.0
62.599385 29.745723 1249983948588 -1.0
62.599499 29.745825 1249983957738 -1.0
62.599591 29.745896 1249983966852 -1.0
62.599671 29.745977 1249983975629 -1.0