62.598239 29.743605 1249995759761 -1.0
62.59838 29.74357 1249995768617 -1.0
62.598562 29.743346 1249995777640 -1.0
62.598633 29.743367 1249995786755 -1.0
62.598722 29.743343 1249995795640 -1.0
62.598629 29.742939 1249995804617 -1.0
62.598697 29.743034 1249995813617 -1.0
62.598807 29.743223 1249995822617 -1.0
62.598759 29.743364 1249995831640 -1.0
62.598668 29.743557 1249995840617 -1.0
62.598635 29.743811 1249995849632 -1.0
62.598598 29.744072 1249995858617 -1.0
62.598566 29.744263 1249995867649 -1.0
62.59851 29.744519 1249995876617 -1.0
62.598473 29.744693 1249995885640 -1.0
62.598422 29.744706 1249995894682 -1.0
62.598367 29.744671 1249995903617 -1.0
62.59829 29.744595 1249995912617 -1.0
62.598214 29.744431 1249995921617 -1.0
62.598145 29.744422 1249995930648 -1.0
62.598035 29.744423 1249995939617 -1.0
62.598023 29.744504 1249995948649 -1.0