62.615019 29.74377 1249819929109 -1.0
62.615012 29.743801 1249819938110 -1.0
62.614681 29.743925 1249819974109 -1.0
62.614792 29.743741 1249820001113 -1.0
62.61488 29.74409 1249820010114 -1.0
62.614932 29.743895 1249820019109 -1.0
62.615032 29.743489 1249820028120 -1.0
62.615043 29.743381 1249820037109 -1.0
62.615044 29.743395 1249820046161 -1.0
62.614941 29.743561 1249820055109 -1.0
62.6149 29.743555 1249820064187 -1.0
62.614887 29.743525 1249820073109 -1.0
62.614945 29.743474 1249820082120 -1.0
62.614836 29.744099 1249820118109 -1.0
62.61489 29.744036 1249820127119 -1.0
62.614888 29.743968 1249820136109 -1.0
62.614869 29.743924 1249820145119 -1.0
62.614779 29.744016 1249820154109 -1.0
62.614793 29.743936 1249820163119 -1.0
62.614837 29.744011 1249820172109 -1.0
62.614649 29.744417 1249820181109 -1.0
62.614772 29.743877 1249820253169 -1.0
62.61478 29.743744 1249820356629 -1.0
62.614886 29.743763 1249820365630 -1.0