62.615002 29.743057 1250428152921 -1.0
62.615042 29.743127 1250428157912 -1.0
62.615086 29.743117 1250428163003 -1.0
62.615065 29.742963 1250428168034 -1.0
62.615023 29.742872 1250428172957 -1.0
62.614974 29.742838 1250428178271 -1.0
62.614599 29.742611 1250428232934 -1.0
62.615535 29.746064 1250428302883 -1.0
62.615718 29.748678 1250428312914 -1.0
62.615778 29.74885 1250428317918 -1.0
62.615916 29.749154 1250428323040 -1.0
62.616008 29.749751 1250428327906 -1.0
62.616005 29.750153 1250428332883 -1.0
62.615964 29.750626 1250428337943 -1.0
62.615937 29.750955 1250428342883 -1.0
62.615985 29.751262 1250428347903 -1.0
62.616103 29.75117 1250428352883 -1.0
62.616277 29.751145 1250428357884 -1.0
62.616611 29.751 1250428362917 -1.0
62.616765 29.750911 1250428367890 -1.0
62.617072 29.750902 1250428372925 -1.0
62.61729 29.750892 1250428377884 -1.0
62.617501 29.750851 1250428382966 -1.0
62.617758 29.750921 1250428387884 -1.0
62.617912 29.750893 1250428392884 -1.0
62.618108 29.750951 1250428398061 -1.0
62.618254 29.75096 1250428402938 -1.0
62.618337 29.751017 1250428407918 -1.0
62.618417 29.751383 1250428412884 -1.0
62.618547 29.751904 1250428418027 -1.0
62.618547 29.752351 1250428422937 -1.0
62.618541 29.75288 1250428427935 -1.0
62.618526 29.753337 1250428433072 -1.0
62.618523 29.753764 1250428437883 -1.0
62.618524 29.754176 1250428442885 -1.0
62.618525 29.754581 1250428447883 -1.0
62.618536 29.755027 1250428452883 -1.0
62.618583 29.755426 1250428457904 -1.0
62.618556 29.755878 1250428462887 -1.0
62.618587 29.756223 1250428467879 -1.0
62.618542 29.756728 1250428472891 -1.0
62.618494 29.757229 1250428477879 -1.0
62.618465 29.757706 1250428482890 -1.0
62.618436 29.758182 1250428487941 -1.0
62.618408 29.758622 1250428493000 -1.0
62.618476 29.758875 1250428497934 -1.0
62.618419 29.759489 1250428502945 -1.0
62.618376 29.759932 1250428507924 -1.0
62.618355 29.760226 1250428512904 -1.0
62.618332 29.760471 1250428517885 -1.0
62.618334 29.760804 1250428522971 -1.0
62.618328 29.76122 1250428527884 -1.0
62.618318 29.761392 1250428532902 -1.0
62.618357 29.761734 1250428537898 -1.0
62.618344 29.762063 1250428542884 -1.0
62.618512 29.762728 1250428547884 -1.0
62.6185 29.763085 1250428552890 -1.0
62.61849 29.763589 1250428557879 -1.0
62.618442 29.764185 1250428562910 -1.0
62.618551 29.764434 1250428567884 -1.0
62.618596 29.764783 1250428572879 -1.0
62.618701 29.765206 1250428577910 -1.0
62.618749 29.765453 1250428582880 -1.0
62.618782 29.765619 1250428587890 -1.0
62.618804 29.765818 1250428592900 -1.0
62.618887 29.766078 1250428597885 -1.0
62.618856 29.766469 1250428602909 -1.0
62.618861 29.76683 1250428607885 -1.0
62.618894 29.767189 1250428612900 -1.0
62.618973 29.767781 1250428617885 -1.0
62.619037 29.768072 1250428622911 -1.0
62.618992 29.768194 1250428627898 -1.0
62.618888 29.769153 1250428632907 -1.0
62.618943 29.769717 1250428637894 -1.0
62.618924 29.770036 1250428642891 -1.0
62.618904 29.770743 1250428647886 -1.0
62.618807 29.77105 1250428652889 -1.0
62.618653 29.771326 1250428657950 -1.0
62.61852 29.771553 1250428662893 -1.0