62.614657 29.743511 1250928277140 -1.0
62.614657 29.743511 1250928277140 -1.0
62.614815 29.743558 1250928282195 -1.0
62.61481 29.743594 1250928287140 -1.0
62.615016 29.743451 1250928302140 -1.0
62.615065 29.743436 1250928307169 -1.0
62.615056 29.743836 1250928312145 -1.0
62.614928 29.74424 1250928352157 -1.0
62.614889 29.744135 1250928357140 -1.0
62.614979 29.743786 1250928367150 -1.0
62.615045 29.74455 1250928417142 -1.0
62.615098 29.744374 1250928422214 -1.0
62.615086 29.744078 1250928427141 -1.0
62.615009 29.743869 1250928432140 -1.0
62.615011 29.74399 1250928437203 -1.0
62.614962 29.743927 1250928442228 -1.0
62.614971 29.743865 1250928447140 -1.0
62.614986 29.743854 1250928452158 -1.0
62.614994 29.743826 1250928457140 -1.0
62.615005 29.743745 1250928462140 -1.0
62.615006 29.743684 1250928467140 -1.0
62.614994 29.743742 1250928472140 -1.0
62.614987 29.743718 1250928477140 -1.0
62.614989 29.743696 1250928482140 -1.0
62.614993 29.743604 1250928487140 -1.0
62.614993 29.743512 1250928492140 -1.0
62.614969 29.743523 1250928497140 -1.0
62.614959 29.743561 1250928502137 -1.0
62.614944 29.743606 1250928507140 -1.0
62.614917 29.743598 1250928512140 -1.0