62.598507 29.743429 1250598481535 -1.0
62.598445 29.743402 1250598487841 -1.0
62.598423 29.743363 1250598492731 -1.0
62.598745 29.743905 1250598506993 -1.0
62.598621 29.743982 1250598551731 -1.0
62.598588 29.743965 1250598557087 -1.0
62.598564 29.743502 1250598566816 -1.0
62.598594 29.743605 1250598573850 -1.0
62.598523 29.743647 1250598584929 -1.0
62.598524 29.743356 1250598610611 -1.0
62.59849 29.743336 1250598630342 -1.0
62.59849 29.743336 1250598630681 -1.0
62.59849 29.743336 1250598630778 -1.0
62.59849 29.743336 1250598630778 -1.0
62.59849 29.743336 1250598631171 -1.0
62.59849 29.743336 1250598631463 -1.0
62.59849 29.743336 1250598631463 -1.0
62.59849 29.743336 1250598631583 -1.0
62.59849 29.743336 1250598631721 -1.0
62.59849 29.743336 1250598631721 -1.0
62.59849 29.743336 1250598631721 -1.0
62.59849 29.743336 1250598631721 -1.0
62.59849 29.743336 1250598631721 -1.0
62.59849 29.743336 1250598631721 -1.0
62.59849 29.743336 1250598631854 -1.0
62.59849 29.743336 1250598631970 -1.0
62.59849 29.743336 1250598631970 -1.0
62.59849 29.743336 1250598632103 -1.0
62.59849 29.743336 1250598632103 -1.0