62.61494 29.742918 1250698588377 -1.0
62.614939 29.742888 1250698593380 -1.0
62.61487 29.743112 1250698623378 -1.0
62.614912 29.74338 1250698628375 -1.0
62.614928 29.743287 1250698633375 -1.0
62.614904 29.743276 1250698638375 -1.0
62.6149 29.743237 1250698643375 -1.0
62.6149 29.743237 1250698643375 -1.0
62.614908 29.74319 1250698648375 -1.0
62.614908 29.74319 1250698648375 -1.0
62.614921 29.743137 1250698653375 -1.0
62.614919 29.74304 1250698658382 -1.0
62.61495 29.743069 1250698663375 -1.0
62.614867 29.74238 1250698673375 -1.0
62.61489 29.742673 1250698698377 -1.0
62.614864 29.742899 1250698703375 -1.0
62.614851 29.742898 1250698708382 -1.0
62.614853 29.742937 1250698713375 -1.0