62.598803 29.759165 1250339446604 -1.0
62.598781 29.759224 1250339455725 -1.0
62.598764 29.759281 1250339464625 -1.0
62.598825 29.759256 1250339473603 -1.0
62.598825 29.75919 1250339482725 -1.0
62.59904 29.759244 1250339491623 -1.0
62.599084 29.759287 1250339500636 -1.0
62.599125 29.759373 1250339509655 -1.0
62.599209 29.759459 1250339518706 -1.0
62.599266 29.759536 1250339527603 -1.0
62.59932 29.759617 1250339536722 -1.0
62.599243 29.759574 1250339545601 -1.0
62.599292 29.759941 1250339554601 -1.0
62.599502 29.760112 1250339563601 -1.0
62.59983 29.760269 1250339572601 -1.0
62.599991 29.760339 1250339581601 -1.0
62.599991 29.760339 1250339581601 -1.0
62.600139 29.760706 1250339590603 -1.0
62.600473 29.76126 1250339599603 -1.0
62.600743 29.761637 1250339608695 -1.0
62.600993 29.761851 1250339617625 -1.0
62.601163 29.76211 1250339626601 -1.0
62.602041 29.761956 1250339644603 -1.0
62.602212 29.762186 1250339653709 -1.0
62.6024 29.7625 1250339662603 -1.0
62.603114 29.762332 1250339680636 -1.0
62.60354 29.762297 1250339689640 -1.0
62.603363 29.761385 1250339698618 -1.0
62.60326 29.760646 1250339707670 -1.0
62.603739 29.75986 1250339716651 -1.0
62.603849 29.759867 1250339725603 -1.0
62.603852 29.759555 1250339734603 -1.0
62.604572 29.7604 1250339752709 -1.0
62.604788 29.76071 1250339761617 -1.0
62.605143 29.760896 1250339770712 -1.0
62.605738 29.761617 1250339788688 -1.0
62.606518 29.762282 1250339815616 -1.0
62.606794 29.76247 1250339824601 -1.0
62.607078 29.762675 1250339833611 -1.0
62.607211 29.762873 1250339842601 -1.0
62.607595 29.762958 1250339851603 -1.0
62.607729 29.763157 1250339860603 -1.0
62.608445 29.763587 1250339869721 -1.0
62.608704 29.763876 1250339878603 -1.0
62.609089 29.764256 1250339887704 -1.0
62.609394 29.764489 1250339896625 -1.0
62.609981 29.765069 1250339905601 -1.0
62.610149 29.765219 1250339914604 -1.0
62.610753 29.76566 1250339923722 -1.0
62.610951 29.765804 1250339932629 -1.0
62.611369 29.766288 1250339941726 -1.0
62.61181 29.766706 1250339950737 -1.0
62.612922 29.767725 1250339977719 -1.0
62.613257 29.767887 1250339986640 -1.0
62.613714 29.768117 1250339995718 -1.0
62.613982 29.768479 1250340004603 -1.0
62.614368 29.769123 1250340013627 -1.0
62.614661 29.769573 1250340022631 -1.0
62.614785 29.769747 1250340031604 -1.0
62.615397 29.770358 1250340040630 -1.0
62.615685 29.770552 1250340049601 -1.0
62.616044 29.770922 1250340058659 -1.0
62.616276 29.771211 1250340067604 -1.0
62.61658 29.771858 1250340076601 -1.0
62.616812 29.772139 1250340085614 -1.0
62.617203 29.772455 1250340094613 -1.0
62.617609 29.772855 1250340103614 -1.0
62.617863 29.773009 1250340112601 -1.0
62.618229 29.773249 1250340121615 -1.0
62.618005 29.774994 1250340148622 -1.0
62.617042 29.775963 1250340166601 -1.0
62.616932 29.776204 1250340175617 -1.0
62.616733 29.777116 1250340184716 -1.0
62.616906 29.777172 1250340193603 -1.0