62.615106 29.74244 1250422924737 -1.0
62.614971 29.743046 1250422974424 -1.0
62.614955 29.743169 1250422979429 -1.0
62.614953 29.743143 1250422984472 -1.0
62.614964 29.743161 1250422989454 -1.0
62.614974 29.743205 1250422994433 -1.0
62.614974 29.743221 1250422999438 -1.0
62.614835 29.74332 1250423004367 -1.0
62.614751 29.7433 1250423009386 -1.0
62.614745 29.743305 1250423014367 -1.0
62.614784 29.743362 1250423019367 -1.0
62.614844 29.743418 1250423024395 -1.0
62.614857 29.743442 1250423029367 -1.0
62.614825 29.743655 1250423039401 -1.0
62.614821 29.743688 1250423044371 -1.0
62.614864 29.743696 1250423049368 -1.0
62.614931 29.74367 1250423054364 -1.0
62.614948 29.743631 1250423059378 -1.0
62.61495 29.74383 1250423084367 -1.0
62.614971 29.74378 1250423089403 -1.0
62.614981 29.743793 1250423094367 -1.0
62.61497 29.743826 1250423099367 -1.0
62.614969 29.743814 1250423104367 -1.0
62.614969 29.743814 1250423104367 -1.0
62.614981 29.74382 1250423109367 -1.0
62.614999 29.743832 1250423114377 -1.0
62.614999 29.743832 1250423114377 -1.0
62.614998 29.743781 1250423119368 -1.0
62.615027 29.743687 1250423124363 -1.0
62.615067 29.743641 1250423129367 -1.0
62.614792 29.743538 1250423139457 -1.0
62.614787 29.743482 1250423144391 -1.0
62.61482 29.74333 1250423149414 -1.0
62.614864 29.743264 1250423154367 -1.0
62.614912 29.743217 1250423159390 -1.0
62.61492 29.743175 1250423164367 -1.0
62.614938 29.743113 1250423169367 -1.0
62.614938 29.743113 1250423169367 -1.0