62.598521 29.743596 1250334775612 -1.0
62.598583 29.743522 1250334784603 -1.0
62.598616 29.743549 1250334793625 -1.0
62.598614 29.743477 1250334802602 -1.0
62.598601 29.743385 1250334811616 -1.0
62.598605 29.743392 1250334820601 -1.0
62.598587 29.743245 1250334829601 -1.0
62.598549 29.743457 1250334838601 -1.0
62.598499 29.743622 1250334847608 -1.0
62.598483 29.743575 1250334856615 -1.0
62.598549 29.743732 1250334865601 -1.0
62.59868 29.744207 1250334874601 -1.0
62.598665 29.744506 1250334883601 -1.0
62.598778 29.744918 1250334892604 -1.0
62.599022 29.745224 1250334901601 -1.0
62.599248 29.745433 1250334910603 -1.0
62.599504 29.745694 1250334919603 -1.0
62.599762 29.745922 1250334928735 -1.0
62.600024 29.746202 1250334937605 -1.0
62.600426 29.74655 1250334946601 -1.0
62.600774 29.746845 1250334955604 -1.0
62.601067 29.747119 1250334964629 -1.0
62.601331 29.747358 1250334973630 -1.0
62.601659 29.747656 1250334982612 -1.0
62.601925 29.747923 1250334991601 -1.0
62.60222 29.748155 1250335000608 -1.0
62.602333 29.748661 1250335009604 -1.0
62.602253 29.749301 1250335018713 -1.0
62.602169 29.750077 1250335027625 -1.0
62.602083 29.750504 1250335036637 -1.0
62.602152 29.750995 1250335045625 -1.0
62.601974 29.751599 1250335054720 -1.0
62.601818 29.752273 1250335063605 -1.0
62.601792 29.752727 1250335072608 -1.0
62.601696 29.753306 1250335081625 -1.0
62.601582 29.753897 1250335090701 -1.0
62.601563 29.75443 1250335099625 -1.0
62.601449 29.75511 1250335108638 -1.0
62.601219 29.755608 1250335117602 -1.0
62.601085 29.756269 1250335126606 -1.0
62.600992 29.756979 1250335135618 -1.0
62.600932 29.757638 1250335144636 -1.0
62.60079 29.758147 1250335153634 -1.0
62.60065 29.758693 1250335162646 -1.0
62.600266 29.760239 1250335189654 -1.0
62.599986 29.760056 1250335198679 -1.0
62.599675 29.75985 1250335207625 -1.0
62.599373 29.759606 1250335216604 -1.0
62.59917 29.759574 1250335225601 -1.0
62.599064 29.759524 1250335234601 -1.0
62.599057 29.759524 1250335243608 -1.0
62.59905 29.759545 1250335252615 -1.0
62.599025 29.759551 1250335261625 -1.0
62.59903 29.759551 1250335270661 -1.0
62.599079 29.759394 1250335279643 -1.0
62.599063 29.759377 1250335288867 -1.0
62.59901 29.759574 1250335297619 -1.0
62.599041 29.759688 1250335306689 -1.0
62.600055 29.760317 1250335468652 -1.0
62.600196 29.760427 1250335477633 -1.0
62.600327 29.76052 1250335486697 -1.0
62.600621 29.760606 1250335504601 -1.0
62.600665 29.760638 1250335513600 -1.0
62.600756 29.760915 1250335522601 -1.0
62.600876 29.760894 1250335531601 -1.0
62.601274 29.761452 1250335567601 -1.0
62.601388 29.761556 1250335576601 -1.0
62.601538 29.761643 1250335585601 -1.0
62.601534 29.761652 1250335594602 -1.0