62.602502 29.762317 1250868971400 -1.0
62.602554 29.762586 1250868976390 -1.0
62.602536 29.762654 1250868981390 -1.0
62.602536 29.762654 1250868981390 -1.0
62.602537 29.762663 1250868986390 -1.0
62.60294 29.761628 1250869001390 -1.0
62.60266 29.762436 1250869006390 -1.0
62.602588 29.762682 1250869011400 -1.0
62.602596 29.762705 1250869016390 -1.0
62.60262 29.762625 1250869021390 -1.0
62.602663 29.762538 1250869026390 -1.0
62.602754 29.762276 1250869031390 -1.0
62.602809 29.762205 1250869036390 -1.0
62.60284 29.762145 1250869041390 -1.0
62.602848 29.762136 1250869046390 -1.0
62.602964 29.761822 1250869051390 -1.0
62.60316 29.761026 1250869061390 -1.0
62.603221 29.760679 1250869076390 -1.0
62.6033 29.760272 1250869081390 -1.0
62.603497 29.759848 1250869086390 -1.0
62.603524 29.759236 1250869091390 -1.0
62.603482 29.759052 1250869096390 -1.0
62.603497 29.758988 1250869101390 -1.0
62.603546 29.758916 1250869106390 -1.0
62.603499 29.758531 1250869131390 -1.0
62.60376 29.758405 1250869181390 -1.0
62.603929 29.756396 1250869191390 -1.0
62.604228 29.755475 1250869196390 -1.0
62.604412 29.754573 1250869211390 -1.0
62.604486 29.754352 1250869216390 -1.0
62.604534 29.754276 1250869221390 -1.0
62.604737 29.75264 1250869246390 -1.0
62.604763 29.752472 1250869251390 -1.0
62.60478 29.752122 1250869256390 -1.0
62.604824 29.75194 1250869261390 -1.0
62.604854 29.751716 1250869271390 -1.0
62.605183 29.751479 1250869276390 -1.0
62.605201 29.75133 1250869281390 -1.0
62.605217 29.751227 1250869286390 -1.0
62.605263 29.751118 1250869291390 -1.0
62.605299 29.750939 1250869296390 -1.0
62.605404 29.750897 1250869301390 -1.0
62.605461 29.7509 1250869306390 -1.0
62.605594 29.750908 1250869311390 -1.0
62.605759 29.750866 1250869316390 -1.0
62.605979 29.750745 1250869321390 -1.0
62.606181 29.750663 1250869326390 -1.0
62.606405 29.750152 1250869331390 -1.0
62.606745 29.749219 1250869336390 -1.0
62.606883 29.749107 1250869341390 -1.0
62.606958 29.74911 1250869346390 -1.0
62.607176 29.749103 1250869351390 -1.0
62.607279 29.749054 1250869356390 -1.0
62.60747 29.748919 1250869361390 -1.0
62.607634 29.748757 1250869366390 -1.0
62.608235 29.748529 1250869371390 -1.0
62.608524 29.747154 1250869381390 -1.0
62.608981 29.74658 1250869386390 -1.0
62.609285 29.746167 1250869391390 -1.0
62.609415 29.745982 1250869396390 -1.0
62.609502 29.745931 1250869401390 -1.0
62.609811 29.745829 1250869406390 -1.0
62.610136 29.745859 1250869411394 -1.0
62.610136 29.745859 1250869411394 -1.0
62.610204 29.74588 1250869416390 -1.0
62.610326 29.745665 1250869421390 -1.0
62.610543 29.74566 1250869431390 -1.0
62.610697 29.745607 1250869436390 -1.0
62.611434 29.744124 1250869451390 -1.0
62.611639 29.743671 1250869456390 -1.0
62.611778 29.743369 1250869461390 -1.0
62.611978 29.743204 1250869466390 -1.0
62.612162 29.743111 1250869471390 -1.0
62.612242 29.743055 1250869476390 -1.0
62.613227 29.741081 1250869501390 -1.0
62.613484 29.740688 1250869506390 -1.0
62.613602 29.740232 1250869511390 -1.0
62.61362 29.740166 1250869516390 -1.0
62.613916 29.739844 1250869526390 -1.0
62.614099 29.740314 1250869531390 -1.0
62.614212 29.740453 1250869536390 -1.0
62.614372 29.740905 1250869541390 -1.0
62.614512 29.741121 1250869546390 -1.0
62.614632 29.74127 1250869551390 -1.0
62.614746 29.741327 1250869556390 -1.0
62.614763 29.742256 1250869571390 -1.0
62.614745 29.742281 1250869606390 -1.0
62.614667 29.742257 1250869611390 -1.0
62.614669 29.74227 1250869616390 -1.0
62.614916 29.742992 1250869631390 -1.0
62.614847 29.743245 1250869636390 -1.0
62.614859 29.743728 1250869666390 -1.0
62.614979 29.743609 1250869671390 -1.0
62.614956 29.743554 1250869676390 -1.0
62.614925 29.743462 1250869681390 -1.0
62.614908 29.743424 1250869686390 -1.0
62.614956 29.743069 1250869701390 -1.0
62.615193 29.743606 1250869801390 -1.0