62.614715 29.742728 1250330473708 -1.0
62.614823 29.74262 1250330482617 -1.0
62.614895 29.74259 1250330491611 -1.0
62.61496 29.742516 1250330527608 -1.0
62.614681 29.742747 1250330581601 -1.0
62.614799 29.742444 1250330590601 -1.0
62.614825 29.742425 1250330599603 -1.0
62.614731 29.741225 1250330617599 -1.0
62.614547 29.740757 1250330626601 -1.0
62.614349 29.740302 1250330635601 -1.0
62.614177 29.740205 1250330644601 -1.0
62.613618 29.741447 1250330671601 -1.0
62.609422 29.745839 1250330779608 -1.0