62.615163 29.743372 1250425987765 -1.0
62.615184 29.743313 1250425992590 -1.0
62.615199 29.743266 1250425997648 -1.0
62.615182 29.743143 1250426002582 -1.0
62.61515 29.743116 1250426007590 -1.0
62.615081 29.743248 1250426012582 -1.0
62.615081 29.743248 1250426012582 -1.0
62.615002 29.74337 1250426017582 -1.0
62.614947 29.743523 1250426022610 -1.0
62.614937 29.743577 1250426027582 -1.0
62.614937 29.743577 1250426027582 -1.0
62.614946 29.743557 1250426032586 -1.0
62.614966 29.743548 1250426037591 -1.0
62.614979 29.743541 1250426042582 -1.0
62.61499 29.743546 1250426047582 -1.0
62.614663 29.74439 1250426072593 -1.0
62.614726 29.744127 1250426077593 -1.0
62.614723 29.744031 1250426082590 -1.0
62.614745 29.743981 1250426087587 -1.0
62.614769 29.743925 1250426092587 -1.0
62.614789 29.743878 1250426097590 -1.0
62.614795 29.743925 1250426102589 -1.0
62.614801 29.743933 1250426107582 -1.0
62.61478 29.744107 1250426112582 -1.0
62.614769 29.744194 1250426117582 -1.0
62.614752 29.744191 1250426122582 -1.0
62.614729 29.744143 1250426127582 -1.0