62.598414 29.742258 1250610626232 -1.0
62.598827 29.742354 1250610631093 -1.0
62.59878 29.742584 1250610636078 -1.0
62.598747 29.742734 1250610651078 -1.0
62.598307 29.743501 1250610681078 -1.0
62.598264 29.743479 1250610686117 -1.0
62.59847 29.743873 1250610691079 -1.0
62.598654 29.744817 1250610701078 -1.0
62.598766 29.744729 1250610706078 -1.0
62.598877 29.744706 1250610711078 -1.0
62.598927 29.744809 1250610716078 -1.0
62.598999 29.745204 1250610726078 -1.0
62.599525 29.745831 1250610736078 -1.0
62.600178 29.746344 1250610741075 -1.0
62.60027 29.746457 1250610746089 -1.0
62.600602 29.746459 1250610751078 -1.0
62.600792 29.746769 1250610756078 -1.0
62.600792 29.746769 1250610756078 -1.0
62.600914 29.746914 1250610761078 -1.0
62.600962 29.746962 1250610766078 -1.0
62.600992 29.747015 1250610771078 -1.0
62.600992 29.747015 1250610771078 -1.0
62.601102 29.747223 1250610776078 -1.0
62.601176 29.747253 1250610781078 -1.0
62.602035 29.747261 1250610796078 -1.0
62.602194 29.748068 1250610801078 -1.0
62.60221 29.748157 1250610806078 -1.0
62.602241 29.748642 1250610811105 -1.0
62.602241 29.748642 1250610811105 -1.0
62.602278 29.749225 1250610816078 -1.0
62.602278 29.749225 1250610816078 -1.0
62.602186 29.74948 1250610821078 -1.0
62.602157 29.749591 1250610826078 -1.0
62.602031 29.750014 1250610831078 -1.0
62.602128 29.750289 1250610836078 -1.0
62.602142 29.750429 1250610841078 -1.0
62.602142 29.750429 1250610841078 -1.0
62.602137 29.750441 1250610846078 -1.0
62.602158 29.75095 1250610856078 -1.0
62.601943 29.751809 1250610861078 -1.0
62.602016 29.752128 1250610866078 -1.0
62.601915 29.752091 1250610871078 -1.0
62.601501 29.752448 1250610881078 -1.0
62.601343 29.753649 1250610886078 -1.0
62.601254 29.75444 1250610891078 -1.0
62.601174 29.755505 1250610896078 -1.0
62.601098 29.755724 1250610901078 -1.0
62.601098 29.755724 1250610901078 -1.0
62.601068 29.755915 1250610906078 -1.0
62.601068 29.755915 1250610906078 -1.0
62.601073 29.755988 1250610911078 -1.0
62.601073 29.755988 1250610911078 -1.0
62.601082 29.756085 1250610916078 -1.0
62.601209 29.756031 1250610921078 -1.0
62.601291 29.756081 1250610926078 -1.0
62.601448 29.756257 1250610931078 -1.0
62.601536 29.75637 1250610936078 -1.0
62.601536 29.75637 1250610936078 -1.0
62.601696 29.756673 1250610941078 -1.0
62.601696 29.756673 1250610941078 -1.0
62.601767 29.756771 1250610946078 -1.0
62.601767 29.756771 1250610946078 -1.0
62.601854 29.756925 1250610951078 -1.0
62.601926 29.757059 1250610956078 -1.0
62.601955 29.757139 1250610961078 -1.0
62.602153 29.75752 1250610971078 -1.0
62.600867 29.760082 1250611011078 -1.0
62.60052 29.760682 1250611016078 -1.0
62.600459 29.761078 1250611021078 -1.0
62.600381 29.761937 1250611036078 -1.0
62.602169 29.761744 1250611061078 -1.0