62.603438 29.745304 1250849015953 -1.0
62.603417 29.745276 1250849020959 -1.0
62.603409 29.745245 1250849025967 -1.0
62.603209 29.745159 1250849030953 -1.0
62.603193 29.745302 1250849040951 -1.0
62.603219 29.745161 1250849045953 -1.0
62.603208 29.745159 1250849050963 -1.0
62.603176 29.745139 1250849056034 -1.0
62.603203 29.744968 1250849060953 -1.0
62.603176 29.74492 1250849065953 -1.0
62.603182 29.744838 1250849070967 -1.0
62.60316 29.744898 1250849075953 -1.0
62.603155 29.744885 1250849080953 -1.0
62.603155 29.744885 1250849080953 -1.0
62.603139 29.744918 1250849085953 -1.0
62.603116 29.744983 1250849090953 -1.0
62.603085 29.744966 1250849095953 -1.0
62.603072 29.744899 1250849100953 -1.0
62.60289 29.74485 1250849105953 -1.0
62.602802 29.744789 1250849110953 -1.0
62.602712 29.744641 1250849115953 -1.0
62.602637 29.744603 1250849120953 -1.0
62.602658 29.74458 1250849125953 -1.0
62.602618 29.744531 1250849130953 -1.0
62.602597 29.744464 1250849135953 -1.0
62.602592 29.744459 1250849140953 -1.0
62.60257 29.744449 1250849145953 -1.0
62.602499 29.744501 1250849150953 -1.0
62.602432 29.744492 1250849155953 -1.0
62.602444 29.744467 1250849160953 -1.0
62.602229 29.744271 1250849170953 -1.0
62.60215 29.74436 1250849175953 -1.0
62.602077 29.744391 1250849180953 -1.0
62.602022 29.744314 1250849185953 -1.0
62.601966 29.744277 1250849190953 -1.0
62.601889 29.744217 1250849195953 -1.0
62.601785 29.743879 1250849200953 -1.0
62.601721 29.743767 1250849205953 -1.0
62.601703 29.743808 1250849210953 -1.0
62.601661 29.74387 1250849215953 -1.0
62.601655 29.743878 1250849220953 -1.0
62.601572 29.743955 1250849225953 -1.0
62.601532 29.743987 1250849230953 -1.0
62.601475 29.743906 1250849235953 -1.0
62.601414 29.743851 1250849240953 -1.0
62.601358 29.743786 1250849245953 -1.0
62.60132 29.743774 1250849250953 -1.0
62.60126 29.743729 1250849255953 -1.0
62.601206 29.74371 1250849260953 -1.0
62.60118 29.743701 1250849265953 -1.0
62.601166 29.743697 1250849270953 -1.0
62.601138 29.743688 1250849275953 -1.0
62.60112 29.743645 1250849280953 -1.0
62.601085 29.743609 1250849285953 -1.0
62.60104 29.743533 1250849290953 -1.0
62.60102 29.7435 1250849295953 -1.0
62.600992 29.743458 1250849300953 -1.0
62.600911 29.743301 1250849305953 -1.0
62.600774 29.743266 1250849310953 -1.0
62.600695 29.743267 1250849315953 -1.0
62.600644 29.743199 1250849320953 -1.0
62.600542 29.743178 1250849325953 -1.0
62.600542 29.743178 1250849325953 -1.0
62.600472 29.743166 1250849330953 -1.0
62.600472 29.743166 1250849330953 -1.0
62.600448 29.743188 1250849335953 -1.0
62.600448 29.743188 1250849335953 -1.0
62.600413 29.743187 1250849340953 -1.0
62.600377 29.743162 1250849345953 -1.0
62.600317 29.74313 1250849350953 -1.0
62.600259 29.743105 1250849355953 -1.0
62.600093 29.742795 1250849360953 -1.0
62.600023 29.742794 1250849365953 -1.0
62.599988 29.742799 1250849370953 -1.0
62.599962 29.742816 1250849375953 -1.0
62.599921 29.74283 1250849380953 -1.0
62.599862 29.742778 1250849385953 -1.0
62.599822 29.742729 1250849390953 -1.0
62.599779 29.742684 1250849395953 -1.0
62.599741 29.742642 1250849400953 -1.0
62.599669 29.742597 1250849405953 -1.0
62.599641 29.742575 1250849410953 -1.0
62.599619 29.742556 1250849415953 -1.0
62.599579 29.742551 1250849420953 -1.0
62.599526 29.74253 1250849425953 -1.0
62.599494 29.742411 1250849430953 -1.0
62.599474 29.742401 1250849435953 -1.0
62.599279 29.742212 1250849440953 -1.0
62.59918 29.742154 1250849445953 -1.0
62.599129 29.742119 1250849450953 -1.0
62.59912 29.742135 1250849455953 -1.0
62.599091 29.74222 1250849460953 -1.0
62.599037 29.742226 1250849465953 -1.0
62.598938 29.742208 1250849470953 -1.0
62.598867 29.742291 1250849475953 -1.0
62.598855 29.742291 1250849480953 -1.0
62.598803 29.742615 1250849485953 -1.0
62.598806 29.742658 1250849490953 -1.0
62.598812 29.742684 1250849495953 -1.0
62.598858 29.742791 1250849500953 -1.0
62.598868 29.742892 1250849505953 -1.0
62.598795 29.742858 1250849510953 -1.0
62.598791 29.742837 1250849515953 -1.0
62.598807 29.742827 1250849525953 -1.0
62.598807 29.742827 1250849525953 -1.0
62.598592 29.742934 1250849535953 -1.0
62.598476 29.742999 1250849540953 -1.0
62.59827 29.742673 1250849545953 -1.0
62.598331 29.742867 1250849550953 -1.0
62.598256 29.743015 1250849555953 -1.0
62.598232 29.743134 1250849560953 -1.0
62.598233 29.743149 1250849565953 -1.0