62.603497 29.746081 1250680173095 -1.0
62.603454 29.746081 1250680178085 -1.0
62.60344 29.746044 1250680183101 -1.0
62.603488 29.746058 1250680188090 -1.0
62.603526 29.745966 1250680193093 -1.0
62.60355 29.746005 1250680198084 -1.0
62.603556 29.746081 1250680203102 -1.0
62.603565 29.746027 1250680208218 -1.0
62.603619 29.745911 1250680213090 -1.0
62.603662 29.745545 1250680218093 -1.0
62.60361 29.745329 1250680223087 -1.0
62.603451 29.745366 1250680228093 -1.0
62.603352 29.745312 1250680233093 -1.0
62.603203 29.745133 1250680238093 -1.0
62.603206 29.745002 1250680243093 -1.0
62.603152 29.74512 1250680248093 -1.0
62.603093 29.745255 1250680253093 -1.0
62.603089 29.74524 1250680258093 -1.0
62.603 29.74449 1250680263093 -1.0
62.603 29.74449 1250680263093 -1.0
62.602796 29.744307 1250680273163 -1.0
62.602366 29.744231 1250680278093 -1.0
62.60241 29.744159 1250680283093 -1.0
62.602238 29.744001 1250680288093 -1.0
62.602072 29.743824 1250680293093 -1.0
62.601832 29.743848 1250680298093 -1.0
62.601603 29.74388 1250680303104 -1.0
62.601498 29.743899 1250680308093 -1.0
62.601277 29.743693 1250680313102 -1.0
62.600996 29.74349 1250680318093 -1.0
62.60073 29.743324 1250680323102 -1.0
62.600555 29.743162 1250680328093 -1.0
62.600555 29.743162 1250680328093 -1.0
62.60041 29.743077 1250680333093 -1.0
62.600242 29.743091 1250680338104 -1.0
62.600054 29.743079 1250680343093 -1.0
62.599891 29.742861 1250680348104 -1.0
62.599716 29.742683 1250680353093 -1.0
62.599604 29.742374 1250680358093 -1.0
62.599448 29.74215 1250680363093 -1.0
62.599319 29.741989 1250680368093 -1.0
62.599234 29.742005 1250680373093 -1.0
62.599132 29.742286 1250680378093 -1.0
62.598959 29.742678 1250680383093 -1.0
62.598918 29.742882 1250680388093 -1.0
62.598855 29.743174 1250680393093 -1.0
62.598799 29.743185 1250680398093 -1.0
62.5987 29.743034 1250680403093 -1.0
62.598698 29.743046 1250680408093 -1.0
62.598732 29.743153 1250680413093 -1.0
62.598797 29.743208 1250680418093 -1.0
62.598822 29.743208 1250680423093 -1.0
62.598826 29.743205 1250680428093 -1.0
62.598791 29.74324 1250680433093 -1.0
62.598718 29.743331 1250680438093 -1.0
62.598668 29.74335 1250680443093 -1.0