62.598492 29.742609 1250590413773 -1.0
62.598486 29.742471 1250590418781 -1.0
62.598504 29.742569 1250590423793 -1.0
62.598511 29.742527 1250590428773 -1.0
62.598566 29.742513 1250590433824 -1.0
62.598621 29.742512 1250590438832 -1.0
62.598629 29.742453 1250590443773 -1.0
62.598659 29.742335 1250590448828 -1.0
62.598669 29.742328 1250590453773 -1.0
62.598624 29.742397 1250590458775 -1.0
62.598502 29.742323 1250590463795 -1.0
62.59846 29.742297 1250590468809 -1.0
62.598392 29.742267 1250590473785 -1.0
62.598327 29.742197 1250590478784 -1.0
62.598299 29.7421 1250590483787 -1.0
62.598226 29.741976 1250590488773 -1.0
62.598172 29.741817 1250590493786 -1.0
62.598151 29.74173 1250590498773 -1.0
62.598035 29.742339 1250590503784 -1.0
62.598014 29.742267 1250590508773 -1.0
62.598007 29.742449 1250590513784 -1.0
62.597942 29.742502 1250590518773 -1.0
62.597912 29.742468 1250590523773 -1.0
62.597892 29.74242 1250590528773 -1.0
62.597862 29.742436 1250590533773 -1.0
62.597834 29.74238 1250590538773 -1.0
62.59782 29.74236 1250590543773 -1.0
62.597782 29.74231 1250590548773 -1.0
62.59774 29.742324 1250590553773 -1.0
62.597699 29.742381 1250590558773 -1.0
62.597663 29.742587 1250590563773 -1.0
62.597649 29.742696 1250590568773 -1.0
62.597654 29.742772 1250590573968 -1.0
62.597654 29.742772 1250590573968 -1.0
62.597586 29.742831 1250590578773 -1.0
62.597501 29.743031 1250590583958 -1.0
62.597472 29.743191 1250590588773 -1.0
62.597507 29.743403 1250590593788 -1.0
62.597464 29.743521 1250590598773 -1.0
62.597431 29.743644 1250590603773 -1.0
62.59742 29.743775 1250590608773 -1.0
62.597463 29.743892 1250590613773 -1.0
62.597519 29.743979 1250590618773 -1.0
62.597554 29.743989 1250590623769 -1.0
62.597593 29.743902 1250590628773 -1.0
62.597626 29.744037 1250590633792 -1.0
62.597663 29.744152 1250590638857 -1.0
62.597718 29.744172 1250590643773 -1.0
62.597782 29.74422 1250590648792 -1.0
62.59783 29.744268 1250590653773 -1.0
62.597854 29.744359 1250590658769 -1.0
62.597886 29.744439 1250590663975 -1.0
62.597919 29.744458 1250590668832 -1.0
62.598061 29.744675 1250590678776 -1.0
62.59805 29.744458 1250590683787 -1.0
62.598041 29.744432 1250590688815 -1.0
62.598058 29.744276 1250590693773 -1.0
62.598038 29.744265 1250590698825 -1.0
62.597967 29.744418 1250590703793 -1.0
62.598027 29.745003 1250590723806 -1.0
62.598022 29.744958 1250590728863 -1.0
62.597978 29.74469 1250590733784 -1.0
62.597971 29.744684 1250590738781 -1.0
62.598523 29.744225 1250590788786 -1.0
62.598385 29.743753 1250590793773 -1.0
62.598362 29.743693 1250590798773 -1.0