62.609558 29.763004 1250960611812 -1.0
62.609212 29.763313 1250960641812 -1.0
62.609109 29.763377 1250960646827 -1.0
62.60907 29.763403 1250960651926 -1.0
62.60907 29.763403 1250960651926 -1.0
62.608967 29.763347 1250960656812 -1.0
62.608899 29.763398 1250960661826 -1.0
62.608734 29.763179 1250960666812 -1.0
62.608563 29.763185 1250960671812 -1.0
62.608482 29.763069 1250960676812 -1.0
62.608454 29.763363 1250960681812 -1.0
62.60837 29.763829 1250960687738 -1.0
62.608255 29.764151 1250960691812 -1.0
62.608236 29.764299 1250960696829 -1.0
62.608236 29.764299 1250960696829 -1.0
62.608155 29.764612 1250960701812 -1.0
62.608092 29.764952 1250960706812 -1.0
62.608029 29.765306 1250960711830 -1.0
62.607934 29.765761 1250960716812 -1.0
62.607982 29.76591 1250960722037 -1.0
62.608 29.765991 1250960726828 -1.0
62.607652 29.767309 1250960741812 -1.0
62.607744 29.768459 1250960751817 -1.0
62.607796 29.768785 1250960756812 -1.0
62.607831 29.769038 1250960761812 -1.0
62.607641 29.769601 1250960771812 -1.0
62.607606 29.770911 1250960776822 -1.0
62.607669 29.771306 1250960781812 -1.0
62.607694 29.771755 1250960786822 -1.0
62.607654 29.772332 1250960791966 -1.0
62.607645 29.77268 1250960796812 -1.0
62.607645 29.77268 1250960796812 -1.0
62.607605 29.772856 1250960801812 -1.0
62.607547 29.772941 1250960806822 -1.0
62.607491 29.773436 1250960816812 -1.0
62.607452 29.773612 1250960821909 -1.0
62.607377 29.774053 1250960826902 -1.0
62.607429 29.774964 1250960831912 -1.0
62.607429 29.774964 1250960831912 -1.0
62.60747 29.775432 1250960836903 -1.0
62.607455 29.775806 1250960841914 -1.0
62.607455 29.775806 1250960841914 -1.0
62.607315 29.777588 1250960851823 -1.0
62.60733 29.77831 1250960856823 -1.0
62.607674 29.780697 1250960866877 -1.0
62.60765 29.781033 1250960871812 -1.0
62.607651 29.781313 1250960876885 -1.0
62.60776 29.781706 1250960881866 -1.0
62.607847 29.782156 1250960886900 -1.0
62.607926 29.782785 1250960891906 -1.0
62.607971 29.783188 1250960896869 -1.0
62.608047 29.783515 1250960901823 -1.0
62.608156 29.783713 1250960906812 -1.0
62.608372 29.784204 1250960911851 -1.0
62.608501 29.78447 1250960916872 -1.0
62.608514 29.784736 1250960921867 -1.0
62.608629 29.78498 1250960926841 -1.0
62.608748 29.785187 1250960931812 -1.0
62.60884 29.785345 1250960936812 -1.0
62.609178 29.786642 1250960946816 -1.0
62.60933 29.787228 1250960951812 -1.0
62.609574 29.787794 1250960956812 -1.0
62.609927 29.789288 1250960971812 -1.0
62.60972 29.789719 1250960976812 -1.0
62.610071 29.790818 1250960981812 -1.0
62.610106 29.791895 1250960991812 -1.0
62.610243 29.792171 1250960996812 -1.0
62.610354 29.792385 1250961001812 -1.0
62.610606 29.793354 1250961006812 -1.0
62.610876 29.793669 1250961011812 -1.0
62.610976 29.794364 1250961016812 -1.0
62.610958 29.794601 1250961021812 -1.0
62.610896 29.794806 1250961026812 -1.0
62.610972 29.795031 1250961031812 -1.0
62.611036 29.795225 1250961036812 -1.0
62.611086 29.795437 1250961041812 -1.0
62.611214 29.795717 1250961046812 -1.0
62.611253 29.795824 1250961051812 -1.0
62.611967 29.797044 1250961061812 -1.0
62.612125 29.797306 1250961066812 -1.0
62.612162 29.797224 1250961071812 -1.0
62.611959 29.797728 1250961076812 -1.0
62.611959 29.797728 1250961076812 -1.0
62.612111 29.798154 1250961081812 -1.0
62.612119 29.798267 1250961086812 -1.0
62.612219 29.798397 1250961091812 -1.0
62.612219 29.798397 1250961091812 -1.0
62.612284 29.798452 1250961096826 -1.0
62.612284 29.798452 1250961096826 -1.0
62.612332 29.798448 1250961101812 -1.0
62.612563 29.799041 1250961106812 -1.0
62.6125 29.799452 1250961111812 -1.0
62.612446 29.799772 1250961116812 -1.0
62.612533 29.800089 1250961121812 -1.0
62.612556 29.800371 1250961126812 -1.0
62.613011 29.800719 1250961131812 -1.0
62.613536 29.802272 1250961146828 -1.0
62.613609 29.802605 1250961151812 -1.0
62.613601 29.802775 1250961156812 -1.0
62.613635 29.803088 1250961161812 -1.0
62.613635 29.803088 1250961161812 -1.0
62.613722 29.803294 1250961166812 -1.0
62.61419 29.804956 1250961176812 -1.0
62.614154 29.805226 1250961181812 -1.0
62.614116 29.805654 1250961186812 -1.0
62.614103 29.806047 1250961191812 -1.0
62.614024 29.806571 1250961196812 -1.0
62.613992 29.807436 1250961201812 -1.0
62.614006 29.807651 1250961206812 -1.0
62.614006 29.807651 1250961206812 -1.0
62.613815 29.809045 1250961216812 -1.0
62.613875 29.809472 1250961221812 -1.0
62.614054 29.810377 1250961231812 -1.0
62.614077 29.810707 1250961236812 -1.0
62.614037 29.810789 1250961241812 -1.0
62.614058 29.81143 1250961246812 -1.0
62.614058 29.81143 1250961246812 -1.0
62.614185 29.811829 1250961251826 -1.0
62.61409 29.81212 1250961256812 -1.0
62.614088 29.812386 1250961261822 -1.0
62.614093 29.812518 1250961266816 -1.0
62.614556 29.81368 1250961276816 -1.0
62.614774 29.814124 1250961281812 -1.0
62.61497 29.814424 1250961286812 -1.0
62.614957 29.814958 1250961291812 -1.0
62.614902 29.815393 1250961296812 -1.0
62.614897 29.815665 1250961301812 -1.0
62.615029 29.815904 1250961306812 -1.0
62.615463 29.81747 1250961316812 -1.0
62.615445 29.817884 1250961321812 -1.0
62.615465 29.8184 1250961326812 -1.0
62.61562 29.818559 1250961331812 -1.0
62.615722 29.818618 1250961336812 -1.0
62.615794 29.818804 1250961341812 -1.0
62.6158 29.818833 1250961346812 -1.0
62.615804 29.818917 1250961351812 -1.0
62.616032 29.819536 1250961366812 -1.0
62.616119 29.820075 1250961371812 -1.0
62.616227 29.820297 1250961376812 -1.0
62.616803 29.823021 1250961401812 -1.0
62.61682 29.823201 1250961406812 -1.0
62.616928 29.823577 1250961411812 -1.0
62.616771 29.824189 1250961416812 -1.0
62.616771 29.824189 1250961416812 -1.0
62.616871 29.824498 1250961421812 -1.0
62.616963 29.82491 1250961426812 -1.0
62.616941 29.82529 1250961431812 -1.0
62.616922 29.825597 1250961436812 -1.0
62.616922 29.825597 1250961436812 -1.0
62.616927 29.826269 1250961441842 -1.0
62.616952 29.826622 1250961446812 -1.0
62.617004 29.827688 1250961451816 -1.0
62.616987 29.828319 1250961456812 -1.0
62.617006 29.82874 1250961461826 -1.0
62.617023 29.829095 1250961466812 -1.0
62.617161 29.830035 1250961471812 -1.0
62.617157 29.830715 1250961476812 -1.0
62.617152 29.831458 1250961486823 -1.0
62.617077 29.831901 1250961491812 -1.0
62.616936 29.832144 1250961496812 -1.0
62.616944 29.832423 1250961501812 -1.0
62.616884 29.833005 1250961506812 -1.0
62.616723 29.833575 1250961511823 -1.0
62.616723 29.833575 1250961511823 -1.0
62.616728 29.833844 1250961516812 -1.0
62.616748 29.834222 1250961521812 -1.0
62.616823 29.83475 1250961526812 -1.0
62.616734 29.836026 1250961531812 -1.0
62.616707 29.836884 1250961536812 -1.0
62.616707 29.836884 1250961536812 -1.0
62.616689 29.837243 1250961541812 -1.0
62.616679 29.837502 1250961546812 -1.0
62.616621 29.838487 1250961556812 -1.0
62.616621 29.838487 1250961556812 -1.0
62.616598 29.83869 1250961561811 -1.0
62.616536 29.839339 1250961566845 -1.0
62.616451 29.839754 1250961571842 -1.0
62.616569 29.840005 1250961576829 -1.0
62.616567 29.840345 1250961581856 -1.0
62.616614 29.840503 1250961586821 -1.0
62.616587 29.840914 1250961591817 -1.0
62.61665 29.841288 1250961596814 -1.0
62.616688 29.8415 1250961601870 -1.0
62.616624 29.841816 1250961606824 -1.0
62.616589 29.842286 1250961611823 -1.0
62.616668 29.843125 1250961616829 -1.0
62.616769 29.843569 1250961621863 -1.0
62.616796 29.843996 1250961626819 -1.0
62.616837 29.844511 1250961631829 -1.0
62.616937 29.845097 1250961636812 -1.0
62.617095 29.845883 1250961641812 -1.0
62.617245 29.8463 1250961646818 -1.0
62.617351 29.846752 1250961651812 -1.0
62.617417 29.84739 1250961656812 -1.0
62.617457 29.847948 1250961661812 -1.0
62.617552 29.848292 1250961666812 -1.0
62.617632 29.848774 1250961671812 -1.0
62.617741 29.849207 1250961676823 -1.0
62.617795 29.849583 1250961681812 -1.0
62.617887 29.849989 1250961686812 -1.0
62.617997 29.850417 1250961691813 -1.0
62.618084 29.850881 1250961696813 -1.0
62.618176 29.85128 1250961701812 -1.0
62.618222 29.851578 1250961706810 -1.0
62.618312 29.851863 1250961711812 -1.0
62.618327 29.852304 1250961716812 -1.0
62.618455 29.852649 1250961721812 -1.0
62.618713 29.852707 1250961726812 -1.0
62.618891 29.853179 1250961731812 -1.0
62.619046 29.853603 1250961736849 -1.0
62.619068 29.854162 1250961741819 -1.0
62.619112 29.854601 1250961746829 -1.0
62.619006 29.855678 1250961751812 -1.0
62.618954 29.856522 1250961756851 -1.0
62.618906 29.857142 1250961761837 -1.0
62.618878 29.857525 1250961766812 -1.0
62.618898 29.857561 1250961771812 -1.0
62.618895 29.858492 1250961786812 -1.0
62.618998 29.858839 1250961791812 -1.0
62.619087 29.858946 1250961801812 -1.0
62.618941 29.859802 1250961806812 -1.0
62.619084 29.86036 1250961811812 -1.0
62.619114 29.860461 1250961816812 -1.0
62.619312 29.861534 1250961826812 -1.0
62.619309 29.861614 1250961831812 -1.0
62.619237 29.862925 1250961846812 -1.0
62.619178 29.863152 1250961851812 -1.0
62.619652 29.86543 1250961866812 -1.0
62.619651 29.865715 1250961871812 -1.0
62.619584 29.866063 1250961881812 -1.0
62.619671 29.866224 1250961886812 -1.0
62.619662 29.866365 1250961891812 -1.0
62.619908 29.8671 1250961896812 -1.0
62.619896 29.867612 1250961901812 -1.0
62.61986 29.867625 1250961906812 -1.0
62.619849 29.867637 1250961911812 -1.0
62.619842 29.867677 1250961916812 -1.0
62.619829 29.867782 1250961921812 -1.0
62.619837 29.867847 1250961926812 -1.0
62.619835 29.867854 1250961931812 -1.0
62.619603 29.868072 1250961946812 -1.0
62.619556 29.868057 1250961951812 -1.0
62.619323 29.868979 1250961986812 -1.0
62.619323 29.868979 1250961986812 -1.0
62.619312 29.869111 1250961991812 -1.0