47.645512 26.249259 1251785139236 -1.0
47.645523 26.249281 1251785164244 -1.0
47.645484 26.249244 1251785169238 -1.0
47.645504 26.24925 1251785174234 -1.0
47.645534 26.249213 1251785179238 -1.0
47.64556 26.249044 1251785184234 -1.0
47.645556 26.248896 1251785189234 -1.0
47.645584 26.248754 1251785209234 -1.0
47.644979 26.248316 1251785214234 -1.0
47.644876 26.24826 1251785219234 -1.0
47.644475 26.249191 1251785244234 -1.0
47.644213 26.248975 1251785249234 -1.0
47.641326 26.24799 1251785284234 -1.0
47.640793 26.248179 1251785299234 -1.0
47.640459 26.24817 1251785304234 -1.0
47.640423 26.248142 1251785309234 -1.0
47.64041 26.247822 1251785314234 -1.0
47.64033 26.247489 1251785319234 -1.0
47.640255 26.247256 1251785324234 -1.0
47.640168 26.246849 1251785329234 -1.0
47.64007 26.246377 1251785334234 -1.0
47.639801 26.245609 1251785339234 -1.0
47.639533 26.244906 1251785344234 -1.0
47.639204 26.244306 1251785349234 -1.0
47.639102 26.244068 1251785354234 -1.0
47.639263 26.243939 1251785359234 -1.0