62.613662 29.769618 1251193707984 -1.0
62.613526 29.769697 1251193857984 -1.0
62.613513 29.769594 1251193862994 -1.0
62.613526 29.770739 1251193957984 -1.0
62.6136 29.770129 1251193962984 -1.0
62.613651 29.770409 1251193968001 -1.0
62.61361 29.770687 1251193972984 -1.0
62.613681 29.770494 1251193978187 -1.0
62.61647 29.772223 1251194048005 -1.0
62.616808 29.771731 1251194052988 -1.0
62.617729 29.772411 1251194062988 -1.0
62.618362 29.773164 1251194067984 -1.0
62.618708 29.773851 1251194072989 -1.0
62.618158 29.776029 1251194107984 -1.0
62.618081 29.776136 1251194113000 -1.0
62.618128 29.776696 1251194127984 -1.0
62.618113 29.776696 1251194137984 -1.0
62.617542 29.778056 1251194142984 -1.0
62.617575 29.778325 1251194147983 -1.0
62.617517 29.778201 1251194152984 -1.0
62.617448 29.778009 1251194157984 -1.0
62.617467 29.777956 1251194162984 -1.0
62.617485 29.777947 1251194167984 -1.0
62.617408 29.777952 1251194172984 -1.0
62.617383 29.77797 1251194178000 -1.0