62.603402 29.746148 1251198193000 -1.0
62.603313 29.746236 1251198198000 -1.0
62.603295 29.746237 1251198202984 -1.0
62.603186 29.74644 1251198208000 -1.0
62.603148 29.746554 1251198213000 -1.0
62.60311 29.746718 1251198218000 -1.0
62.603094 29.746807 1251198223000 -1.0
62.603092 29.74687 1251198228000 -1.0
62.603065 29.746956 1251198233000 -1.0
62.603035 29.747084 1251198238000 -1.0
62.603043 29.747149 1251198243000 -1.0
62.602985 29.747164 1251198248001 -1.0
62.602985 29.747164 1251198248001 -1.0
62.603004 29.747316 1251198253000 -1.0
62.602998 29.747399 1251198258000 -1.0
62.602964 29.747439 1251198263000 -1.0
62.602933 29.747494 1251198267984 -1.0
62.602861 29.747511 1251198273000 -1.0
62.602818 29.747679 1251198278000 -1.0
62.602789 29.747909 1251198283000 -1.0
62.602746 29.748058 1251198288000 -1.0
62.602706 29.748141 1251198292984 -1.0
62.602665 29.748174 1251198297984 -1.0
62.602643 29.74817 1251198302984 -1.0
62.602606 29.748123 1251198307984 -1.0
62.602584 29.748094 1251198313000 -1.0
62.602569 29.748149 1251198318000 -1.0
62.602569 29.748149 1251198318000 -1.0
62.602492 29.748142 1251198323000 -1.0
62.602492 29.748142 1251198323000 -1.0
62.602398 29.748175 1251198327984 -1.0
62.602367 29.748198 1251198333035 -1.0
62.602367 29.748198 1251198333035 -1.0
62.602314 29.748114 1251198338005 -1.0
62.60219 29.747834 1251198348012 -1.0
62.602136 29.747729 1251198353000 -1.0
62.602115 29.747646 1251198358000 -1.0
62.602083 29.747561 1251198363004 -1.0
62.60198 29.747513 1251198368000 -1.0
62.601912 29.747465 1251198373000 -1.0
62.601843 29.747516 1251198378123 -1.0
62.601843 29.747516 1251198378123 -1.0
62.601755 29.747452 1251198383000 -1.0
62.601723 29.74745 1251198388000 -1.0
62.601704 29.747506 1251198393015 -1.0
62.601704 29.747506 1251198393015 -1.0
62.601684 29.747448 1251198397984 -1.0
62.601684 29.747448 1251198397984 -1.0
62.601455 29.747204 1251198403000 -1.0
62.601373 29.747231 1251198408000 -1.0
62.601349 29.747269 1251198413000 -1.0
62.601292 29.747287 1251198418000 -1.0
62.601209 29.747367 1251198423066 -1.0
62.601209 29.747367 1251198423066 -1.0
62.601174 29.74729 1251198428000 -1.0
62.601148 29.747205 1251198432984 -1.0
62.601113 29.747134 1251198438000 -1.0
62.600977 29.746978 1251198443000 -1.0
62.600908 29.746858 1251198448000 -1.0
62.600856 29.746701 1251198453000 -1.0
62.600824 29.746626 1251198458063 -1.0
62.600824 29.746626 1251198458063 -1.0
62.600796 29.746608 1251198463000 -1.0
62.600773 29.746604 1251198468000 -1.0
62.600773 29.746604 1251198468000 -1.0
62.600759 29.746553 1251198473000 -1.0
62.600673 29.746483 1251198477984 -1.0
62.600536 29.746416 1251198483000 -1.0
62.600421 29.746345 1251198488000 -1.0
62.600354 29.746323 1251198493000 -1.0
62.600286 29.746213 1251198498023 -1.0
62.600286 29.746213 1251198498023 -1.0
62.600156 29.746304 1251198504270 -1.0
62.600156 29.746304 1251198504270 -1.0
62.600156 29.746304 1251198504270 -1.0
62.600079 29.746366 1251198507989 -1.0
62.600079 29.746366 1251198507989 -1.0
62.600022 29.746391 1251198513000 -1.0
62.599996 29.746368 1251198518027 -1.0
62.599976 29.74632 1251198523000 -1.0
62.599887 29.746113 1251198528000 -1.0
62.599887 29.746113 1251198528000 -1.0
62.599816 29.746015 1251198533001 -1.0
62.599804 29.745896 1251198537996 -1.0
62.599762 29.745783 1251198542984 -1.0
62.599762 29.745783 1251198542984 -1.0
62.599747 29.745638 1251198547984 -1.0
62.599671 29.745568 1251198553000 -1.0
62.599624 29.745525 1251198558000 -1.0
62.59958 29.745377 1251198563000 -1.0
62.599498 29.745527 1251198568000 -1.0
62.599498 29.745527 1251198568000 -1.0
62.599425 29.7455 1251198573000 -1.0
62.599374 29.745411 1251198578000 -1.0
62.599312 29.745335 1251198583000 -1.0
62.599312 29.745335 1251198583000 -1.0
62.599232 29.745178 1251198588000 -1.0
62.599188 29.745054 1251198593000 -1.0
62.599188 29.745054 1251198593000 -1.0
62.599064 29.744856 1251198597984 -1.0
62.599064 29.744856 1251198597984 -1.0
62.598944 29.744812 1251198603000 -1.0
62.598944 29.744812 1251198603000 -1.0
62.598828 29.744775 1251198607984 -1.0
62.598828 29.744775 1251198607984 -1.0
62.598794 29.744745 1251198613000 -1.0
62.598794 29.744745 1251198613000 -1.0
62.598761 29.744748 1251198618000 -1.0
62.598761 29.744748 1251198618000 -1.0
62.598688 29.744724 1251198623000 -1.0
62.598688 29.744724 1251198623000 -1.0
62.598636 29.744719 1251198628000 -1.0
62.598577 29.744696 1251198633000 -1.0
62.598577 29.744696 1251198633000 -1.0
62.59856 29.74469 1251198638000 -1.0
62.598536 29.744676 1251198643000 -1.0
62.598536 29.744676 1251198643000 -1.0
62.598516 29.744632 1251198648000 -1.0
62.598516 29.744632 1251198648000 -1.0
62.59846 29.744579 1251198653000 -1.0
62.59846 29.744579 1251198653000 -1.0
62.598412 29.744542 1251198658000 -1.0
62.598412 29.744542 1251198658000 -1.0
62.598381 29.744448 1251198662984 -1.0
62.598381 29.744448 1251198662984 -1.0
62.597991 29.744603 1251198668000 -1.0
62.597981 29.744624 1251198673000 -1.0
62.597981 29.744624 1251198673000 -1.0
62.598033 29.744551 1251198682984 -1.0
62.598033 29.744551 1251198682984 -1.0