62.602848 29.762913 1251125840687 -1.0
62.602859 29.762998 1251125845640 -1.0
62.60286 29.763033 1251125850647 -1.0
62.60286 29.763033 1251125850647 -1.0
62.602737 29.76239 1251125860752 -1.0
62.602746 29.762427 1251125865640 -1.0
62.602718 29.762503 1251125870640 -1.0
62.602669 29.762483 1251125875691 -1.0
62.602715 29.762632 1251125881471 -1.0
62.602715 29.762632 1251125881471 -1.0
62.602669 29.762615 1251125885663 -1.0
62.6027 29.762704 1251125890733 -1.0
62.602607 29.762636 1251125895640 -1.0
62.602691 29.762733 1251125901134 -1.0
62.602729 29.762691 1251125905679 -1.0
62.602772 29.762688 1251125915746 -1.0
62.602772 29.762688 1251125915746 -1.0
62.602786 29.762671 1251125920678 -1.0
62.602823 29.762715 1251125930644 -1.0
62.602819 29.762581 1251125935649 -1.0
62.602732 29.762409 1251125945640 -1.0
62.602736 29.762725 1251125950640 -1.0
62.602755 29.762805 1251125955753 -1.0
62.60277 29.762826 1251125960644 -1.0
62.602776 29.762861 1251125975728 -1.0
62.602834 29.762954 1251125980750 -1.0
62.602894 29.762733 1251125985742 -1.0
62.602947 29.762569 1251125990640 -1.0
62.602957 29.762517 1251125995640 -1.0
62.603055 29.761615 1251126015640 -1.0
62.603246 29.761626 1251126020752 -1.0
62.603386 29.760873 1251126030737 -1.0
62.603386 29.760873 1251126030737 -1.0
62.603462 29.76007 1251126035640 -1.0
62.603535 29.758976 1251126050754 -1.0
62.603534 29.758831 1251126055640 -1.0
62.603552 29.758628 1251126060754 -1.0
62.603554 29.75857 1251126065640 -1.0
62.604001 29.757548 1251126070733 -1.0
62.603982 29.757121 1251126075752 -1.0
62.603968 29.757054 1251126080653 -1.0
62.603968 29.757054 1251126080653 -1.0
62.60426 29.756584 1251126095640 -1.0
62.604467 29.755835 1251126110640 -1.0
62.604558 29.755226 1251126115640 -1.0
62.604616 29.753806 1251126140755 -1.0
62.604616 29.753806 1251126140755 -1.0
62.604662 29.753291 1251126145640 -1.0
62.604662 29.753291 1251126145640 -1.0
62.605008 29.752837 1251126155654 -1.0
62.604952 29.751981 1251126160640 -1.0
62.605194 29.751137 1251126165755 -1.0
62.605229 29.750937 1251126170640 -1.0
62.605302 29.75082 1251126175640 -1.0
62.605382 29.750677 1251126180640 -1.0
62.605473 29.750448 1251126185640 -1.0
62.605484 29.750444 1251126190640 -1.0
62.606318 29.751018 1251126205640 -1.0
62.606334 29.751041 1251126210640 -1.0
62.60715 29.74879 1251126225640 -1.0
62.607194 29.748703 1251126230649 -1.0
62.607961 29.748487 1251126250640 -1.0
62.607995 29.747497 1251126255640 -1.0
62.608354 29.746921 1251126260640 -1.0
62.608437 29.746921 1251126265640 -1.0
62.60856 29.746645 1251126270640 -1.0
62.608753 29.746376 1251126275640 -1.0
62.608924 29.746145 1251126280640 -1.0
62.608982 29.746122 1251126285640 -1.0
62.609823 29.743947 1251126305654 -1.0
62.609922 29.743476 1251126310640 -1.0
62.610537 29.743796 1251126325640 -1.0
62.610884 29.744186 1251126330654 -1.0
62.611838 29.743423 1251126350640 -1.0
62.611885 29.743086 1251126355640 -1.0
62.611917 29.743013 1251126360640 -1.0
62.612495 29.742628 1251126375654 -1.0
62.612649 29.742148 1251126380640 -1.0
62.613543 29.740341 1251126405640 -1.0
62.613623 29.739909 1251126410650 -1.0
62.613903 29.739615 1251126420640 -1.0
62.614557 29.740808 1251126435640 -1.0
62.614606 29.741147 1251126440640 -1.0
62.614747 29.741437 1251126445649 -1.0
62.614787 29.74153 1251126450644 -1.0
62.614786 29.742077 1251126465649 -1.0
62.614788 29.742232 1251126470640 -1.0
62.614804 29.742235 1251126475654 -1.0
62.6148 29.742578 1251126495640 -1.0
62.614866 29.742708 1251126500640 -1.0
62.61485 29.742657 1251126515640 -1.0
62.61485 29.742657 1251126515640 -1.0
62.615005 29.742918 1251126520636 -1.0
62.615019 29.742927 1251126525714 -1.0
62.615021 29.742866 1251126530680 -1.0
62.614983 29.742904 1251126535640 -1.0
62.614974 29.74292 1251126540660 -1.0