47.242831 26.856506 1251813168046 -1.0
47.24333 26.856216 1251813173046 -1.0
47.242411 26.850088 1251813203046 -1.0
47.242364 26.84971 1251813208046 -1.0
47.241932 26.845164 1251813228046 -1.0
47.241518 26.840261 1251813248046 -1.0
47.239521 26.837313 1251813268046 -1.0
47.239521 26.837313 1251813268046 -1.0
47.239904 26.824797 1251813348046 -1.0
47.236302 26.81777 1251813358046 -1.0
47.235128 26.817146 1251813363046 -1.0
47.234724 26.816553 1251813368046 -1.0
47.235363 26.815818 1251813373046 -1.0
47.2345 26.813443 1251813378046 -1.0
47.234249 26.811971 1251813383046 -1.0
47.234211 26.809351 1251813393046 -1.0
47.234888 26.808271 1251813398046 -1.0
47.2351 26.807796 1251813403046 -1.0
47.235476 26.806147 1251813408053 -1.0
47.242759 26.799287 1251813473046 -1.0
47.242759 26.799287 1251813473046 -1.0
47.244695 26.772167 1251813548089 -1.0
47.244299 26.767107 1251813553126 -1.0
47.2432 26.759219 1251813578046 -1.0
47.244521 26.735084 1251813748046 -1.0
47.244489 26.734118 1251813753046 -1.0