62.617128 29.778955 1251216418458 -1.0
62.617173 29.778845 1251216423457 -1.0
62.617177 29.778849 1251216429004 -1.0
62.617114 29.778833 1251216433457 -1.0
62.617227 29.778784 1251216438458 -1.0
62.617242 29.778798 1251216443458 -1.0
62.617239 29.778751 1251216448458 -1.0
62.617244 29.778756 1251216453458 -1.0
62.61724 29.778769 1251216458458 -1.0
62.617198 29.778804 1251216463457 -1.0
62.617208 29.778667 1251216468458 -1.0
62.617214 29.778818 1251216473629 -1.0
62.617281 29.7788 1251216478458 -1.0
62.617376 29.778581 1251216483457 -1.0
62.61741 29.778241 1251216488457 -1.0
62.617428 29.777873 1251216493458 -1.0
62.617404 29.777588 1251216498458 -1.0
62.617413 29.777269 1251216503457 -1.0
62.617329 29.777 1251216508458 -1.0
62.617177 29.776923 1251216513458 -1.0
62.617048 29.776688 1251216518457 -1.0
62.61701 29.77629 1251216523458 -1.0
62.61702 29.775907 1251216528459 -1.0
62.617036 29.7756 1251216533458 -1.0
62.617051 29.775322 1251216538459 -1.0
62.617131 29.775194 1251216543459 -1.0
62.617274 29.775223 1251216548458 -1.0
62.617499 29.775082 1251216553458 -1.0
62.617674 29.774918 1251216558474 -1.0
62.617856 29.7747 1251216563458 -1.0
62.618066 29.774523 1251216568467 -1.0
62.618191 29.774203 1251216573458 -1.0
62.618291 29.773731 1251216578463 -1.0
62.618364 29.773409 1251216583459 -1.0
62.618401 29.772825 1251216588463 -1.0
62.618508 29.772073 1251216598468 -1.0
62.618634 29.771872 1251216603457 -1.0
62.618711 29.771624 1251216608462 -1.0
62.618849 29.771311 1251216613458 -1.0
62.619001 29.770936 1251216618463 -1.0
62.619166 29.770539 1251216623459 -1.0
62.619297 29.770098 1251216628460 -1.0
62.619297 29.770098 1251216628460 -1.0
62.61942 29.769644 1251216633457 -1.0
62.619468 29.769188 1251216638464 -1.0
62.619436 29.768678 1251216643458 -1.0
62.619373 29.768204 1251216648468 -1.0
62.619299 29.76742 1251216658460 -1.0
62.619275 29.766958 1251216663458 -1.0
62.619122 29.766682 1251216668468 -1.0
62.619032 29.766344 1251216673458 -1.0
62.618932 29.765917 1251216678491 -1.0
62.618653 29.764533 1251216693458 -1.0
62.618574 29.764161 1251216698469 -1.0
62.618495 29.763747 1251216703458 -1.0
62.618426 29.763325 1251216708470 -1.0
62.618347 29.762932 1251216713470 -1.0
62.618325 29.762525 1251216718458 -1.0
62.618351 29.762163 1251216723468 -1.0
62.618357 29.761652 1251216728458 -1.0
62.618396 29.761151 1251216733465 -1.0
62.618366 29.760644 1251216738457 -1.0
62.618416 29.760277 1251216743458 -1.0
62.618416 29.760277 1251216743458 -1.0
62.618423 29.759825 1251216748458 -1.0
62.618405 29.759328 1251216753458 -1.0
62.618444 29.758917 1251216758458 -1.0
62.618447 29.758611 1251216763458 -1.0
62.61847 29.75835 1251216768458 -1.0
62.618497 29.757883 1251216773458 -1.0
62.618528 29.757314 1251216778458 -1.0
62.618551 29.756789 1251216783458 -1.0
62.618567 29.756282 1251216788458 -1.0
62.618623 29.75576 1251216793458 -1.0
62.618626 29.755272 1251216798458 -1.0
62.618617 29.754286 1251216808458 -1.0
62.6186 29.753668 1251216813457 -1.0
62.61859 29.753157 1251216818458 -1.0
62.618553 29.752687 1251216823458 -1.0
62.618551 29.752113 1251216828458 -1.0
62.618563 29.751659 1251216833458 -1.0
62.618549 29.751316 1251216838458 -1.0
62.618403 29.751149 1251216843458 -1.0
62.618168 29.751129 1251216848458 -1.0
62.617992 29.751075 1251216853458 -1.0
62.617821 29.750953 1251216858459 -1.0
62.617601 29.750921 1251216863457 -1.0
62.617327 29.750828 1251216868457 -1.0
62.617043 29.750839 1251216873457 -1.0
62.61689 29.750819 1251216878458 -1.0
62.616351 29.750987 1251216888458 -1.0
62.616213 29.751193 1251216893457 -1.0
62.616113 29.751012 1251216898459 -1.0
62.616088 29.750715 1251216903458 -1.0
62.615961 29.750333 1251216908458 -1.0
62.615872 29.750055 1251216913458 -1.0
62.615858 29.749729 1251216918457 -1.0
62.615857 29.749388 1251216923458 -1.0
62.615848 29.749118 1251216928458 -1.0
62.615789 29.748291 1251216938457 -1.0
62.615755 29.747857 1251216943458 -1.0
62.615716 29.747374 1251216948459 -1.0
62.615683 29.74693 1251216953459 -1.0
62.61563 29.746429 1251216958458 -1.0
62.615569 29.745958 1251216963458 -1.0
62.615542 29.745465 1251216968458 -1.0
62.615514 29.745111 1251216973458 -1.0
62.615498 29.744678 1251216978458 -1.0
62.615465 29.744267 1251216983459 -1.0
62.615417 29.743834 1251216988458 -1.0
62.615354 29.743428 1251216993458 -1.0
62.615295 29.743027 1251216998458 -1.0
62.615182 29.742882 1251217003458 -1.0
62.615019 29.742919 1251217008458 -1.0
62.614927 29.742874 1251217013458 -1.0
62.614869 29.742629 1251217018457 -1.0
62.614847 29.74253 1251217023457 -1.0
62.614848 29.742524 1251217033458 -1.0
62.614845 29.742497 1251217038458 -1.0
62.614851 29.742514 1251217043458 -1.0
62.614847 29.742481 1251217048458 -1.0
62.614838 29.742462 1251217053458 -1.0
62.614848 29.742442 1251217058458 -1.0
62.614847 29.742438 1251217063458 -1.0
62.614826 29.742584 1251217068458 -1.0
62.614803 29.742638 1251217073458 -1.0
62.614794 29.742641 1251217078458 -1.0
62.614857 29.742661 1251217083458 -1.0
62.614859 29.742623 1251217088458 -1.0
62.614887 29.742622 1251217093458 -1.0
62.614937 29.742785 1251217098458 -1.0
62.614932 29.742847 1251217103458 -1.0
62.614974 29.742955 1251217108458 -1.0
62.615012 29.743065 1251217113458 -1.0
62.615039 29.743242 1251217118458 -1.0
62.615021 29.743283 1251217123458 -1.0
62.614969 29.743153 1251217128495 -1.0
62.614969 29.743153 1251217128495 -1.0
62.614961 29.743124 1251217133459 -1.0
62.614961 29.743124 1251217133459 -1.0
62.61496 29.743119 1251217138458 -1.0
62.614921 29.743068 1251217163458 -1.0
62.614792 29.74342 1251217168458 -1.0
62.614854 29.743634 1251217173458 -1.0
62.614917 29.743603 1251217178457 -1.0
62.614948 29.743588 1251217183459 -1.0
62.614986 29.743525 1251217188458 -1.0
62.614987 29.743523 1251217193458 -1.0
62.614999 29.743525 1251217198458 -1.0
62.615008 29.743529 1251217203458 -1.0
62.614991 29.743599 1251217208458 -1.0
62.614958 29.743686 1251217213458 -1.0
62.614928 29.74367 1251217218458 -1.0
62.614914 29.743664 1251217223555 -1.0
62.614913 29.743691 1251217228992 -1.0