62.618556 29.780886 1251195363111 -1.0
62.618386 29.78067 1251195367984 -1.0
62.618346 29.780627 1251195372984 -1.0
62.618352 29.780559 1251195377984 -1.0
62.618359 29.780535 1251195382984 -1.0
62.618349 29.7805 1251195387984 -1.0
62.618349 29.7805 1251195387984 -1.0
62.618278 29.78036 1251195392984 -1.0
62.618206 29.780188 1251195397984 -1.0
62.618157 29.780115 1251195402984 -1.0
62.618157 29.780115 1251195402984 -1.0
62.618101 29.780145 1251195407984 -1.0
62.618101 29.780145 1251195407984 -1.0
62.618066 29.780149 1251195412986 -1.0
62.618066 29.780149 1251195412986 -1.0
62.618057 29.780087 1251195417984 -1.0
62.618013 29.779955 1251195422984 -1.0
62.618013 29.779955 1251195422984 -1.0
62.617967 29.779817 1251195427984 -1.0
62.617967 29.779817 1251195427984 -1.0
62.617889 29.779675 1251195432984 -1.0
62.617889 29.779675 1251195432984 -1.0
62.617763 29.779587 1251195437984 -1.0
62.617717 29.779546 1251195442984 -1.0
62.617626 29.779462 1251195447984 -1.0
62.617554 29.779339 1251195452984 -1.0
62.617554 29.779339 1251195452984 -1.0
62.617518 29.779253 1251195457984 -1.0
62.617503 29.7792 1251195462984 -1.0
62.617495 29.779171 1251195467984 -1.0
62.617485 29.779156 1251195472984 -1.0
62.617485 29.779156 1251195472984 -1.0
62.617448 29.778943 1251195477984 -1.0
62.617437 29.778917 1251195482984 -1.0
62.617437 29.778917 1251195482984 -1.0
62.617421 29.778807 1251195487984 -1.0
62.617421 29.778807 1251195487984 -1.0
62.617401 29.778633 1251195492984 -1.0
62.617382 29.778449 1251195497984 -1.0
62.617382 29.778449 1251195497984 -1.0
62.617367 29.778355 1251195502984 -1.0
62.617367 29.778355 1251195502984 -1.0
62.61737 29.778246 1251195507984 -1.0
62.61737 29.778246 1251195507984 -1.0
62.617376 29.778155 1251195512984 -1.0
62.617376 29.778155 1251195512984 -1.0
62.617375 29.77811 1251195518000 -1.0
62.617375 29.77811 1251195518000 -1.0