62.617478 29.777741 1251194507996 -1.0
62.617522 29.777623 1251194512984 -1.0
62.617522 29.777623 1251194512984 -1.0
62.617483 29.777661 1251194517984 -1.0
62.617485 29.777697 1251194522988 -1.0
62.617477 29.777709 1251194527984 -1.0
62.617508 29.777749 1251194532984 -1.0
62.617531 29.777784 1251194537984 -1.0
62.617531 29.777784 1251194537984 -1.0
62.617579 29.77787 1251194542984 -1.0
62.617643 29.777995 1251194548000 -1.0
62.617669 29.778426 1251194552984 -1.0
62.617715 29.778552 1251194558000 -1.0
62.617715 29.778552 1251194558000 -1.0
62.617761 29.778673 1251194562984 -1.0
62.617784 29.77876 1251194568000 -1.0
62.617784 29.77876 1251194568000 -1.0
62.617813 29.778841 1251194572984 -1.0
62.617848 29.778907 1251194577984 -1.0
62.617908 29.779103 1251194583000 -1.0
62.61788 29.779534 1251194588000 -1.0
62.617836 29.779831 1251194592984 -1.0
62.617836 29.779831 1251194592984 -1.0
62.617759 29.780188 1251194598000 -1.0
62.617778 29.780389 1251194602984 -1.0
62.617808 29.780707 1251194607984 -1.0
62.617889 29.780856 1251194612984 -1.0
62.61793 29.780823 1251194618000 -1.0
62.61793 29.780823 1251194618000 -1.0
62.61799 29.780876 1251194622984 -1.0
62.618084 29.781049 1251194628000 -1.0
62.618092 29.781088 1251194632984 -1.0
62.618092 29.781088 1251194632984 -1.0
62.618087 29.781114 1251194638000 -1.0
62.618087 29.781114 1251194638000 -1.0
62.618087 29.781113 1251194642984 -1.0
62.618087 29.781113 1251194642984 -1.0
62.618367 29.78091 1251194798019 -1.0
62.618418 29.781048 1251194808000 -1.0
62.618391 29.781309 1251194813000 -1.0
62.618395 29.78137 1251194818000 -1.0
62.618541 29.780749 1251194823000 -1.0
62.618609 29.78053 1251194828000 -1.0
62.618654 29.780525 1251194833000 -1.0
62.618654 29.780525 1251194833000 -1.0
62.618696 29.780524 1251194838000 -1.0
62.618696 29.780524 1251194838000 -1.0
62.618769 29.780414 1251194843000 -1.0
62.618798 29.780361 1251194848000 -1.0
62.618798 29.780361 1251194848000 -1.0