62.597894 29.743707 1251212953458 -1.0
62.597943 29.743704 1251212958487 -1.0
62.597944 29.743796 1251212963458 -1.0
62.597989 29.743779 1251212968458 -1.0
62.598083 29.743706 1251212973458 -1.0
62.598151 29.743629 1251212978458 -1.0
62.598344 29.743358 1251212983458 -1.0
62.598466 29.743067 1251212988458 -1.0
62.59851 29.743131 1251212993458 -1.0
62.598653 29.742583 1251212998458 -1.0
62.598765 29.742343 1251213003458 -1.0
62.598449 29.742559 1251213008459 -1.0
62.598446 29.742634 1251213013458 -1.0
62.598322 29.742981 1251213018458 -1.0
62.598296 29.743077 1251213023459 -1.0
62.598322 29.743139 1251213028458 -1.0
62.598273 29.743069 1251213033458 -1.0
62.598371 29.742907 1251213038458 -1.0
62.598466 29.742949 1251213043458 -1.0
62.598427 29.743134 1251213048458 -1.0
62.598398 29.743193 1251213053458 -1.0
62.598455 29.743382 1251213058457 -1.0
62.598526 29.743475 1251213063459 -1.0
62.598581 29.743664 1251213068458 -1.0
62.598651 29.744128 1251213073458 -1.0
62.598698 29.744575 1251213078458 -1.0
62.598748 29.744903 1251213083458 -1.0
62.598836 29.744945 1251213088458 -1.0
62.598921 29.744962 1251213093458 -1.0
62.598987 29.745002 1251213098458 -1.0
62.599113 29.745287 1251213108458 -1.0
62.599183 29.745334 1251213113458 -1.0
62.599278 29.745516 1251213118458 -1.0
62.599363 29.7456 1251213123458 -1.0
62.599484 29.74599 1251213128466 -1.0
62.599596 29.74608 1251213133459 -1.0
62.59971 29.746022 1251213138458 -1.0
62.599843 29.746092 1251213143467 -1.0
62.599965 29.746179 1251213148458 -1.0
62.600095 29.746316 1251213153458 -1.0
62.60024 29.746461 1251213158458 -1.0
62.600503 29.746512 1251213163457 -1.0
62.600788 29.746701 1251213168458 -1.0
62.600998 29.746936 1251213173458 -1.0
62.601146 29.747411 1251213178458 -1.0
62.601213 29.747929 1251213183458 -1.0
62.602112 29.748246 1251213198458 -1.0
62.602333 29.748304 1251213203458 -1.0
62.602432 29.748585 1251213208458 -1.0
62.602486 29.74888 1251213213458 -1.0
62.602638 29.749708 1251213218486 -1.0
62.602699 29.750316 1251213223458 -1.0
62.602766 29.750903 1251213228458 -1.0
62.602883 29.751474 1251213233458 -1.0
62.602976 29.752024 1251213238458 -1.0
62.603017 29.752401 1251213243459 -1.0
62.603208 29.752403 1251213248458 -1.0
62.603482 29.752404 1251213253458 -1.0
62.603695 29.752556 1251213258458 -1.0
62.60381 29.752625 1251213263458 -1.0
62.603925 29.752609 1251213268458 -1.0
62.604179 29.752258 1251213273458 -1.0
62.604341 29.752255 1251213278459 -1.0
62.604459 29.753159 1251213283458 -1.0
62.604751 29.753342 1251213288458 -1.0
62.604842 29.753345 1251213293458 -1.0
62.605051 29.753127 1251213298457 -1.0
62.605234 29.753261 1251213303459 -1.0
62.605488 29.753355 1251213308459 -1.0
62.605606 29.753455 1251213313458 -1.0
62.605717 29.755449 1251213333458 -1.0
62.605651 29.755826 1251213338458 -1.0
62.605629 29.756263 1251213343458 -1.0
62.605622 29.756495 1251213348481 -1.0
62.60558 29.756904 1251213353458 -1.0
62.605497 29.757349 1251213358458 -1.0
62.605409 29.757731 1251213363458 -1.0
62.605341 29.75812 1251213368458 -1.0
62.60525 29.758532 1251213373577 -1.0
62.605174 29.75877 1251213378458 -1.0
62.605142 29.758985 1251213383472 -1.0
62.605084 29.759201 1251213388457 -1.0
62.604944 29.759575 1251213393458 -1.0
62.604863 29.759917 1251213398457 -1.0
62.604862 29.760232 1251213403458 -1.0
62.605286 29.760544 1251213413458 -1.0
62.605551 29.760628 1251213418458 -1.0
62.605811 29.760729 1251213423458 -1.0
62.605972 29.760988 1251213428458 -1.0
62.606123 29.761087 1251213433458 -1.0
62.606295 29.761334 1251213438458 -1.0
62.606453 29.761528 1251213443459 -1.0
62.606626 29.76169 1251213448458 -1.0
62.6068 29.761819 1251213453458 -1.0
62.607006 29.762084 1251213458458 -1.0
62.607177 29.762292 1251213463458 -1.0
62.607326 29.76246 1251213468458 -1.0
62.607498 29.762586 1251213473458 -1.0
62.607695 29.762781 1251213478458 -1.0
62.607897 29.762982 1251213483458 -1.0
62.608108 29.763186 1251213488458 -1.0
62.608336 29.763348 1251213493458 -1.0
62.608614 29.763571 1251213498458 -1.0
62.608838 29.763771 1251213503458 -1.0
62.609077 29.763877 1251213508458 -1.0
62.609353 29.76405 1251213513458 -1.0
62.609597 29.764189 1251213518458 -1.0
62.609867 29.764444 1251213523495 -1.0
62.61011 29.764624 1251213528465 -1.0
62.610288 29.76479 1251213533458 -1.0
62.610561 29.765039 1251213538460 -1.0
62.610561 29.765039 1251213538460 -1.0
62.610787 29.765247 1251213543468 -1.0
62.611047 29.76543 1251213548475 -1.0
62.611047 29.76543 1251213548475 -1.0
62.611317 29.765624 1251213553463 -1.0
62.611565 29.765817 1251213558470 -1.0
62.611811 29.766019 1251213563458 -1.0
62.612046 29.766204 1251213568458 -1.0
62.612283 29.766437 1251213573458 -1.0
62.61274 29.766906 1251213583458 -1.0
62.61296 29.767131 1251213588458 -1.0
62.613175 29.767344 1251213593458 -1.0
62.613389 29.767565 1251213598458 -1.0
62.61359 29.767765 1251213603458 -1.0
62.613797 29.767971 1251213608459 -1.0
62.614001 29.768171 1251213613457 -1.0
62.614198 29.768391 1251213618547 -1.0
62.614359 29.768596 1251213623458 -1.0
62.614708 29.768986 1251213633458 -1.0
62.614824 29.769152 1251213638531 -1.0
62.614842 29.769235 1251213643457 -1.0
62.614831 29.769264 1251213648526 -1.0
62.614794 29.769444 1251213653458 -1.0
62.614275 29.770899 1251213673457 -1.0
62.614141 29.770963 1251213678458 -1.0
62.614081 29.770778 1251213683458 -1.0
62.613997 29.770493 1251213688458 -1.0
62.61396 29.770564 1251213693459 -1.0
62.613896 29.770468 1251213698458 -1.0
62.61386 29.770432 1251213713458 -1.0
62.613831 29.770371 1251213718458 -1.0
62.613801 29.770326 1251213723458 -1.0
62.613755 29.770277 1251213728458 -1.0
62.613786 29.770289 1251213733458 -1.0
62.613822 29.769753 1251213743458 -1.0
62.613776 29.769661 1251213748458 -1.0
62.613784 29.769642 1251213753458 -1.0
62.613788 29.769632 1251213758458 -1.0
62.613767 29.769609 1251213763458 -1.0
62.613749 29.769607 1251213768458 -1.0
62.613752 29.769634 1251213773458 -1.0
62.61375 29.7697 1251213778459 -1.0
62.613746 29.769731 1251213783459 -1.0
62.613712 29.769676 1251213788458 -1.0
62.613771 29.769656 1251213793474 -1.0
62.613793 29.769646 1251213798458 -1.0
62.613722 29.769578 1251213803457 -1.0
62.61372 29.76954 1251213808458 -1.0
62.61372 29.769111 1251213818457 -1.0
62.613834 29.768839 1251213823457 -1.0
62.613872 29.768828 1251213828458 -1.0
62.613867 29.768883 1251213833457 -1.0
62.613877 29.768929 1251213838458 -1.0
62.613947 29.769344 1251213848458 -1.0
62.613831 29.769659 1251213853475 -1.0
62.613843 29.769731 1251213863458 -1.0
62.613811 29.769748 1251213868457 -1.0
62.613864 29.769809 1251213888458 -1.0
62.613838 29.769751 1251213893457 -1.0
62.613822 29.769698 1251213898458 -1.0
62.613821 29.769673 1251213903458 -1.0
62.613819 29.769769 1251213908457 -1.0
62.613803 29.769732 1251213913458 -1.0
62.613776 29.769646 1251213918458 -1.0
62.613776 29.769596 1251213923458 -1.0
62.613773 29.769567 1251213928458 -1.0
62.613771 29.769572 1251213933458 -1.0
62.613732 29.769629 1251213938458 -1.0
62.613706 29.769667 1251213943458 -1.0
62.613686 29.769679 1251213948470 -1.0
62.613644 29.769666 1251213953458 -1.0
62.613646 29.769637 1251213958458 -1.0
62.613631 29.769661 1251213963477 -1.0
62.613673 29.769673 1251213968458 -1.0
62.613746 29.769597 1251213973458 -1.0
62.613756 29.769593 1251213978458 -1.0
62.613759 29.769562 1251213983458 -1.0
62.613771 29.769516 1251213988458 -1.0
62.61377 29.769457 1251213993458 -1.0
62.613766 29.769477 1251213998458 -1.0
62.613747 29.769504 1251214003458 -1.0
62.613749 29.769563 1251214008458 -1.0
62.613766 29.76953 1251214013458 -1.0
62.61378 29.769662 1251214018458 -1.0
62.61381 29.769759 1251214023458 -1.0
62.613837 29.76974 1251214028458 -1.0
62.613872 29.769722 1251214033458 -1.0
62.613764 29.769785 1251214038458 -1.0
62.613762 29.769754 1251214043458 -1.0
62.613706 29.769711 1251214048459 -1.0
62.613705 29.769723 1251214053499 -1.0
62.613678 29.76973 1251214058458 -1.0
62.613573 29.769808 1251214063461 -1.0
62.613602 29.769785 1251214068458 -1.0
62.613604 29.76972 1251214073459 -1.0
62.61362 29.76967 1251214078458 -1.0
62.61365 29.769745 1251214083467 -1.0
62.613657 29.76982 1251214088459 -1.0
62.613653 29.769962 1251214093502 -1.0
62.613645 29.770049 1251214098458 -1.0
62.61364 29.770056 1251214103467 -1.0
62.613639 29.770026 1251214108459 -1.0
62.613652 29.769801 1251214118458 -1.0
62.613689 29.769567 1251214123470 -1.0
62.61371 29.769467 1251214128593 -1.0
62.61368 29.769392 1251214143471 -1.0
62.61368 29.769386 1251214148458 -1.0
62.613674 29.769373 1251214153474 -1.0
62.613632 29.769407 1251214158459 -1.0
62.613493 29.76972 1251214163458 -1.0
62.613511 29.769808 1251214168458 -1.0
62.613524 29.769817 1251214173458 -1.0
62.613533 29.769809 1251214178466 -1.0
62.613556 29.769821 1251214183458 -1.0
62.613592 29.769874 1251214193458 -1.0
62.613678 29.769845 1251214198458 -1.0
62.613756 29.769732 1251214203478 -1.0
62.61376 29.769715 1251214208458 -1.0
62.61372 29.769611 1251214223457 -1.0
62.613688 29.769565 1251214228458 -1.0