47.645512 26.249059 1254020679683 -1.0
47.645495 26.249165 1254020684670 -1.0
47.645495 26.249165 1254020684670 -1.0
47.645521 26.249213 1254020689656 -1.0
47.645562 26.249257 1254020694656 -1.0
47.645525 26.249294 1254020699656 -1.0
47.64549 26.249333 1254020704656 -1.0
47.645449 26.249338 1254020709762 -1.0
47.645396 26.249458 1254020714726 -1.0
47.645359 26.249633 1254020719656 -1.0
47.645329 26.249752 1254020724656 -1.0
47.645276 26.249804 1254020729680 -1.0
47.645101 26.249765 1254020734680 -1.0
47.644772 26.249592 1254020739656 -1.0
47.644375 26.249413 1254020744663 -1.0
47.643861 26.249111 1254020749656 -1.0
47.643414 26.248567 1254020754664 -1.0
47.642793 26.248159 1254020759656 -1.0
47.642074 26.247909 1254020764656 -1.0
47.641367 26.247953 1254020769667 -1.0
47.640808 26.248034 1254020774656 -1.0
47.640661 26.248058 1254020779656 -1.0
47.640661 26.248058 1254020779656 -1.0
47.640508 26.247973 1254020784661 -1.0
47.640397 26.247425 1254020789658 -1.0
47.640122 26.246809 1254020794656 -1.0
47.639827 26.246059 1254020799656 -1.0
47.63955 26.245313 1254020804656 -1.0
47.639333 26.244557 1254020809667 -1.0
47.639087 26.243954 1254020814656 -1.0
47.63895 26.243491 1254020819656 -1.0
47.638794 26.243053 1254020824656 -1.0
47.638581 26.242569 1254020829656 -1.0
47.638345 26.241873 1254020834656 -1.0
47.638128 26.241197 1254020839656 -1.0
47.637995 26.24073 1254020844656 -1.0
47.637827 26.240282 1254020849656 -1.0
47.637644 26.239761 1254020854656 -1.0
47.637509 26.239305 1254020859656 -1.0
47.637402 26.239179 1254020864670 -1.0
47.637414 26.239168 1254020869656 -1.0
47.637413 26.239165 1254020874656 -1.0
47.637405 26.239161 1254020879656 -1.0
47.637405 26.239161 1254020879656 -1.0
47.637341 26.238993 1254020884664 -1.0
47.637177 26.238574 1254020889666 -1.0
47.637038 26.238132 1254020894666 -1.0
47.636844 26.237579 1254020899661 -1.0
47.636617 26.236996 1254020904660 -1.0
47.636329 26.236379 1254020909661 -1.0
47.636048 26.235677 1254020914687 -1.0
47.635737 26.234888 1254020919667 -1.0
47.635419 26.234086 1254020924660 -1.0
47.635104 26.233302 1254020929664 -1.0
47.634727 26.232488 1254020934661 -1.0
47.634337 26.231648 1254020939667 -1.0
47.63396 26.230843 1254020944660 -1.0
47.633596 26.230067 1254020949660 -1.0
47.633248 26.229313 1254020954660 -1.0
47.632979 26.228694 1254020959660 -1.0
47.632823 26.228349 1254020964660 -1.0
47.632463 26.228562 1254020969660 -1.0
47.631964 26.228918 1254020974673 -1.0
47.631413 26.22929 1254020979660 -1.0
47.630816 26.229769 1254020984660 -1.0
47.63006 26.230297 1254020989660 -1.0
47.629224 26.230896 1254020994660 -1.0
47.628479 26.231524 1254020999660 -1.0
47.627823 26.232488 1254021004660 -1.0
47.627147 26.233572 1254021009660 -1.0
47.626468 26.234701 1254021014660 -1.0
47.625766 26.235605 1254021019660 -1.0
47.624979 26.236353 1254021024660 -1.0
47.6242 26.237147 1254021029660 -1.0
47.623396 26.237962 1254021034658 -1.0
47.62257 26.238812 1254021039660 -1.0
47.62171 26.239684 1254021044660 -1.0
47.620856 26.240558 1254021049660 -1.0
47.619944 26.241422 1254021054660 -1.0
47.618986 26.242281 1254021059660 -1.0
47.617987 26.242956 1254021064660 -1.0
47.615894 26.243693 1254021074660 -1.0
47.614948 26.24398 1254021079660 -1.0
47.614353 26.244434 1254021084660 -1.0
47.613723 26.244626 1254021089660 -1.0
47.613103 26.244647 1254021094660 -1.0
47.612379 26.244974 1254021099660 -1.0
47.611558 26.245478 1254021104660 -1.0
47.6106 26.246097 1254021109656 -1.0
47.609574 26.24684 1254021114656 -1.0
47.608553 26.247671 1254021119670 -1.0
47.607577 26.248528 1254021124656 -1.0
47.60666 26.249618 1254021129656 -1.0
47.60562 26.25046 1254021134656 -1.0
47.60446 26.251061 1254021139656 -1.0
47.60329 26.2517 1254021144656 -1.0
47.602101 26.252418 1254021149656 -1.0
47.600888 26.253167 1254021154656 -1.0
47.599791 26.253979 1254021159656 -1.0
47.598746 26.254679 1254021164656 -1.0
47.597655 26.255299 1254021169656 -1.0
47.596476 26.256027 1254021174656 -1.0
47.595354 26.256813 1254021179656 -1.0
47.594263 26.257829 1254021184656 -1.0
47.593114 26.258853 1254021189656 -1.0
47.591974 26.259869 1254021194656 -1.0
47.590915 26.26081 1254021199656 -1.0
47.589923 26.26169 1254021204656 -1.0
47.588878 26.262597 1254021209656 -1.0
47.587725 26.263621 1254021214656 -1.0
47.586482 26.264726 1254021219656 -1.0
47.585201 26.265847 1254021224656 -1.0
47.583914 26.266843 1254021229656 -1.0
47.582718 26.267563 1254021234656 -1.0
47.581566 26.268137 1254021239656 -1.0
47.580764 26.268534 1254021244656 -1.0
47.58015 26.268852 1254021249656 -1.0
47.579398 26.269231 1254021254656 -1.0
47.578528 26.269672 1254021259656 -1.0
47.577616 26.270122 1254021264656 -1.0
47.576701 26.270567 1254021269656 -1.0
47.575776 26.271025 1254021274698 -1.0
47.574784 26.27152 1254021279656 -1.0
47.573952 26.271952 1254021284656 -1.0
47.572677 26.272708 1254021289656 -1.0
47.571834 26.273244 1254021294656 -1.0
47.570818 26.273887 1254021299656 -1.0
47.569824 26.274531 1254021304656 -1.0
47.568892 26.274822 1254021309656 -1.0
47.567909 26.274501 1254021314647 -1.0
47.566875 26.274083 1254021319658 -1.0
47.565813 26.27364 1254021324643 -1.0
47.564317 26.273008 1254021329656 -1.0
47.563754 26.272767 1254021334957 -1.0
47.562334 26.272181 1254021339645 -1.0
47.561662 26.2719 1254021344653 -1.0
47.560038 26.271224 1254021349656 -1.0
47.558937 26.270754 1254021354656 -1.0
47.557981 26.270337 1254021359656 -1.0
47.557082 26.270413 1254021364656 -1.0
47.557082 26.270413 1254021364656 -1.0
47.556118 26.270209 1254021369656 -1.0
47.555189 26.269871 1254021374656 -1.0
47.554357 26.269975 1254021379787 -1.0
47.553468 26.269761 1254021384806 -1.0
47.552551 26.269473 1254021389792 -1.0
47.551615 26.269582 1254021394791 -1.0
47.550671 26.27015 1254021399770 -1.0
47.549752 26.270763 1254021404770 -1.0
47.548911 26.271055 1254021409755 -1.0
47.547947 26.270985 1254021414754 -1.0
47.546815 26.27088 1254021419761 -1.0
47.545733 26.270352 1254021424762 -1.0
47.544646 26.269708 1254021429726 -1.0
47.543709 26.269264 1254021434722 -1.0
47.542749 26.269319 1254021439747 -1.0
47.542095 26.269413 1254021444710 -1.0
47.542095 26.269413 1254021444710 -1.0
47.540498 26.269637 1254021449732 -1.0
47.539624 26.269885 1254021454733 -1.0
47.538754 26.270402 1254021459731 -1.0
47.537779 26.271037 1254021464694 -1.0
47.536677 26.271743 1254021469691 -1.0
47.535507 26.272477 1254021474701 -1.0
47.534397 26.2732 1254021479680 -1.0
47.533472 26.27419 1254021484660 -1.0
47.532548 26.274905 1254021489714 -1.0
47.531628 26.275473 1254021494646 -1.0
47.530925 26.27601 1254021499645 -1.0
47.530212 26.276705 1254021504665 -1.0
47.529306 26.27743 1254021509643 -1.0
47.52835 26.278219 1254021514656 -1.0
47.527459 26.279025 1254021519649 -1.0
47.526583 26.279902 1254021524656 -1.0
47.525825 26.280993 1254021529656 -1.0
47.524958 26.281822 1254021534656 -1.0
47.523998 26.282472 1254021539656 -1.0
47.52298 26.283178 1254021544656 -1.0
47.521872 26.283961 1254021549656 -1.0
47.520719 26.284755 1254021554656 -1.0
47.51966 26.28526 1254021559656 -1.0
47.518656 26.285471 1254021564656 -1.0
47.517716 26.285596 1254021569656 -1.0
47.516769 26.285806 1254021574656 -1.0
47.515797 26.286307 1254021579656 -1.0
47.514879 26.286787 1254021584656 -1.0
47.514095 26.28653 1254021589656 -1.0
47.513309 26.285619 1254021594656 -1.0
47.512569 26.284822 1254021599656 -1.0
47.511806 26.284745 1254021604656 -1.0
47.510955 26.284995 1254021609656 -1.0
47.510047 26.284829 1254021614656 -1.0
47.509059 26.284573 1254021619656 -1.0
47.508041 26.284336 1254021624656 -1.0
47.506998 26.284425 1254021629656 -1.0
47.505914 26.284677 1254021634656 -1.0
47.504819 26.284963 1254021639656 -1.0
47.503752 26.285173 1254021644656 -1.0
47.502758 26.284765 1254021649656 -1.0
47.501933 26.28408 1254021654656 -1.0
47.500988 26.28376 1254021659656 -1.0
47.500149 26.2832 1254021664656 -1.0
47.499277 26.282485 1254021669656 -1.0
47.498381 26.281998 1254021674656 -1.0
47.497345 26.281752 1254021679656 -1.0
47.49635 26.281535 1254021684656 -1.0
47.495466 26.281767 1254021689656 -1.0
47.494587 26.282352 1254021694656 -1.0
47.493814 26.283145 1254021699656 -1.0
47.493073 26.283939 1254021704656 -1.0
47.492167 26.284415 1254021709656 -1.0
47.491293 26.28512 1254021714656 -1.0
47.490521 26.286214 1254021719656 -1.0
47.489841 26.287472 1254021724656 -1.0
47.489342 26.288986 1254021729656 -1.0
47.48884 26.290449 1254021734656 -1.0
47.488255 26.291443 1254021739656 -1.0
47.48752 26.291805 1254021744656 -1.0
47.486631 26.291883 1254021749656 -1.0
47.485804 26.291852 1254021754656 -1.0
47.485062 26.29164 1254021759656 -1.0
47.484328 26.291562 1254021764656 -1.0
47.483671 26.291794 1254021769656 -1.0
47.482959 26.292022 1254021774656 -1.0
47.482116 26.291967 1254021779656 -1.0
47.48119 26.291847 1254021784656 -1.0
47.480247 26.291705 1254021789656 -1.0
47.479281 26.291585 1254021794656 -1.0
47.478293 26.291448 1254021799656 -1.0
47.477328 26.291348 1254021804656 -1.0
47.47642 26.291517 1254021809656 -1.0
47.475561 26.292025 1254021814656 -1.0
47.474731 26.292555 1254021819656 -1.0
47.473915 26.293063 1254021824656 -1.0
47.473133 26.293577 1254021829656 -1.0
47.472418 26.294034 1254021834656 -1.0
47.471727 26.294472 1254021839656 -1.0
47.471033 26.294895 1254021844656 -1.0
47.470311 26.295393 1254021849656 -1.0
47.469579 26.296009 1254021854656 -1.0
47.468833 26.296729 1254021859656 -1.0
47.467966 26.297371 1254021864656 -1.0
47.467108 26.297998 1254021869656 -1.0
47.466293 26.298605 1254021874656 -1.0
47.465494 26.29908 1254021879656 -1.0
47.464846 26.299558 1254021884656 -1.0
47.464297 26.300071 1254021889657 -1.0
47.463802 26.300594 1254021894656 -1.0
47.463428 26.301016 1254021899656 -1.0
47.462981 26.30151 1254021904656 -1.0
47.462575 26.301915 1254021909656 -1.0
47.46204 26.302258 1254021914656 -1.0
47.461566 26.302478 1254021919656 -1.0
47.461131 26.302613 1254021924656 -1.0
47.460697 26.302537 1254021929656 -1.0
47.460271 26.302364 1254021934656 -1.0
47.459865 26.302038 1254021939656 -1.0
47.459469 26.30158 1254021944656 -1.0
47.45905 26.301097 1254021949656 -1.0
47.458612 26.300623 1254021954656 -1.0
47.458107 26.300234 1254021959656 -1.0
47.457616 26.299872 1254021964656 -1.0
47.457128 26.29953 1254021969656 -1.0
47.456738 26.299148 1254021974656 -1.0
47.456334 26.298728 1254021979656 -1.0
47.455912 26.298326 1254021984656 -1.0
47.45554 26.297916 1254021989656 -1.0
47.45554 26.297916 1254021989656 -1.0
47.455182 26.297534 1254021994656 -1.0
47.454784 26.297136 1254021999656 -1.0
47.454412 26.296739 1254022004656 -1.0
47.454412 26.296739 1254022004656 -1.0
47.453997 26.296342 1254022009656 -1.0
47.45353 26.29602 1254022014656 -1.0
47.452678 26.296064 1254022019656 -1.0
47.451743 26.296311 1254022024656 -1.0
47.451159 26.296428 1254022029656 -1.0
47.450841 26.296258 1254022034656 -1.0
47.450385 26.296376 1254022039656 -1.0
47.449852 26.295807 1254022044656 -1.0
47.449513 26.295216 1254022049656 -1.0
47.449348 26.294806 1254022054656 -1.0
47.449348 26.294806 1254022054656 -1.0
47.448886 26.294539 1254022059656 -1.0
47.448196 26.294216 1254022064656 -1.0
47.447407 26.293956 1254022069657 -1.0
47.44648 26.293898 1254022074656 -1.0
47.445442 26.294119 1254022079656 -1.0
47.444426 26.294243 1254022084656 -1.0
47.443373 26.294165 1254022089656 -1.0
47.44234 26.294079 1254022094656 -1.0
47.441316 26.294129 1254022099656 -1.0
47.440568 26.294745 1254022104656 -1.0
47.439998 26.295461 1254022109656 -1.0
47.439449 26.296246 1254022114656 -1.0
47.438691 26.296994 1254022119656 -1.0
47.437858 26.297525 1254022124656 -1.0
47.436932 26.297905 1254022129656 -1.0
47.435695 26.298108 1254022134656 -1.0
47.434468 26.298221 1254022139656 -1.0
47.433884 26.298618 1254022144652 -1.0
47.432898 26.299268 1254022149656 -1.0
47.432237 26.299123 1254022154656 -1.0
47.430802 26.298777 1254022159656 -1.0
47.429939 26.298406 1254022164656 -1.0
47.429144 26.298544 1254022169656 -1.0
47.428479 26.299187 1254022174656 -1.0
47.42771 26.300008 1254022179656 -1.0
47.42689 26.300911 1254022184656 -1.0
47.426016 26.301835 1254022189656 -1.0
47.425071 26.302815 1254022194656 -1.0
47.424039 26.30389 1254022199656 -1.0
47.422973 26.305032 1254022204656 -1.0
47.421808 26.306279 1254022209656 -1.0
47.420576 26.307596 1254022214656 -1.0
47.419324 26.308931 1254022219656 -1.0
47.418092 26.310324 1254022224656 -1.0
47.416797 26.311687 1254022229656 -1.0
47.415568 26.313011 1254022234656 -1.0
47.414618 26.314014 1254022239656 -1.0
47.41358 26.315139 1254022244656 -1.0
47.412433 26.316382 1254022249656 -1.0
47.411224 26.317677 1254022254656 -1.0
47.409997 26.31901 1254022259656 -1.0
47.40888 26.320218 1254022264656 -1.0
47.407832 26.321353 1254022269656 -1.0
47.406782 26.322487 1254022274656 -1.0
47.405871 26.323143 1254022279656 -1.0
47.404832 26.323507 1254022284656 -1.0
47.403796 26.323853 1254022289656 -1.0
47.402715 26.324211 1254022294656 -1.0
47.401732 26.324394 1254022299656 -1.0
47.40086 26.324212 1254022304656 -1.0
47.400024 26.32378 1254022309656 -1.0
47.399238 26.323412 1254022314666 -1.0
47.398585 26.323419 1254022319656 -1.0
47.397934 26.323931 1254022324656 -1.0
47.397268 26.324698 1254022329656 -1.0
47.396533 26.325579 1254022334656 -1.0
47.395758 26.326543 1254022339656 -1.0
47.394932 26.327555 1254022344656 -1.0
47.394081 26.328549 1254022349656 -1.0
47.393422 26.329353 1254022354669 -1.0
47.392533 26.33044 1254022359656 -1.0
47.392533 26.33044 1254022359656 -1.0
47.391612 26.331568 1254022364656 -1.0
47.390668 26.332707 1254022369656 -1.0
47.389712 26.333846 1254022374656 -1.0
47.388971 26.334811 1254022379656 -1.0
47.388524 26.336016 1254022384656 -1.0
47.388134 26.33741 1254022389656 -1.0
47.387735 26.338899 1254022394656 -1.0
47.387735 26.338899 1254022394656 -1.0
47.387327 26.340443 1254022399645 -1.0
47.386908 26.342021 1254022404656 -1.0
47.386492 26.343583 1254022409656 -1.0
47.386088 26.345084 1254022414656 -1.0
47.385685 26.346591 1254022419644 -1.0
47.385284 26.348121 1254022424656 -1.0
47.38487 26.349689 1254022429643 -1.0
47.384448 26.351276 1254022434656 -1.0
47.384035 26.352841 1254022439656 -1.0
47.383615 26.354431 1254022444656 -1.0
47.383211 26.355944 1254022449656 -1.0
47.38283 26.357376 1254022454656 -1.0
47.382446 26.358814 1254022459642 -1.0
47.38206 26.360283 1254022464656 -1.0
47.381691 26.361677 1254022469656 -1.0
47.381342 26.363013 1254022474656 -1.0
47.380918 26.36423 1254022479656 -1.0
47.380918 26.36423 1254022479656 -1.0
47.380264 26.365262 1254022484655 -1.0
47.379579 26.366348 1254022489656 -1.0
47.378898 26.36742 1254022494655 -1.0
47.378243 26.368448 1254022499656 -1.0
47.377621 26.369495 1254022504642 -1.0
47.376908 26.370567 1254022509656 -1.0
47.376188 26.371642 1254022514649 -1.0
47.375527 26.372799 1254022519656 -1.0
47.374828 26.373947 1254022524657 -1.0
47.374128 26.375024 1254022529656 -1.0
47.373445 26.376068 1254022534656 -1.0
47.372774 26.377138 1254022539656 -1.0
47.37207 26.378259 1254022544657 -1.0
47.371354 26.379411 1254022549656 -1.0
47.370625 26.380566 1254022554655 -1.0
47.369952 26.381706 1254022559656 -1.0
47.369333 26.382868 1254022564655 -1.0
47.368657 26.383979 1254022569654 -1.0
47.367898 26.384972 1254022574656 -1.0
47.367102 26.385973 1254022579642 -1.0
47.366225 26.387047 1254022584656 -1.0
47.365292 26.388209 1254022589643 -1.0
47.364451 26.38943 1254022594657 -1.0
47.363693 26.390563 1254022599651 -1.0
47.362992 26.391482 1254022604657 -1.0
47.362447 26.392707 1254022609656 -1.0
47.361963 26.394178 1254022614649 -1.0
47.361488 26.395638 1254022619648 -1.0
47.361297 26.397015 1254022624648 -1.0
47.361262 26.398417 1254022629648 -1.0
47.361077 26.399489 1254022634651 -1.0
47.361077 26.399489 1254022634651 -1.0
47.360532 26.400276 1254022639648 -1.0
47.359748 26.401026 1254022644652 -1.0
47.359121 26.40164 1254022649656 -1.0
47.358171 26.402594 1254022654688 -1.0
47.357136 26.403486 1254022659649 -1.0
47.356131 26.404377 1254022664649 -1.0
47.355221 26.405255 1254022669652 -1.0
47.354521 26.406288 1254022674649 -1.0
47.353798 26.407511 1254022679650 -1.0
47.353102 26.408749 1254022684649 -1.0
47.352368 26.410034 1254022689656 -1.0
47.351613 26.411347 1254022694647 -1.0
47.350866 26.412649 1254022699648 -1.0
47.350092 26.413979 1254022704649 -1.0
47.349319 26.415307 1254022709648 -1.0
47.348552 26.416624 1254022714649 -1.0
47.347776 26.417951 1254022719654 -1.0
47.346983 26.419312 1254022724647 -1.0
47.346179 26.420699 1254022729648 -1.0
47.345373 26.422059 1254022734649 -1.0
47.344609 26.423372 1254022739654 -1.0
47.343889 26.424631 1254022744649 -1.0
47.343176 26.425856 1254022749649 -1.0
47.342437 26.427091 1254022754650 -1.0
47.341689 26.428394 1254022759649 -1.0
47.340905 26.429751 1254022764657 -1.0
47.34009 26.431162 1254022769671 -1.0
47.339252 26.432594 1254022774671 -1.0
47.338421 26.434009 1254022779671 -1.0
47.337606 26.435387 1254022784671 -1.0
47.336808 26.436745 1254022789672 -1.0
47.335954 26.43805 1254022794675 -1.0
47.335094 26.439367 1254022799672 -1.0
47.334316 26.440653 1254022804671 -1.0
47.333622 26.441867 1254022809688 -1.0
47.33294 26.443046 1254022814707 -1.0
47.332182 26.444251 1254022819677 -1.0
47.33143 26.445582 1254022824688 -1.0
47.330621 26.446987 1254022829719 -1.0
47.329795 26.448419 1254022834688 -1.0
47.328944 26.449862 1254022839666 -1.0
47.328944 26.449862 1254022839666 -1.0
47.3281 26.451293 1254022844688 -1.0
47.327284 26.452716 1254022849689 -1.0
47.32648 26.454142 1254022854689 -1.0
47.325965 26.455143 1254022859656 -1.0
47.32582 26.455764 1254022864656 -1.0
47.325558 26.456687 1254022869656 -1.0
47.324638 26.458067 1254022874656 -1.0
47.323438 26.459301 1254022879656 -1.0
47.322946 26.459991 1254022884656 -1.0
47.322694 26.460488 1254022889670 -1.0
47.322215 26.462571 1254022894656 -1.0
47.319841 26.464362 1254022899681 -1.0
47.318574 26.465281 1254022904656 -1.0
47.317548 26.466405 1254022909656 -1.0
47.316697 26.467236 1254022914656 -1.0
47.315801 26.468271 1254022919714 -1.0
47.315801 26.468271 1254022919714 -1.0
47.314927 26.469261 1254022924656 -1.0
47.31406 26.47025 1254022929714 -1.0
47.313281 26.471237 1254022934656 -1.0
47.312441 26.472126 1254022939666 -1.0
47.311633 26.473088 1254022944656 -1.0
47.310786 26.474115 1254022949667 -1.0
47.309926 26.475156 1254022954656 -1.0
47.309085 26.476183 1254022959656 -1.0
47.308234 26.47721 1254022964656 -1.0
47.307405 26.478204 1254022969656 -1.0
47.306632 26.479141 1254022974656 -1.0
47.305956 26.48018 1254022979656 -1.0
47.30531 26.481332 1254022984668 -1.0
47.304627 26.482494 1254022989656 -1.0
47.303904 26.483477 1254022994656 -1.0
47.303213 26.484436 1254022999667 -1.0
47.302483 26.485326 1254023004656 -1.0
47.30154 26.485957 1254023009668 -1.0
47.300602 26.486537 1254023014656 -1.0
47.299689 26.487069 1254023019656 -1.0
47.298794 26.487621 1254023024667 -1.0
47.297897 26.488158 1254023029656 -1.0
47.296988 26.488712 1254023034656 -1.0
47.296103 26.489242 1254023039667 -1.0
47.295271 26.489755 1254023044656 -1.0
47.294537 26.490249 1254023049667 -1.0
47.293892 26.490969 1254023054656 -1.0
47.293201 26.491829 1254023059667 -1.0
47.292481 26.492769 1254023064656 -1.0
47.291694 26.493747 1254023069656 -1.0
47.290895 26.49473 1254023074656 -1.0
47.290053 26.495744 1254023079667 -1.0
47.28922 26.496752 1254023084656 -1.0
47.28839 26.497756 1254023089656 -1.0
47.287563 26.498742 1254023094656 -1.0
47.286743 26.499749 1254023099656 -1.0
47.285842 26.500827 1254023104656 -1.0
47.284886 26.501984 1254023109656 -1.0
47.283925 26.503148 1254023114656 -1.0
47.28299 26.504274 1254023119656 -1.0
47.282033 26.50542 1254023124656 -1.0
47.28106 26.506585 1254023129656 -1.0
47.280116 26.507701 1254023134656 -1.0
47.279236 26.508721 1254023139656 -1.0
47.278348 26.509761 1254023144656 -1.0
47.277438 26.510833 1254023149656 -1.0
47.276547 26.511881 1254023154656 -1.0
47.275734 26.512995 1254023159656 -1.0
47.274979 26.514406 1254023164666 -1.0
47.274189 26.516019 1254023169656 -1.0
47.273361 26.517725 1254023174666 -1.0
47.272522 26.519428 1254023179656 -1.0
47.271728 26.521053 1254023184656 -1.0
47.270969 26.522606 1254023189656 -1.0
47.270266 26.524045 1254023194656 -1.0
47.269612 26.525393 1254023199656 -1.0
47.268968 26.526635 1254023204656 -1.0
47.268327 26.527833 1254023209656 -1.0
47.267669 26.529077 1254023214656 -1.0
47.266969 26.530402 1254023219656 -1.0
47.266241 26.531789 1254023224656 -1.0
47.265509 26.533184 1254023229656 -1.0
47.264814 26.534493 1254023234656 -1.0
47.264149 26.535722 1254023239656 -1.0
47.263493 26.536928 1254023244656 -1.0
47.262814 26.538182 1254023249656 -1.0
47.262108 26.539492 1254023254656 -1.0
47.261374 26.54086 1254023259656 -1.0
47.260628 26.542247 1254023264656 -1.0
47.259886 26.543667 1254023269656 -1.0
47.259124 26.545085 1254023274656 -1.0
47.25831 26.546431 1254023279656 -1.0
47.257515 26.547702 1254023284656 -1.0
47.256791 26.548899 1254023289656 -1.0
47.256268 26.550173 1254023294656 -1.0
47.25581 26.551482 1254023299656 -1.0
47.255371 26.552729 1254023304656 -1.0
47.254945 26.553875 1254023309656 -1.0
47.254559 26.555026 1254023314656 -1.0
47.254118 26.556298 1254023319656 -1.0
47.25365 26.557654 1254023324656 -1.0
47.253175 26.559022 1254023329656 -1.0
47.252702 26.560392 1254023334656 -1.0
47.252229 26.561761 1254023339656 -1.0
47.251748 26.563141 1254023344656 -1.0
47.251266 26.564552 1254023349656 -1.0
47.250669 26.566302 1254023354656 -1.0
47.250152 26.567593 1254023359656 -1.0
47.249426 26.568666 1254023364656 -1.0
47.248655 26.569787 1254023369656 -1.0
47.24786 26.570916 1254023374656 -1.0
47.247068 26.572062 1254023379656 -1.0
47.246298 26.5732 1254023384656 -1.0
47.245519 26.574333 1254023389656 -1.0
47.244722 26.57551 1254023394656 -1.0
47.243904 26.576715 1254023399656 -1.0
47.24309 26.577941 1254023404656 -1.0
47.242278 26.579146 1254023409656 -1.0
47.241478 26.580323 1254023414656 -1.0
47.240699 26.58147 1254023419656 -1.0
47.239935 26.582653 1254023424656 -1.0
47.239133 26.583815 1254023429656 -1.0
47.238364 26.584937 1254023434656 -1.0
47.237643 26.586006 1254023439656 -1.0
47.236927 26.587061 1254023444656 -1.0
47.236242 26.588074 1254023449656 -1.0
47.235546 26.589116 1254023454656 -1.0
47.234778 26.590075 1254023459656 -1.0
47.233961 26.590933 1254023464656 -1.0
47.233287 26.591667 1254023469656 -1.0
47.232946 26.592206 1254023474656 -1.0
47.233063 26.592808 1254023479656 -1.0
47.233256 26.593724 1254023484656 -1.0
47.23347 26.594813 1254023489656 -1.0
47.233699 26.595956 1254023494656 -1.0
47.233939 26.59714 1254023499656 -1.0
47.23419 26.598373 1254023504656 -1.0
47.23443 26.599643 1254023509656 -1.0
47.234667 26.600907 1254023514656 -1.0
47.23487 26.602084 1254023519656 -1.0
47.235102 26.602988 1254023524656 -1.0
47.235102 26.602988 1254023524656 -1.0
47.235581 26.603602 1254023529656 -1.0
47.235944 26.603825 1254023534656 -1.0
47.236473 26.603495 1254023539656 -1.0
47.237146 26.603417 1254023544656 -1.0
47.237806 26.603554 1254023549656 -1.0
47.238496 26.603785 1254023554659 -1.0
47.239059 26.604392 1254023559656 -1.0
47.239415 26.605482 1254023564656 -1.0
47.239951 26.606263 1254023569656 -1.0
47.240304 26.606595 1254023574656 -1.0
47.240443 26.606782 1254023579656 -1.0
47.240667 26.607083 1254023584656 -1.0
47.241091 26.60773 1254023589656 -1.0
47.241903 26.608206 1254023594670 -1.0
47.243148 26.608441 1254023599656 -1.0
47.244095 26.608544 1254023604656 -1.0
47.244095 26.608544 1254023604656 -1.0
47.245186 26.608338 1254023609656 -1.0
47.246563 26.608059 1254023614670 -1.0
47.247139 26.608122 1254023619656 -1.0
47.248397 26.608356 1254023624656 -1.0
47.249412 26.60867 1254023629656 -1.0
47.250306 26.608984 1254023634656 -1.0
47.251244 26.609301 1254023639656 -1.0
47.252179 26.609607 1254023644656 -1.0
47.253041 26.609892 1254023649656 -1.0
47.253728 26.610253 1254023654656 -1.0
47.253971 26.611188 1254023659656 -1.0
47.254076 26.612273 1254023664656 -1.0
47.254174 26.613361 1254023669656 -1.0
47.254256 26.614531 1254023674689 -1.0
47.254256 26.614531 1254023674689 -1.0
47.254375 26.615653 1254023679656 -1.0
47.254583 26.616821 1254023684656 -1.0
47.254821 26.61806 1254023689656 -1.0
47.254117 26.62313 1254023709656 -1.0
47.25361 26.624454 1254023714656 -1.0
47.253093 26.625814 1254023719656 -1.0
47.252532 26.627127 1254023724656 -1.0
47.2518 26.628077 1254023729656 -1.0
47.250952 26.628564 1254023734656 -1.0
47.250184 26.628864 1254023739656 -1.0
47.249426 26.629584 1254023744656 -1.0
47.248592 26.630351 1254023749656 -1.0
47.247776 26.630938 1254023754656 -1.0
47.247105 26.631798 1254023759656 -1.0
47.246845 26.633101 1254023764656 -1.0
47.246734 26.634402 1254023769656 -1.0
47.246533 26.635654 1254023774656 -1.0
47.246306 26.636974 1254023779656 -1.0
47.24616 26.638234 1254023784656 -1.0
47.246381 26.639411 1254023789656 -1.0
47.246515 26.640518 1254023794656 -1.0
47.24618 26.641659 1254023799656 -1.0
47.245573 26.642679 1254023804656 -1.0
47.245116 26.643736 1254023809656 -1.0
47.244813 26.644978 1254023814656 -1.0
47.244578 26.646291 1254023819657 -1.0
47.244392 26.647795 1254023824642 -1.0
47.244159 26.649349 1254023829656 -1.0
47.243707 26.65081 1254023834656 -1.0
47.243248 26.652267 1254023839657 -1.0
47.242855 26.653729 1254023844656 -1.0
47.242627 26.655164 1254023849670 -1.0
47.242426 26.656736 1254023854656 -1.0
47.242202 26.6584 1254023859656 -1.0
47.24198 26.660124 1254023864656 -1.0
47.24175 26.661834 1254023869656 -1.0
47.2415 26.66352 1254023874656 -1.0
47.241227 26.665175 1254023879656 -1.0
47.240952 26.66682 1254023884656 -1.0
47.240674 26.668386 1254023889656 -1.0
47.240406 26.66995 1254023894656 -1.0
47.240138 26.671488 1254023899656 -1.0
47.239872 26.672871 1254023904656 -1.0
47.239798 26.674046 1254023909656 -1.0
47.240017 26.675321 1254023914656 -1.0
47.240251 26.676826 1254023919656 -1.0
47.240565 26.67846 1254023924656 -1.0
47.240913 26.680129 1254023929656 -1.0
47.241278 26.681834 1254023934656 -1.0
47.241648 26.683554 1254023939656 -1.0
47.241997 26.685254 1254023944656 -1.0
47.242369 26.686905 1254023949656 -1.0
47.242725 26.688508 1254023954656 -1.0
47.2431 26.690102 1254023959656 -1.0
47.243402 26.691726 1254023964656 -1.0
47.243719 26.693228 1254023969656 -1.0
47.244069 26.694775 1254023974656 -1.0
47.244416 26.696292 1254023979656 -1.0
47.244728 26.697666 1254023984656 -1.0
47.245108 26.698986 1254023989656 -1.0
47.245494 26.700358 1254023994656 -1.0
47.245655 26.701811 1254023999656 -1.0
47.245861 26.703246 1254024004656 -1.0
47.246106 26.704448 1254024009656 -1.0
47.24636 26.705773 1254024014656 -1.0
47.246632 26.706957 1254024019656 -1.0
47.246871 26.708083 1254024024656 -1.0
47.247094 26.709158 1254024029656 -1.0
47.247313 26.710177 1254024034656 -1.0
47.247533 26.711205 1254024039656 -1.0
47.247754 26.712224 1254024044656 -1.0
47.247991 26.713211 1254024049656 -1.0
47.248147 26.714 1254024054656 -1.0
47.247983 26.714387 1254024059656 -1.0
47.247511 26.714648 1254024064656 -1.0
47.247005 26.714906 1254024069656 -1.0
47.246398 26.715212 1254024074656 -1.0
47.245766 26.715498 1254024079656 -1.0
47.245112 26.715808 1254024084656 -1.0
47.24446 26.716093 1254024089656 -1.0
47.243873 26.716356 1254024094656 -1.0
47.243595 26.716893 1254024099656 -1.0
47.243812 26.717652 1254024104656 -1.0
47.244022 26.718407 1254024109656 -1.0
47.244219 26.71924 1254024114656 -1.0
47.24416 26.720163 1254024119656 -1.0
47.244109 26.720993 1254024124656 -1.0
47.244023 26.721554 1254024129656 -1.0
47.244019 26.722471 1254024134656 -1.0
47.244019 26.722471 1254024134656 -1.0
47.243996 26.723448 1254024139656 -1.0
47.244064 26.724362 1254024144656 -1.0
47.244108 26.725281 1254024149656 -1.0
47.244088 26.726088 1254024156295 -1.0
47.244125 26.72701 1254024159649 -1.0
47.244125 26.72701 1254024159649 -1.0
47.244038 26.728237 1254024164649 -1.0
47.244038 26.728237 1254024164649 -1.0
47.244014 26.729123 1254024169649 -1.0
47.244014 26.729123 1254024169649 -1.0
47.244372 26.730212 1254024174649 -1.0
47.244372 26.730212 1254024174649 -1.0
47.24483 26.731162 1254024179649 -1.0
47.24483 26.731162 1254024179649 -1.0
47.245176 26.73202 1254024184649 -1.0
47.245176 26.73202 1254024184649 -1.0
47.245488 26.732902 1254024189648 -1.0
47.245488 26.732902 1254024189648 -1.0
47.245856 26.733808 1254024194649 -1.0
47.245856 26.733808 1254024194649 -1.0
47.246236 26.734622 1254024199649 -1.0
47.246236 26.734622 1254024199649 -1.0
47.24656 26.735402 1254024204649 -1.0
47.24656 26.735402 1254024204649 -1.0
47.246871 26.736027 1254024209649 -1.0
47.246871 26.736027 1254024209649 -1.0
47.247094 26.736453 1254024214649 -1.0
47.247094 26.736453 1254024214649 -1.0
47.247216 26.73681 1254024219656 -1.0
47.248067 26.738309 1254024224649 -1.0
47.248067 26.738309 1254024224649 -1.0
47.248508 26.73917 1254024229643 -1.0
47.249082 26.740152 1254024234643 -1.0
47.249545 26.74103 1254024239643 -1.0
47.249872 26.742026 1254024244643 -1.0
47.250045 26.743125 1254024249643 -1.0
47.250029 26.744346 1254024254643 -1.0
47.249954 26.745656 1254024259643 -1.0
47.249877 26.746985 1254024264643 -1.0
47.249716 26.748307 1254024269643 -1.0
47.249341 26.749551 1254024274643 -1.0
47.24877 26.750679 1254024279643 -1.0
47.24877 26.750679 1254024279643 -1.0
47.248176 26.751797 1254024284643 -1.0
47.247581 26.752921 1254024289643 -1.0
47.246971 26.754054 1254024294643 -1.0
47.246308 26.755149 1254024299643 -1.0
47.245413 26.755978 1254024304643 -1.0
47.244432 26.756649 1254024309643 -1.0
47.24359 26.757299 1254024314643 -1.0
47.2431 26.758354 1254024319643 -1.0
47.242894 26.759574 1254024324643 -1.0
47.243018 26.760602 1254024329643 -1.0
47.243454 26.761747 1254024334643 -1.0
47.243893 26.763024 1254024339643 -1.0
47.244306 26.764493 1254024344643 -1.0
47.244564 26.76605 1254024349643 -1.0
47.244671 26.767597 1254024354643 -1.0
47.244724 26.769081 1254024359643 -1.0
47.244772 26.770629 1254024364643 -1.0
47.244772 26.772226 1254024369643 -1.0
47.244648 26.773793 1254024374643 -1.0
47.244626 26.775308 1254024379643 -1.0
47.244849 26.776654 1254024384643 -1.0
47.245283 26.77787 1254024389643 -1.0
47.245897 26.778969 1254024394643 -1.0
47.246253 26.779915 1254024399643 -1.0
47.246299 26.781083 1254024404643 -1.0
47.246027 26.782255 1254024409643 -1.0
47.245491 26.783432 1254024414643 -1.0
47.245001 26.784646 1254024419643 -1.0
47.24444 26.785864 1254024424643 -1.0
47.243888 26.787159 1254024429643 -1.0
47.24325 26.788429 1254024434643 -1.0
47.242657 26.789608 1254024439643 -1.0
47.242185 26.79078 1254024444643 -1.0
47.241614 26.792155 1254024449643 -1.0
47.241001 26.793468 1254024454643 -1.0
47.241001 26.793468 1254024454643 -1.0
47.240496 26.794643 1254024459643 -1.0
47.240268 26.795583 1254024464643 -1.0
47.240268 26.795583 1254024464643 -1.0
47.240137 26.796992 1254024469643 -1.0
47.240049 26.798549 1254024474666 -1.0
47.240049 26.798549 1254024474666 -1.0
47.24005 26.799696 1254024479656 -1.0
47.23992 26.8003 1254024484656 -1.0
47.239671 26.801943 1254024489656 -1.0
47.238437 26.803781 1254024494656 -1.0
47.237484 26.804912 1254024499656 -1.0
47.236711 26.806125 1254024504656 -1.0
47.235997 26.807374 1254024509656 -1.0
47.235123 26.809018 1254024515359 -1.0
47.234659 26.809976 1254024522463 -1.0
47.234096 26.811148 1254024524656 -1.0
47.233686 26.812276 1254024529656 -1.0
47.233544 26.813475 1254024534656 -1.0
47.233721 26.814702 1254024539656 -1.0
47.234235 26.815778 1254024544656 -1.0
47.234892 26.816861 1254024549656 -1.0
47.235548 26.818008 1254024554656 -1.0
47.236218 26.819133 1254024559656 -1.0
47.236849 26.820264 1254024564656 -1.0
47.237516 26.821368 1254024569656 -1.0
47.238157 26.822427 1254024574656 -1.0
47.238745 26.823387 1254024579656 -1.0
47.239391 26.824407 1254024584795 -1.0
47.240131 26.825651 1254024589660 -1.0
47.24078 26.826833 1254024594656 -1.0
47.241186 26.827553 1254024599663 -1.0
47.240964 26.82838 1254024604656 -1.0
47.240964 26.82838 1254024604656 -1.0
47.240617 26.829307 1254024609656 -1.0
47.240304 26.830311 1254024614656 -1.0
47.240087 26.831191 1254024619656 -1.0
47.239542 26.83162 1254024624670 -1.0
47.23901 26.832201 1254024629656 -1.0
47.238748 26.833264 1254024634656 -1.0
47.238828 26.834216 1254024639656 -1.0
47.239199 26.834967 1254024644656 -1.0
47.23958 26.836118 1254024649656 -1.0
47.239812 26.837378 1254024654656 -1.0
47.240132 26.838404 1254024659656 -1.0
47.240755 26.839087 1254024664656 -1.0
47.241632 26.839628 1254024669656 -1.0
47.242198 26.840564 1254024674656 -1.0
47.242346 26.841848 1254024679656 -1.0
47.242456 26.843253 1254024684656 -1.0
47.242558 26.844558 1254024689656 -1.0
47.242676 26.845917 1254024694656 -1.0
47.242783 26.847358 1254024699656 -1.0
47.24291 26.848822 1254024704656 -1.0
47.243196 26.850073 1254024709656 -1.0
47.243275 26.851039 1254024714656 -1.0
47.243275 26.851039 1254024714656 -1.0
47.244018 26.852034 1254024719656 -1.0
47.244766 26.853033 1254024724656 -1.0
47.245557 26.854023 1254024729656 -1.0
47.246366 26.855013 1254024734656 -1.0
47.24692 26.856 1254024739656 -1.0
47.247046 26.857702 1254024744656 -1.0
47.247088 26.859435 1254024749656 -1.0
47.246825 26.86108 1254024754656 -1.0
47.246301 26.862608 1254024759656 -1.0
47.245919 26.864071 1254024764656 -1.0
47.245752 26.865709 1254024769656 -1.0
47.245592 26.867355 1254024774656 -1.0
47.245448 26.869095 1254024779656 -1.0
47.245276 26.871069 1254024784656 -1.0
47.24511 26.873112 1254024789656 -1.0
47.244981 26.875091 1254024794656 -1.0
47.244869 26.877038 1254024799656 -1.0
47.244682 26.879075 1254024804656 -1.0
47.244437 26.881187 1254024809656 -1.0
47.244202 26.883268 1254024814656 -1.0
47.244002 26.885226 1254024819656 -1.0
47.243799 26.887151 1254024824656 -1.0
47.2436 26.889093 1254024829656 -1.0
47.243388 26.891064 1254024834656 -1.0
47.243168 26.893019 1254024839656 -1.0
47.242964 26.894871 1254024844656 -1.0
47.242764 26.896669 1254024849656 -1.0
47.242578 26.898428 1254024854656 -1.0
47.242343 26.90004 1254024859656 -1.0
47.241839 26.901485 1254024864656 -1.0
47.240999 26.902783 1254024869656 -1.0
47.239975 26.904056 1254024874656 -1.0
47.238904 26.905377 1254024879656 -1.0
47.237862 26.906657 1254024884656 -1.0
47.236844 26.907925 1254024889656 -1.0
47.235867 26.909147 1254024894656 -1.0
47.234983 26.910354 1254024899656 -1.0
47.234216 26.911791 1254024904656 -1.0
47.233493 26.913396 1254024909656 -1.0
47.232743 26.915081 1254024914656 -1.0
47.231954 26.916853 1254024919656 -1.0
47.231148 26.918664 1254024924656 -1.0
47.230367 26.920418 1254024929656 -1.0
47.229617 26.92209 1254024934656 -1.0
47.228864 26.923745 1254024939656 -1.0
47.228109 26.925396 1254024944656 -1.0
47.227359 26.927011 1254024949656 -1.0
47.226618 26.928612 1254024954656 -1.0
47.225946 26.930204 1254024959656 -1.0
47.22523 26.931835 1254024964656 -1.0
47.224528 26.933484 1254024969656 -1.0
47.22383 26.935212 1254024974656 -1.0
47.223107 26.937046 1254024979656 -1.0
47.222377 26.938889 1254024984656 -1.0
47.221639 26.940733 1254024989656 -1.0
47.22084 26.942606 1254024994656 -1.0
47.220072 26.944496 1254024999656 -1.0
47.219348 26.946362 1254025004656 -1.0
47.218622 26.948208 1254025009656 -1.0
47.217902 26.950065 1254025014656 -1.0
47.217185 26.951902 1254025019656 -1.0
47.216459 26.953747 1254025024656 -1.0
47.215584 26.955997 1254025029665 -1.0
47.214848 26.957843 1254025034649 -1.0
47.214201 26.959513 1254025039671 -1.0
47.213434 26.961249 1254025044656 -1.0
47.212588 26.963042 1254025049656 -1.0
47.211724 26.964863 1254025054656 -1.0
47.210897 26.96666 1254025059656 -1.0
47.21018 26.968525 1254025064656 -1.0
47.209522 26.970324 1254025069656 -1.0
47.208958 26.972177 1254025074656 -1.0
47.208445 26.973995 1254025079658 -1.0
47.207916 26.975781 1254025084655 -1.0
47.207335 26.977641 1254025089658 -1.0
47.206746 26.979551 1254025094658 -1.0
47.206188 26.981325 1254025099658 -1.0
47.205892 26.983065 1254025104658 -1.0
47.205764 26.984839 1254025109658 -1.0
47.20564 26.986558 1254025114658 -1.0
47.205486 26.988148 1254025119658 -1.0
47.205317 26.989758 1254025124658 -1.0
47.205144 26.991392 1254025129658 -1.0
47.204971 26.993008 1254025134658 -1.0
47.204799 26.994602 1254025139658 -1.0
47.20462 26.99622 1254025144658 -1.0
47.204443 26.997886 1254025149658 -1.0
47.204264 26.999526 1254025154658 -1.0
47.204104 27.001078 1254025159658 -1.0
47.203966 27.002442 1254025164658 -1.0
47.203844 27.003632 1254025169658 -1.0
47.203667 27.004571 1254025174658 -1.0
47.203641 27.00542 1254025179658 -1.0
47.203943 27.006391 1254025184658 -1.0
47.204075 27.007121 1254025189658 -1.0
47.203984 27.0074 1254025194660 -1.0
47.204143 27.007779 1254025199658 -1.0
47.204143 27.007779 1254025199658 -1.0
47.204642 27.008469 1254025204660 -1.0
47.205215 27.009167 1254025209660 -1.0
47.205709 27.009886 1254025214658 -1.0
47.2062 27.010571 1254025219660 -1.0
47.206621 27.011116 1254025224660 -1.0
47.206919 27.011454 1254025229660 -1.0
47.206997 27.011593 1254025234660 -1.0
47.207309 27.01229 1254025239660 -1.0
47.208278 27.014392 1254025244660 -1.0
47.208722 27.015272 1254025249660 -1.0
47.209091 27.016207 1254025254660 -1.0
47.209381 27.017098 1254025259660 -1.0
47.209653 27.018046 1254025264660 -1.0
47.209653 27.018046 1254025264660 -1.0
47.209916 27.019004 1254025269660 -1.0
47.210136 27.020155 1254025274660 -1.0
47.21037 27.021319 1254025279660 -1.0
47.21037 27.021319 1254025279660 -1.0
47.210789 27.022507 1254025284660 -1.0
47.211207 27.023539 1254025289660 -1.0
47.211634 27.024331 1254025294660 -1.0
47.212453 27.024972 1254025299660 -1.0
47.213095 27.025652 1254025304660 -1.0
47.213576 27.026412 1254025309660 -1.0
47.214394 27.027567 1254025314660 -1.0
47.215183 27.028645 1254025319660 -1.0
47.21599 27.029742 1254025324660 -1.0
47.216659 27.030819 1254025329660 -1.0
47.21705 27.031867 1254025334660 -1.0
47.217288 27.033458 1254025339656 -1.0
47.217485 27.034926 1254025344656 -1.0
47.217672 27.036421 1254025349656 -1.0
47.217846 27.037876 1254025354656 -1.0
47.2178 27.039307 1254025359656 -1.0
47.217597 27.040717 1254025364656 -1.0
47.217443 27.042107 1254025369656 -1.0
47.217528 27.043594 1254025374656 -1.0
47.217687 27.045239 1254025379656 -1.0
47.217857 27.046869 1254025384656 -1.0
47.218023 27.04859 1254025389656 -1.0
47.218189 27.05032 1254025394656 -1.0
47.218368 27.051991 1254025399656 -1.0
47.218564 27.053785 1254025404656 -1.0
47.218757 27.055624 1254025409656 -1.0
47.218952 27.057527 1254025414656 -1.0
47.219153 27.059519 1254025419656 -1.0
47.219324 27.061414 1254025424656 -1.0
47.219529 27.063378 1254025429656 -1.0
47.219752 27.065473 1254025434656 -1.0
47.219954 27.067741 1254025439656 -1.0
47.220185 27.070041 1254025444656 -1.0
47.220404 27.07237 1254025449656 -1.0
47.220632 27.074629 1254025454656 -1.0
47.220877 27.076885 1254025459656 -1.0
47.221152 27.079206 1254025464656 -1.0
47.221389 27.081596 1254025469656 -1.0
47.22161 27.083924 1254025474656 -1.0
47.221515 27.086086 1254025479656 -1.0
47.221284 27.088247 1254025484656 -1.0
47.221051 27.090491 1254025489656 -1.0
47.220814 27.09276 1254025494656 -1.0
47.220569 27.094922 1254025499656 -1.0
47.220452 27.09704 1254025504656 -1.0
47.220458 27.099265 1254025509656 -1.0
47.220444 27.101429 1254025514656 -1.0
47.220169 27.103124 1254025519656 -1.0
47.219639 27.104836 1254025524656 -1.0
47.21919 27.106605 1254025529656 -1.0
47.218862 27.108284 1254025534656 -1.0
47.218857 27.109955 1254025539656 -1.0
47.218836 27.111667 1254025544656 -1.0
47.218818 27.113252 1254025549656 -1.0
47.218808 27.114793 1254025554656 -1.0
47.218793 27.116351 1254025559656 -1.0
47.218793 27.116351 1254025559656 -1.0
47.218828 27.11785 1254025564656 -1.0
47.219128 27.119236 1254025569656 -1.0
47.21955 27.120607 1254025574656 -1.0
47.219877 27.122017 1254025579656 -1.0
47.219946 27.123474 1254025584656 -1.0
47.219988 27.124953 1254025589656 -1.0
47.220043 27.12647 1254025594656 -1.0
47.220105 27.128048 1254025599656 -1.0
47.22017 27.129761 1254025604656 -1.0
47.220238 27.131558 1254025609656 -1.0
47.220307 27.133193 1254025614656 -1.0
47.220405 27.134743 1254025619656 -1.0
47.220596 27.136642 1254025624656 -1.0
47.220873 27.138805 1254025629656 -1.0
47.221216 27.140952 1254025634656 -1.0
47.221507 27.14325 1254025639656 -1.0
47.22182 27.145563 1254025644656 -1.0
47.222146 27.147908 1254025649656 -1.0
47.222471 27.150304 1254025654656 -1.0
47.222795 27.152708 1254025659656 -1.0
47.223017 27.155033 1254025664656 -1.0
47.223085 27.157392 1254025669656 -1.0
47.223151 27.159758 1254025674656 -1.0
47.223214 27.162066 1254025679656 -1.0
47.223205 27.164226 1254025684656 -1.0
47.22299 27.166371 1254025689656 -1.0
47.222733 27.168573 1254025694656 -1.0
47.222456 27.170799 1254025699656 -1.0
47.222188 27.172973 1254025704656 -1.0
47.222034 27.174765 1254025709656 -1.0
47.222418 27.176191 1254025714656 -1.0
47.223132 27.177478 1254025719656 -1.0
47.223877 27.178761 1254025724656 -1.0
47.22462 27.180018 1254025729656 -1.0
47.225246 27.181236 1254025734656 -1.0
47.225421 27.182605 1254025739656 -1.0
47.225213 27.184042 1254025744656 -1.0
47.22497 27.185603 1254025749656 -1.0
47.224705 27.187294 1254025754656 -1.0
47.224419 27.189099 1254025759656 -1.0
47.224133 27.190987 1254025764656 -1.0
47.223732 27.192859 1254025769656 -1.0
47.223117 27.194739 1254025774656 -1.0
47.222451 27.19672 1254025779656 -1.0
47.221753 27.198808 1254025784656 -1.0
47.221034 27.200949 1254025789656 -1.0
47.220297 27.203072 1254025794656 -1.0
47.219577 27.205217 1254025799656 -1.0
47.218861 27.207307 1254025804656 -1.0
47.21823 27.209148 1254025809656 -1.0
47.217924 27.210731 1254025814656 -1.0
47.21793 27.212429 1254025819656 -1.0
47.217952 27.214148 1254025824656 -1.0
47.217985 27.21577 1254025829656 -1.0
47.218008 27.217338 1254025834656 -1.0
47.21803 27.219005 1254025839656 -1.0
47.218064 27.220748 1254025844656 -1.0
47.218092 27.222511 1254025849656 -1.0
47.218112 27.224021 1254025854656 -1.0
47.218131 27.225454 1254025859656 -1.0
47.218159 27.227008 1254025864656 -1.0
47.218176 27.228654 1254025869656 -1.0
47.218193 27.230313 1254025874656 -1.0
47.21821 27.232334 1254025879770 -1.0
47.218177 27.233729 1254025884656 -1.0
47.21805 27.235839 1254025889718 -1.0
47.217871 27.237519 1254025894734 -1.0
47.217656 27.239117 1254025899716 -1.0
47.217369 27.240722 1254025904704 -1.0
47.217049 27.242376 1254025909704 -1.0
47.216714 27.244068 1254025914702 -1.0
47.216376 27.245788 1254025919717 -1.0
47.216039 27.247469 1254025924723 -1.0
47.21571 27.24916 1254025929692 -1.0
47.215356 27.250877 1254025934708 -1.0
47.214918 27.252531 1254025939669 -1.0
47.214419 27.254147 1254025944710 -1.0
47.213942 27.255721 1254025949655 -1.0
47.213482 27.257244 1254025954675 -1.0
47.213293 27.257852 1254025959656 -1.0
47.213293 27.257852 1254025959656 -1.0
47.21283 27.259399 1254025964656 -1.0
47.212376 27.260947 1254025969656 -1.0
47.211918 27.262449 1254025974656 -1.0
47.211469 27.263945 1254025979656 -1.0
47.211029 27.265414 1254025984656 -1.0
47.210738 27.266839 1254025989656 -1.0
47.210769 27.268169 1254025994656 -1.0
47.2109 27.269134 1254025999656 -1.0
47.2109 27.269134 1254025999656 -1.0
47.211048 27.27007 1254026004656 -1.0
47.211048 27.27007 1254026004656 -1.0
47.211261 27.271094 1254026009656 -1.0
47.211427 27.27205 1254026014656 -1.0
47.21165 27.273225 1254026019656 -1.0
47.21165 27.273225 1254026019656 -1.0
47.21194 27.274356 1254026024656 -1.0
47.212128 27.275559 1254026029656 -1.0
47.212128 27.275559 1254026029656 -1.0
47.212423 27.276808 1254026034670 -1.0
47.212733 27.278053 1254026039656 -1.0
47.213023 27.279304 1254026044656 -1.0
47.213322 27.280588 1254026049656 -1.0
47.213656 27.281804 1254026054656 -1.0
47.213998 27.283038 1254026059710 -1.0
47.214278 27.284128 1254026064656 -1.0
47.214568 27.285423 1254026069671 -1.0
47.214852 27.28668 1254026074656 -1.0
47.215124 27.287946 1254026079656 -1.0
47.215387 27.289388 1254026084713 -1.0
47.21569 27.290769 1254026089656 -1.0
47.215976 27.292449 1254026094719 -1.0
47.216331 27.294314 1254026099656 -1.0
47.216845 27.296686 1254026104666 -1.0
47.21717 27.298436 1254026109658 -1.0
47.217738 27.300982 1254026114656 -1.0
47.218259 27.303225 1254026119660 -1.0
47.218726 27.305408 1254026124656 -1.0
47.218927 27.307312 1254026129675 -1.0
47.218831 27.309454 1254026134656 -1.0
47.218746 27.31163 1254026139656 -1.0
47.218671 27.313864 1254026144671 -1.0
47.218671 27.313864 1254026144671 -1.0
47.218592 27.316099 1254026149656 -1.0
47.218511 27.31835 1254026154656 -1.0
47.218439 27.320557 1254026159656 -1.0
47.218337 27.322646 1254026164656 -1.0
47.21793 27.324551 1254026169656 -1.0
47.217316 27.326406 1254026174656 -1.0
47.21667 27.328351 1254026179656 -1.0
47.216018 27.330308 1254026184656 -1.0
47.215381 27.332235 1254026189656 -1.0
47.214784 27.334001 1254026194656 -1.0
47.214338 27.335673 1254026199656 -1.0
47.214039 27.337456 1254026204656 -1.0
47.213724 27.339382 1254026209656 -1.0
47.213391 27.341392 1254026214656 -1.0
47.213001 27.343377 1254026219656 -1.0
47.212488 27.345403 1254026224656 -1.0
47.211943 27.347547 1254026229656 -1.0
47.211374 27.349749 1254026234656 -1.0
47.210816 27.351935 1254026239656 -1.0
47.210269 27.354113 1254026244656 -1.0
47.209684 27.356303 1254026249656 -1.0
47.20915 27.358362 1254026254656 -1.0
47.208592 27.360486 1254026259656 -1.0
47.208039 27.36263 1254026264717 -1.0
47.207485 27.364767 1254026269724 -1.0
47.206929 27.36691 1254026274716 -1.0
47.206482 27.368626 1254026279656 -1.0
47.205923 27.37077 1254026284656 -1.0
47.205361 27.37291 1254026289656 -1.0
47.204801 27.375024 1254026294656 -1.0
47.204259 27.377053 1254026299656 -1.0
47.203716 27.379092 1254026304656 -1.0
47.203114 27.381354 1254026309656 -1.0
47.202556 27.382886 1254026314656 -1.0
47.201929 27.384317 1254026319656 -1.0
47.201311 27.385764 1254026324656 -1.0
47.200713 27.387187 1254026329656 -1.0
47.200135 27.388526 1254026334656 -1.0
47.19951 27.389946 1254026339656 -1.0
47.198881 27.391401 1254026344656 -1.0
47.198265 27.3928 1254026349656 -1.0
47.197681 27.394143 1254026354656 -1.0
47.197083 27.395457 1254026359656 -1.0
47.196504 27.396781 1254026364656 -1.0
47.195946 27.398079 1254026369656 -1.0
47.195641 27.399323 1254026374656 -1.0
47.195585 27.400406 1254026379656 -1.0
47.195537 27.401432 1254026384656 -1.0
47.195537 27.401432 1254026384656 -1.0
47.195512 27.402456 1254026389656 -1.0
47.195481 27.403483 1254026394656 -1.0
47.195453 27.404485 1254026399656 -1.0
47.195453 27.404485 1254026399656 -1.0
47.195422 27.40555 1254026404656 -1.0
47.195384 27.406587 1254026409656 -1.0
47.195384 27.406587 1254026409656 -1.0
47.195348 27.407615 1254026414656 -1.0
47.195321 27.40864 1254026419656 -1.0
47.195321 27.40864 1254026419656 -1.0
47.195291 27.409671 1254026424656 -1.0
47.195266 27.4107 1254026429656 -1.0
47.195266 27.4107 1254026429656 -1.0
47.195238 27.411727 1254026434656 -1.0
47.195206 27.41275 1254026439656 -1.0
47.195206 27.41275 1254026439656 -1.0
47.19517 27.413777 1254026444656 -1.0
47.195142 27.414803 1254026449656 -1.0
47.195142 27.414803 1254026449656 -1.0
47.195089 27.415833 1254026454656 -1.0
47.194859 27.416797 1254026459656 -1.0
47.194551 27.41771 1254026464656 -1.0
47.194209 27.418602 1254026469656 -1.0
47.193877 27.419502 1254026474656 -1.0
47.193558 27.420415 1254026479656 -1.0
47.193232 27.42132 1254026484656 -1.0
47.193232 27.42132 1254026484656 -1.0
47.192906 27.422226 1254026489656 -1.0
47.192583 27.423136 1254026494656 -1.0
47.192583 27.423136 1254026494656 -1.0
47.192259 27.42405 1254026499656 -1.0
47.191907 27.425051 1254026504656 -1.0
47.191445 27.426342 1254026509656 -1.0
47.191445 27.426342 1254026509656 -1.0
47.190912 27.427848 1254026514734 -1.0
47.190346 27.429417 1254026519656 -1.0
47.189808 27.430972 1254026524656 -1.0
47.189388 27.432765 1254026529656 -1.0
47.188959 27.434743 1254026534656 -1.0
47.188509 27.436796 1254026539656 -1.0
47.188065 27.438917 1254026544656 -1.0
47.187604 27.441082 1254026549656 -1.0
47.187116 27.443331 1254026554656 -1.0
47.186646 27.445534 1254026559656 -1.0
47.186203 27.447597 1254026564656 -1.0
47.18583 27.44934 1254026569656 -1.0
47.185474 27.451013 1254026574656 -1.0
47.185102 27.452795 1254026579656 -1.0
47.184708 27.454677 1254026584656 -1.0
47.184291 27.456645 1254026589656 -1.0
47.183858 27.458657 1254026594656 -1.0
47.183424 27.460691 1254026599656 -1.0
47.182992 27.46273 1254026604656 -1.0
47.182577 27.464686 1254026609656 -1.0
47.182216 27.466479 1254026614656 -1.0
47.181851 27.468192 1254026619656 -1.0
47.18146 27.469819 1254026624656 -1.0
47.181125 27.471464 1254026629656 -1.0
47.180761 27.47311 1254026634656 -1.0
47.180379 27.474776 1254026639656 -1.0
47.180013 27.476476 1254026644656 -1.0
47.179624 27.478263 1254026649656 -1.0
47.179211 27.480129 1254026654656 -1.0
47.178779 27.482031 1254026659656 -1.0
47.178349 27.483961 1254026664656 -1.0
47.177957 27.485659 1254026669656 -1.0
47.177609 27.487183 1254026674656 -1.0
47.177313 27.488518 1254026679666 -1.0
47.177118 27.489713 1254026684715 -1.0
47.176789 27.491333 1254026689656 -1.0
47.176494 27.492953 1254026694656 -1.0
47.176134 27.494401 1254026699656 -1.0
47.17578 27.495862 1254026704656 -1.0
47.17555 27.497186 1254026709656 -1.0
47.175377 27.498357 1254026714656 -1.0
47.17512 27.499371 1254026719656 -1.0
47.17512 27.499371 1254026719656 -1.0
47.174972 27.499841 1254026724656 -1.0
47.174809 27.500188 1254026729656 -1.0
47.174809 27.500188 1254026729656 -1.0
47.174824 27.501083 1254026734656 -1.0
47.174824 27.501083 1254026734656 -1.0
47.174504 27.502659 1254026739656 -1.0
47.174659 27.504412 1254026744656 -1.0
47.174321 27.505323 1254026749656 -1.0
47.173934 27.506807 1254026754656 -1.0
47.173934 27.506807 1254026754656 -1.0
47.174015 27.507416 1254026759656 -1.0
47.173694 27.508556 1254026764656 -1.0
47.173355 27.511004 1254026769656 -1.0
47.173343 27.511628 1254026774656 -1.0
47.173238 27.512319 1254026779656 -1.0
47.173238 27.512319 1254026779656 -1.0
47.173139 27.513459 1254026784656 -1.0
47.173139 27.513459 1254026784656 -1.0
47.172962 27.514493 1254026789656 -1.0
47.172586 27.515002 1254026794656 -1.0
47.173189 27.517404 1254026799656 -1.0
47.172807 27.519501 1254026804656 -1.0
47.17277 27.520468 1254026809656 -1.0
47.173021 27.521325 1254026814656 -1.0
47.173404 27.522907 1254026819656 -1.0
47.173062 27.525991 1254026824656 -1.0
47.173122 27.527466 1254026829656 -1.0
47.173122 27.527466 1254026829656 -1.0
47.173074 27.528854 1254026835983 -1.0
47.172956 27.53127 1254026839656 -1.0
47.17299 27.532475 1254026844656 -1.0
47.173089 27.532963 1254026849656 -1.0
47.17305 27.53316 1254026854656 -1.0
47.172932 27.533391 1254026859656 -1.0
47.172932 27.533391 1254026859656 -1.0
47.172656 27.533953 1254026864656 -1.0
47.172613 27.5342 1254026869656 -1.0
47.173331 27.537182 1254026874656 -1.0
47.173578 27.538362 1254026879656 -1.0
47.17408 27.540046 1254026884656 -1.0
47.174427 27.541238 1254026889656 -1.0
47.174598 27.54188 1254026894656 -1.0
47.174748 27.542079 1254026899656 -1.0
47.174748 27.542079 1254026899656 -1.0
47.175114 27.544166 1254026904656 -1.0
47.175113 27.544907 1254026909656 -1.0
47.17525 27.545036 1254026914656 -1.0
47.17525 27.545036 1254026914656 -1.0
47.175548 27.547688 1254026919656 -1.0
47.175243 27.548382 1254026924656 -1.0
47.175266 27.548484 1254026929656 -1.0
47.175266 27.548484 1254026929656 -1.0
47.175309 27.548918 1254026934656 -1.0
47.175309 27.548918 1254026934656 -1.0
47.175104 27.55165 1254026939656 -1.0
47.174881 27.552382 1254026944656 -1.0
47.174779 27.553284 1254026949656 -1.0
47.174487 27.554009 1254026954656 -1.0
47.174341 27.554602 1254026959656 -1.0
47.174302 27.554792 1254026964656 -1.0
47.174302 27.554792 1254026964656 -1.0
47.173917 27.555583 1254026969656 -1.0
47.173917 27.555583 1254026969656 -1.0
47.173579 27.558593 1254026974656 -1.0
47.173485 27.559988 1254026979656 -1.0
47.173244 27.560998 1254026984656 -1.0
47.172943 27.561802 1254026989656 -1.0
47.172626 27.562639 1254026994656 -1.0
47.172352 27.563413 1254026999656 -1.0
47.172282 27.564209 1254027004656 -1.0
47.172282 27.564209 1254027004656 -1.0
47.172443 27.56498 1254027009656 -1.0
47.172443 27.56498 1254027009656 -1.0
47.172414 27.565798 1254027014656 -1.0
47.172414 27.565798 1254027014656 -1.0
47.172209 27.566453 1254027019656 -1.0
47.171893 27.56716 1254027024657 -1.0
47.171588 27.567996 1254027029657 -1.0
47.171283 27.568907 1254027034656 -1.0
47.171102 27.5698 1254027039656 -1.0
47.170934 27.570624 1254027044656 -1.0
47.170746 27.571539 1254027049656 -1.0
47.170586 27.57235 1254027054656 -1.0
47.170586 27.57235 1254027054656 -1.0
47.170546 27.572676 1254027059656 -1.0
47.170301 27.573434 1254027064656 -1.0
47.170301 27.573434 1254027064656 -1.0
47.17012 27.574195 1254027069656 -1.0
47.17012 27.574195 1254027069656 -1.0
47.170031 27.57477 1254027074656 -1.0
47.169995 27.575077 1254027079656 -1.0
47.169995 27.575077 1254027079656 -1.0
47.169952 27.575397 1254027084656 -1.0
47.169938 27.575453 1254027089656 -1.0
47.169938 27.575453 1254027089656 -1.0
47.169926 27.575467 1254027094656 -1.0
47.169926 27.575467 1254027094656 -1.0
47.169904 27.575468 1254027099656 -1.0
47.169895 27.575463 1254027104656 -1.0
47.169915 27.575444 1254027109656 -1.0
47.169919 27.575435 1254027114656 -1.0
47.169884 27.575493 1254027119656 -1.0
47.169809 27.575769 1254027124656 -1.0
47.169642 27.576104 1254027129656 -1.0
47.16948 27.576464 1254027134656 -1.0
47.169326 27.577008 1254027139728 -1.0
47.169326 27.577008 1254027139728 -1.0
47.169108 27.577648 1254027144656 -1.0
47.169108 27.577648 1254027144656 -1.0
47.16881 27.578307 1254027149656 -1.0
47.168552 27.578943 1254027154656 -1.0
47.168332 27.579497 1254027159656 -1.0
47.168227 27.579774 1254027164656 -1.0
47.168184 27.579885 1254027169656 -1.0
47.168184 27.579885 1254027169656 -1.0
47.168145 27.579995 1254027174656 -1.0
47.168145 27.579995 1254027174656 -1.0
47.168 27.580339 1254027179656 -1.0
47.167822 27.580847 1254027184656 -1.0
47.167637 27.581525 1254027189656 -1.0
47.167417 27.582286 1254027194656 -1.0
47.167192 27.583168 1254027199656 -1.0
47.16701 27.583987 1254027204656 -1.0
47.166759 27.585046 1254027209656 -1.0
47.166673 27.58541 1254027214656 -1.0
47.166637 27.585523 1254027219656 -1.0
47.166637 27.585523 1254027219656 -1.0
47.166595 27.585558 1254027224656 -1.0
47.166595 27.585558 1254027224656 -1.0
47.166591 27.585685 1254027229656 -1.0
47.166591 27.585685 1254027229656 -1.0
47.166504 27.58593 1254027234656 -1.0
47.166391 27.586406 1254027239656 -1.0
47.166258 27.586955 1254027244656 -1.0
47.166258 27.586955 1254027244656 -1.0
47.166047 27.587834 1254027249656 -1.0
47.165802 27.588804 1254027254656 -1.0
47.16555 27.589731 1254027259656 -1.0
47.165246 27.590329 1254027264656 -1.0
47.164686 27.590698 1254027269656 -1.0
47.164317 27.591214 1254027274656 -1.0
47.164066 27.591829 1254027279656 -1.0
47.163748 27.592613 1254027284656 -1.0
47.163365 27.593405 1254027289656 -1.0
47.162911 27.594056 1254027294656 -1.0
47.162438 27.594468 1254027299656 -1.0
47.162184 27.594638 1254027304656 -1.0
47.162182 27.59467 1254027309656 -1.0
47.162182 27.59467 1254027309656 -1.0
47.162163 27.594706 1254027314656 -1.0
47.162163 27.594706 1254027314656 -1.0
47.162058 27.594806 1254027319656 -1.0
47.162058 27.594806 1254027319656 -1.0
47.161838 27.594967 1254027324656 -1.0
47.161604 27.595158 1254027329656 -1.0
47.161604 27.595158 1254027329656 -1.0
47.161303 27.595533 1254027334656 -1.0
47.161003 27.595917 1254027339656 -1.0
47.161003 27.595917 1254027339656 -1.0
47.160602 27.596325 1254027344656 -1.0
47.160436 27.596826 1254027349656 -1.0
47.160436 27.596826 1254027349656 -1.0
47.160206 27.597652 1254027354656 -1.0
47.159888 27.598445 1254027359656 -1.0
47.159585 27.599052 1254027364656 -1.0
47.159259 27.599529 1254027369656 -1.0
47.159259 27.599529 1254027369656 -1.0
47.158935 27.599905 1254027374656 -1.0
47.158741 27.600381 1254027379656 -1.0
47.158741 27.600381 1254027379656 -1.0
47.158743 27.600914 1254027384656 -1.0
47.158739 27.601201 1254027389656 -1.0
47.158739 27.601201 1254027389656 -1.0
47.158365 27.601262 1254027394656 -1.0
47.158232 27.601281 1254027399656 -1.0
47.158232 27.601281 1254027399656 -1.0
47.158038 27.601293 1254027404656 -1.0
47.157716 27.601533 1254027409656 -1.0
47.157716 27.601533 1254027409656 -1.0
47.157335 27.602338 1254027414656 -1.0
47.156984 27.602892 1254027419656 -1.0
47.156984 27.602892 1254027419656 -1.0
47.156831 27.603087 1254027424656 -1.0
47.156831 27.603087 1254027424656 -1.0
47.156626 27.603156 1254027429657 -1.0
47.156626 27.603156 1254027429657 -1.0
47.156381 27.603172 1254027434657 -1.0
47.156381 27.603172 1254027434657 -1.0