47.209412 27.023493 1255091897336 -1.0
47.209482 27.023528 1255091897336 -1.0
47.209488 27.02352 1255091897336 -1.0
47.209182 27.023707 1255091919695 -1.0
47.209185 27.023736 1255091919695 -1.0
47.209122 27.023837 1255091919695 -1.0
47.209151 27.023809 1255091919695 -1.0
47.209182 27.023707 1255091919695 -1.0
47.209217 27.023686 1255091942006 -1.0
47.209345 27.02353 1255091945930 -1.0
47.209301 27.023409 1255091951050 -1.0
47.20912 27.023248 1255091957624 -1.0
47.208944 27.023056 1255091961145 -1.0
47.205662 27.017954 1255092011585 -1.0
47.205336 27.016366 1255092017879 -1.0
47.205031 27.014821 1255092022897 -1.0
47.204761 27.012889 1255092032911 -1.0
47.204308 27.011875 1255092037939 -1.0
47.204044 27.010788 1255092042475 -1.0
47.203425 27.008721 1255092048560 -1.0
47.203221 27.007269 1255092053547 -1.0
47.202579 27.005382 1255092063433 -1.0
47.202029 27.004585 1255092067431 -1.0
47.20144 27.003836 1255092072661 -1.0
47.201307 27.001312 1255092078472 -1.0
47.199128 26.999498 1255092088489 -1.0
47.197847 26.99789 1255092097410 -1.0
47.197577 26.997081 1255092102425 -1.0
47.205414 26.963564 1255092233300 -1.0
47.205615 26.96148 1255092239220 -1.0
47.205879 26.960485 1255092244193 -1.0
47.206352 26.959498 1255092249184 -1.0
47.206764 26.958106 1255092254190 -1.0
47.20735 26.957691 1255092259162 -1.0
47.207981 26.957182 1255092264158 -1.0
47.208387 26.95546 1255092269160 -1.0
47.208159 26.952729 1255092283112 -1.0
47.209791 26.949645 1255092288636 -1.0
47.209932 26.948648 1255092293642 -1.0
47.209988 26.947974 1255092299079 -1.0
47.210074 26.947727 1255092303067 -1.0
47.211095 26.944718 1255092309080 -1.0
47.211456 26.944417 1255092313081 -1.0
47.211744 26.944337 1255092318044 -1.0
47.213401 26.942116 1255092328026 -1.0
47.214318 26.939032 1255092338021 -1.0
47.214849 26.939095 1255092344207 -1.0
47.215082 26.937753 1255092346994 -1.0
47.215079 26.936701 1255092352986 -1.0
47.215758 26.934103 1255092359333 -1.0
47.21617 26.933931 1255092364363 -1.0
47.216681 26.933886 1255092365990 -1.0
47.219941 26.931501 1255092383063 -1.0
47.220427 26.929504 1255092388498 -1.0
47.220897 26.929317 1255092392286 -1.0
47.221658 26.928828 1255092398561 -1.0
47.222741 26.928066 1255092403910 -1.0
47.223683 26.927384 1255092408935 -1.0
47.224557 26.926645 1255092413982 -1.0
47.225339 26.925966 1255092418902 -1.0
47.226065 26.925268 1255092423889 -1.0
47.226761 26.924416 1255092428887 -1.0
47.226979 26.924122 1255092431246 -1.0
47.227569 26.923941 1255092438883 -1.0
47.227631 26.923783 1255092441355 -1.0
47.227157 26.920486 1255092453865 -1.0
47.229488 26.917995 1255092458879 -1.0
47.230039 26.917107 1255092463877 -1.0
47.230059 26.916895 1255092467799 -1.0
47.23011 26.916153 1255092473793 -1.0
47.231281 26.91471 1255092475788 -1.0
47.231395 26.914533 1255092477787 -1.0
47.23169 26.911977 1255092481797 -1.0
47.232004 26.911488 1255092484083 -1.0
47.232117 26.911206 1255092485332 -1.0
47.232283 26.910772 1255092487832 -1.0
47.232377 26.910585 1255092489086 -1.0
47.232325 26.910328 1255092491776 -1.0
47.232299 26.910178 1255092492836 -1.0
47.232299 26.910178 1255092492836 -1.0
47.232474 26.909167 1255092497757 -1.0
47.232542 26.908929 1255092499082 -1.0
47.233647 26.907519 1255092504816 -1.0
47.23468 26.906562 1255092507833 -1.0
47.235021 26.90619 1255092510332 -1.0
47.235291 26.905842 1255092511726 -1.0
47.23545 26.905649 1255092512832 -1.0
47.235473 26.905588 1255092515333 -1.0
47.235585 26.905485 1255092518801 -1.0
47.236892 26.902657 1255092527689 -1.0
47.237041 26.902373 1255092529207 -1.0
47.237321 26.901617 1255092531770 -1.0
47.23746 26.90143 1255092532991 -1.0
47.237541 26.901397 1255092535663 -1.0
47.237721 26.901215 1255092536739 -1.0
47.237905 26.901213 1255092539633 -1.0
47.237822 26.901036 1255092540635 -1.0
47.239911 26.897093 1255092565576 -1.0
47.240035 26.893694 1255092567592 -1.0
47.24001 26.893003 1255092569650 -1.0
47.239885 26.892594 1255092570958 -1.0
47.241413 26.888043 1255092587711 -1.0
47.241136 26.887065 1255092590182 -1.0
47.240984 26.88678 1255092591679 -1.0
47.240974 26.886748 1255092591679 -1.0
47.243326 26.876413 1255092627652 -1.0
47.24356 26.876105 1255092629217 -1.0
47.243709 26.875271 1255092631706 -1.0
47.243749 26.874802 1255092634253 -1.0
47.243749 26.874802 1255092634253 -1.0
47.243749 26.874802 1255092634253 -1.0
47.243749 26.874802 1255092634253 -1.0
47.243776 26.873899 1255092637635 -1.0
47.243776 26.873899 1255092637635 -1.0
47.243776 26.873899 1255092637635 -1.0
47.244345 26.86893 1255092656426 -1.0
47.244666 26.867603 1255092659441 -1.0
47.244825 26.867291 1255092661959 -1.0
47.244913 26.867077 1255092663441 -1.0
47.244913 26.867077 1255092663441 -1.0
47.245057 26.866944 1255092665879 -1.0
47.245095 26.866901 1255092665879 -1.0
47.245546 26.865273 1255092672459 -1.0
47.245546 26.865273 1255092672459 -1.0
47.245556 26.864838 1255092674629 -1.0
47.245556 26.864838 1255092674629 -1.0
47.246554 26.860641 1255092689362 -1.0
47.246554 26.860641 1255092689362 -1.0
47.246376 26.860143 1255092691642 -1.0
47.246339 26.860044 1255092692902 -1.0
47.246339 26.860044 1255092692902 -1.0
47.246081 26.859508 1255092695483 -1.0
47.246434 26.855274 1255092712358 -1.0
47.246434 26.855274 1255092712358 -1.0
47.246509 26.854638 1255092713410 -1.0
47.246724 26.853796 1255092714689 -1.0
47.246203 26.853977 1255092717516 -1.0
47.245663 26.853442 1255092719357 -1.0
47.244751 26.853112 1255092722343 -1.0
47.244653 26.852982 1255092723623 -1.0
47.244597 26.85287 1255092724815 -1.0
47.235354 26.837975 1255092809144 -1.0
47.220192 26.834701 1255092897992 -1.0
47.220192 26.834701 1255092897992 -1.0
47.220174 26.834691 1255092897992 -1.0
47.220174 26.834691 1255092897992 -1.0
47.21727 26.83017 1255092923943 -1.0
47.216716 26.830045 1255092925913 -1.0
47.215492 26.831314 1255092929025 -1.0
47.214729 26.832222 1255092931936 -1.0