47.643364 26.246421 1255252290516 -1.0
47.643372 26.246424 1255252290516 -1.0
47.643395 26.246437 1255252290516 -1.0
47.643423 26.246453 1255252290516 -1.0
47.643416 26.246451 1255252290516 -1.0
47.643422 26.246457 1255252290516 -1.0
47.643428 26.246468 1255252290516 -1.0
47.643428 26.246468 1255252290516 -1.0
47.643429 26.246468 1255252290516 -1.0
47.643429 26.246468 1255252290516 -1.0
47.643429 26.246468 1255252290516 -1.0
47.643429 26.246468 1255252290516 -1.0
47.643699 26.246626 1255252323513 -1.0
47.643732 26.246624 1255252323513 -1.0
47.643684 26.24662 1255252323513 -1.0
47.643674 26.246617 1255252323513 -1.0
47.64367 26.246617 1255252323513 -1.0
47.64377 26.246985 1255252344576 -1.0
47.64377 26.246985 1255252344576 -1.0
47.643988 26.247055 1255252355538 -1.0
47.643975 26.24702 1255252355538 -1.0
47.644135 26.247297 1255252374112 -1.0
47.644252 26.247336 1255252376788 -1.0
47.644252 26.247336 1255252376788 -1.0
47.644654 26.247335 1255252393446 -1.0
47.644636 26.247325 1255252393446 -1.0
47.644692 26.247758 1255252409454 -1.0
47.644743 26.247941 1255252415139 -1.0
47.64489 26.247587 1255252436894 -1.0
47.644789 26.2479 1255252436894 -1.0
47.64476 26.247908 1255252436894 -1.0
47.64476 26.247908 1255252436894 -1.0