47.645164 26.248452 1255171977836 -1.0
47.645196 26.248413 1255171977836 -1.0
47.645181 26.248397 1255171977836 -1.0
47.645173 26.248397 1255171977836 -1.0
47.64533 26.24861 1255171998828 -1.0
47.645342 26.24862 1255171998828 -1.0
47.645329 26.248632 1255171998828 -1.0
47.645332 26.248631 1255171998828 -1.0
47.645332 26.248631 1255171998828 -1.0
47.645373 26.248606 1255171998828 -1.0
47.645383 26.248601 1255171998828 -1.0
47.645435 26.248654 1255172016835 -1.0
47.645445 26.248669 1255172016835 -1.0
47.645463 26.24868 1255172016835 -1.0
47.645483 26.248692 1255172016835 -1.0
47.645449 26.248693 1255172016835 -1.0
47.645436 26.248693 1255172016835 -1.0
47.645434 26.24869 1255172016835 -1.0
47.64543 26.248685 1255172016835 -1.0
47.645428 26.248682 1255172016835 -1.0
47.645012 26.248349 1255172052926 -1.0
47.645012 26.248349 1255172052926 -1.0
47.644991 26.248329 1255172052926 -1.0
47.644991 26.248329 1255172052926 -1.0
47.64497 26.248307 1255172052926 -1.0