47.154404 27.598311 1256131998822 -1.0
47.153915 27.597852 1256132001822 -1.0
47.153859 27.597828 1256132004800 -1.0
47.153823 27.597814 1256132007794 -1.0
47.153783 27.597933 1256132010787 -1.0
47.153805 27.597963 1256132013787 -1.0
47.153808 27.59807 1256132016787 -1.0
47.153841 27.598165 1256132019787 -1.0
47.153872 27.598225 1256132022787 -1.0
47.153872 27.598225 1256132022787 -1.0
47.153891 27.598303 1256132025787 -1.0
47.153906 27.598334 1256132028787 -1.0
47.15393 27.59841 1256132031787 -1.0
47.153948 27.598458 1256132034787 -1.0
47.153966 27.598584 1256132037799 -1.0
47.15399 27.598687 1256132040787 -1.0
47.154002 27.598718 1256132043787 -1.0
47.154002 27.59868 1256132046787 -1.0
47.154002 27.59868 1256132046787 -1.0
47.153973 27.598592 1256132049787 -1.0
47.153955 27.598547 1256132052787 -1.0
47.153952 27.598563 1256132055787 -1.0
47.153952 27.598563 1256132055787 -1.0
47.153948 27.59857 1256132058790 -1.0
47.153927 27.598556 1256132061787 -1.0
47.153919 27.598603 1256132064787 -1.0
47.153956 27.598719 1256132067791 -1.0
47.153968 27.598811 1256132070787 -1.0
47.15398 27.598865 1256132073787 -1.0
47.153999 27.598959 1256132076787 -1.0
47.153995 27.598992 1256132079787 -1.0
47.153992 27.599009 1256132082787 -1.0
47.154002 27.599101 1256132085787 -1.0
47.154002 27.599101 1256132085787 -1.0
47.154013 27.599133 1256132088787 -1.0
47.154022 27.599159 1256132091787 -1.0
47.154042 27.599211 1256132094792 -1.0
47.154075 27.599329 1256132097787 -1.0
47.154105 27.599502 1256132100787 -1.0
47.154106 27.599553 1256132103787 -1.0
47.154106 27.599553 1256132103787 -1.0
47.15411 27.599595 1256132106787 -1.0
47.15411 27.599595 1256132106787 -1.0
47.154121 27.599645 1256132109787 -1.0
47.154121 27.599645 1256132109787 -1.0
47.154129 27.599672 1256132112787 -1.0
47.154142 27.599749 1256132115787 -1.0
47.154142 27.599749 1256132115787 -1.0
47.154149 27.599806 1256132118787 -1.0
47.154158 27.599856 1256132121787 -1.0
47.154172 27.599912 1256132124787 -1.0
47.154172 27.599912 1256132124787 -1.0
47.154186 27.59995 1256132127787 -1.0
47.154186 27.59995 1256132127787 -1.0
47.154206 27.600018 1256132130787 -1.0
47.154206 27.600018 1256132130787 -1.0
47.154217 27.600074 1256132133787 -1.0
47.154228 27.600131 1256132136787 -1.0
47.154239 27.600187 1256132139787 -1.0
47.154249 27.600221 1256132142787 -1.0
47.154265 27.600289 1256132145787 -1.0
47.154265 27.600289 1256132145787 -1.0
47.154278 27.600337 1256132148787 -1.0
47.154278 27.600337 1256132148787 -1.0
47.154281 27.60034 1256132151788 -1.0
47.154281 27.60034 1256132151788 -1.0
47.154267 27.600413 1256132154771 -1.0
47.154276 27.60043 1256132157880 -1.0
47.154298 27.600532 1256132160791 -1.0
47.154302 27.600585 1256132163781 -1.0
47.154302 27.600585 1256132166945 -1.0
47.154302 27.600585 1256132170503 -1.0
47.154325 27.600695 1256132172802 -1.0
47.154338 27.600695 1256132175797 -1.0
47.154358 27.600693 1256132178781 -1.0
47.154402 27.600703 1256132181781 -1.0
47.154433 27.600722 1256132184781 -1.0
47.15446 27.600936 1256132187781 -1.0
47.154474 27.601049 1256132190781 -1.0
47.154474 27.601049 1256132190781 -1.0
47.154479 27.601081 1256132193790 -1.0
47.154479 27.601081 1256132193790 -1.0
47.15449 27.601187 1256132196816 -1.0
47.154504 27.601219 1256132199785 -1.0
47.154502 27.601282 1256132202790 -1.0
47.154524 27.601364 1256132205787 -1.0
47.154527 27.60143 1256132208789 -1.0
47.15453 27.601483 1256132211790 -1.0
47.15453 27.601483 1256132211790 -1.0
47.154535 27.601566 1256132214792 -1.0
47.154535 27.601566 1256132214792 -1.0
47.15454 27.601615 1256132217794 -1.0
47.15454 27.601615 1256132217794 -1.0
47.154547 27.60171 1256132220796 -1.0
47.154547 27.60171 1256132220796 -1.0
47.154561 27.601785 1256132223798 -1.0
47.154561 27.601785 1256132223798 -1.0
47.154566 27.601829 1256132226799 -1.0
47.154566 27.601829 1256132226799 -1.0
47.154589 27.601931 1256132229784 -1.0
47.154596 27.601998 1256132232784 -1.0
47.154599 27.602042 1256132235784 -1.0
47.154558 27.602045 1256132238784 -1.0
47.154558 27.602045 1256132238784 -1.0
47.154612 27.602109 1256132241784 -1.0
47.154649 27.602161 1256132244784 -1.0
47.154709 27.602231 1256132247784 -1.0
47.154736 27.602308 1256132250784 -1.0
47.154757 27.602376 1256132253784 -1.0
47.154771 27.602438 1256132256784 -1.0
47.154771 27.602438 1256132256784 -1.0
47.154779 27.602469 1256132259926 -1.0
47.154818 27.60256 1256132262791 -1.0
47.154825 27.602607 1256132265796 -1.0
47.154825 27.602648 1256132268794 -1.0
47.154825 27.602648 1256132268794 -1.0
47.154852 27.602758 1256132271796 -1.0
47.154852 27.602758 1256132271796 -1.0
47.154866 27.602823 1256132274797 -1.0
47.154866 27.602823 1256132274797 -1.0
47.154857 27.602856 1256132277799 -1.0
47.154857 27.602856 1256132277799 -1.0
47.154882 27.602935 1256132280810 -1.0
47.154882 27.602935 1256132280810 -1.0
47.154893 27.603004 1256132283802 -1.0
47.154893 27.603004 1256132283802 -1.0
47.154904 27.603068 1256132286784 -1.0
47.154904 27.603068 1256132286784 -1.0
47.154859 27.60299 1256132289784 -1.0
47.154859 27.60299 1256132289784 -1.0
47.154759 27.602845 1256132292780 -1.0
47.154726 27.602809 1256132295781 -1.0
47.154726 27.602809 1256132295781 -1.0
47.154726 27.602816 1256132298830 -1.0
47.154768 27.602867 1256132301792 -1.0
47.15482 27.602977 1256132305004 -1.0
47.154822 27.603012 1256132307786 -1.0
47.154795 27.60299 1256132310787 -1.0
47.154745 27.602868 1256132313789 -1.0
47.154745 27.602868 1256132313789 -1.0
47.154732 27.602861 1256132316794 -1.0
47.154732 27.602861 1256132316794 -1.0
47.154768 27.602894 1256132319794 -1.0
47.15482 27.602995 1256132322788 -1.0
47.15482 27.602995 1256132322788 -1.0
47.154927 27.603176 1256132325778 -1.0
47.154939 27.60325 1256132329129 -1.0
47.154993 27.603336 1256132331792 -1.0
47.155044 27.60344 1256132334776 -1.0
47.155064 27.603467 1256132337785 -1.0
47.155207 27.603441 1256132340787 -1.0
47.155254 27.603479 1256132343787 -1.0
47.155254 27.603479 1256132343787 -1.0
47.155313 27.603528 1256132346788 -1.0
47.155313 27.603528 1256132346788 -1.0
47.155349 27.603538 1256132349790 -1.0
47.155384 27.603532 1256132352793 -1.0
47.155421 27.603556 1256132355794 -1.0
47.155437 27.603596 1256132358795 -1.0
47.155447 27.603605 1256132361779 -1.0
47.155497 27.603625 1256132364798 -1.0
47.15551 27.603672 1256132367784 -1.0
47.155523 27.603718 1256132370784 -1.0
47.155523 27.603718 1256132370784 -1.0
47.155529 27.60367 1256132373784 -1.0
47.155529 27.60367 1256132373784 -1.0
47.155542 27.603699 1256132376784 -1.0
47.155542 27.603699 1256132376784 -1.0
47.155533 27.603714 1256132380610 -1.0
47.155533 27.603714 1256132380610 -1.0
47.155539 27.603714 1256132383278 -1.0
47.155539 27.603714 1256132383278 -1.0
47.155719 27.604122 1256132385792 -1.0
47.155775 27.604133 1256132388788 -1.0
47.155809 27.604072 1256132391785 -1.0
47.155885 27.604149 1256132394789 -1.0
47.155857 27.604157 1256132400770 -1.0
47.155883 27.604302 1256132403776 -1.0
47.155969 27.604424 1256132406810 -1.0
47.155879 27.604685 1256132412783 -1.0
47.155895 27.604529 1256132415781 -1.0
47.155895 27.604529 1256132418807 -1.0
47.155716 27.604307 1256132421800 -1.0
47.155758 27.604275 1256132425110 -1.0
47.155738 27.604291 1256132427772 -1.0
47.155798 27.604195 1256132430861 -1.0
47.155798 27.604195 1256132430861 -1.0
47.155815 27.604082 1256132433781 -1.0
47.155819 27.60401 1256132436781 -1.0
47.155819 27.60401 1256132436781 -1.0
47.155814 27.604012 1256132439781 -1.0
47.155816 27.604006 1256132442785 -1.0
47.155827 27.604011 1256132445789 -1.0
47.155856 27.604041 1256132448784 -1.0
47.155911 27.604074 1256132451784 -1.0
47.155911 27.604074 1256132451784 -1.0
47.155963 27.604127 1256132454787 -1.0
47.155963 27.604127 1256132454787 -1.0
47.155987 27.604131 1256132457790 -1.0
47.155987 27.604131 1256132457790 -1.0
47.156055 27.604165 1256132460786 -1.0
47.156055 27.604165 1256132460786 -1.0
47.15607 27.604124 1256132463790 -1.0
47.15607 27.604124 1256132463790 -1.0
47.156092 27.604092 1256132466791 -1.0
47.156092 27.604092 1256132466791 -1.0
47.156132 27.604095 1256132469793 -1.0
47.156132 27.604095 1256132469793 -1.0
47.156144 27.604163 1256132472796 -1.0
47.156141 27.604192 1256132475803 -1.0
47.15616 27.604246 1256132478880 -1.0
47.156167 27.604268 1256132481785 -1.0
47.156231 27.604348 1256132486080 -1.0
47.156226 27.60441 1256132487911 -1.0
47.156222 27.604448 1256132490788 -1.0
47.156209 27.604467 1256132493784 -1.0
47.156209 27.604467 1256132493784 -1.0
47.156217 27.604511 1256132496784 -1.0
47.156217 27.604511 1256132496784 -1.0
47.156219 27.604549 1256132499781 -1.0
47.156231 27.604589 1256132502782 -1.0
47.156459 27.604731 1256132514851 -1.0
47.15632 27.605357 1256132526781 -1.0
47.156277 27.605212 1256132529785 -1.0
47.156303 27.605163 1256132532781 -1.0
47.156299 27.60511 1256132535788 -1.0
47.156299 27.605092 1256132538786 -1.0
47.156318 27.605043 1256132541798 -1.0
47.156392 27.604999 1256132544795 -1.0
47.156392 27.604999 1256132544795 -1.0
47.156373 27.604805 1256132547832 -1.0
47.156373 27.604805 1256132547832 -1.0
47.156269 27.60459 1256132550786 -1.0
47.156273 27.604537 1256132553788 -1.0
47.1563 27.604518 1256132556830 -1.0
47.1563 27.604518 1256132556830 -1.0
47.156327 27.604508 1256132559928 -1.0
47.156338 27.604507 1256132562808 -1.0
47.156338 27.604507 1256132565784 -1.0
47.156622 27.604562 1256132574897 -1.0
47.1567 27.60469 1256132577784 -1.0
47.1567 27.60469 1256132577784 -1.0
47.156727 27.604749 1256132580789 -1.0
47.156734 27.60476 1256132583794 -1.0
47.156743 27.60478 1256132586792 -1.0
47.156749 27.604805 1256132589793 -1.0
47.15675 27.604814 1256132592918 -1.0
47.156804 27.604853 1256132598792 -1.0
47.157099 27.604952 1256132607785 -1.0
47.157099 27.604952 1256132607785 -1.0
47.157142 27.605045 1256132610791 -1.0
47.157163 27.605381 1256132757790 -1.0
47.157173 27.605351 1256132760988 -1.0
47.157176 27.605338 1256132763817 -1.0
47.157102 27.605174 1256132766855 -1.0
47.157083 27.605119 1256132769811 -1.0
47.157063 27.605079 1256132772789 -1.0
47.157063 27.605079 1256132772789 -1.0
47.157049 27.605072 1256132775792 -1.0
47.157049 27.605072 1256132775792 -1.0
47.157038 27.605072 1256132778794 -1.0
47.157038 27.605072 1256132778794 -1.0
47.157034 27.60508 1256132781797 -1.0
47.157034 27.60508 1256132781797 -1.0
47.157029 27.605091 1256132784799 -1.0
47.157029 27.605091 1256132784799 -1.0
47.156969 27.60502 1256132796784 -1.0
47.156969 27.60502 1256132796784 -1.0
47.156921 27.604982 1256132799773 -1.0
47.15689 27.604963 1256132802775 -1.0
47.15689 27.604963 1256132802775 -1.0
47.156885 27.604959 1256132805777 -1.0