47.153244 27.588757 1258468731779 -1.0
47.153027 27.588749 1258468739776 -1.0
47.152973 27.588602 1258468747757 -1.0
47.152897 27.588507 1258468755728 -1.0
47.152847 27.58847 1258468763874 -1.0
47.152763 27.588467 1258468779696 -1.0
47.152664 27.588444 1258468787683 -1.0
47.152584 27.588381 1258468795695 -1.0
47.152409 27.587725 1258468803690 -1.0
47.152328 27.587738 1258468811704 -1.0
47.152298 27.588177 1258468819701 -1.0
47.152267 27.588398 1258468827690 -1.0
47.152283 27.588522 1258468835674 -1.0
47.152184 27.588503 1258468844328 -1.0
47.152077 27.588493 1258468851688 -1.0
47.151951 27.588509 1258468859696 -1.0
47.151878 27.588619 1258468867628 -1.0
47.151848 27.588766 1258468875623 -1.0
47.151836 27.588905 1258468883627 -1.0
47.151859 27.589014 1258468891618 -1.0
47.151859 27.589186 1258468899614 -1.0
47.151886 27.589333 1258468908598 -1.0
47.151867 27.589476 1258468916879 -1.0
47.151924 27.589619 1258468924589 -1.0
47.151993 27.589779 1258468932596 -1.0
47.152016 27.589918 1258468940585 -1.0
47.152035 27.590082 1258468948588 -1.0
47.152065 27.590229 1258468956584 -1.0
47.152111 27.590368 1258468964591 -1.0
47.152176 27.590485 1258468972576 -1.0
47.152218 27.590626 1258468980572 -1.0
47.152229 27.590797 1258468988596 -1.0
47.152237 27.590956 1258468996563 -1.0
47.152248 27.59111 1258469004559 -1.0
47.152256 27.591269 1258469012550 -1.0
47.152306 27.591417 1258469020540 -1.0
47.152328 27.591564 1258469028531 -1.0
47.152363 27.591705 1258469036531 -1.0
47.152382 27.591856 1258469044538 -1.0
47.15242 27.591999 1258469052535 -1.0
47.152473 27.59214 1258469060519 -1.0
47.152523 27.592285 1258469068526 -1.0
47.15255 27.592434 1258469076503 -1.0
47.15258 27.592566 1258469084529 -1.0
47.152618 27.592707 1258469092502 -1.0
47.152653 27.592867 1258469100508 -1.0
47.152687 27.593012 1258469108706 -1.0
47.152718 27.593094 1258469116507 -1.0
47.152729 27.593182 1258469124494 -1.0
47.152779 27.593407 1258469132487 -1.0
47.152805 27.593561 1258469140483 -1.0
47.152847 27.593782 1258469148472 -1.0
47.152874 27.593981 1258469156472 -1.0
47.152927 27.594154 1258469164452 -1.0
47.152969 27.594299 1258469172446 -1.0
47.152992 27.594452 1258469180442 -1.0
47.153011 27.594608 1258469188439 -1.0
47.153038 27.594801 1258469196424 -1.0
47.153091 27.594975 1258469204431 -1.0
47.153149 27.595066 1258469213696 -1.0
47.153175 27.595213 1258469220436 -1.0
47.153236 27.595291 1258469229719 -1.0
47.153221 27.595423 1258469236417 -1.0
47.153214 27.595634 1258469244412 -1.0
47.153225 27.595808 1258469252413 -1.0
47.15324 27.595982 1258469260403 -1.0
47.153259 27.596184 1258469268409 -1.0
47.153271 27.59639 1258469276404 -1.0
47.15329 27.596565 1258469284403 -1.0
47.153297 27.596714 1258469292390 -1.0
47.153374 27.596903 1258469300401 -1.0
47.153412 27.597088 1258469308427 -1.0
47.153473 27.597279 1258469316393 -1.0
47.153526 27.597458 1258469324401 -1.0
47.153576 27.597517 1258469332391 -1.0
47.153767 27.597513 1258469340376 -1.0
47.153877 27.597412 1258469348384 -1.0
47.154007 27.597342 1258469356366 -1.0
47.154175 27.597269 1258469364380 -1.0
47.154331 27.597399 1258469372370 -1.0
47.15432 27.597452 1258469380367 -1.0
47.154449 27.597858 1258469396365 -1.0
47.154617 27.597916 1258469404366 -1.0
47.15472 27.597908 1258469412365 -1.0
47.155205 27.597805 1258469452353 -1.0
47.155285 27.597984 1258469460344 -1.0
47.15535 27.598152 1258469468352 -1.0
47.155388 27.59831 1258469476348 -1.0
47.15543 27.598488 1258469484349 -1.0
47.155464 27.598663 1258469492344 -1.0
47.155521 27.598801 1258469500346 -1.0
47.155563 27.598934 1258469508339 -1.0
47.155609 27.599113 1258469516336 -1.0
47.155609 27.599295 1258469524333 -1.0
47.155514 27.59935 1258469532339 -1.0
47.155388 27.59938 1258469540329 -1.0
47.155239 27.599466 1258469548330 -1.0
47.155159 27.599588 1258469556326 -1.0
47.155212 27.599716 1258469564329 -1.0
47.155258 27.599871 1258469572323 -1.0
47.155289 27.600044 1258469580325 -1.0
47.155327 27.600168 1258469588317 -1.0
47.155365 27.600319 1258469596316 -1.0
47.155422 27.600557 1258469604306 -1.0
47.155483 27.600708 1258469612310 -1.0
47.155506 27.600836 1258469620314 -1.0
47.155548 27.600986 1258469628308 -1.0
47.155579 27.601158 1258469636296 -1.0
47.155605 27.601322 1258469644301 -1.0
47.15564 27.60149 1258469652295 -1.0
47.155678 27.601715 1258469660291 -1.0
47.155685 27.6019 1258469668296 -1.0
47.155781 27.601992 1258469676288 -1.0
47.155834 27.601969 1258469684299 -1.0
47.155998 27.601965 1258469692286 -1.0
47.156052 27.602089 1258469700282 -1.0
47.156155 27.602169 1258469708284 -1.0
47.156242 27.602278 1258469716277 -1.0
47.156231 27.60251 1258469724276 -1.0
47.156265 27.602655 1258469732269 -1.0
47.156303 27.602804 1258469740272 -1.0
47.1563 27.602934 1258469748260 -1.0
47.156315 27.603031 1258469764260 -1.0
47.156395 27.603226 1258469772263 -1.0
47.15646 27.603336 1258469780260 -1.0
47.156498 27.603424 1258469796253 -1.0
47.156582 27.603514 1258469804252 -1.0
47.156506 27.603951 1258469876239 -1.0
47.156223 27.60376 1258469884539 -1.0
47.156174 27.603846 1258469892215 -1.0
47.156071 27.603895 1258469900207 -1.0
47.155895 27.603617 1258469908212 -1.0
47.155594 27.604122 1258469916210 -1.0