47.237598 26.771614 1258725672628 -1.0
47.237114 26.7684 1258725694749 -1.0
47.243572 26.762878 1258725712552 -1.0
47.243908 26.761032 1258725718609 -1.0
47.245644 26.75827 1258725734609 -1.0
47.246368 26.755779 1258725742609 -1.0
47.246967 26.754869 1258725752411 -1.0
47.2505 26.73016 1258725870640 -1.0
47.251411 26.728933 1258725880037 -1.0
47.251514 26.728704 1258725888005 -1.0
47.251942 26.728495 1258725895983 -1.0
47.252426 26.727905 1258725903956 -1.0
47.252586 26.727751 1258725910660 -1.0
47.252716 26.727045 1258725919902 -1.0
47.252953 26.726894 1258725927865 -1.0
47.253368 26.726517 1258725935828 -1.0
47.255501 26.726519 1258725959749 -1.0
47.255672 26.726103 1258725967717 -1.0
47.255993 26.72506 1258725975695 -1.0
47.256157 26.724737 1258725983676 -1.0
47.256416 26.72436 1258725991668 -1.0
47.257164 26.724348 1258726007666 -1.0
47.257214 26.724327 1258726014677 -1.0
47.257511 26.724537 1258726039633 -1.0
47.257545 26.724751 1258726054671 -1.0
47.257565 26.724167 1258726071641 -1.0
47.257587 26.724117 1258726079643 -1.0
47.257477 26.724239 1258726087613 -1.0
47.257423 26.724264 1258726094671 -1.0
47.257408 26.724316 1258726119494 -1.0
47.257557 26.724112 1258726151436 -1.0
47.257584 26.724045 1258726159429 -1.0
47.257618 26.724022 1258726183425 -1.0
47.25766 26.724049 1258726191420 -1.0
47.257576 26.724075 1258726207418 -1.0
47.257484 26.724089 1258726223375 -1.0
47.257538 26.723946 1258726231346 -1.0
47.257488 26.724033 1258726239323 -1.0
47.257484 26.724087 1258726247295 -1.0
47.257408 26.724277 1258726263239 -1.0
47.257301 26.724291 1258726279195 -1.0
47.257305 26.724148 1258726287167 -1.0
47.257362 26.724163 1258726294671 -1.0
47.259956 26.722832 1258726334671 -1.0
47.261459 26.721212 1258726350928 -1.0
47.268028 26.717836 1258726393830 -1.0
47.269203 26.717283 1258726401788 -1.0
47.270744 26.716713 1258726409777 -1.0
47.27174 26.716125 1258726417671 -1.0
47.273315 26.714405 1258726425715 -1.0
47.275028 26.713627 1258726433698 -1.0
47.279308 26.711199 1258726449650 -1.0
47.280682 26.710243 1258726457734 -1.0
47.283024 26.709093 1258726465734 -1.0
47.285225 26.707743 1258726473734 -1.0
47.286724 26.706913 1258726481734 -1.0
47.290283 26.705044 1258726497492 -1.0
47.291794 26.704096 1258726505734 -1.0
47.293255 26.703396 1258726513734 -1.0
47.295876 26.702085 1258726521734 -1.0
47.297775 26.700388 1258726529734 -1.0
47.299248 26.699791 1258726537734 -1.0