47.156693 27.602964 1259861055393 -1.0
47.1567 27.603474 1259861063408 -1.0
47.156815 27.603689 1259861080396 -1.0
47.156784 27.603748 1259861088405 -1.0
47.156761 27.603958 1259861096392 -1.0
47.156643 27.604202 1259861104398 -1.0
47.156639 27.604387 1259861112397 -1.0
47.156715 27.604492 1259861120389 -1.0
47.156769 27.60458 1259861128388 -1.0
47.156845 27.604593 1259861136388 -1.0
47.15694 27.604649 1259861144374 -1.0
47.157036 27.604811 1259861152381 -1.0
47.15728 27.604841 1259861160376 -1.0