47.16634 27.570307 1260013319066 -1.0
47.166363 27.570374 1260013334985 -1.0
47.166409 27.570484 1260013374900 -1.0
47.166332 27.57045 1260013406861 -1.0
47.166504 27.570885 1260013414849 -1.0
47.166412 27.570295 1260013430846 -1.0
47.166363 27.570324 1260013447550 -1.0
47.166355 27.570631 1260013454817 -1.0
47.166458 27.570642 1260013462813 -1.0
47.166439 27.570782 1260013470776 -1.0
47.166473 27.570831 1260013478782 -1.0
47.166523 27.570738 1260013486773 -1.0
47.16658 27.570753 1260013494751 -1.0
47.166248 27.571156 1260013502743 -1.0
47.166218 27.571434 1260013510726 -1.0
47.166718 27.576017 1260013596581 -1.0
47.167057 27.576193 1260013604575 -1.0
47.166683 27.577063 1260013612552 -1.0
47.166405 27.577618 1260013620515 -1.0
47.166431 27.577795 1260013628515 -1.0
47.166325 27.578566 1260013636513 -1.0
47.166096 27.579554 1260013644488 -1.0
47.165684 27.580458 1260013652461 -1.0
47.165611 27.580816 1260013660450 -1.0
47.165558 27.580801 1260013668436 -1.0
47.165482 27.580956 1260013684382 -1.0
47.165432 27.581264 1260013692355 -1.0
47.165394 27.581564 1260013700335 -1.0
47.165348 27.581888 1260013708300 -1.0
47.165295 27.582012 1260013716276 -1.0
47.165268 27.582186 1260013724260 -1.0
47.165108 27.582769 1260013732216 -1.0
47.16486 27.583004 1260013740214 -1.0
47.164917 27.583214 1260013748228 -1.0
47.164742 27.584215 1260013756206 -1.0
47.164341 27.584909 1260013764187 -1.0
47.164196 27.585354 1260013772895 -1.0
47.164165 27.585487 1260013780149 -1.0
47.164268 27.585665 1260013788133 -1.0
47.164139 27.585785 1260013796117 -1.0
47.164093 27.58604 1260013804089 -1.0
47.164047 27.586388 1260013812066 -1.0
47.164047 27.586945 1260013820035 -1.0
47.163994 27.587517 1260013828014 -1.0
47.164093 27.588192 1260013835992 -1.0
47.164116 27.589161 1260013843973 -1.0
47.164108 27.589819 1260013851942 -1.0
47.164169 27.590233 1260013859944 -1.0
47.1642 27.590466 1260013867890 -1.0
47.164165 27.590563 1260013875890 -1.0
47.164173 27.590675 1260013891890 -1.0
47.164162 27.590761 1260013899890 -1.0
47.164154 27.591022 1260013907890 -1.0
47.164215 27.591541 1260013915906 -1.0
47.164097 27.591867 1260013923906 -1.0