62.598013 29.744708 1264612614057 -1.0
62.597906 29.74542 1264612634060 -1.0
62.598159 29.744846 1264612639060 -1.0
62.598142 29.744722 1264612644059 -1.0
62.598148 29.744658 1264612649059 -1.0
62.598164 29.744647 1264612654059 -1.0
62.598197 29.744592 1264612659059 -1.0
62.598185 29.744685 1264612664060 -1.0
62.598169 29.744763 1264612669060 -1.0
62.598166 29.744802 1264612674059 -1.0
62.598183 29.744846 1264612679059 -1.0
62.598207 29.744852 1264612684058 -1.0
62.598264 29.744946 1264612689059 -1.0
62.59844 29.744936 1264612694059 -1.0
62.59869 29.745146 1264612699059 -1.0
62.598895 29.745232 1264612704060 -1.0
62.599118 29.745338 1264612709058 -1.0
62.599328 29.745537 1264612714059 -1.0
62.599594 29.745848 1264612719060 -1.0
62.599846 29.746241 1264612724058 -1.0
62.60009 29.746509 1264612729058 -1.0
62.60029 29.746528 1264612734058 -1.0
62.600497 29.746707 1264612739058 -1.0
62.600677 29.746817 1264612744058 -1.0
62.600859 29.746932 1264612749058 -1.0
62.601057 29.747088 1264612754058 -1.0
62.601216 29.747274 1264612759059 -1.0
62.601376 29.747432 1264612764059 -1.0
62.601743 29.747648 1264612774059 -1.0
62.601948 29.747861 1264612779058 -1.0
62.602131 29.747987 1264612784059 -1.0
62.602296 29.748157 1264612789059 -1.0
62.602405 29.748258 1264612794059 -1.0
62.60246 29.748383 1264612799058 -1.0
62.602532 29.748303 1264612804058 -1.0
62.602543 29.748207 1264612809058 -1.0
62.602534 29.748231 1264612814973 -1.0
62.602539 29.748246 1264612819057 -1.0
62.60269 29.748178 1264612824059 -1.0
62.602859 29.748406 1264612829059 -1.0
62.603057 29.748744 1264612834057 -1.0
62.603264 29.748991 1264612839058 -1.0
62.603412 29.749178 1264612844058 -1.0
62.603536 29.749313 1264612849058 -1.0
62.603622 29.749364 1264612854059 -1.0
62.603668 29.74952 1264612859059 -1.0
62.603651 29.74946 1264612864059 -1.0
62.603649 29.749392 1264612869058 -1.0
62.603654 29.749356 1264612874057 -1.0
62.603654 29.749344 1264612879058 -1.0
62.603655 29.749336 1264612884060 -1.0
62.603652 29.749334 1264612889059 -1.0
62.60365 29.749328 1264612894059 -1.0
62.603651 29.749317 1264612899059 -1.0
62.603649 29.749313 1264612904059 -1.0
62.603649 29.749313 1264612909058 -1.0
62.603648 29.749313 1264612914058 -1.0
62.603649 29.749313 1264612919057 -1.0
62.60365 29.749296 1264612924059 -1.0
62.603651 29.749295 1264612929058 -1.0
62.603654 29.749292 1264612934059 -1.0
62.603664 29.749319 1264612944059 -1.0
62.603668 29.749337 1264612949059 -1.0
62.603775 29.749413 1264612954059 -1.0
62.603955 29.749598 1264612959059 -1.0
62.604187 29.749904 1264612964059 -1.0
62.604421 29.750217 1264612969059 -1.0
62.604642 29.750466 1264612974059 -1.0
62.604854 29.750636 1264612979059 -1.0
62.605071 29.750705 1264612984058 -1.0
62.605332 29.750457 1264612989057 -1.0
62.605516 29.750197 1264612994059 -1.0
62.605705 29.74995 1264612999059 -1.0
62.605881 29.749589 1264613004060 -1.0
62.606056 29.749366 1264613009059 -1.0
62.606287 29.749152 1264613014060 -1.0
62.60649 29.74911 1264613019059 -1.0
62.606735 29.748904 1264613024060 -1.0
62.606946 29.74868 1264613029059 -1.0
62.607169 29.748464 1264613034059 -1.0
62.607367 29.748225 1264613039059 -1.0
62.607562 29.748008 1264613044058 -1.0
62.607733 29.74775 1264613049059 -1.0
62.607934 29.74747 1264613054059 -1.0
62.608134 29.747202 1264613059059 -1.0
62.608333 29.746924 1264613064060 -1.0
62.608512 29.746663 1264613069058 -1.0
62.608714 29.746447 1264613074058 -1.0
62.608911 29.746182 1264613079059 -1.0
62.609113 29.74596 1264613084059 -1.0
62.609287 29.74571 1264613089059 -1.0
62.609415 29.745355 1264613094060 -1.0
62.609628 29.745047 1264613099059 -1.0
62.609796 29.744917 1264613104059 -1.0
62.609927 29.744712 1264613109059 -1.0
62.610121 29.744673 1264613114059 -1.0
62.610312 29.744516 1264613119060 -1.0
62.610491 29.744274 1264613124059 -1.0
62.610686 29.744027 1264613129058 -1.0
62.610881 29.743844 1264613134060 -1.0
62.61106 29.7436 1264613139058 -1.0
62.611256 29.743432 1264613144059 -1.0
62.61144 29.743241 1264613149058 -1.0
62.61162 29.742965 1264613154059 -1.0
62.611805 29.742569 1264613159062 -1.0
62.612005 29.74231 1264613164059 -1.0
62.612222 29.742167 1264613169060 -1.0
62.612419 29.742013 1264613174059 -1.0
62.612593 29.741778 1264613179059 -1.0
62.612736 29.741513 1264613184058 -1.0
62.61291 29.74132 1264613189059 -1.0
62.613079 29.741105 1264613194059 -1.0
62.613223 29.741067 1264613199059 -1.0
62.613224 29.741044 1264613204060 -1.0
62.613228 29.741064 1264613209059 -1.0
62.613307 29.741042 1264613214057 -1.0
62.613426 29.740794 1264613219055 -1.0
62.613574 29.740467 1264613224057 -1.0
62.613715 29.740194 1264613229056 -1.0
62.613865 29.739883 1264613234056 -1.0
62.614002 29.739586 1264613239057 -1.0
62.614135 29.739602 1264613244056 -1.0
62.614229 29.739928 1264613249056 -1.0
62.614273 29.740202 1264613254056 -1.0
62.614356 29.740479 1264613259056 -1.0
62.614502 29.74077 1264613264057 -1.0
62.614581 29.74117 1264613269056 -1.0
62.614745 29.741443 1264613274055 -1.0
62.614853 29.741731 1264613279056 -1.0
62.614863 29.742008 1264613284056 -1.0
62.614817 29.742226 1264613289056 -1.0
62.614751 29.742579 1264613294056 -1.0
62.614736 29.742668 1264613299056 -1.0
62.61473 29.742713 1264613304056 -1.0
62.614754 29.7427 1264613309055 -1.0
62.614756 29.742722 1264613314056 -1.0
62.61477 29.742707 1264613319058 -1.0
62.614845 29.742598 1264613324056 -1.0
62.614828 29.74269 1264613329061 -1.0
62.614779 29.742702 1264613334057 -1.0
62.614813 29.742749 1264613339056 -1.0
62.614753 29.742738 1264613344055 -1.0
62.614765 29.74281 1264613349056 -1.0
62.614837 29.742764 1264613354057 -1.0
62.614867 29.742748 1264613359057 -1.0
62.614911 29.742926 1264613364056 -1.0
62.614983 29.74283 1264613369056 -1.0
62.614988 29.742889 1264613374056 -1.0
62.614997 29.742959 1264613379056 -1.0
62.615038 29.742898 1264613384056 -1.0
62.615045 29.743035 1264613389056 -1.0
62.61503 29.743114 1264613394057 -1.0
62.61498 29.743244 1264613399057 -1.0
62.61496 29.743347 1264613404056 -1.0
62.614999 29.743341 1264613409055 -1.0
62.614966 29.744569 1264613509055 -1.0
62.61507 29.744977 1264613514056 -1.0
62.614977 29.743871 1264613519061 -1.0
62.614917 29.74375 1264613524056 -1.0