62.618403 29.76977 1264252617835 -1.0
62.618481 29.769737 1264252622838 -1.0
62.618505 29.769723 1264252627836 -1.0
62.618399 29.769861 1264252632835 -1.0
62.618475 29.769814 1264252637835 -1.0
62.618475 29.769722 1264252642835 -1.0
62.618468 29.769719 1264252647836 -1.0
62.61847 29.769745 1264252652836 -1.0
62.618458 29.769729 1264252657836 -1.0
62.618423 29.769773 1264252662835 -1.0
62.618371 29.769756 1264252667835 -1.0
62.618408 29.769613 1264252672835 -1.0
62.618377 29.76939 1264252677836 -1.0
62.618332 29.769004 1264252682837 -1.0
62.618276 29.768608 1264252687834 -1.0
62.61822 29.768324 1264252692834 -1.0
62.618166 29.768087 1264252697834 -1.0
62.618262 29.767963 1264252702835 -1.0
62.618418 29.767832 1264252707834 -1.0
62.618591 29.767683 1264252712834 -1.0
62.618748 29.767559 1264252717835 -1.0
62.618871 29.767445 1264252722835 -1.0
62.618941 29.767554 1264252727834 -1.0
62.619086 29.767466 1264252732835 -1.0
62.619173 29.76726 1264252737834 -1.0
62.61921 29.767 1264252742838 -1.0
62.619155 29.766722 1264252747835 -1.0
62.618988 29.76658 1264252752834 -1.0
62.618889 29.766379 1264252757834 -1.0
62.618833 29.766023 1264252762835 -1.0
62.618771 29.765676 1264252767835 -1.0
62.61871 29.765347 1264252772834 -1.0
62.618626 29.765018 1264252777834 -1.0
62.61854 29.764677 1264252782834 -1.0
62.618474 29.76429 1264252787834 -1.0
62.618371 29.763973 1264252792835 -1.0
62.618366 29.7635 1264252797834 -1.0
62.618289 29.763174 1264252802837 -1.0
62.61824 29.762865 1264252807835 -1.0
62.618211 29.76249 1264252812834 -1.0
62.618215 29.762111 1264252817834 -1.0
62.618227 29.761729 1264252822835 -1.0
62.618238 29.761319 1264252827837 -1.0
62.618266 29.760884 1264252832836 -1.0
62.618297 29.760445 1264252837835 -1.0
62.618296 29.760004 1264252842837 -1.0
62.618307 29.7596 1264252847838 -1.0
62.61836 29.759208 1264252852835 -1.0
62.618368 29.7584 1264252862839 -1.0
62.618394 29.757992 1264252867835 -1.0
62.618398 29.757612 1264252872836 -1.0
62.618422 29.757233 1264252877836 -1.0
62.61845 29.756858 1264252882870 -1.0
62.618473 29.756489 1264252887834 -1.0
62.618493 29.75612 1264252892835 -1.0
62.618515 29.755743 1264252897835 -1.0
62.618533 29.755375 1264252902835 -1.0
62.618509 29.754975 1264252907834 -1.0
62.618485 29.754581 1264252912835 -1.0
62.618439 29.75378 1264252922838 -1.0
62.618396 29.753402 1264252927834 -1.0
62.618385 29.753027 1264252932834 -1.0
62.618407 29.752662 1264252937834 -1.0
62.618414 29.752281 1264252942835 -1.0
62.61841 29.751901 1264252947835 -1.0
62.618423 29.751608 1264252952835 -1.0
62.618423 29.751374 1264252957834 -1.0
62.618333 29.751068 1264252962835 -1.0
62.618291 29.750981 1264252967834 -1.0
62.618226 29.7508 1264252972834 -1.0
62.618108 29.751122 1264252977834 -1.0
62.617979 29.751057 1264252982838 -1.0
62.617855 29.751026 1264252987834 -1.0
62.61769 29.751051 1264252992836 -1.0
62.617536 29.751045 1264252997835 -1.0
62.617363 29.751095 1264253002836 -1.0
62.617007 29.751122 1264253012835 -1.0
62.616838 29.751082 1264253017835 -1.0
62.616622 29.751172 1264253022834 -1.0
62.616344 29.751335 1264253027836 -1.0
62.616162 29.751395 1264253032834 -1.0
62.616036 29.751445 1264253037835 -1.0
62.615978 29.751127 1264253042837 -1.0
62.615982 29.750781 1264253047836 -1.0
62.615973 29.750457 1264253052835 -1.0
62.615917 29.750032 1264253057835 -1.0
62.615854 29.749685 1264253062836 -1.0
62.615783 29.749357 1264253067834 -1.0
62.615705 29.74914 1264253072835 -1.0
62.615671 29.748839 1264253077835 -1.0
62.615644 29.748454 1264253082836 -1.0
62.615618 29.748009 1264253087835 -1.0
62.615617 29.747679 1264253092835 -1.0
62.615579 29.747284 1264253097834 -1.0
62.615544 29.746881 1264253102837 -1.0
62.615513 29.746457 1264253107835 -1.0
62.615494 29.746084 1264253112838 -1.0
62.615469 29.745732 1264253117835 -1.0
62.615455 29.745367 1264253122835 -1.0
62.615447 29.744999 1264253127835 -1.0
62.615396 29.744622 1264253132835 -1.0
62.615353 29.744268 1264253137835 -1.0
62.615331 29.743932 1264253142835 -1.0
62.615304 29.743551 1264253147835 -1.0
62.615292 29.743208 1264253152836 -1.0
62.615226 29.743087 1264253157836 -1.0
62.615176 29.743098 1264253162838 -1.0
62.615158 29.743109 1264253167835 -1.0
62.61514 29.74313 1264253172835 -1.0
62.615132 29.743222 1264253177835 -1.0
62.615132 29.74326 1264253182836 -1.0
62.615104 29.743197 1264253187835 -1.0
62.615103 29.743175 1264253192835 -1.0
62.615132 29.743108 1264253197835 -1.0
62.615137 29.743094 1264253202834 -1.0
62.615098 29.743178 1264253207835 -1.0
62.615094 29.743268 1264253212836 -1.0
62.61508 29.743356 1264253217835 -1.0
62.615085 29.743226 1264253222837 -1.0
62.615071 29.743234 1264253227835 -1.0
62.61507 29.743231 1264253232838 -1.0
62.615028 29.743237 1264253237835 -1.0
62.614955 29.74361 1264253252836 -1.0
62.614956 29.743607 1264253257834 -1.0
62.615043 29.743783 1264253272836 -1.0
62.615049 29.743839 1264253277835 -1.0
62.615015 29.743826 1264253282838 -1.0
62.614985 29.743732 1264253287835 -1.0
62.614864 29.74352 1264253297836 -1.0
62.614871 29.74362 1264253307835 -1.0
62.615004 29.743576 1264253312838 -1.0
62.615156 29.742776 1264253367848 -1.0
62.614827 29.74228 1264253372851 -1.0
62.614737 29.741886 1264253377838 -1.0
62.614738 29.742134 1264253382835 -1.0
62.614749 29.742274 1264253387836 -1.0
62.615045 29.743294 1264253417844 -1.0
62.615071 29.743554 1264253422850 -1.0
62.615086 29.743548 1264253427838 -1.0
62.614897 29.743625 1264253432845 -1.0
62.614897 29.743625 1264253432845 -1.0
62.614884 29.743621 1264253437836 -1.0
62.614796 29.743536 1264253442837 -1.0
62.614796 29.743536 1264253442837 -1.0
62.614683 29.742959 1264253447848 -1.0
62.614683 29.742959 1264253447848 -1.0
62.614585 29.742666 1264253457835 -1.0
62.614797 29.742446 1264253462837 -1.0
62.614848 29.742616 1264253467835 -1.0
62.614767 29.742921 1264253472835 -1.0
62.614692 29.742902 1264253477835 -1.0
62.61498 29.743279 1264253507837 -1.0
62.614805 29.743171 1264253512834 -1.0
62.614634 29.743023 1264253522837 -1.0
62.61462 29.742957 1264253527835 -1.0
62.614642 29.742989 1264253532836 -1.0
62.614758 29.743017 1264253537836 -1.0
62.614775 29.743003 1264253557835 -1.0
62.61476 29.742933 1264253562834 -1.0
62.614761 29.742912 1264253567835 -1.0
62.614945 29.74318 1264253582836 -1.0
62.614955 29.743172 1264253587917 -1.0
62.614928 29.743034 1264253592915 -1.0
62.61496 29.743162 1264253597934 -1.0
62.614765 29.743788 1264253682835 -1.0
62.614803 29.743766 1264253687901 -1.0
62.614803 29.743766 1264253687901 -1.0
62.614997 29.743649 1264253692835 -1.0
62.61501 29.743637 1264253697835 -1.0
62.615112 29.743528 1264253702838 -1.0
62.61502 29.743234 1264253732896 -1.0
62.615037 29.743248 1264253737834 -1.0
62.615043 29.743301 1264253742912 -1.0
62.615021 29.743231 1264253747835 -1.0
62.614956 29.743204 1264253752866 -1.0
62.614944 29.743127 1264253757835 -1.0
62.614963 29.743444 1264253762881 -1.0
62.615208 29.743401 1264253817835 -1.0
62.615092 29.743251 1264253822839 -1.0
62.615092 29.743391 1264253827835 -1.0
62.61506 29.743221 1264253832874 -1.0
62.615034 29.74332 1264253837851 -1.0
62.615006 29.743242 1264253842836 -1.0
62.61495 29.743154 1264253847850 -1.0
62.61498 29.743223 1264253852836 -1.0
62.615005 29.743265 1264253857850 -1.0
62.615016 29.743252 1264253862835 -1.0
62.615067 29.743256 1264253867835 -1.0
62.61514 29.74328 1264253872835 -1.0
62.615168 29.743185 1264253877835 -1.0
62.615207 29.743158 1264253882837 -1.0
62.615275 29.743138 1264253887835 -1.0
62.615274 29.743477 1264253892835 -1.0
62.61526 29.743666 1264253897851 -1.0
62.615314 29.74399 1264253902855 -1.0
62.615354 29.744408 1264253907853 -1.0
62.615378 29.744768 1264253912840 -1.0
62.615406 29.745142 1264253917836 -1.0
62.615423 29.745505 1264253922842 -1.0
62.615434 29.745783 1264253927835 -1.0
62.615473 29.746153 1264253932841 -1.0
62.615505 29.746513 1264253937836 -1.0
62.615527 29.746875 1264253942842 -1.0
62.615527 29.746875 1264253942842 -1.0
62.615546 29.747294 1264253947835 -1.0
62.615586 29.747652 1264253952836 -1.0
62.615615 29.748074 1264253957835 -1.0
62.615642 29.748452 1264253962835 -1.0
62.61573 29.74875 1264253967834 -1.0
62.615829 29.749072 1264253972834 -1.0
62.615962 29.749348 1264253977834 -1.0
62.615984 29.749774 1264253982834 -1.0
62.616005 29.750209 1264253987834 -1.0
62.616018 29.75063 1264253992834 -1.0
62.615998 29.751071 1264253997834 -1.0
62.615965 29.751449 1264254002836 -1.0
62.615953 29.751879 1264254007834 -1.0
62.615939 29.752286 1264254012834 -1.0
62.61596 29.752718 1264254017835 -1.0
62.615998 29.753182 1264254022836 -1.0
62.616029 29.753577 1264254027836 -1.0
62.616062 29.754011 1264254032836 -1.0
62.616106 29.754396 1264254037836 -1.0
62.616161 29.754758 1264254042835 -1.0
62.616213 29.755146 1264254047835 -1.0
62.616258 29.755562 1264254052834 -1.0
62.61629 29.756027 1264254057835 -1.0
62.616327 29.75644 1264254062838 -1.0
62.616358 29.756868 1264254067836 -1.0
62.616324 29.75728 1264254072836 -1.0
62.616344 29.757671 1264254077835 -1.0
62.616366 29.758041 1264254082835 -1.0
62.616361 29.758461 1264254087835 -1.0
62.616357 29.758824 1264254092836 -1.0
62.616379 29.759204 1264254097835 -1.0
62.616379 29.759575 1264254102836 -1.0
62.616378 29.760013 1264254107835 -1.0
62.616329 29.760352 1264254112835 -1.0
62.61627 29.760715 1264254117836 -1.0
62.616207 29.761054 1264254122838 -1.0
62.616148 29.761428 1264254127836 -1.0
62.616177 29.761707 1264254132834 -1.0
62.616303 29.761731 1264254137834 -1.0
62.616441 29.761737 1264254142835 -1.0
62.616582 29.761702 1264254147835 -1.0
62.616784 29.761694 1264254152834 -1.0
62.61699 29.76172 1264254157835 -1.0
62.617193 29.761736 1264254162835 -1.0
62.617365 29.761767 1264254167834 -1.0
62.617523 29.761792 1264254172835 -1.0
62.617654 29.761824 1264254177835 -1.0
62.617808 29.761899 1264254182838 -1.0
62.617966 29.761966 1264254187835 -1.0
62.618092 29.761981 1264254192834 -1.0
62.618197 29.762056 1264254197836 -1.0
62.618185 29.762316 1264254202835 -1.0
62.618206 29.762719 1264254207834 -1.0
62.618287 29.763112 1264254212835 -1.0
62.618351 29.763479 1264254217835 -1.0
62.618403 29.763854 1264254222835 -1.0
62.618448 29.764196 1264254227835 -1.0
62.618506 29.764573 1264254232835 -1.0
62.618579 29.76495 1264254237835 -1.0
62.618659 29.765321 1264254242838 -1.0
62.618756 29.765686 1264254247834 -1.0
62.618841 29.76603 1264254252835 -1.0
62.618951 29.766378 1264254257836 -1.0
62.619046 29.766595 1264254262834 -1.0
62.61916 29.76675 1264254267835 -1.0
62.619201 29.767027 1264254272836 -1.0
62.619142 29.767309 1264254277836 -1.0
62.619209 29.767611 1264254282835 -1.0
62.619296 29.767958 1264254287838 -1.0
62.619373 29.768383 1264254292835 -1.0
62.619385 29.768802 1264254297836 -1.0
62.619367 29.769167 1264254302838 -1.0
62.619333 29.769443 1264254307835 -1.0
62.61924 29.770199 1264254317836 -1.0
62.619147 29.770547 1264254322836 -1.0
62.619024 29.770852 1264254327835 -1.0
62.618888 29.771128 1264254332835 -1.0
62.618731 29.771423 1264254337835 -1.0
62.618581 29.771652 1264254342834 -1.0
62.618461 29.771933 1264254347834 -1.0
62.618343 29.772283 1264254352835 -1.0
62.618307 29.772805 1264254357835 -1.0
62.618273 29.773129 1264254362839 -1.0
62.618186 29.773734 1264254367850 -1.0
62.618186 29.773734 1264254367850 -1.0
62.617979 29.774075 1264254372834 -1.0
62.617863 29.774369 1264254377836 -1.0
62.617723 29.774601 1264254382836 -1.0
62.617568 29.774836 1264254387835 -1.0
62.617401 29.774992 1264254392835 -1.0
62.617214 29.775106 1264254397835 -1.0
62.617031 29.775173 1264254402835 -1.0
62.616924 29.775299 1264254407835 -1.0
62.616932 29.775544 1264254412836 -1.0
62.616979 29.775862 1264254417835 -1.0
62.616963 29.776194 1264254422839 -1.0
62.61696 29.776502 1264254427835 -1.0
62.616892 29.776698 1264254432834 -1.0
62.616886 29.776767 1264254437835 -1.0
62.616916 29.776751 1264254442835 -1.0
62.616908 29.776745 1264254447835 -1.0
62.616915 29.776813 1264254452835 -1.0
62.616909 29.776718 1264254457835 -1.0
62.616929 29.776682 1264254462836 -1.0
62.616977 29.776669 1264254467835 -1.0
62.617006 29.77663 1264254472836 -1.0
62.617018 29.776751 1264254477836 -1.0
62.617008 29.776715 1264254482837 -1.0
62.617001 29.776738 1264254487835 -1.0
62.616999 29.776764 1264254492834 -1.0
62.616994 29.776764 1264254497835 -1.0
62.61707 29.777092 1264254502836 -1.0
62.61712 29.777124 1264254507835 -1.0
62.617122 29.777131 1264254512836 -1.0
62.617106 29.777209 1264254517835 -1.0
62.617088 29.777312 1264254522835 -1.0
62.617101 29.777397 1264254527835 -1.0
62.617117 29.777474 1264254532834 -1.0
62.617094 29.777525 1264254537834 -1.0
62.617119 29.777577 1264254542838 -1.0
62.617065 29.777715 1264254547835 -1.0
62.617011 29.777686 1264254552836 -1.0
62.616998 29.777696 1264254557835 -1.0