62.603325 29.760695 1264954421369 -1.0
62.603318 29.760623 1264954426367 -1.0
62.603327 29.760556 1264954431360 -1.0
62.603344 29.760457 1264954436360 -1.0
62.603354 29.76031 1264954441360 -1.0
62.603365 29.760169 1264954446362 -1.0
62.60334 29.760012 1264954451360 -1.0
62.603347 29.759868 1264954456361 -1.0
62.603358 29.759722 1264954461386 -1.0
62.603359 29.759568 1264954466360 -1.0
62.603395 29.759425 1264954471360 -1.0
62.603416 29.759281 1264954476369 -1.0
62.603416 29.759281 1264954476369 -1.0
62.603436 29.759145 1264954481368 -1.0
62.603486 29.75903 1264954486360 -1.0
62.603526 29.758945 1264954491359 -1.0
62.603534 29.758938 1264954496361 -1.0
62.603557 29.758878 1264954501360 -1.0
62.603569 29.758727 1264954506359 -1.0
62.603598 29.758626 1264954511361 -1.0
62.603688 29.758643 1264954516360 -1.0
62.603746 29.758852 1264954521360 -1.0
62.603838 29.758861 1264954526359 -1.0
62.603914 29.758898 1264954531360 -1.0
62.60401 29.758898 1264954536360 -1.0
62.604081 29.758928 1264954541360 -1.0
62.604187 29.758864 1264954546363 -1.0
62.604222 29.758925 1264954551360 -1.0
62.604285 29.758949 1264954556361 -1.0
62.604346 29.75899 1264954561361 -1.0
62.604423 29.759032 1264954566360 -1.0
62.604477 29.759114 1264954571359 -1.0
62.604543 29.759167 1264954576359 -1.0
62.604543 29.759167 1264954576359 -1.0
62.60462 29.759209 1264954581360 -1.0
62.604679 29.759312 1264954586360 -1.0
62.604752 29.759356 1264954591359 -1.0
62.604806 29.759442 1264954596359 -1.0
62.604853 29.759547 1264954601360 -1.0
62.604922 29.759648 1264954606360 -1.0
62.605 29.759707 1264954611359 -1.0
62.605056 29.759778 1264954616360 -1.0
62.605125 29.759842 1264954621360 -1.0
62.605214 29.75986 1264954626360 -1.0
62.605251 29.759987 1264954631359 -1.0
62.605322 29.760072 1264954636360 -1.0
62.605399 29.760167 1264954646360 -1.0
62.60547 29.760201 1264954651360 -1.0
62.605572 29.760313 1264954656360 -1.0
62.605659 29.760336 1264954661360 -1.0
62.605725 29.760396 1264954666360 -1.0
62.60577 29.760447 1264954671359 -1.0
62.605832 29.760469 1264954676359 -1.0
62.605883 29.760496 1264954681360 -1.0
62.605924 29.760544 1264954686361 -1.0
62.605972 29.760573 1264954691359 -1.0
62.606063 29.760612 1264954696359 -1.0
62.606114 29.760671 1264954701360 -1.0
62.606165 29.760697 1264954706361 -1.0
62.606232 29.760751 1264954711359 -1.0
62.606296 29.760831 1264954716360 -1.0
62.606343 29.760857 1264954721359 -1.0
62.606409 29.760925 1264954726360 -1.0
62.606465 29.760942 1264954731359 -1.0
62.606523 29.761018 1264954736360 -1.0
62.606598 29.761075 1264954741359 -1.0
62.606657 29.76115 1264954746359 -1.0
62.606712 29.761222 1264954751360 -1.0
62.606772 29.761286 1264954756359 -1.0
62.606799 29.761358 1264954761360 -1.0
62.606873 29.761429 1264954766359 -1.0
62.606918 29.761489 1264954771360 -1.0
62.606998 29.761577 1264954776358 -1.0
62.607089 29.761616 1264954781359 -1.0
62.607131 29.761728 1264954786359 -1.0
62.607199 29.761813 1264954791360 -1.0
62.607271 29.761878 1264954796360 -1.0
62.607321 29.761969 1264954801360 -1.0
62.607393 29.761992 1264954806360 -1.0
62.607427 29.762061 1264954811359 -1.0
62.607482 29.762095 1264954816359 -1.0
62.60757 29.762152 1264954821361 -1.0
62.607652 29.76218 1264954826360 -1.0
62.607717 29.762231 1264954831360 -1.0
62.60778 29.762309 1264954836359 -1.0
62.607884 29.762331 1264954841360 -1.0
62.607937 29.762405 1264954846360 -1.0
62.608007 29.762496 1264954851359 -1.0
62.608065 29.762586 1264954856360 -1.0
62.608112 29.762645 1264954861359 -1.0
62.608169 29.762698 1264954866359 -1.0
62.608213 29.762744 1264954871359 -1.0
62.608302 29.762734 1264954876360 -1.0
62.608358 29.76275 1264954881359 -1.0
62.60842 29.7628 1264954886360 -1.0
62.608459 29.762765 1264954891359 -1.0
62.608478 29.762665 1264954896359 -1.0
62.608585 29.762464 1264954906360 -1.0
62.60863 29.76234 1264954911360 -1.0
62.608656 29.7622 1264954916360 -1.0
62.608662 29.762053 1264954921361 -1.0
62.60869 29.761947 1264954926359 -1.0
62.608711 29.761813 1264954931359 -1.0
62.608742 29.761672 1264954936360 -1.0
62.608795 29.761564 1264954941359 -1.0
62.608847 29.761433 1264954946360 -1.0
62.60889 29.761321 1264954951359 -1.0
62.608927 29.761215 1264954956360 -1.0
62.60895 29.761079 1264954961360 -1.0
62.608963 29.760908 1264954966360 -1.0
62.608975 29.760772 1264954971360 -1.0
62.609057 29.760527 1264954981360 -1.0
62.609094 29.760393 1264954986360 -1.0
62.609129 29.760252 1264954991361 -1.0
62.609155 29.760105 1264954996359 -1.0
62.609168 29.759942 1264955001360 -1.0
62.609186 29.759786 1264955006359 -1.0
62.609217 29.759655 1264955011359 -1.0
62.609262 29.759567 1264955016357 -1.0
62.609302 29.759521 1264955021357 -1.0
62.609352 29.759536 1264955026357 -1.0
62.609419 29.759589 1264955031357 -1.0
62.609469 29.759636 1264955036357 -1.0
62.609535 29.759669 1264955041357 -1.0
62.609597 29.759668 1264955046357 -1.0
62.609678 29.759635 1264955051357 -1.0
62.609737 29.759532 1264955056357 -1.0
62.609782 29.75943 1264955061364 -1.0
62.609782 29.75943 1264955061364 -1.0
62.609849 29.759348 1264955066357 -1.0
62.609951 29.759335 1264955071358 -1.0
62.610006 29.75925 1264955076357 -1.0
62.610068 29.759166 1264955081359 -1.0
62.61013 29.75916 1264955086357 -1.0
62.61017 29.759137 1264955091358 -1.0
62.610238 29.759074 1264955096357 -1.0
62.61028 29.758973 1264955101357 -1.0
62.610355 29.758932 1264955106357 -1.0
62.610395 29.758807 1264955111357 -1.0
62.61046 29.758747 1264955116357 -1.0
62.610567 29.758634 1264955126357 -1.0
62.610622 29.758589 1264955131357 -1.0
62.610696 29.758565 1264955136421 -1.0
62.610765 29.758446 1264955141357 -1.0
62.610835 29.758387 1264955146357 -1.0
62.610915 29.758346 1264955151357 -1.0
62.610964 29.75846 1264955156357 -1.0
62.611083 29.758514 1264955166357 -1.0
62.611137 29.758498 1264955171357 -1.0
62.611151 29.758394 1264955176356 -1.0
62.611179 29.758287 1264955181357 -1.0
62.611189 29.758154 1264955186358 -1.0
62.611223 29.758037 1264955191357 -1.0
62.611253 29.75792 1264955196357 -1.0
62.611279 29.757762 1264955201357 -1.0
62.611298 29.757642 1264955206357 -1.0
62.611328 29.757522 1264955211357 -1.0
62.611387 29.757269 1264955221357 -1.0
62.611419 29.757145 1264955226357 -1.0
62.611443 29.757 1264955231356 -1.0
62.611462 29.756851 1264955236357 -1.0
62.611455 29.756683 1264955241358 -1.0
62.611472 29.756538 1264955246357 -1.0
62.611507 29.756392 1264955251357 -1.0
62.611537 29.756243 1264955256357 -1.0
62.611563 29.756107 1264955261357 -1.0
62.611599 29.756017 1264955266357 -1.0
62.611641 29.755911 1264955271357 -1.0
62.611677 29.755792 1264955276357 -1.0
62.611696 29.755647 1264955281357 -1.0
62.611706 29.755483 1264955286357 -1.0
62.611755 29.755385 1264955291357 -1.0
62.611795 29.755277 1264955296357 -1.0
62.61182 29.755134 1264955301357 -1.0
62.611868 29.754951 1264955306357 -1.0
62.611909 29.754819 1264955311356 -1.0
62.61193 29.754678 1264955316356 -1.0
62.611967 29.75454 1264955321357 -1.0
62.612004 29.754407 1264955326357 -1.0
62.612018 29.754264 1264955331357 -1.0
62.612053 29.754124 1264955336357 -1.0
62.6121 29.754003 1264955341357 -1.0
62.612169 29.753908 1264955346357 -1.0
62.612225 29.753843 1264955351357 -1.0
62.612334 29.753799 1264955356357 -1.0
62.612411 29.753841 1264955361357 -1.0
62.612479 29.753832 1264955366359 -1.0
62.612543 29.753842 1264955371357 -1.0
62.612609 29.753787 1264955376357 -1.0
62.612654 29.753756 1264955381357 -1.0
62.612728 29.753754 1264955386357 -1.0
62.612807 29.753798 1264955391357 -1.0
62.612868 29.753795 1264955396357 -1.0
62.612944 29.753703 1264955401358 -1.0
62.612959 29.753591 1264955406357 -1.0
62.612995 29.7535 1264955411357 -1.0
62.612995 29.753411 1264955416357 -1.0
62.613062 29.753332 1264955421357 -1.0
62.613141 29.753256 1264955426357 -1.0
62.613227 29.753268 1264955431357 -1.0
62.613266 29.753153 1264955436357 -1.0
62.613331 29.753053 1264955441357 -1.0
62.613421 29.752953 1264955446357 -1.0
62.6135 29.752924 1264955451357 -1.0
62.613555 29.752865 1264955456358 -1.0
62.613618 29.752786 1264955461357 -1.0
62.613665 29.752746 1264955466357 -1.0
62.61372 29.752664 1264955471357 -1.0
62.613789 29.752609 1264955476357 -1.0
62.613866 29.752576 1264955481357 -1.0
62.613944 29.752562 1264955486357 -1.0
62.614066 29.752598 1264955491357 -1.0
62.61414 29.752555 1264955496357 -1.0
62.614239 29.752556 1264955501357 -1.0
62.614341 29.752588 1264955506357 -1.0
62.614418 29.752507 1264955511357 -1.0
62.61449 29.752462 1264955516357 -1.0
62.614579 29.752515 1264955521358 -1.0
62.614635 29.752475 1264955526357 -1.0
62.614638 29.752339 1264955531356 -1.0
62.614649 29.752192 1264955536357 -1.0
62.614609 29.751983 1264955541356 -1.0
62.614591 29.751858 1264955546356 -1.0
62.614609 29.75171 1264955551357 -1.0
62.614618 29.751577 1264955556357 -1.0
62.614671 29.751405 1264955561357 -1.0
62.614698 29.751269 1264955566358 -1.0
62.61472 29.751103 1264955571357 -1.0
62.614727 29.750956 1264955576357 -1.0
62.614806 29.750883 1264955581357 -1.0
62.61486 29.75083 1264955586357 -1.0
62.614905 29.750719 1264955591357 -1.0
62.614889 29.750642 1264955596357 -1.0
62.614889 29.750498 1264955601357 -1.0
62.614859 29.750397 1264955606356 -1.0
62.614849 29.750239 1264955611357 -1.0
62.614958 29.750079 1264955616357 -1.0
62.615106 29.749931 1264955621357 -1.0
62.615164 29.749954 1264955626357 -1.0
62.615118 29.749691 1264955636357 -1.0
62.615159 29.749567 1264955641357 -1.0
62.615199 29.749501 1264955646361 -1.0
62.615199 29.749501 1264955646361 -1.0
62.615167 29.749362 1264955651357 -1.0
62.615171 29.749225 1264955656357 -1.0
62.615139 29.749095 1264955661357 -1.0
62.615126 29.748944 1264955666356 -1.0
62.615085 29.748819 1264955671357 -1.0
62.615076 29.748698 1264955676357 -1.0
62.61508 29.748564 1264955681357 -1.0
62.615147 29.748556 1264955686357 -1.0
62.61523 29.748488 1264955691357 -1.0
62.615348 29.748392 1264955696357 -1.0
62.615476 29.74829 1264955701357 -1.0
62.615514 29.748321 1264955706357 -1.0
62.615582 29.748323 1264955711357 -1.0
62.615631 29.748268 1264955716357 -1.0
62.615611 29.748142 1264955721357 -1.0
62.615578 29.747993 1264955726357 -1.0
62.615549 29.747768 1264955731357 -1.0
62.615552 29.747655 1264955736357 -1.0
62.615543 29.747506 1264955741357 -1.0
62.615547 29.747411 1264955746357 -1.0
62.615538 29.747276 1264955751357 -1.0
62.615531 29.747135 1264955756357 -1.0
62.615519 29.746922 1264955761357 -1.0
62.615496 29.746807 1264955766357 -1.0
62.615463 29.746648 1264955771357 -1.0
62.615447 29.746495 1264955776357 -1.0
62.615426 29.746323 1264955781357 -1.0
62.61539 29.746134 1264955786357 -1.0
62.615357 29.745998 1264955791357 -1.0
62.61535 29.745841 1264955796357 -1.0
62.615354 29.745707 1264955801357 -1.0
62.615323 29.745587 1264955806357 -1.0
62.615302 29.745465 1264955811357 -1.0
62.615275 29.745309 1264955816357 -1.0
62.615308 29.745192 1264955821357 -1.0
62.61535 29.745032 1264955826357 -1.0
62.615373 29.744836 1264955831357 -1.0
62.615352 29.744676 1264955836357 -1.0
62.615326 29.744495 1264955841357 -1.0
62.615337 29.744355 1264955846357 -1.0
62.615329 29.744217 1264955851357 -1.0
62.615328 29.744074 1264955856357 -1.0
62.615338 29.743936 1264955861357 -1.0
62.615326 29.743781 1264955866357 -1.0
62.615297 29.743612 1264955871357 -1.0
62.615297 29.743441 1264955876357 -1.0
62.615277 29.743303 1264955881357 -1.0
62.615232 29.743173 1264955886356 -1.0
62.615229 29.743101 1264955891357 -1.0
62.615195 29.743126 1264955896357 -1.0
62.615132 29.743032 1264955901357 -1.0
62.615086 29.743064 1264955906357 -1.0
62.615038 29.743126 1264955911357 -1.0
62.615008 29.742947 1264955916357 -1.0
62.615009 29.742858 1264955921357 -1.0
62.615015 29.742835 1264955926357 -1.0
62.615026 29.742867 1264955931357 -1.0
62.615034 29.7429 1264955936357 -1.0
62.615036 29.742905 1264955941357 -1.0
62.61504 29.742921 1264955946357 -1.0
62.615048 29.74297 1264955951357 -1.0
62.615048 29.74303 1264955956357 -1.0
62.615041 29.743093 1264955961357 -1.0