62.598842 29.743583 1264781896176 -1.0
62.598859 29.743436 1264781901175 -1.0
62.598815 29.743156 1264781906176 -1.0
62.598792 29.743067 1264781911177 -1.0
62.598776 29.743052 1264781916176 -1.0
62.598772 29.743054 1264781921175 -1.0
62.598768 29.743036 1264781926176 -1.0
62.598738 29.742969 1264781931177 -1.0
62.59895 29.74315 1264781936177 -1.0
62.599145 29.743154 1264781941176 -1.0
62.599231 29.743299 1264781946176 -1.0
62.599248 29.743222 1264781951175 -1.0
62.599237 29.743023 1264781956176 -1.0
62.599186 29.742574 1264781961176 -1.0
62.599234 29.742111 1264781966176 -1.0
62.599331 29.742108 1264781971176 -1.0
62.599298 29.742233 1264781976177 -1.0
62.599307 29.742317 1264781981175 -1.0
62.599442 29.742411 1264781986176 -1.0
62.599535 29.742482 1264781991176 -1.0
62.59967 29.742609 1264781996177 -1.0
62.599864 29.742745 1264782001177 -1.0
62.600015 29.742875 1264782006176 -1.0
62.600208 29.743011 1264782011177 -1.0
62.600354 29.74285 1264782016175 -1.0
62.600488 29.742956 1264782021175 -1.0
62.600654 29.743126 1264782026176 -1.0
62.600867 29.743249 1264782031176 -1.0
62.601073 29.743371 1264782036177 -1.0
62.601271 29.743566 1264782041176 -1.0
62.601479 29.743739 1264782046176 -1.0
62.601683 29.743813 1264782051177 -1.0
62.601878 29.743804 1264782056178 -1.0
62.602026 29.743898 1264782061175 -1.0
62.602174 29.743847 1264782066176 -1.0
62.602345 29.743855 1264782071177 -1.0
62.602523 29.743996 1264782076177 -1.0
62.602667 29.744139 1264782081177 -1.0
62.602989 29.744431 1264782091178 -1.0
62.603123 29.744615 1264782096176 -1.0
62.603189 29.744718 1264782101175 -1.0
62.603199 29.744764 1264782106176 -1.0
62.603222 29.744763 1264782111177 -1.0
62.603259 29.744858 1264782116178 -1.0
62.603377 29.745093 1264782121176 -1.0
62.603533 29.745338 1264782126177 -1.0
62.603742 29.745549 1264782131176 -1.0
62.60393 29.745771 1264782136176 -1.0
62.604124 29.745975 1264782141177 -1.0
62.604346 29.746171 1264782146176 -1.0
62.604599 29.746421 1264782151176 -1.0
62.604673 29.746418 1264782156176 -1.0
62.60499 29.746777 1264782161176 -1.0
62.605257 29.746949 1264782166175 -1.0
62.605433 29.746932 1264782171175 -1.0
62.605574 29.746957 1264782176175 -1.0
62.60573 29.747424 1264782181176 -1.0
62.605863 29.7479 1264782186175 -1.0
62.605942 29.748239 1264782191174 -1.0
62.606049 29.748615 1264782196176 -1.0
62.60614 29.748922 1264782201176 -1.0
62.60622 29.749193 1264782206177 -1.0
62.606375 29.748989 1264782211176 -1.0
62.606612 29.748803 1264782216176 -1.0
62.60681 29.748544 1264782221176 -1.0
62.607055 29.748286 1264782226175 -1.0
62.60729 29.748008 1264782231175 -1.0
62.60751 29.747667 1264782236176 -1.0
62.607733 29.747423 1264782241176 -1.0
62.607989 29.747125 1264782246176 -1.0
62.608233 29.746874 1264782251176 -1.0
62.608445 29.746655 1264782256176 -1.0
62.608681 29.746379 1264782261177 -1.0
62.608874 29.746129 1264782266177 -1.0
62.609075 29.746014 1264782271175 -1.0
62.609216 29.745714 1264782276176 -1.0
62.609391 29.745502 1264782281176 -1.0
62.609565 29.745286 1264782286176 -1.0
62.609725 29.74501 1264782291175 -1.0
62.609888 29.744781 1264782296176 -1.0
62.610081 29.744631 1264782301175 -1.0
62.610233 29.744328 1264782306177 -1.0
62.610428 29.744063 1264782311176 -1.0
62.610609 29.743852 1264782316176 -1.0
62.610803 29.743757 1264782321176 -1.0
62.61097 29.743626 1264782326175 -1.0
62.611161 29.743448 1264782331177 -1.0
62.611372 29.74323 1264782336175 -1.0
62.611612 29.743054 1264782341175 -1.0
62.611815 29.742828 1264782346175 -1.0
62.61203 29.742592 1264782351176 -1.0
62.61221 29.742305 1264782356175 -1.0
62.612443 29.742161 1264782361176 -1.0
62.612584 29.741918 1264782366177 -1.0
62.612732 29.741675 1264782371175 -1.0
62.612923 29.741481 1264782376175 -1.0
62.613218 29.741143 1264782386177 -1.0
62.613371 29.741076 1264782391176 -1.0
62.613529 29.740771 1264782396176 -1.0
62.613702 29.740409 1264782401176 -1.0
62.613847 29.740039 1264782406176 -1.0
62.613981 29.739763 1264782411176 -1.0
62.614136 29.739559 1264782416177 -1.0
62.614209 29.739742 1264782421175 -1.0
62.614265 29.740145 1264782426178 -1.0
62.614508 29.740847 1264782436176 -1.0
62.61463 29.741171 1264782441176 -1.0
62.614757 29.741429 1264782446175 -1.0
62.614853 29.74167 1264782451177 -1.0
62.614841 29.741896 1264782456176 -1.0
62.614826 29.742169 1264782461177 -1.0
62.614833 29.742479 1264782466178 -1.0
62.614802 29.742637 1264782471176 -1.0
62.614793 29.742677 1264782476179 -1.0
62.614789 29.742667 1264782481176 -1.0
62.614791 29.742632 1264782486239 -1.0
62.614798 29.74264 1264782491174 -1.0
62.614783 29.742636 1264782496173 -1.0
62.61478 29.74268 1264782501185 -1.0
62.614791 29.742698 1264782506173 -1.0
62.614822 29.742637 1264782511172 -1.0
62.614809 29.742607 1264782516194 -1.0