62.615055 29.743324 1266072358300 -1.0
62.615039 29.743323 1266072363302 -1.0
62.615032 29.743319 1266072368301 -1.0
62.615065 29.743191 1266072373301 -1.0
62.615193 29.743139 1266072378301 -1.0
62.61532 29.742978 1266072383301 -1.0
62.61531 29.742655 1266072388302 -1.0
62.615263 29.742211 1266072393301 -1.0
62.615166 29.74178 1266072398301 -1.0
62.61502 29.741421 1266072403301 -1.0
62.61485 29.741103 1266072408302 -1.0
62.614726 29.740726 1266072413301 -1.0
62.614557 29.740351 1266072418301 -1.0
62.614411 29.740019 1266072423301 -1.0
62.614279 29.73963 1266072428302 -1.0
62.614151 29.739441 1266072433301 -1.0
62.614076 29.739321 1266072438302 -1.0
62.613976 29.73917 1266072443300 -1.0
62.613934 29.738788 1266072449067 -1.0
62.61383 29.738464 1266072453316 -1.0
62.613674 29.737989 1266072458318 -1.0
62.613589 29.737735 1266072463305 -1.0
62.613415 29.737129 1266072468302 -1.0
62.613272 29.736762 1266072473302 -1.0
62.61313 29.73628 1266072478301 -1.0
62.612974 29.735918 1266072483301 -1.0
62.612814 29.735537 1266072488328 -1.0
62.612655 29.735196 1266072493301 -1.0
62.612524 29.734862 1266072498302 -1.0
62.612416 29.734618 1266072503302 -1.0
62.612267 29.734516 1266072508302 -1.0
62.612174 29.73414 1266072513302 -1.0
62.61204 29.733751 1266072518302 -1.0
62.611876 29.733415 1266072523301 -1.0
62.611722 29.733055 1266072528301 -1.0
62.611546 29.732763 1266072533302 -1.0
62.611417 29.732304 1266072538302 -1.0
62.611281 29.731918 1266072543302 -1.0
62.611153 29.731579 1266072548301 -1.0
62.611001 29.731267 1266072553302 -1.0
62.61085 29.730956 1266072558302 -1.0
62.610669 29.730694 1266072563301 -1.0
62.610538 29.730258 1266072568301 -1.0
62.610359 29.730025 1266072573302 -1.0
62.610164 29.729755 1266072578300 -1.0
62.609996 29.729446 1266072583301 -1.0
62.609865 29.729163 1266072588300 -1.0
62.609737 29.728875 1266072593301 -1.0
62.609576 29.728507 1266072598301 -1.0
62.609415 29.728165 1266072603304 -1.0
62.609242 29.727935 1266072608300 -1.0
62.609106 29.727659 1266072613301 -1.0
62.608945 29.727455 1266072618301 -1.0
62.608812 29.727209 1266072623301 -1.0
62.608647 29.727007 1266072628300 -1.0
62.608465 29.726833 1266072633301 -1.0
62.608266 29.726626 1266072638302 -1.0
62.60808 29.726441 1266072643301 -1.0
62.607914 29.726219 1266072648302 -1.0
62.607714 29.726016 1266072653301 -1.0
62.6075 29.725831 1266072658302 -1.0
62.60729 29.725662 1266072663300 -1.0
62.607096 29.725522 1266072668302 -1.0
62.60693 29.725375 1266072673301 -1.0
62.606676 29.725313 1266072678301 -1.0
62.606489 29.725203 1266072683301 -1.0
62.606296 29.725036 1266072688300 -1.0
62.606118 29.724878 1266072693302 -1.0
62.60592 29.724833 1266072698302 -1.0
62.605743 29.724737 1266072703302 -1.0
62.605549 29.72459 1266072708302 -1.0
62.605347 29.724563 1266072713302 -1.0
62.605131 29.7245 1266072718301 -1.0
62.604937 29.72443 1266072723302 -1.0
62.604744 29.724389 1266072728302 -1.0
62.604546 29.72439 1266072733302 -1.0
62.60435 29.724416 1266072738302 -1.0
62.604155 29.724437 1266072743302 -1.0
62.603955 29.724463 1266072748302 -1.0
62.603757 29.724514 1266072753302 -1.0
62.603552 29.724608 1266072758301 -1.0
62.603348 29.724674 1266072763301 -1.0
62.603167 29.724733 1266072768302 -1.0
62.603046 29.724785 1266072773302 -1.0
62.602892 29.72481 1266072778302 -1.0
62.602722 29.724878 1266072783301 -1.0
62.602525 29.724868 1266072788301 -1.0
62.602305 29.724969 1266072793302 -1.0
62.602068 29.725045 1266072798301 -1.0
62.601858 29.725164 1266072803302 -1.0
62.601636 29.725322 1266072808302 -1.0
62.601393 29.725536 1266072813302 -1.0
62.60116 29.725739 1266072818302 -1.0
62.600962 29.72594 1266072823301 -1.0
62.600794 29.7262 1266072828302 -1.0
62.600721 29.726592 1266072833302 -1.0
62.600699 29.727081 1266072838302 -1.0
62.600705 29.727597 1266072843302 -1.0
62.60072 29.728107 1266072848302 -1.0
62.600738 29.728615 1266072853302 -1.0
62.600745 29.729064 1266072858301 -1.0
62.600757 29.729583 1266072863301 -1.0
62.600746 29.730078 1266072868301 -1.0
62.600698 29.730566 1266072873301 -1.0
62.600625 29.731058 1266072878302 -1.0
62.600564 29.731552 1266072883300 -1.0
62.600514 29.732009 1266072888301 -1.0
62.600443 29.732439 1266072893301 -1.0
62.600351 29.732824 1266072898301 -1.0
62.600272 29.733222 1266072903301 -1.0
62.600219 29.733683 1266072908301 -1.0
62.600154 29.734107 1266072913301 -1.0
62.600048 29.734528 1266072918300 -1.0
62.599932 29.734843 1266072923300 -1.0
62.599923 29.735107 1266072928301 -1.0
62.599995 29.735341 1266072933301 -1.0
62.599923 29.73548 1266072938301 -1.0
62.599844 29.735582 1266072943301 -1.0
62.599826 29.735546 1266072948298 -1.0
62.599823 29.735549 1266072953298 -1.0
62.599827 29.735556 1266072958299 -1.0
62.599829 29.735617 1266072963298 -1.0
62.599815 29.735641 1266072968298 -1.0
62.599793 29.735599 1266072973298 -1.0
62.599764 29.735633 1266072978298 -1.0
62.599731 29.735596 1266072983298 -1.0