62.614137 29.827249 1267299616780 -1.0
62.614042 29.827672 1267299636767 -1.0
62.614087 29.827753 1267299643277 -1.0
62.614077 29.827733 1267299646769 -1.0
62.614054 29.827643 1267299651769 -1.0
62.61408 29.827633 1267299656777 -1.0
62.614089 29.82763 1267299661770 -1.0
62.614083 29.827611 1267299666771 -1.0
62.614077 29.827592 1267299671770 -1.0
62.614157 29.827666 1267299676771 -1.0
62.61414 29.827624 1267299681770 -1.0
62.614158 29.827536 1267299686772 -1.0
62.614183 29.827499 1267299691775 -1.0
62.6142 29.827473 1267299696771 -1.0
62.614265 29.827525 1267299701779 -1.0
62.614286 29.827522 1267299706770 -1.0
62.614352 29.827439 1267299711786 -1.0
62.614465 29.827409 1267299716770 -1.0
62.614675 29.827428 1267299721770 -1.0
62.614866 29.82736 1267299726770 -1.0
62.614939 29.827376 1267299731770 -1.0
62.615083 29.827094 1267299736769 -1.0
62.61519 29.826682 1267299741770 -1.0
62.615191 29.825882 1267299746770 -1.0
62.615173 29.825411 1267299751770 -1.0
62.615173 29.825172 1267299756770 -1.0
62.615116 29.82424 1267299761771 -1.0
62.614973 29.823695 1267299766770 -1.0
62.614794 29.823156 1267299771770 -1.0
62.61476 29.82228 1267299776769 -1.0
62.614687 29.821975 1267299781771 -1.0
62.614635 29.821856 1267299786779 -1.0
62.61454 29.821485 1267299791772 -1.0
62.614587 29.821145 1267299796779 -1.0
62.614556 29.820961 1267299801771 -1.0
62.614535 29.820706 1267299806789 -1.0
62.614579 29.820149 1267299811770 -1.0
62.614581 29.81985 1267299816788 -1.0
62.614607 29.818812 1267299821770 -1.0
62.614145 29.8181 1267299826769 -1.0
62.613737 29.817862 1267299831770 -1.0
62.613672 29.817679 1267299836771 -1.0
62.613667 29.817159 1267299841769 -1.0
62.613686 29.816177 1267299846770 -1.0
62.613673 29.815973 1267299851771 -1.0
62.61362 29.815698 1267299856770 -1.0
62.613517 29.814938 1267299861770 -1.0
62.61321 29.814436 1267299866771 -1.0
62.613163 29.813774 1267299871770 -1.0
62.61321 29.813634 1267299876769 -1.0
62.613629 29.81359 1267299881772 -1.0
62.613792 29.813626 1267299886771 -1.0
62.613877 29.813683 1267299891774 -1.0
62.613929 29.813713 1267299896770 -1.0
62.614125 29.813657 1267299901780 -1.0
62.614416 29.812907 1267299911786 -1.0
62.614687 29.812651 1267299916771 -1.0
62.614818 29.811859 1267299921770 -1.0
62.614736 29.81116 1267299926770 -1.0
62.614697 29.810026 1267299936771 -1.0
62.614592 29.809671 1267299941771 -1.0
62.614068 29.807373 1267299961770 -1.0
62.614063 29.806365 1267299966770 -1.0
62.613884 29.80602 1267299971771 -1.0
62.613892 29.805756 1267299976773 -1.0
62.613812 29.805355 1267299981770 -1.0
62.613681 29.805113 1267299986769 -1.0
62.613516 29.804453 1267299991770 -1.0
62.613761 29.803055 1267300006770 -1.0
62.613749 29.80281 1267300011772 -1.0
62.613811 29.802694 1267300016769 -1.0
62.613731 29.802221 1267300021775 -1.0
62.613678 29.801549 1267300026771 -1.0
62.613487 29.801027 1267300031788 -1.0
62.61321 29.80049 1267300036770 -1.0
62.613111 29.800167 1267300041788 -1.0
62.612852 29.798764 1267300051771 -1.0
62.612644 29.798536 1267300056770 -1.0
62.612472 29.798426 1267300061769 -1.0
62.612425 29.798375 1267300066773 -1.0
62.612334 29.798217 1267300071770 -1.0
62.612255 29.797819 1267300076832 -1.0
62.612257 29.79766 1267300081771 -1.0
62.612151 29.79747 1267300086770 -1.0
62.611728 29.797139 1267300091770 -1.0
62.611599 29.796901 1267300096771 -1.0
62.611518 29.796281 1267300101772 -1.0
62.611415 29.795803 1267300106771 -1.0
62.611326 29.795455 1267300111771 -1.0
62.611123 29.794815 1267300116776 -1.0
62.611035 29.794451 1267300121770 -1.0
62.610932 29.793868 1267300126783 -1.0
62.610841 29.793317 1267300131770 -1.0
62.61075 29.792847 1267300136787 -1.0
62.610715 29.792472 1267300141772 -1.0
62.610645 29.79228 1267300146770 -1.0
62.610619 29.791835 1267300151770 -1.0
62.610602 29.791375 1267300156770 -1.0
62.610569 29.790806 1267300161770 -1.0
62.610555 29.790059 1267300166771 -1.0
62.610547 29.789686 1267300171770 -1.0
62.61038 29.789105 1267300176770 -1.0
62.610186 29.788531 1267300181771 -1.0
62.610019 29.787602 1267300186770 -1.0
62.609908 29.787123 1267300191770 -1.0
62.609738 29.786708 1267300196770 -1.0
62.60943 29.786398 1267300201770 -1.0
62.609319 29.786018 1267300206770 -1.0
62.60912 29.78574 1267300211775 -1.0
62.609086 29.785611 1267300216769 -1.0
62.60908 29.785244 1267300221788 -1.0
62.609096 29.784983 1267300226767 -1.0
62.608574 29.783796 1267300231780 -1.0
62.608416 29.783647 1267300237059 -1.0
62.608343 29.78357 1267300241766 -1.0
62.608249 29.783308 1267300246785 -1.0
62.608162 29.782939 1267300251768 -1.0
62.608101 29.782508 1267300256768 -1.0
62.608043 29.781971 1267300261768 -1.0
62.608024 29.781561 1267300266769 -1.0
62.607938 29.780872 1267300271768 -1.0
62.60785 29.779915 1267300276770 -1.0
62.60778 29.779598 1267300281766 -1.0
62.607794 29.779341 1267300286768 -1.0
62.607901 29.779079 1267300291768 -1.0
62.607858 29.778296 1267300296768 -1.0
62.607862 29.777994 1267300301768 -1.0
62.607783 29.77741 1267300306767 -1.0
62.607797 29.776687 1267300311768 -1.0
62.607815 29.776217 1267300316767 -1.0
62.607795 29.775702 1267300321768 -1.0
62.607777 29.775076 1267300326767 -1.0
62.607734 29.774693 1267300331772 -1.0
62.607757 29.774367 1267300336770 -1.0
62.607823 29.774025 1267300341775 -1.0
62.607811 29.773913 1267300346767 -1.0
62.607956 29.773698 1267300351782 -1.0
62.60791 29.772396 1267300356769 -1.0
62.607745 29.771704 1267300361767 -1.0
62.607712 29.771328 1267300366767 -1.0
62.607598 29.770897 1267300371767 -1.0
62.607563 29.770157 1267300376767 -1.0
62.607446 29.769627 1267300381766 -1.0
62.607455 29.76939 1267300386766 -1.0
62.607288 29.769137 1267300391767 -1.0
62.607171 29.768948 1267300396770 -1.0
62.606962 29.768722 1267300401768 -1.0
62.606749 29.768439 1267300406767 -1.0
62.606637 29.768323 1267300411767 -1.0
62.606414 29.7682 1267300416767 -1.0
62.606275 29.768148 1267300421768 -1.0
62.606217 29.768091 1267300426766 -1.0
62.606006 29.767922 1267300431766 -1.0
62.605585 29.767568 1267300441766 -1.0
62.605205 29.767262 1267300446779 -1.0
62.605028 29.767076 1267300451766 -1.0
62.604847 29.766889 1267300456786 -1.0
62.604562 29.76674 1267300461766 -1.0
62.604487 29.766875 1267300466768 -1.0
62.604454 29.766852 1267300471768 -1.0
62.604427 29.766743 1267300476767 -1.0
62.604356 29.766667 1267300481767 -1.0
62.604283 29.766401 1267300486768 -1.0
62.603973 29.76548 1267300491768 -1.0
62.603789 29.764934 1267300496768 -1.0
62.604017 29.764496 1267300501767 -1.0
62.604053 29.764386 1267300506768 -1.0
62.604057 29.764113 1267300511767 -1.0
62.604042 29.764031 1267300516770 -1.0
62.603996 29.763945 1267300521766 -1.0
62.603859 29.763922 1267300526767 -1.0
62.603747 29.763908 1267300531768 -1.0
62.603718 29.763836 1267300536767 -1.0
62.603662 29.763774 1267300541778 -1.0
62.60362 29.763694 1267300546767 -1.0
62.603552 29.763631 1267300551775 -1.0
62.603427 29.763583 1267300556767 -1.0
62.60324 29.763501 1267300561781 -1.0
62.603026 29.763142 1267300566767 -1.0
62.602798 29.76312 1267300571788 -1.0
62.602437 29.762948 1267300576771 -1.0
62.602369 29.762839 1267300581766 -1.0
62.602301 29.76258 1267300586767 -1.0
62.602279 29.761644 1267300591767 -1.0
62.602203 29.761214 1267300596767 -1.0
62.602133 29.761066 1267300601772 -1.0
62.601844 29.759852 1267300606796 -1.0