62.605389 29.749237 1268142643410 -1.0
62.605541 29.748938 1268142651409 -1.0
62.605736 29.748739 1268142659408 -1.0
62.605858 29.748362 1268142667405 -1.0
62.605789 29.748024 1268142675414 -1.0
62.60553 29.747471 1268142683405 -1.0
62.605335 29.74711 1268142691410 -1.0
62.605118 29.746836 1268142699398 -1.0
62.604588 29.746704 1268142707418 -1.0
62.604134 29.746576 1268142715397 -1.0
62.60392 29.746084 1268142723401 -1.0
62.603558 29.745596 1268142731406 -1.0
62.603394 29.745304 1268142739398 -1.0
62.603348 29.745111 1268142747395 -1.0
62.603348 29.7449 1268142755399 -1.0
62.603184 29.744457 1268142763394 -1.0
62.602928 29.744093 1268142771395 -1.0
62.602665 29.743687 1268142779392 -1.0
62.602222 29.743668 1268142787393 -1.0
62.601818 29.743702 1268142795391 -1.0
62.601376 29.743513 1268142803386 -1.0
62.600998 29.74328 1268142811390 -1.0
62.600639 29.743069 1268142819375 -1.0
62.60043 29.743311 1268142827400 -1.0
62.600243 29.744154 1268142835380 -1.0
62.599987 29.743279 1268142843379 -1.0
62.599606 29.742741 1268142851380 -1.0
62.599438 29.742577 1268142859379 -1.0
62.59935 29.742504 1268142867379 -1.0
62.599251 29.742456 1268142875375 -1.0
62.599186 29.74225 1268142883366 -1.0
62.599167 29.742037 1268142891375 -1.0
62.59901 29.742607 1268142899374 -1.0
62.598904 29.742922 1268142907370 -1.0
62.598877 29.743088 1268142915364 -1.0
62.598633 29.74345 1268142923364 -1.0
62.598518 29.743294 1268142931373 -1.0
62.598549 29.743576 1268142939359 -1.0
62.598579 29.743593 1268142947374 -1.0
62.598629 29.743666 1268142955354 -1.0
62.59861 29.7437 1268142963360 -1.0