62.612026 29.772213 1268210358720 -1.0
62.611488 29.771795 1268210367721 -1.0
62.612103 29.772581 1268210391712 -1.0
62.612171 29.772461 1268210399712 -1.0
62.611912 29.771744 1268210407708 -1.0
62.611996 29.771942 1268210415700 -1.0
62.611954 29.771776 1268210423698 -1.0
62.612087 29.772219 1268210431695 -1.0
62.612034 29.772264 1268210439697 -1.0
62.612011 29.772104 1268210447697 -1.0
62.612007 29.772055 1268210455694 -1.0
62.612011 29.772106 1268210463691 -1.0
62.612026 29.77216 1268210471689 -1.0
62.612015 29.772261 1268210479692 -1.0
62.61203 29.772287 1268210487674 -1.0
62.612076 29.772274 1268210503685 -1.0
62.612095 29.772398 1268210511700 -1.0
62.612164 29.772566 1268210519681 -1.0
62.612232 29.7728 1268210527672 -1.0
62.612217 29.772999 1268210535672 -1.0
62.612209 29.772917 1268210543679 -1.0
62.612114 29.772758 1268210551673 -1.0
62.612083 29.772451 1268210559667 -1.0
62.612064 29.772484 1268210567664 -1.0
62.61203 29.772585 1268210575663 -1.0
62.61208 29.772631 1268210583666 -1.0
62.612125 29.772711 1268210591663 -1.0
62.612137 29.772659 1268210607656 -1.0
62.61216 29.772635 1268210615655 -1.0
62.61195 29.772343 1268210655634 -1.0
62.612003 29.772465 1268210663634 -1.0
62.612114 29.772598 1268210671639 -1.0
62.612144 29.772812 1268210679631 -1.0
62.612228 29.772905 1268210703632 -1.0
62.611645 29.772404 1268210719651 -1.0
62.612186 29.77265 1268210727622 -1.0
62.611984 29.772079 1268210751637 -1.0
62.612072 29.771723 1268210759639 -1.0
62.612408 29.773136 1268210799616 -1.0
62.612282 29.772945 1268210807610 -1.0
62.612194 29.772795 1268210815611 -1.0
62.612015 29.77294 1268210831604 -1.0
62.611881 29.772184 1268210855598 -1.0
62.611889 29.772123 1268210863610 -1.0
62.612099 29.772892 1268210879586 -1.0
62.612045 29.772507 1268210895583 -1.0
62.611721 29.771694 1268210903620 -1.0