62.614681 29.827909 1273881553896 -1.0
62.614712 29.827995 1273881561851 -1.0
62.614738 29.828079 1273881569867 -1.0
62.614777 29.828096 1273881577861 -1.0
62.614975 29.827925 1273881585873 -1.0
62.614994 29.827854 1273881593886 -1.0
62.615051 29.827618 1273881602648 -1.0
62.615177 29.827322 1273881610649 -1.0
62.615242 29.827007 1273881618648 -1.0
62.615482 29.826269 1273881626637 -1.0
62.614906 29.823114 1273881642648 -1.0
62.614666 29.822298 1273881650635 -1.0
62.614353 29.821394 1273881658637 -1.0
62.614059 29.820827 1273881666630 -1.0
62.614014 29.819782 1273881674630 -1.0
62.613834 29.819115 1273881682623 -1.0
62.613674 29.818428 1273881690626 -1.0
62.613777 29.817284 1273881698626 -1.0
62.613857 29.816599 1273881706648 -1.0
62.613869 29.815641 1273881714613 -1.0
62.614025 29.815294 1273881722615 -1.0
62.61412 29.815022 1273881730624 -1.0
62.614193 29.814928 1273881738613 -1.0
62.614086 29.814339 1273881746617 -1.0
62.614071 29.81411 1273881754603 -1.0
62.614342 29.813742 1273881762602 -1.0
62.614532 29.813465 1273881770601 -1.0
62.614655 29.813049 1273881778599 -1.0
62.614677 29.812675 1273881786597 -1.0
62.614635 29.81208 1273881794592 -1.0
62.614353 29.810778 1273881802589 -1.0
62.614193 29.809101 1273881810586 -1.0
62.614155 29.80789 1273881818589 -1.0
62.614017 29.806934 1273881826593 -1.0
62.614002 29.805416 1273881834600 -1.0
62.614021 29.804398 1273881842577 -1.0
62.613777 29.803179 1273881850584 -1.0
62.613804 29.802336 1273881858570 -1.0
62.613617 29.80147 1273881866573 -1.0
62.613285 29.800249 1273881874577 -1.0
62.612831 29.799454 1273881882565 -1.0
62.612526 29.798386 1273881890561 -1.0
62.612076 29.797167 1273881898560 -1.0
62.611794 29.796337 1273881906571 -1.0
62.611439 29.795481 1273881914561 -1.0
62.611126 29.794792 1273881922561 -1.0
62.610962 29.794085 1273881930545 -1.0
62.610889 29.792824 1273881938549 -1.0
62.610935 29.792236 1273881946555 -1.0
62.611065 29.791878 1273881954537 -1.0
62.611309 29.791658 1273881962535 -1.0
62.611446 29.790874 1273881970537 -1.0
62.61158 29.790125 1273881978533 -1.0
62.611752 29.789509 1273881986533 -1.0
62.612122 29.789009 1273881994530 -1.0
62.612255 29.788305 1273882002524 -1.0
62.612457 29.787439 1273882010517 -1.0
62.612568 29.786909 1273882018515 -1.0
62.613396 29.782511 1273882034508 -1.0
62.613552 29.782473 1273882042513 -1.0
62.615192 29.778679 1273882082501 -1.0
62.615349 29.778254 1273882090500 -1.0
62.615414 29.777424 1273882098503 -1.0
62.615799 29.776617 1273882106492 -1.0
62.616211 29.776028 1273882114429 -1.0
62.616405 29.775774 1273882122430 -1.0
62.616516 29.775835 1273882130440 -1.0
62.6166 29.775734 1273882138429 -1.0
62.61673 29.775747 1273882146427 -1.0
62.616844 29.775635 1273882154425 -1.0
62.616962 29.775555 1273882162418 -1.0
62.618164 29.771887 1273882178414 -1.0
62.618675 29.772175 1273882186427 -1.0
62.618813 29.771933 1273882194411 -1.0
62.619141 29.771704 1273882202406 -1.0
62.619328 29.770771 1273882210397 -1.0
62.619217 29.769794 1273882218400 -1.0
62.619129 29.769239 1273882226394 -1.0
62.61919 29.767984 1273882234410 -1.0
62.618919 29.767107 1273882242396 -1.0
62.618599 29.766445 1273882250404 -1.0
62.618465 29.765654 1273882258396 -1.0
62.618347 29.764198 1273882266393 -1.0
62.618191 29.763327 1273882274383 -1.0
62.618114 29.762497 1273882282381 -1.0
62.618492 29.761663 1273882290377 -1.0
62.61853 29.761244 1273882298375 -1.0
62.618351 29.760155 1273882306388 -1.0
62.618469 29.759613 1273882314376 -1.0
62.618641 29.758568 1273882322365 -1.0
62.618965 29.757576 1273882330367 -1.0
62.618633 29.756399 1273882338379 -1.0
62.618393 29.755722 1273882346362 -1.0
62.618408 29.755615 1273882354371 -1.0
62.618389 29.754814 1273882362363 -1.0
62.618656 29.753706 1273882370358 -1.0
62.618786 29.753466 1273882378351 -1.0
62.61861 29.753399 1273882386353 -1.0
62.618122 29.751841 1273882394345 -1.0
62.617802 29.751389 1273882402342 -1.0
62.617435 29.750854 1273882410336 -1.0
62.617138 29.750786 1273882418336 -1.0
62.617054 29.751064 1273882426366 -1.0
62.616985 29.751163 1273882434376 -1.0
62.61681 29.751015 1273882442337 -1.0
62.616764 29.750841 1273882450333 -1.0
62.616493 29.750053 1273882458329 -1.0
62.616364 29.748762 1273882466322 -1.0
62.616261 29.74831 1273882474321 -1.0
62.616257 29.74773 1273882482315 -1.0
62.615471 29.743355 1273882506321 -1.0
62.615322 29.743553 1273882514304 -1.0
62.615112 29.743717 1273882522304 -1.0