62.615417 29.826918 1274740441499 -1.0
62.615505 29.827103 1274740449472 -1.0
62.615364 29.82659 1274740475515 -1.0
62.61528 29.826162 1274740483511 -1.0
62.61536 29.825504 1274740491563 -1.0
62.615013 29.825026 1274740499508 -1.0
62.61491 29.824249 1274740507506 -1.0
62.614746 29.822525 1274740515516 -1.0
62.61454 29.821417 1274740523501 -1.0
62.614346 29.819841 1274740531504 -1.0
62.613964 29.818949 1274740539499 -1.0
62.613796 29.818087 1274740547510 -1.0
62.614075 29.817257 1274740555500 -1.0
62.61454 29.816986 1274740563498 -1.0
62.614887 29.816437 1274740571496 -1.0
62.61528 29.816074 1274740579512 -1.0
62.615517 29.815943 1274740587501 -1.0
62.615158 29.815161 1274740595486 -1.0
62.614853 29.814451 1274740603487 -1.0
62.614498 29.813589 1274740611480 -1.0
62.614426 29.81241 1274740619474 -1.0
62.614113 29.811693 1274740627467 -1.0
62.613705 29.810707 1274740635469 -1.0
62.613811 29.809366 1274740643471 -1.0
62.613785 29.808189 1274740651463 -1.0
62.613815 29.806919 1274740659464 -1.0
62.613819 29.805573 1274740667476 -1.0
62.613506 29.804556 1274740675457 -1.0
62.61338 29.803576 1274740683458 -1.0
62.613297 29.802425 1274740691467 -1.0
62.61306 29.801123 1274740699450 -1.0
62.613056 29.800163 1274740707454 -1.0
62.612926 29.79932 1274740715446 -1.0
62.612694 29.798561 1274740723443 -1.0
62.612446 29.7978 1274740731441 -1.0
62.612049 29.797064 1274740739436 -1.0
62.611637 29.796515 1274740747433 -1.0
62.61137 29.795816 1274740755424 -1.0
62.611629 29.794949 1274740763441 -1.0
62.611961 29.794392 1274740771431 -1.0
62.612286 29.793865 1274740779426 -1.0
62.612492 29.793146 1274740787438 -1.0
62.612736 29.792397 1274740795436 -1.0
62.612946 29.791761 1274740803421 -1.0
62.613064 29.791214 1274740811426 -1.0
62.613277 29.790466 1274740819421 -1.0
62.613491 29.789804 1274740827421 -1.0
62.613556 29.788898 1274740835411 -1.0
62.613621 29.787868 1274740843408 -1.0
62.613613 29.786909 1274740851405 -1.0
62.61364 29.786203 1274740859410 -1.0
62.613461 29.785675 1274740867399 -1.0
62.613541 29.785093 1274740875390 -1.0
62.613472 29.784376 1274740883391 -1.0
62.61377 29.78344 1274740891388 -1.0
62.614029 29.782427 1274740899410 -1.0
62.614235 29.781267 1274740907403 -1.0
62.614647 29.780014 1274740915391 -1.0
62.614948 29.77899 1274740923386 -1.0
62.615211 29.778019 1274740931386 -1.0
62.615425 29.777086 1274740939378 -1.0
62.615738 29.776186 1274740947376 -1.0
62.616104 29.775427 1274740955416 -1.0
62.616497 29.774874 1274740963380 -1.0
62.61702 29.775101 1274740971398 -1.0
62.617466 29.775425 1274740979370 -1.0
62.617798 29.774797 1274740987387 -1.0
62.618153 29.773619 1274740995365 -1.0
62.618309 29.772573 1274741003372 -1.0
62.618526 29.771696 1274741011357 -1.0
62.618816 29.770927 1274741019362 -1.0
62.619091 29.769917 1274741027366 -1.0
62.619175 29.768803 1274741035344 -1.0
62.619282 29.767929 1274741043351 -1.0
62.619305 29.767061 1274741051348 -1.0
62.618916 29.766376 1274741059351 -1.0
62.618652 29.765625 1274741067345 -1.0
62.618446 29.764793 1274741075341 -1.0
62.618214 29.763729 1274741083344 -1.0
62.618107 29.762663 1274741091352 -1.0
62.618053 29.761663 1274741099336 -1.0
62.61813 29.76071 1274741107336 -1.0
62.618191 29.759544 1274741115324 -1.0
62.61832 29.758423 1274741123326 -1.0
62.618412 29.757402 1274741131322 -1.0
62.618412 29.756517 1274741139323 -1.0
62.618317 29.755247 1274741147336 -1.0
62.618168 29.754349 1274741155322 -1.0
62.61837 29.753046 1274741163305 -1.0
62.618366 29.752148 1274741171314 -1.0
62.618332 29.751299 1274741179332 -1.0
62.618347 29.750713 1274741187309 -1.0
62.61824 29.750412 1274741195292 -1.0
62.617916 29.750048 1274741203289 -1.0
62.617622 29.749983 1274741211308 -1.0
62.617168 29.750792 1274741219295 -1.0
62.616356 29.751261 1274741227294 -1.0
62.616253 29.750998 1274741235284 -1.0
62.615959 29.750521 1274741243288 -1.0
62.615921 29.750107 1274741251280 -1.0
62.615532 29.748938 1274741259281 -1.0
62.615467 29.748289 1274741267303 -1.0
62.615284 29.747519 1274741275283 -1.0
62.615013 29.746841 1274741283279 -1.0
62.614956 29.746225 1274741291274 -1.0
62.614971 29.744535 1274741299270 -1.0
62.61512 29.743183 1274741307275 -1.0
62.615036 29.742825 1274741315269 -1.0
62.614899 29.742765 1274741323271 -1.0