62.61417 29.827412 1276294669207 -1.0
62.614281 29.827604 1276294677209 -1.0
62.614502 29.827463 1276294685218 -1.0
62.614742 29.827148 1276294693203 -1.0
62.615444 29.8274 1276294701213 -1.0
62.615383 29.826519 1276294709209 -1.0
62.615349 29.825266 1276294717207 -1.0
62.615242 29.82427 1276294725199 -1.0
62.615112 29.823343 1276294733201 -1.0
62.614883 29.822342 1276294741204 -1.0
62.614655 29.821424 1276294749201 -1.0
62.614422 29.820637 1276294757196 -1.0
62.614174 29.819744 1276294765201 -1.0
62.613979 29.818689 1276294773197 -1.0
62.614265 29.818342 1276294781200 -1.0
62.614323 29.817326 1276294789191 -1.0
62.614555 29.816563 1276294797184 -1.0
62.614819 29.816298 1276294805182 -1.0
62.615086 29.816019 1276294813185 -1.0
62.615372 29.815855 1276294821193 -1.0
62.615204 29.815229 1276294829181 -1.0
62.615112 29.814442 1276294837184 -1.0
62.614998 29.813612 1276294845188 -1.0
62.61475 29.812611 1276294853179 -1.0
62.61462 29.811478 1276294861178 -1.0
62.614536 29.810455 1276294869181 -1.0
62.614376 29.809416 1276294877176 -1.0
62.6143 29.808481 1276294885170 -1.0
62.614231 29.807566 1276294893178 -1.0
62.61417 29.806538 1276294901184 -1.0
62.614124 29.805506 1276294909171 -1.0
62.61409 29.804502 1276294917171 -1.0
62.613956 29.803495 1276294925159 -1.0
62.613789 29.802563 1276294933157 -1.0
62.613567 29.801527 1276294941166 -1.0
62.613308 29.800566 1276294949161 -1.0
62.612995 29.799582 1276294957164 -1.0
62.612785 29.798641 1276294965151 -1.0
62.612564 29.79775 1276294973158 -1.0
62.612175 29.797005 1276294981159 -1.0
62.611786 29.796347 1276294989159 -1.0
62.611534 29.795446 1276294997153 -1.0
62.611774 29.794775 1276295005144 -1.0
62.612095 29.794193 1276295013153 -1.0
62.612404 29.79385 1276295021166 -1.0
62.612591 29.793146 1276295029153 -1.0
62.61274 29.792545 1276295037144 -1.0
62.612869 29.791647 1276295045150 -1.0
62.613018 29.791117 1276295053140 -1.0
62.613297 29.79034 1276295061131 -1.0
62.613396 29.789461 1276295069141 -1.0
62.613579 29.788734 1276295077132 -1.0
62.613667 29.787998 1276295085147 -1.0
62.613632 29.787325 1276295093138 -1.0
62.613701 29.786514 1276295101133 -1.0
62.613678 29.785784 1276295109132 -1.0
62.613548 29.784893 1276295117137 -1.0
62.613457 29.783829 1276295125130 -1.0
62.613602 29.78285 1276295133126 -1.0
62.613926 29.781906 1276295141134 -1.0
62.614262 29.78093 1276295149121 -1.0
62.614468 29.780279 1276295157117 -1.0
62.614758 29.779486 1276295165117 -1.0
62.615055 29.778831 1276295173111 -1.0
62.615295 29.777622 1276295181119 -1.0
62.615593 29.776848 1276295189116 -1.0
62.615875 29.776045 1276295197105 -1.0
62.616104 29.775511 1276295205099 -1.0
62.616467 29.775053 1276295213102 -1.0
62.616795 29.774775 1276295221101 -1.0
62.617176 29.774637 1276295229109 -1.0
62.617367 29.774317 1276295237113 -1.0
62.61758 29.773827 1276295245110 -1.0
62.617893 29.773298 1276295253108 -1.0
62.618069 29.772598 1276295261117 -1.0
62.618374 29.771479 1276295269105 -1.0
62.618641 29.770853 1276295277100 -1.0
62.618916 29.770037 1276295285107 -1.0
62.619141 29.769316 1276295293096 -1.0
62.619213 29.768604 1276295301097 -1.0
62.619141 29.767769 1276295309103 -1.0
62.619038 29.766968 1276295317094 -1.0
62.618969 29.766495 1276295325097 -1.0
62.618874 29.765511 1276295333090 -1.0
62.618637 29.764601 1276295341088 -1.0
62.618343 29.763361 1276295349079 -1.0
62.618118 29.762123 1276295357089 -1.0
62.618305 29.760996 1276295365082 -1.0
62.618385 29.759861 1276295373086 -1.0
62.618378 29.758904 1276295381093 -1.0
62.618305 29.757698 1276295389081 -1.0
62.618385 29.75676 1276295397077 -1.0
62.618355 29.755751 1276295405076 -1.0
62.618309 29.754925 1276295413081 -1.0
62.618282 29.753775 1276295421080 -1.0
62.61829 29.752821 1276295429073 -1.0
62.61834 29.751822 1276295437063 -1.0
62.618382 29.751081 1276295445076 -1.0
62.618031 29.751266 1276295453060 -1.0
62.617771 29.751312 1276295461064 -1.0
62.617367 29.751305 1276295469074 -1.0
62.61684 29.751343 1276295477065 -1.0
62.61644 29.751369 1276295485067 -1.0
62.616104 29.751511 1276295493055 -1.0
62.615944 29.751352 1276295501074 -1.0
62.615601 29.75112 1276295509056 -1.0
62.615833 29.75004 1276295517059 -1.0
62.615749 29.749292 1276295525057 -1.0
62.615723 29.748442 1276295533055 -1.0
62.615681 29.747492 1276295541049 -1.0
62.61557 29.746553 1276295549052 -1.0
62.61554 29.745668 1276295557050 -1.0
62.615417 29.744806 1276295565052 -1.0
62.615303 29.74379 1276295573048 -1.0
62.615276 29.743174 1276295581049 -1.0
62.615032 29.743145 1276295589042 -1.0