47.681934 26.235046 1276786101822 -1.0
47.681568 26.235458 1276786109823 -1.0
47.679394 26.23728 1276786125811 -1.0
47.678715 26.237822 1276786133809 -1.0
47.678436 26.238136 1276786141816 -1.0
47.677467 26.23901 1276786149813 -1.0
47.676468 26.239706 1276786157813 -1.0
47.675411 26.240669 1276786165812 -1.0
47.674507 26.241468 1276786173812 -1.0
47.673168 26.242239 1276786181808 -1.0
47.672302 26.242561 1276786189813 -1.0
47.671501 26.24263 1276786197806 -1.0
47.670872 26.242826 1276786205807 -1.0
47.669987 26.242945 1276786213797 -1.0
47.669006 26.243473 1276786221797 -1.0
47.668175 26.244047 1276786229805 -1.0
47.667282 26.244511 1276786237801 -1.0
47.666634 26.244993 1276786245798 -1.0
47.666447 26.244921 1276786253793 -1.0
47.666172 26.245132 1276786261794 -1.0
47.665588 26.245457 1276786269791 -1.0
47.665028 26.245951 1276786277790 -1.0
47.66441 26.246597 1276786285784 -1.0
47.663937 26.246965 1276786293788 -1.0
47.663681 26.247265 1276786301783 -1.0
47.663517 26.247669 1276786309785 -1.0
47.663414 26.248159 1276786317779 -1.0
47.663197 26.248938 1276786325779 -1.0
47.662769 26.250202 1276786333775 -1.0
47.662632 26.251011 1276786341775 -1.0
47.662506 26.251478 1276786349771 -1.0
47.662514 26.252426 1276786357784 -1.0
47.662186 26.253773 1276786365777 -1.0
47.66209 26.254652 1276786373772 -1.0
47.661972 26.254988 1276786381769 -1.0
47.661709 26.256231 1276786389770 -1.0
47.654999 26.260374 1276786405766 -1.0
47.654346 26.260437 1276786413769 -1.0
47.653759 26.260235 1276786421766 -1.0
47.653053 26.260248 1276786429772 -1.0
47.652199 26.260206 1276786437757 -1.0
47.651344 26.260395 1276786445767 -1.0
47.650639 26.260834 1276786453758 -1.0
47.649452 26.262136 1276786461756 -1.0
47.648567 26.263067 1276786469753 -1.0
47.647873 26.263668 1276786477751 -1.0
47.647358 26.263739 1276786485751 -1.0
47.647102 26.263897 1276786493745 -1.0
47.646828 26.263763 1276786501740 -1.0
47.646286 26.263493 1276786509745 -1.0
47.646091 26.263054 1276786517752 -1.0
47.645477 26.26231 1276786525747 -1.0
47.645035 26.261515 1276786533773 -1.0
47.644184 26.261297 1276786541751 -1.0
47.643543 26.260466 1276786549769 -1.0
47.642933 26.260063 1276786557742 -1.0
47.642433 26.259787 1276786565741 -1.0
47.641972 26.259661 1276786573738 -1.0
47.641663 26.259346 1276786581733 -1.0
47.641613 26.258924 1276786589738 -1.0
47.641605 26.258202 1276786597729 -1.0
47.641193 26.257454 1276786605732 -1.0
47.640984 26.256935 1276786613738 -1.0
47.640835 26.256691 1276786621742 -1.0
47.64101 26.256184 1276786629730 -1.0