47.654293 25.990778 1278611606087 -1.0
47.654324 25.99071 1278611611069 -1.0
47.654348 25.990717 1278611616069 -1.0
47.654341 25.990725 1278611621067 -1.0
47.654315 25.990767 1278611626067 -1.0
47.654293 25.990789 1278611631069 -1.0
47.654244 25.990802 1278611636067 -1.0
47.654297 25.990686 1278611641068 -1.0
47.654287 25.990651 1278611646069 -1.0
47.654261 25.990656 1278611651068 -1.0
47.654184 25.990606 1278611656067 -1.0
47.654059 25.990529 1278611661111 -1.0
47.654069 25.990304 1278611666068 -1.0
47.654032 25.990077 1278611671069 -1.0
47.654068 25.989978 1278611676070 -1.0
47.65401 25.989984 1278611681068 -1.0
47.653988 25.989972 1278611686068 -1.0
47.654072 25.98988 1278611691072 -1.0
47.65425 25.989541 1278611696071 -1.0
47.654342 25.989203 1278611701068 -1.0
47.65434 25.98895 1278611706069 -1.0
47.654381 25.988747 1278611711070 -1.0
47.654525 25.988443 1278611716069 -1.0
47.654583 25.988176 1278611721069 -1.0
47.65456 25.98789 1278611726071 -1.0
47.654609 25.98771 1278611731068 -1.0
47.654584 25.987502 1278611736068 -1.0
47.654551 25.987282 1278611741068 -1.0
47.654509 25.987066 1278611746068 -1.0
47.654517 25.986873 1278611751071 -1.0
47.65465 25.986806 1278611756069 -1.0
47.654818 25.986834 1278611761068 -1.0
47.654975 25.986879 1278611766068 -1.0
47.655128 25.986903 1278611771069 -1.0
47.655276 25.986959 1278611776070 -1.0
47.655412 25.98702 1278611781069 -1.0
47.655546 25.987084 1278611786069 -1.0
47.655689 25.987127 1278611791068 -1.0
47.655854 25.987189 1278611796069 -1.0
47.656019 25.987233 1278611801069 -1.0
47.656195 25.987246 1278611806070 -1.0
47.656346 25.987263 1278611811069 -1.0
47.656526 25.987271 1278611816070 -1.0
47.656704 25.98724 1278611821068 -1.0
47.656909 25.987231 1278611826070 -1.0
47.657126 25.987242 1278611831069 -1.0
47.657296 25.987094 1278611836070 -1.0
47.657514 25.987135 1278611841068 -1.0
47.657695 25.987262 1278611846069 -1.0
47.657882 25.987434 1278611851068 -1.0
47.658055 25.987637 1278611856069 -1.0
47.658233 25.987867 1278611861069 -1.0
47.658403 25.988107 1278611866067 -1.0
47.658535 25.988424 1278611871070 -1.0
47.658637 25.98879 1278611876069 -1.0
47.658724 25.989231 1278611881067 -1.0
47.658841 25.989675 1278611886070 -1.0
47.658946 25.990094 1278611891068 -1.0
47.659084 25.99049 1278611896068 -1.0
47.659192 25.990818 1278611901068 -1.0
47.659313 25.991134 1278611906070 -1.0
47.659446 25.991524 1278611911068 -1.0
47.659583 25.9919 1278611916072 -1.0
47.659751 25.992263 1278611921069 -1.0
47.65987 25.992566 1278611926067 -1.0
47.659967 25.992936 1278611931097 -1.0
47.660043 25.993235 1278611936068 -1.0
47.660104 25.993624 1278611941068 -1.0
47.660161 25.994013 1278611946070 -1.0
47.660257 25.994371 1278611951067 -1.0
47.660444 25.994702 1278611956068 -1.0
47.660795 25.995289 1278611966067 -1.0
47.660981 25.995772 1278611971083 -1.0
47.661137 25.996196 1278611976099 -1.0
47.661302 25.996592 1278611981087 -1.0
47.661442 25.996929 1278611986085 -1.0
47.661569 25.997251 1278611991098 -1.0
47.661684 25.997602 1278611996085 -1.0
47.66178 25.997958 1278612001085 -1.0
47.661872 25.998429 1278612006091 -1.0
47.661981 25.9989 1278612011083 -1.0
47.662103 25.999454 1278612016085 -1.0
47.662191 25.999877 1278612021069 -1.0
47.662324 26.000496 1278612026081 -1.0
47.662422 26.000977 1278612031082 -1.0
47.662591 26.00135 1278612036089 -1.0
47.662783 26.001601 1278612041088 -1.0
47.662896 26.001881 1278612046089 -1.0
47.662929 26.002204 1278612051085 -1.0
47.662965 26.002561 1278612056075 -1.0
47.663013 26.002912 1278612061078 -1.0
47.663023 26.00316 1278612066092 -1.0
47.663055 26.003449 1278612071070 -1.0
47.663116 26.003748 1278612076082 -1.0
47.663255 26.004017 1278612081088 -1.0
47.66349 26.004387 1278612086081 -1.0
47.66372 26.004692 1278612091069 -1.0
47.664158 26.004795 1278612096088 -1.0
47.664391 26.005039 1278612101079 -1.0
47.664615 26.005316 1278612106078 -1.0
47.664739 26.005791 1278612111082 -1.0
47.664903 26.006137 1278612116074 -1.0
47.665068 26.00639 1278612121075 -1.0
47.665196 26.006728 1278612126128 -1.0
47.665282 26.007121 1278612131068 -1.0
47.665399 26.007517 1278612136068 -1.0
47.66551 26.007795 1278612141083 -1.0
47.665588 26.008054 1278612146069 -1.0
47.665684 26.008373 1278612151067 -1.0
47.665791 26.00875 1278612156076 -1.0
47.665921 26.009129 1278612161069 -1.0
47.666037 26.009494 1278612166067 -1.0
47.666081 26.00979 1278612171075 -1.0
47.666079 26.009986 1278612176069 -1.0
47.666064 26.010191 1278612181067 -1.0
47.666012 26.010458 1278612186069 -1.0
47.66602 26.010759 1278612191069 -1.0
47.666068 26.011063 1278612196067 -1.0
47.66602 26.011456 1278612201071 -1.0
47.666072 26.011848 1278612206068 -1.0
47.666206 26.012236 1278612211064 -1.0
47.666422 26.012622 1278612216068 -1.0
47.666648 26.012984 1278612221065 -1.0
47.666828 26.013312 1278612226064 -1.0
47.666961 26.013633 1278612231066 -1.0
47.667147 26.013983 1278612236065 -1.0
47.667373 26.014292 1278612241064 -1.0
47.667701 26.014427 1278612246066 -1.0
47.668032 26.014397 1278612251065 -1.0
47.668323 26.014295 1278612256064 -1.0
47.668571 26.014225 1278612261067 -1.0
47.668841 26.014302 1278612266068 -1.0
47.668971 26.014558 1278612271067 -1.0
47.669073 26.014984 1278612276065 -1.0
47.669231 26.015351 1278612281065 -1.0
47.66945 26.015622 1278612286064 -1.0
47.669686 26.015833 1278612291066 -1.0
47.669917 26.016069 1278612296068 -1.0
47.670175 26.016263 1278612301066 -1.0
47.670394 26.016435 1278612306066 -1.0
47.670602 26.016556 1278612311065 -1.0
47.670855 26.016667 1278612316064 -1.0
47.67108 26.0168 1278612321066 -1.0
47.671334 26.016891 1278612326067 -1.0
47.671601 26.016964 1278612331064 -1.0
47.67185 26.017067 1278612336066 -1.0
47.672092 26.017143 1278612341066 -1.0
47.67234 26.017234 1278612346067 -1.0
47.672566 26.017316 1278612351068 -1.0
47.672809 26.01741 1278612356065 -1.0
47.67305 26.017528 1278612361064 -1.0
47.673297 26.017655 1278612366069 -1.0
47.673576 26.017805 1278612371067 -1.0
47.673874 26.018004 1278612376064 -1.0
47.674127 26.018218 1278612381066 -1.0
47.674368 26.018419 1278612386069 -1.0
47.674581 26.018629 1278612391065 -1.0
47.674768 26.018873 1278612396065 -1.0
47.674949 26.01908 1278612401066 -1.0
47.675082 26.019286 1278612406064 -1.0
47.675197 26.019417 1278612411066 -1.0
47.675336 26.019504 1278612416065 -1.0
47.675456 26.019595 1278612421065 -1.0
47.675576 26.019626 1278612426066 -1.0
47.675708 26.019636 1278612431065 -1.0
47.675849 26.019644 1278612436065 -1.0
47.675976 26.019633 1278612441066 -1.0
47.67611 26.019617 1278612446067 -1.0
47.67623 26.019649 1278612451068 -1.0
47.676354 26.01964 1278612456066 -1.0
47.676544 26.019596 1278612461159 -1.0
47.676755 26.019578 1278612466064 -1.0
47.676993 26.01957 1278612471068 -1.0
47.677236 26.019557 1278612476160 -1.0
47.677488 26.019565 1278612481161 -1.0
47.677723 26.019601 1278612486066 -1.0
47.677943 26.019696 1278612491161 -1.0
47.678155 26.019829 1278612496066 -1.0
47.678325 26.019985 1278612501068 -1.0
47.678524 26.020101 1278612506068 -1.0
47.678706 26.020239 1278612511145 -1.0
47.678936 26.020393 1278612516066 -1.0
47.679157 26.020588 1278612521147 -1.0
47.679378 26.02081 1278612526065 -1.0
47.679616 26.021121 1278612531067 -1.0
47.679869 26.021461 1278612536067 -1.0
47.6801 26.021799 1278612541067 -1.0
47.680258 26.022026 1278612546145 -1.0
47.680372 26.022172 1278612551065 -1.0
47.680512 26.022391 1278612556146 -1.0
47.680673 26.022656 1278612561145 -1.0
47.680834 26.022959 1278612566068 -1.0
47.681003 26.02328 1278612571065 -1.0
47.681187 26.023608 1278612576065 -1.0
47.681373 26.023934 1278612581065 -1.0
47.681578 26.024224 1278612586065 -1.0
47.681839 26.024471 1278612591068 -1.0
47.682092 26.024703 1278612596144 -1.0
47.682284 26.024956 1278612601146 -1.0
47.682432 26.025223 1278612606069 -1.0
47.682565 26.025494 1278612611089 -1.0
47.68266 26.025769 1278612616065 -1.0
47.682724 26.026024 1278612621066 -1.0
47.682797 26.026264 1278612626148 -1.0
47.682883 26.026558 1278612631066 -1.0
47.682974 26.026916 1278612636067 -1.0
47.683082 26.027234 1278612641065 -1.0
47.683184 26.027446 1278612646148 -1.0
47.683222 26.027584 1278612651066 -1.0
47.683222 26.027575 1278612656065 -1.0