47.645803 26.248976 1279093277495 -1.0
47.645366 26.249432 1279093305480 -1.0
47.645161 26.249438 1279093308488 -1.0
47.645186 26.249412 1279093313463 -1.0
47.645353 26.249412 1279093317490 -1.0
47.645381 26.249375 1279093321474 -1.0
47.645411 26.249324 1279093325483 -1.0
47.645436 26.249309 1279093328480 -1.0
47.645467 26.249353 1279093332480 -1.0
47.645454 26.249404 1279093337476 -1.0
47.645402 26.249424 1279093341475 -1.0
47.645297 26.249476 1279093345478 -1.0
47.645309 26.249556 1279093349469 -1.0
47.645314 26.249578 1279093352471 -1.0
47.645284 26.249658 1279093357450 -1.0
47.645237 26.249672 1279093361461 -1.0
47.645116 26.249717 1279093365468 -1.0
47.64507 26.249681 1279093369459 -1.0
47.644896 26.249675 1279093372454 -1.0
47.644587 26.249475 1279093377450 -1.0
47.644395 26.249287 1279093381450 -1.0
47.644136 26.249097 1279093385448 -1.0
47.643919 26.248882 1279093389448 -1.0
47.64379 26.248679 1279093392463 -1.0
47.64356 26.248545 1279093397443 -1.0
47.64348 26.248493 1279093401446 -1.0
47.642342 26.247977 1279093409442 -1.0
47.642138 26.247917 1279093412442 -1.0
47.641698 26.247845 1279093417442 -1.0
47.641365 26.247877 1279093421440 -1.0
47.641219 26.247912 1279093425442 -1.0
47.641128 26.247943 1279093429437 -1.0
47.641081 26.247944 1279093432435 -1.0
47.641061 26.247963 1279093436464 -1.0
47.641001 26.247994 1279093441424 -1.0
47.640984 26.248026 1279093445411 -1.0
47.640774 26.248074 1279093454869 -1.0
47.640714 26.248089 1279093456410 -1.0
47.640802 26.248114 1279093461419 -1.0
47.640843 26.248138 1279093465421 -1.0
47.640279 26.249397 1279093513403 -1.0
47.64017 26.249705 1279093516404 -1.0
47.640324 26.250301 1279093521396 -1.0
47.640377 26.25041 1279093525381 -1.0
47.640023 26.251593 1279093536372 -1.0
47.640207 26.25264 1279093541367 -1.0
47.640287 26.252973 1279093545383 -1.0
47.640366 26.253421 1279093549365 -1.0
47.640487 26.253717 1279093553362 -1.0
47.640521 26.253887 1279093556360 -1.0
47.640599 26.254217 1279093561378 -1.0
47.640683 26.254638 1279093565363 -1.0
47.640784 26.255275 1279093569360 -1.0
47.64078 26.255777 1279093573359 -1.0
47.640635 26.256305 1279093576382 -1.0
47.640676 26.257052 1279093581361 -1.0
47.640761 26.257436 1279093585358 -1.0
47.640966 26.258 1279093589377 -1.0
47.641162 26.258493 1279093593376 -1.0
47.641238 26.258826 1279093596376 -1.0
47.641335 26.25909 1279093601374 -1.0
47.641401 26.259214 1279093605372 -1.0
47.641436 26.259317 1279093609372 -1.0
47.641462 26.259388 1279093613361 -1.0
47.641446 26.259418 1279093616366 -1.0
47.641448 26.259435 1279093621363 -1.0
47.641478 26.259467 1279093625359 -1.0
47.642086 26.259643 1279093636353 -1.0
47.642615 26.259955 1279093641358 -1.0
47.642843 26.260414 1279093645363 -1.0
47.643029 26.260676 1279093649359 -1.0
47.643556 26.260832 1279093653360 -1.0
47.643627 26.260957 1279093656359 -1.0
47.643741 26.261281 1279093661358 -1.0
47.64387 26.261497 1279093665359 -1.0
47.644078 26.261727 1279093669359 -1.0
47.644198 26.262036 1279093673358 -1.0
47.644237 26.262163 1279093676358 -1.0
47.644544 26.262666 1279093681364 -1.0
47.644778 26.262915 1279093685359 -1.0
47.644907 26.263153 1279093689360 -1.0
47.645028 26.263386 1279093693360 -1.0
47.645152 26.263507 1279093696361 -1.0
47.645292 26.263551 1279093701360 -1.0
47.645603 26.26363 1279093705360 -1.0
47.645716 26.263722 1279093709353 -1.0
47.645961 26.263541 1279093713360 -1.0
47.646997 26.262913 1279093717350 -1.0
47.650329 26.261005 1279093729341 -1.0
47.650628 26.260628 1279093733360 -1.0
47.650832 26.260547 1279093736361 -1.0
47.651271 26.260456 1279093741362 -1.0
47.651759 26.260285 1279093745357 -1.0
47.651914 26.260086 1279093749345 -1.0
47.652082 26.260056 1279093753358 -1.0
47.652157 26.260054 1279093756358 -1.0
47.652279 26.260013 1279093761361 -1.0
47.652421 26.260015 1279093765361 -1.0
47.652641 26.260235 1279093769359 -1.0
47.652858 26.260282 1279093773359 -1.0
47.652971 26.260325 1279093776360 -1.0
47.653395 26.260315 1279093781359 -1.0
47.653624 26.260418 1279093785371 -1.0
47.65382 26.260456 1279093789345 -1.0
47.653954 26.260572 1279093793359 -1.0
47.654995 26.260193 1279093797362 -1.0
47.655879 26.261065 1279093801359 -1.0
47.656239 26.261678 1279093805361 -1.0
47.656604 26.262639 1279093809361 -1.0
47.656677 26.262593 1279093813360 -1.0
47.656688 26.262519 1279093816360 -1.0
47.656632 26.262517 1279093821360 -1.0
47.656653 26.262532 1279093825360 -1.0
47.656823 26.262974 1279093829344 -1.0
47.658746 26.26473 1279093841356 -1.0
47.658895 26.264705 1279093845370 -1.0
47.658976 26.264714 1279093849377 -1.0
47.659064 26.264707 1279093853361 -1.0
47.659179 26.26482 1279093856361 -1.0
47.659491 26.265093 1279093865360 -1.0
47.659483 26.265055 1279093869363 -1.0
47.659403 26.265104 1279093873359 -1.0
47.65949 26.265142 1279093876360 -1.0
47.659824 26.265286 1279093881361 -1.0
47.65991 26.265371 1279093885363 -1.0
47.660163 26.26511 1279093889347 -1.0
47.660325 26.264957 1279093893345 -1.0
47.660395 26.264589 1279093897349 -1.0
47.66094 26.263596 1279093921362 -1.0
47.661074 26.263441 1279093925360 -1.0
47.661026 26.263218 1279093929361 -1.0
47.661094 26.263107 1279093933359 -1.0
47.661307 26.262783 1279093936345 -1.0
47.661357 26.262636 1279093941361 -1.0
47.661371 26.262629 1279093945359 -1.0
47.661372 26.26264 1279093949360 -1.0
47.661352 26.262652 1279093953360 -1.0
47.661342 26.262551 1279093956361 -1.0
47.661357 26.262562 1279093961360 -1.0
47.66137 26.262554 1279093965359 -1.0
47.661395 26.262578 1279093968359 -1.0
47.661425 26.262572 1279093973360 -1.0
47.661445 26.262575 1279093976347 -1.0
47.661482 26.262437 1279093981359 -1.0
47.661503 26.262295 1279093985357 -1.0
47.661481 26.262214 1279093989365 -1.0
47.661501 26.26217 1279093993362 -1.0
47.661523 26.262161 1279093996346 -1.0
47.661554 26.262168 1279094001359 -1.0
47.661563 26.262041 1279094005360 -1.0
47.661697 26.261838 1279094009362 -1.0
47.66177 26.261794 1279094013392 -1.0
47.661889 26.26178 1279094017354 -1.0
47.661957 26.261725 1279094020358 -1.0
47.661976 26.261655 1279094025352 -1.0
47.661992 26.261639 1279094029356 -1.0
47.66205 26.261615 1279094033352 -1.0
47.662084 26.261596 1279094037352 -1.0
47.662129 26.261682 1279094040351 -1.0
47.662101 26.262073 1279094049350 -1.0
47.661978 26.261865 1279094053345 -1.0
47.66216 26.261768 1279094057264 -1.0
47.662294 26.261731 1279094060264 -1.0
47.662352 26.261706 1279094065264 -1.0
47.662361 26.261686 1279094069540 -1.0
47.662281 26.26173 1279094073262 -1.0
47.662257 26.261802 1279094077350 -1.0
47.662253 26.261814 1279094080263 -1.0
47.662319 26.26176 1279094085258 -1.0
47.662329 26.261799 1279094089501 -1.0
47.662341 26.261864 1279094093520 -1.0
47.662348 26.261872 1279094097376 -1.0
47.662338 26.262003 1279094101369 -1.0
47.662319 26.262019 1279094105369 -1.0
47.662304 26.262007 1279094109258 -1.0
47.662269 26.261988 1279094113251 -1.0