47.634785 25.896394 1279732502253 445.5
47.634763 25.896392 1279732505659 445.2
47.634751 25.896391 1279732509655 442.9
47.634749 25.89639 1279732512654 439.8
47.634742 25.896396 1279732517652 437.7
47.634788 25.896476 1279732521653 437.8
47.634815 25.896595 1279732525640 438.4
47.63487 25.896649 1279732529645 438.9
47.634904 25.896689 1279732532644 438.4
47.634911 25.896785 1279732536641 439.1
47.634852 25.897009 1279732541636 437.8
47.634767 25.897161 1279732545640 435.0
47.634715 25.897305 1279732549640 434.8
47.634639 25.89746 1279732553635 435.7
47.634513 25.897591 1279732556640 436.7
47.634408 25.897755 1279732561641 437.8
47.634361 25.897912 1279732565633 439.3
47.63439 25.898111 1279732569639 439.0
47.634485 25.898277 1279732573639 438.9
47.634514 25.8985 1279732576638 437.7
47.634721 25.898851 1279732581635 435.0
47.634937 25.89903 1279732585638 434.4
47.635164 25.899211 1279732589635 431.8
47.635361 25.899374 1279732593624 425.9
47.635474 25.899542 1279732596658 424.8
47.635658 25.899689 1279732601626 423.0
47.635836 25.899848 1279732605633 420.3
47.636007 25.899995 1279732609631 417.8
47.636164 25.900139 1279732613626 417.4
47.636275 25.900247 1279732616621 418.1
47.636439 25.900407 1279732621629 417.4
47.636587 25.900523 1279732625615 415.9
47.636755 25.900634 1279732629618 417.3
47.636863 25.900672 1279732633616 417.8
47.636953 25.900656 1279732636612 418.0
47.636921 25.900988 1279732641620 419.3
47.636954 25.90123 1279732645619 421.6
47.636976 25.901459 1279732649619 423.1
47.63699 25.901688 1279732653617 424.7
47.636999 25.901853 1279732656615 425.6
47.637055 25.90213 1279732661614 425.4
47.636995 25.902287 1279732665611 423.5
47.63701 25.902507 1279732669613 422.4
47.637025 25.90271 1279732673606 422.1
47.637037 25.90289 1279732676601 422.0
47.637057 25.903183 1279732681610 421.5
47.637064 25.9034 1279732685604 421.9
47.637065 25.903621 1279732689605 422.1
47.637055 25.903818 1279732693602 421.9
47.637063 25.903976 1279732696595 421.8
47.637025 25.904158 1279732701597 422.0
47.636971 25.904324 1279732705598 423.0
47.63694 25.904542 1279732709588 423.2
47.636918 25.90476 1279732713597 423.8
47.636909 25.904914 1279732716598 424.2
47.636898 25.90507 1279732721602 424.4
47.636891 25.905202 1279732725593 424.4
47.636862 25.905479 1279732729596 422.8
47.6368 25.905878 1279732733598 423.5
47.636753 25.906236 1279732736598 424.5
47.63671 25.906668 1279732741585 426.1
47.636662 25.906956 1279732745594 427.4
47.636609 25.907265 1279732749591 428.2
47.636528 25.907528 1279732753581 428.1
47.636494 25.907737 1279732756582 428.4
47.636355 25.908016 1279732761582 428.4
47.636291 25.90825 1279732765575 427.7
47.63624 25.908445 1279732769583 426.4
47.636096 25.908775 1279732773578 428.2
47.63603 25.908996 1279732776575 429.3
47.635912 25.909395 1279732781573 430.7
47.635766 25.909691 1279732785581 429.8
47.635634 25.909972 1279732789579 428.5
47.635573 25.910114 1279732793580 428.8
47.635483 25.910359 1279732796574 428.7
47.635316 25.91069 1279732801570 426.7
47.635189 25.910958 1279732805575 427.8
47.635071 25.911129 1279732809566 425.3
47.635049 25.911403 1279732813572 423.7
47.634993 25.911636 1279732816573 422.8
47.635147 25.912081 1279732821572 422.1
47.635413 25.912418 1279732825575 420.0
47.635619 25.912716 1279732829578 419.0
47.635756 25.913002 1279732833575 418.9
47.635901 25.913208 1279732836565 418.4
47.636177 25.913583 1279732841565 418.1
47.636388 25.913904 1279732845575 416.8
47.636581 25.9142 1279732849557 416.0
47.636776 25.914481 1279732853568 415.8
47.636925 25.914692 1279732856565 415.7
47.637171 25.915062 1279732861563 415.7
47.637321 25.915424 1279732865563 415.7
47.637398 25.91582 1279732869562 414.5
47.637456 25.916224 1279732873554 413.8
47.637489 25.916565 1279732876562 413.6
47.63755 25.917173 1279732881552 413.1
47.637652 25.917683 1279732885553 412.9
47.637697 25.918192 1279732889548 413.1
47.637744 25.918682 1279732893549 413.1
47.637779 25.919032 1279732896548 412.6
47.637829 25.919541 1279732901543 412.6
47.637931 25.919943 1279732905553 415.0
47.638073 25.920344 1279732909553 412.6
47.638203 25.920736 1279732913556 411.8
47.63829 25.920988 1279732916545 408.5
47.638478 25.921346 1279732921543 408.3
47.638589 25.92161 1279732925543 405.9
47.638721 25.921813 1279732929546 403.6
47.638877 25.921978 1279732933542 399.6
47.639015 25.922075 1279732936535 397.3
47.639197 25.922218 1279732941544 395.1
47.639332 25.922304 1279732945542 394.5
47.639508 25.922385 1279732949535 394.7
47.639681 25.922469 1279732953537 395.8
47.639804 25.922526 1279732956537 395.6
47.640093 25.922623 1279732961530 393.8
47.640309 25.922685 1279732965524 395.7
47.64047 25.922745 1279732969534 395.9
47.640629 25.922814 1279732973530 395.6
47.640815 25.922877 1279732976532 394.0
47.640923 25.923024 1279732981526 391.7
47.640885 25.923294 1279732985523 390.1
47.640776 25.923474 1279732989518 389.9
47.640671 25.923667 1279732993517 387.7
47.640602 25.923883 1279732996516 386.6
47.640457 25.924124 1279733001519 385.1
47.640408 25.924337 1279733005522 384.2
47.640209 25.924655 1279733009525 384.9
47.640088 25.925002 1279733013522 385.1
47.640025 25.925262 1279733016514 386.0
47.639906 25.925658 1279733021517 386.9
47.639815 25.925929 1279733025520 387.4
47.639724 25.92632 1279733029518 387.7
47.639599 25.926751 1279733033520 388.4
47.639516 25.927044 1279733036513 388.0
47.639354 25.927454 1279733041515 388.6
47.639249 25.927815 1279733045517 387.9
47.639181 25.928209 1279733049519 388.5
47.639046 25.928566 1279733053507 389.4
47.638976 25.928844 1279733056513 384.7
47.638841 25.929154 1279733061506 381.5
47.638736 25.929366 1279733065510 377.4
47.638632 25.929487 1279733069498 368.9
47.638506 25.92969 1279733073494 364.6
47.638416 25.929876 1279733076499 362.6
47.638287 25.930245 1279733081495 367.2
47.63823 25.930513 1279733085495 367.8
47.638171 25.930776 1279733089492 368.5
47.638097 25.931051 1279733093498 367.3
47.63809 25.931287 1279733096500 367.5
47.638071 25.931683 1279733101489 368.8
47.638032 25.932027 1279733105492 368.7
47.637984 25.93238 1279733109488 369.2
47.637932 25.93273 1279733113492 373.1
47.637857 25.932925 1279733116496 378.0
47.637764 25.933258 1279733121494 377.5
47.637685 25.933508 1279733125495 382.7
47.637632 25.933765 1279733129495 377.5
47.637599 25.934011 1279733133487 377.5
47.637575 25.934176 1279733136495 379.5
47.637497 25.934473 1279733141491 383.0
47.637478 25.93476 1279733145491 382.5
47.637448 25.935018 1279733149490 384.6
47.637394 25.935256 1279733153492 391.0
47.637362 25.935485 1279733156482 394.8
47.637322 25.935876 1279733161477 394.8
47.63725 25.936136 1279733165482 395.5
47.63718 25.936439 1279733169480 392.9
47.637122 25.936728 1279733173485 390.8
47.637078 25.937033 1279733176484 383.5
47.636979 25.937401 1279733181482 381.9
47.636913 25.937671 1279733185473 382.1
47.636827 25.937898 1279733189477 381.6
47.636804 25.938186 1279733193476 381.6
47.636799 25.938387 1279733196480 381.6
47.63677 25.938707 1279733201477 381.5
47.636748 25.939043 1279733205478 388.9
47.636731 25.939367 1279733209474 389.7
47.636687 25.93962 1279733213475 388.9
47.636642 25.939771 1279733216468 388.4
47.636609 25.940142 1279733221473 388.9
47.636548 25.940415 1279733225470 390.6
47.636518 25.940735 1279733229465 391.3
47.636478 25.941015 1279733233461 390.6
47.636473 25.941292 1279733237463 390.7
47.636482 25.941517 1279733240465 391.1
47.63656 25.941886 1279733245463 390.9
47.636621 25.942176 1279733249470 390.9
47.636686 25.942454 1279733253469 391.1
47.636747 25.942662 1279733257461 391.4
47.636826 25.942904 1279733260456 390.1
47.636942 25.943261 1279733265461 391.2
47.637068 25.943508 1279733269459 391.5
47.637209 25.943702 1279733273457 391.3
47.637377 25.943877 1279733277463 392.0
47.637498 25.94402 1279733280459 388.0
47.637694 25.944245 1279733285456 384.0
47.63788 25.944432 1279733289459 382.4
47.638052 25.944617 1279733293457 382.2
47.638209 25.944786 1279733297442 383.4
47.638332 25.944919 1279733300457 384.3
47.638525 25.945155 1279733305452 385.9
47.638685 25.94538 1279733309455 385.6
47.638844 25.945558 1279733313451 385.0
47.638984 25.945745 1279733317449 378.9
47.639119 25.945868 1279733320452 379.6
47.639306 25.946037 1279733325446 377.8
47.639409 25.946198 1279733329437 378.9
47.639552 25.946366 1279733333442 380.8
47.639672 25.94657 1279733337445 384.5
47.639711 25.946733 1279733340445 384.4
47.639826 25.947063 1279733345440 385.8
47.639931 25.947314 1279733349444 388.6
47.639981 25.947551 1279733353437 383.4
47.640053 25.947778 1279733357436 375.9
47.640104 25.947938 1279733360428 375.7
47.640238 25.948243 1279733365435 377.3
47.640394 25.948513 1279733369435 376.9
47.640535 25.948756 1279733373437 378.0
47.640712 25.948972 1279733377430 377.8
47.640856 25.949136 1279733380424 377.5
47.641066 25.949342 1279733385425 375.9
47.641236 25.949524 1279733389432 375.7
47.64138 25.949718 1279733393426 374.9
47.641535 25.949916 1279733397418 373.7
47.641629 25.950054 1279733400422 373.3
47.64186 25.950288 1279733405427 371.4
47.642027 25.95048 1279733409427 371.8
47.642193 25.95069 1279733413421 373.7
47.64234 25.950875 1279733417421 374.7
47.642415 25.951022 1279733420427 375.7
47.642587 25.951236 1279733425419 377.3
47.642723 25.951413 1279733429419 377.5
47.64284 25.951603 1279733433419 376.3
47.642944 25.951799 1279733437419 376.6
47.643001 25.951943 1279733440417 377.4
47.643107 25.952196 1279733445412 380.0
47.643199 25.952422 1279733449415 380.2
47.64332 25.952672 1279733453411 380.1
47.643415 25.95295 1279733457421 379.1
47.643496 25.953182 1279733460413 378.0
47.64365 25.953562 1279733465404 377.5
47.643757 25.953805 1279733469404 377.3
47.643837 25.954025 1279733473402 377.3
47.643939 25.954287 1279733477394 377.5
47.644009 25.954469 1279733480398 377.1
47.644107 25.954738 1279733485400 377.8
47.644197 25.95499 1279733489395 378.1
47.644296 25.955219 1279733493400 379.6
47.64436 25.955446 1279733497402 380.1
47.644404 25.95559 1279733500399 380.3
47.644512 25.955835 1279733505397 381.5
47.644567 25.955996 1279733509384 383.6
47.644593 25.956142 1279733513401 385.1
47.644615 25.956319 1279733517398 385.6
47.644619 25.956484 1279733520400 384.0
47.644609 25.956791 1279733525391 382.8
47.644593 25.957019 1279733529394 382.9
47.644556 25.957212 1279733533393 382.2
47.644564 25.957369 1279733537395 380.9
47.644542 25.957582 1279733540394 380.5
47.644581 25.957932 1279733545389 378.4
47.644584 25.958168 1279733549381 375.2
47.644592 25.958423 1279733553387 376.3
47.644604 25.958703 1279733557385 378.4
47.644613 25.958914 1279733560384 379.6
47.644611 25.959255 1279733565380 378.5
47.644632 25.959527 1279733569378 378.7
47.644634 25.959772 1279733573375 378.2
47.644646 25.959999 1279733577383 378.5
47.644654 25.960133 1279733580383 378.5
47.644645 25.96038 1279733585376 378.1
47.644637 25.960613 1279733589367 375.6
47.644646 25.960884 1279733593375 375.6
47.644655 25.961137 1279733597373 376.3
47.644645 25.961348 1279733600375 378.4
47.644653 25.961752 1279733605366 381.1
47.644657 25.962044 1279733609363 380.0
47.644633 25.962327 1279733613368 379.7
47.644635 25.962657 1279733617368 380.2
47.644635 25.962903 1279733620369 380.4
47.644642 25.963288 1279733625369 381.1
47.644648 25.963601 1279733629373 381.9
47.644658 25.963906 1279733633363 383.9
47.644667 25.964197 1279733637357 385.4
47.644655 25.9644 1279733640364 382.8
47.644643 25.964708 1279733645364 383.3
47.644634 25.964925 1279733649348 382.4
47.644615 25.965131 1279733653357 382.1
47.644607 25.965368 1279733657345 379.0
47.644596 25.965545 1279733660346 377.7
47.644554 25.965914 1279733665346 376.7
47.64456 25.966277 1279733669345 375.7
47.644569 25.966658 1279733673347 373.9
47.644584 25.967026 1279733677357 373.4
47.644593 25.967295 1279733680353 375.2
47.644583 25.967694 1279733685347 377.6
47.644599 25.967999 1279733689346 378.2
47.64462 25.968315 1279733693348 379.0
47.6446 25.968571 1279733697342 378.0
47.644598 25.968794 1279733700347 376.1
47.644609 25.969165 1279733705334 375.5
47.644595 25.969454 1279733709329 373.7
47.64462 25.969805 1279733713329 373.8
47.64461 25.970087 1279733717340 374.2
47.644606 25.970285 1279733720335 374.6
47.644588 25.97062 1279733725341 374.4
47.644581 25.970887 1279733729329 376.0
47.644563 25.971161 1279733733337 376.4
47.644576 25.971434 1279733737339 380.0
47.644596 25.971658 1279733740329 381.9
47.644593 25.97195 1279733745328 381.2
47.64461 25.972176 1279733749328 382.9
47.644603 25.972388 1279733753327 381.8
47.64459 25.972597 1279733757333 380.1
47.644592 25.972752 1279733760330 379.6
47.644567 25.972956 1279733765332 380.6
47.644586 25.973165 1279733769328 382.2
47.64458 25.973353 1279733773326 383.8
47.644596 25.973513 1279733777326 386.9
47.644583 25.973621 1279733780331 386.9
47.644619 25.973837 1279733785321 388.3
47.644599 25.974001 1279733789324 388.4
47.644571 25.974248 1279733793324 390.0
47.644563 25.974475 1279733797318 388.5
47.644562 25.974636 1279733800320 388.0
47.644548 25.974886 1279733805316 386.4
47.644553 25.975104 1279733809315 386.6
47.644532 25.975284 1279733813311 386.4
47.644526 25.975473 1279733817310 385.9
47.644508 25.97559 1279733820317 386.1
47.644462 25.975794 1279733825307 385.3
47.644452 25.975919 1279733829310 383.8
47.644463 25.976145 1279733833316 382.8
47.644471 25.976357 1279733837313 381.7
47.644489 25.976522 1279733840310 381.7
47.644501 25.976779 1279733845308 379.6
47.644497 25.97695 1279733849312 377.2
47.64449 25.977101 1279733853301 377.1
47.644475 25.977272 1279733857306 375.4
47.64449 25.97742 1279733860307 374.3
47.644495 25.977681 1279733865300 372.0
47.644487 25.977872 1279733869306 371.5
47.644469 25.978081 1279733873300 369.9
47.644433 25.978286 1279733877301 370.0
47.644405 25.978444 1279733880303 370.3
47.644345 25.978685 1279733885297 370.3
47.644286 25.978839 1279733889289 370.5
47.644212 25.97907 1279733893283 371.2
47.644169 25.979336 1279733897290 372.2
47.644162 25.979537 1279733900290 371.3
47.644193 25.979805 1279733905286 371.9
47.644267 25.980002 1279733909294 372.6
47.644358 25.980286 1279733913286 372.7
47.644407 25.980572 1279733917283 370.5
47.644485 25.980819 1279733921272 370.3
47.644487 25.980988 1279733924284 370.5
47.644492 25.981337 1279733929284 371.2
47.644503 25.981655 1279733933278 371.3
47.64449 25.981948 1279733937273 371.4
47.644475 25.982256 1279733941302 371.6
47.64446 25.982474 1279733944286 370.4
47.644461 25.982874 1279733949272 370.2
47.644464 25.98318 1279733953277 372.5
47.644458 25.983461 1279733957276 374.2
47.644469 25.983762 1279733961273 372.9
47.644482 25.983995 1279733964268 375.6
47.644453 25.98429 1279733969271 374.7
47.644482 25.984511 1279733973265 376.2
47.644573 25.98469 1279733977268 377.0
47.644737 25.984709 1279733981264 376.4
47.644861 25.984721 1279733984255 376.6
47.645106 25.984703 1279733989263 378.0
47.645261 25.984719 1279733993257 379.7
47.645449 25.98471 1279733997261 381.5
47.645633 25.984728 1279734001262 381.9
47.645734 25.984725 1279734004263 382.4
47.645893 25.9847 1279734009259 384.2
47.646064 25.984682 1279734013249 390.5
47.646231 25.984659 1279734017255 396.4
47.646407 25.984628 1279734021248 397.4
47.646538 25.984602 1279734024282 397.1
47.64673 25.984562 1279734029246 397.5
47.646878 25.984524 1279734033253 395.6
47.647051 25.984505 1279734037255 391.4
47.647206 25.984495 1279734041255 390.8
47.647307 25.984477 1279734044249 391.2
47.647524 25.98445 1279734049244 391.1
47.647672 25.984305 1279734053248 393.0
47.647811 25.984284 1279734057248 393.3
47.64798 25.984297 1279734061250 393.9
47.6481 25.984307 1279734064244 393.2
47.648251 25.984346 1279734069242 395.7
47.648396 25.984406 1279734073243 398.2
47.648575 25.984429 1279734077231 400.5
47.648715 25.984444 1279734081233 401.3
47.648813 25.984446 1279734084232 401.7
47.649019 25.984484 1279734089227 402.4
47.649189 25.984544 1279734093240 402.2
47.649336 25.984589 1279734097240 399.4
47.649482 25.984634 1279734101230 396.5
47.649584 25.98469 1279734104238 394.2
47.649741 25.984806 1279734109235 393.8
47.649874 25.984929 1279734113234 394.4
47.649995 25.985041 1279734117234 395.0
47.650254 25.984989 1279734121226 401.7
47.650439 25.984918 1279734124222 402.6
47.650685 25.98481 1279734129230 404.9
47.650868 25.984705 1279734133228 404.2
47.651029 25.984683 1279734137224 405.2
47.651236 25.984647 1279734141225 404.2
47.6514 25.984674 1279734145298 405.0
47.651499 25.984716 1279734148296 405.2
47.651664 25.984852 1279734153297 403.1
47.651808 25.984992 1279734157298 399.7
47.65192 25.985134 1279734161301 397.9
47.652095 25.985258 1279734165293 397.9
47.652175 25.985341 1279734168289 397.6
47.652293 25.985472 1279734173296 397.8
47.652411 25.985533 1279734177296 394.9
47.65249 25.985614 1279734181297 395.5
47.652545 25.985691 1279734185284 396.7
47.65263 25.985757 1279734188287 399.9
47.652761 25.98585 1279734193286 398.2
47.652835 25.985922 1279734197283 398.2
47.652931 25.985999 1279734201280 396.0
47.652992 25.98607 1279734205275 396.8
47.653082 25.986138 1279734208274 398.1
47.653084 25.986158 1279734213284 397.7
47.653113 25.986184 1279734217275 398.2
47.653098 25.986185 1279734221292 398.8
47.653072 25.986176 1279734225270 399.8
47.65305 25.986182 1279734228287 402.5
47.65305 25.986288 1279734233277 407.9
47.65305 25.986289 1279734237274 407.9
47.653095 25.986317 1279734241273 408.2
47.653181 25.986392 1279734245266 408.3
47.653255 25.986437 1279734248272 410.3
47.653343 25.986511 1279734253267 411.6
47.653439 25.986544 1279734257271 411.3
47.653506 25.986597 1279734261271 410.9
47.653672 25.986694 1279734265259 410.7
47.653798 25.98665 1279734269265 411.7
47.653916 25.986608 1279734272266 413.1
47.654164 25.986662 1279734277263 413.3
47.654325 25.986655 1279734281269 413.4
47.654494 25.986649 1279734285262 413.3
47.654712 25.986772 1279734289258 412.4
47.654838 25.986825 1279734292262 412.2
47.655034 25.986964 1279734297264 409.6
47.65518 25.98704 1279734301257 410.3
47.655339 25.98705 1279734305248 409.4
47.655468 25.986994 1279734309261 411.0
47.65558 25.987005 1279734312257 410.5
47.655782 25.987077 1279734317243 409.1
47.655937 25.98709 1279734321254 407.6
47.656041 25.987136 1279734325253 408.7
47.656164 25.987212 1279734329255 409.4
47.656273 25.987307 1279734332248 410.2
47.656463 25.987327 1279734337245 412.0
47.656573 25.987314 1279734341259 412.4
47.656762 25.987333 1279734345237 416.8
47.656928 25.987293 1279734349238 417.8
47.657026 25.987267 1279734352248 420.6
47.657154 25.987229 1279734357247 422.1
47.657206 25.987242 1279734361237 422.1
47.657317 25.987252 1279734365239 423.7
47.657543 25.987326 1279734369243 423.9
47.657685 25.987387 1279734372241 423.2
47.657938 25.987605 1279734377242 421.2
47.658047 25.987715 1279734381238 420.0
47.658249 25.987916 1279734385226 421.8
47.658412 25.98816 1279734389235 421.4
47.658548 25.988429 1279734392233 421.8
47.658715 25.988925 1279734397228 421.3
47.658791 25.989239 1279734401242 420.8
47.658887 25.989599 1279734405230 420.2
47.659014 25.989978 1279734409230 419.6
47.659109 25.990273 1279734412232 418.8
47.659213 25.990573 1279734417229 418.5
47.659297 25.990745 1279734421229 418.5
47.659433 25.991165 1279734425224 420.1
47.659654 25.991711 1279734429224 420.0
47.659762 25.992041 1279734432229 420.0
47.660157 25.992924 1279734437221 415.4
47.660288 25.993427 1279734441280 414.2
47.660317 25.993833 1279734445209 412.2
47.660367 25.994256 1279734449211 408.2
47.660394 25.994443 1279734452212 406.0
47.66078 25.99496 1279734457223 402.1
47.660964 25.995371 1279734461227 399.2
47.661192 25.995879 1279734465218 396.2
47.661405 25.996386 1279734469224 393.8
47.661502 25.996633 1279734472218 393.2
47.661686 25.997068 1279734477215 391.5
47.662134 25.998633 1279734489207 387.4
47.662218 25.999011 1279734492205 387.2
47.662443 26.000787 1279734505199 371.9
47.662553 26.001213 1279734509198 368.2
47.662713 26.00145 1279734512206 366.9
47.662897 26.001783 1279734517206 351.5
47.662924 26.002041 1279734521209 350.5
47.662944 26.002349 1279734525205 349.2
47.662999 26.002699 1279734529199 347.9
47.663021 26.002944 1279734532191 346.0
47.66307 26.003344 1279734537204 344.7
47.66311 26.003668 1279734541187 344.8
47.66324 26.003974 1279734545181 344.5
47.663427 26.004204 1279734549193 345.0
47.663512 26.004299 1279734552189 344.9
47.663761 26.004538 1279734557184 344.9
47.663947 26.004708 1279734561193 344.7
47.664156 26.004958 1279734565194 344.6
47.664378 26.005214 1279734569188 345.2
47.664546 26.005447 1279734572194 346.1
47.664769 26.005789 1279734577188 346.2
47.664917 26.006074 1279734581192 346.0
47.665063 26.006327 1279734585181 345.2
47.665181 26.006519 1279734589187 343.3
47.665256 26.006681 1279734592179 343.6
47.665344 26.007004 1279734597186 344.3
47.665445 26.007227 1279734601181 344.4
47.665529 26.007471 1279734605179 343.7
47.665606 26.007724 1279734609184 343.7
47.665723 26.007872 1279734612177 343.7
47.66581 26.008199 1279734617180 343.1
47.665854 26.008453 1279734621174 343.0
47.665887 26.008719 1279734625171 342.7
47.665981 26.008988 1279734629169 342.2
47.666043 26.009174 1279734632175 342.0
47.666105 26.009515 1279734637170 341.3
47.666146 26.009763 1279734641169 341.2
47.666126 26.010037 1279734645166 341.0
47.666109 26.010299 1279734649174 340.9
47.666103 26.010512 1279734652162 340.9
47.6661 26.010827 1279734657164 340.5
47.666115 26.011064 1279734661162 340.3
47.666141 26.0114 1279734665154 340.8
47.666163 26.011713 1279734669155 341.2
47.666227 26.011945 1279734672157 341.3
47.666402 26.012297 1279734677166 341.2
47.666542 26.012556 1279734681154 340.8
47.666647 26.0128 1279734685152 340.1
47.666747 26.013011 1279734689157 339.5
47.666837 26.013198 1279734692149 339.5
47.66694 26.013405 1279734697146 339.1
47.667037 26.01359 1279734701147 339.9
47.667171 26.013791 1279734705148 342.4
47.667338 26.014009 1279734709147 343.4
47.667475 26.014187 1279734712147 344.7
47.667725 26.014316 1279734717151 344.7
47.667947 26.014368 1279734721145 346.8
47.668119 26.01433 1279734725145 349.7
47.668322 26.014299 1279734729130 347.6
47.668466 26.014218 1279734732155 348.8
47.668683 26.014196 1279734737140 346.3
47.668849 26.014362 1279734741140 347.8
47.669002 26.014653 1279734745134 348.5
47.669078 26.014901 1279734749141 347.8
47.669118 26.015066 1279734752140 346.3
47.669231 26.015339 1279734757139 342.5
47.669344 26.015499 1279734761147 341.6
47.669499 26.015608 1279734765134 342.5
47.66967 26.015749 1279734769135 343.5
47.669793 26.015845 1279734772139 346.9
47.669974 26.016054 1279734777127 347.0
47.670148 26.016184 1279734781131 346.4
47.670289 26.016263 1279734785124 344.0
47.670467 26.016306 1279734789136 340.1
47.670578 26.01636 1279734792116 342.1
47.670782 26.016556 1279734797129 346.0
47.67094 26.016646 1279734801131 346.5
47.671093 26.016715 1279734805127 345.7
47.671263 26.01676 1279734809125 343.6
47.67141 26.016825 1279734812125 342.4
47.671656 26.016928 1279734817122 342.4
47.671842 26.016996 1279734821123 343.2
47.672028 26.017073 1279734825108 339.4
47.672205 26.017134 1279734829117 339.4
47.672361 26.017187 1279734832118 341.6
47.672586 26.017273 1279734837115 338.9
47.672792 26.017339 1279734841123 336.6
47.672982 26.017412 1279734845116 336.8
47.673138 26.0175 1279734849105 340.1
47.673315 26.017601 1279734853100 341.6
47.673435 26.017685 1279734856115 341.1
47.673652 26.017894 1279734861108 341.1
47.673883 26.018069 1279734865109 344.4
47.674087 26.018258 1279734869097 345.5
47.674243 26.018391 1279734873100 345.1
47.674394 26.018482 1279734876105 344.9
47.674596 26.018664 1279734881112 344.3
47.674724 26.018875 1279734885110 344.4
47.674848 26.01902 1279734889093 343.2
47.674981 26.019223 1279734893110 344.0
47.675112 26.019277 1279734896102 344.2
47.675279 26.019383 1279734901101 345.5
47.675378 26.019518 1279734905101 345.4
47.675497 26.019586 1279734909098 346.0
47.675638 26.019609 1279734913098 347.5
47.675723 26.0196 1279734916090 347.4
47.675853 26.019578 1279734921094 346.8
47.675937 26.019535 1279734925096 345.9
47.676037 26.019566 1279734929086 346.2
47.676111 26.019583 1279734933093 346.7
47.676187 26.019591 1279734936092 347.0
47.67634 26.019608 1279734941091 347.4
47.676444 26.019659 1279734945093 349.8
47.676579 26.019665 1279734949078 349.4
47.676711 26.019653 1279734953089 348.9
47.676814 26.019596 1279734956082 348.2
47.677052 26.019579 1279734961085 346.8
47.67723 26.019566 1279734965076 347.3
47.677396 26.01952 1279734969082 347.6
47.677574 26.019563 1279734973086 347.7
47.677664 26.019604 1279734976068 347.6
47.677864 26.019637 1279734981079 345.4
47.677999 26.019695 1279734985070 343.7
47.678158 26.019792 1279734989071 344.2
47.678337 26.019897 1279734993077 342.9
47.678454 26.019936 1279734996067 343.4
47.678695 26.020064 1279735001076 348.1
47.678884 26.020178 1279735005068 349.0
47.67904 26.020294 1279735009068 348.8
47.679202 26.020461 1279735013064 349.1
47.679335 26.020609 1279735016053 349.0
47.679543 26.020857 1279735021059 348.9
47.679735 26.021136 1279735025056 350.5
47.679913 26.021422 1279735029056 351.0
47.680093 26.021753 1279735033065 350.2
47.68027 26.021967 1279735036047 349.9
47.680515 26.022324 1279735041051 347.9
47.680678 26.022603 1279735045048 344.0
47.680853 26.022883 1279735049057 341.7
47.681007 26.02318 1279735053056 336.9
47.681132 26.023406 1279735056047 334.7
47.681343 26.0238 1279735061052 331.7
47.681528 26.024084 1279735065042 330.9
47.681747 26.024347 1279735069043 329.2
47.681893 26.024516 1279735073049 328.0
47.681986 26.024598 1279735076046 327.2
47.682144 26.024742 1279735081048 328.8
47.682269 26.024928 1279735085036 330.1
47.68237 26.02513 1279735089041 330.0
47.682463 26.025275 1279735093047 330.5
47.682615 26.025481 1279735096048 330.1
47.682752 26.025776 1279735101035 330.6
47.682845 26.026012 1279735105031 331.4
47.682852 26.026177 1279735109032 331.8
47.682832 26.026338 1279735113036 331.5
47.68285 26.026454 1279735116037 331.6
47.682913 26.026689 1279735121038 330.7
47.682944 26.026828 1279735125118 331.0
47.683005 26.02705 1279735129025 331.2
47.683205 26.027313 1279735133026 330.8
47.683268 26.027452 1279735136020 331.0
47.683283 26.027541 1279735141029 329.5