47.68323 26.027655 1279724506437 329.5
47.683232 26.027613 1279724510373 333.3
47.683168 26.02759 1279724514284 335.5
47.683193 26.027573 1279724517276 333.3
47.683195 26.027433 1279724522307 332.6
47.683127 26.027245 1279724526271 334.5
47.683087 26.02708 1279724530290 334.1
47.683021 26.026815 1279724534280 335.7
47.682967 26.026618 1279724537274 337.4
47.682899 26.026365 1279724542281 338.2
47.682826 26.02612 1279724546276 338.7
47.682758 26.025862 1279724550273 339.3
47.682648 26.025583 1279724554278 338.5
47.682549 26.025366 1279724557276 338.0
47.682315 26.025093 1279724562267 337.1
47.68222 26.024834 1279724566298 337.3
47.682129 26.024592 1279724570260 337.6
47.681944 26.024409 1279724574260 337.1
47.681808 26.024322 1279724577259 337.1
47.681662 26.024111 1279724582262 337.6
47.681391 26.023728 1279724590269 338.1
47.681343 26.023564 1279724594253 345.0
47.681272 26.023457 1279724597255 345.9
47.681224 26.023142 1279724602259 347.4
47.681106 26.022935 1279724606243 348.3
47.68102 26.022725 1279724610252 347.5
47.680905 26.022519 1279724614259 346.5
47.68082 26.022393 1279724617255 346.9
47.680626 26.022213 1279724622239 344.9
47.680512 26.022057 1279724626250 344.4
47.680307 26.021938 1279724630247 342.8
47.68015 26.021791 1279724634237 341.4
47.680072 26.02165 1279724637249 340.3
47.679955 26.021482 1279724642238 340.0
47.679872 26.021272 1279724646236 339.9
47.679775 26.021138 1279724650242 339.6
47.6797 26.021011 1279724654231 339.3
47.679577 26.020947 1279724657229 339.6
47.679388 26.020764 1279724662272 337.9
47.679247 26.020677 1279724666232 338.4
47.679169 26.020591 1279724670220 338.3
47.679079 26.020508 1279724674235 337.5
47.679 26.020422 1279724677234 336.8
47.678841 26.020249 1279724682213 336.7
47.678653 26.020115 1279724686230 336.5
47.678496 26.019969 1279724690216 336.6
47.678311 26.019828 1279724694218 337.9
47.678166 26.019743 1279724697220 338.0
47.677971 26.019605 1279724702215 340.0
47.677766 26.019518 1279724706213 338.5
47.677542 26.0195 1279724710222 338.0
47.677338 26.0195 1279724714210 339.0
47.677192 26.019524 1279724717214 340.7
47.676957 26.019527 1279724722218 340.8
47.67676 26.019498 1279724726199 341.0
47.676597 26.019533 1279724730208 342.0
47.676413 26.019567 1279724734212 342.9
47.676273 26.01958 1279724737213 343.1
47.676032 26.019609 1279724742202 342.5
47.675872 26.019617 1279724746207 342.2
47.675734 26.019672 1279724750190 342.4
47.675548 26.019666 1279724754194 342.2
47.675331 26.019631 1279724757196 342.0
47.675068 26.019298 1279724762193 339.8
47.674802 26.018993 1279724766192 332.5
47.674549 26.018694 1279724770200 324.0
47.674304 26.018449 1279724774178 321.3
47.674127 26.018278 1279724777177 318.6
47.67389 26.018065 1279724782196 319.5
47.673768 26.017909 1279724786185 322.3
47.673613 26.017801 1279724790183 324.3
47.673498 26.017784 1279724794193 325.5
47.673453 26.017784 1279724797190 325.7
47.673364 26.017722 1279724802182 324.9
47.67325 26.017553 1279724806182 329.2
47.673115 26.0174 1279724810164 332.1
47.672965 26.017335 1279724814174 334.0
47.672825 26.017289 1279724817172 337.6
47.672579 26.017206 1279724822167 337.1
47.672366 26.017172 1279724826171 335.7
47.672156 26.017115 1279724830177 334.0
47.67195 26.017099 1279724834167 332.4
47.67182 26.01701 1279724837166 336.2
47.671536 26.016915 1279724842176 335.5
47.67129 26.016751 1279724846162 335.3
47.671074 26.016627 1279724850152 335.3
47.670872 26.016547 1279724854167 340.3
47.67074 26.016465 1279724857168 344.1
47.670469 26.01633 1279724862157 344.6
47.670243 26.016205 1279724866162 344.7
47.669979 26.016036 1279724870153 343.4
47.669774 26.01579 1279724874151 344.1
47.669619 26.015667 1279724877152 345.0
47.669409 26.015491 1279724882144 344.8
47.669254 26.015291 1279724886147 343.8
47.669093 26.015045 1279724890147 342.3
47.669036 26.014771 1279724894147 340.6
47.668997 26.014528 1279724897142 338.9
47.66893 26.014296 1279724902149 338.7
47.668835 26.014224 1279724906138 338.2
47.668385 26.014288 1279724914139 339.0
47.668213 26.014319 1279724917145 338.9
47.667941 26.014354 1279724922127 338.2
47.66773 26.014314 1279724926134 337.0
47.667535 26.014186 1279724930130 336.9
47.667397 26.014014 1279724934126 337.9
47.667255 26.013807 1279724937127 338.8
47.667085 26.013501 1279724942121 338.9
47.666932 26.01329 1279724946112 338.4
47.666805 26.013085 1279724950124 338.6
47.666687 26.012884 1279724954115 339.4
47.666532 26.01268 1279724958107 339.3
47.666435 26.012534 1279724961114 339.5
47.666295 26.012288 1279724966111 339.9
47.666226 26.012113 1279724970107 340.3
47.666178 26.011933 1279724974105 340.1
47.666167 26.011703 1279724978114 339.4
47.666254 26.011478 1279724981110 338.4
47.666251 26.011228 1279724986108 337.0
47.666263 26.010941 1279724990108 337.8
47.666208 26.010693 1279724994101 339.0
47.66617 26.01045 1279724998114 339.7
47.6662 26.010249 1279725001113 340.5
47.666219 26.009913 1279725006102 341.7
47.666142 26.009614 1279725010110 341.7
47.666117 26.009432 1279725014094 342.1
47.66605 26.009225 1279725018098 342.1
47.666018 26.008996 1279725021088 342.7
47.66594 26.008716 1279725026094 341.9
47.665837 26.008489 1279725030126 341.6
47.665787 26.008311 1279725034098 344.4
47.665696 26.008114 1279725038087 345.2
47.665634 26.007998 1279725041085 346.2
47.665576 26.007754 1279725046092 346.0
47.665516 26.007547 1279725050077 349.1
47.665468 26.007392 1279725054081 350.2
47.665436 26.0072 1279725058091 349.4
47.66544 26.007052 1279725061085 355.2
47.665332 26.006833 1279725066078 357.9
47.665228 26.006685 1279725070079 357.7
47.665056 26.006465 1279725074077 355.8
47.664937 26.00623 1279725078105 353.1
47.664855 26.006023 1279725081071 348.1
47.664629 26.005739 1279725086072 347.4
47.664489 26.005483 1279725090070 346.3
47.664309 26.005326 1279725094068 341.3
47.664184 26.005174 1279725098067 340.3
47.664084 26.00507 1279725101067 340.0
47.66385 26.004874 1279725106065 336.2
47.663704 26.004699 1279725110063 332.8
47.663588 26.004518 1279725114058 338.4
47.663408 26.0043 1279725118071 339.6
47.663248 26.004144 1279725121067 339.6
47.663097 26.003782 1279725126053 337.9
47.663046 26.003458 1279725130062 335.7
47.663023 26.003142 1279725134045 335.5
47.662995 26.002815 1279725138052 335.8
47.66294 26.002297 1279725142566 334.8
47.662908 26.002015 1279725146565 332.9
47.662862 26.00185 1279725150560 329.5
47.662787 26.001683 1279725153559 328.5
47.662672 26.001469 1279725158553 332.0
47.662539 26.001278 1279725162653 332.7
47.66246 26.001127 1279725166551 335.8
47.6624 26.001019 1279725170547 336.2
47.662375 26.000906 1279725174549 336.7
47.662353 26.000781 1279725177543 336.7
47.662341 26.000437 1279725182548 338.5
47.662317 26.00016 1279725186546 340.2
47.662273 25.999964 1279725190556 342.6
47.662268 25.99987 1279725194541 342.3
47.662266 25.999782 1279725197539 343.2
47.662179 25.999576 1279725202548 345.8
47.662125 25.999282 1279725206540 346.2
47.662062 25.998983 1279725210541 347.5
47.661992 25.998728 1279725214546 348.3
47.661971 25.998573 1279725217549 349.0
47.661919 25.998269 1279725222535 351.4
47.661878 25.998104 1279725226534 351.0
47.661857 25.997928 1279725230523 350.5
47.661823 25.997824 1279725234534 350.2
47.661796 25.997786 1279725238535 350.3
47.661775 25.997704 1279725241534 352.0
47.661742 25.997633 1279725246514 352.0
47.66171 25.997578 1279725250522 351.9
47.661684 25.997486 1279725254508 352.3
47.661635 25.997424 1279725258529 352.4
47.661631 25.997371 1279725261518 352.4
47.661597 25.997278 1279725266514 354.2
47.661584 25.997224 1279725270516 354.7
47.661565 25.997177 1279725274520 356.0
47.66154 25.997069 1279725278512 357.7
47.661519 25.99701 1279725281515 358.2
47.66149 25.9969 1279725286511 361.3
47.661431 25.996825 1279725290501 361.3
47.661368 25.996745 1279725294505 359.0
47.661366 25.996745 1279725298511 357.7
47.661359 25.996694 1279725301515 357.1
47.661337 25.996662 1279725306501 356.4
47.66134 25.996657 1279725310500 358.5
47.661343 25.996653 1279725314499 359.1
47.661336 25.996671 1279725318486 359.7
47.661327 25.996677 1279725321494 359.9
47.661305 25.996666 1279725326494 361.7
47.661251 25.996571 1279725330491 360.8
47.661244 25.996446 1279725334490 360.4
47.661198 25.996333 1279725338491 360.9
47.661183 25.996219 1279725341489 363.1
47.661092 25.996066 1279725346500 365.7
47.661052 25.995913 1279725350476 365.2
47.661015 25.995753 1279725354475 366.1
47.660988 25.995602 1279725358485 368.6
47.660951 25.9955 1279725361481 369.5
47.660894 25.995346 1279725366467 369.3
47.660855 25.995208 1279725370484 369.9
47.660807 25.995147 1279725374476 371.2
47.66073 25.995054 1279725378474 372.1
47.660666 25.994954 1279725381470 373.5
47.660566 25.994774 1279725386472 375.8
47.660556 25.994655 1279725390467 378.5
47.660483 25.994521 1279725394477 379.6
47.66039 25.99444 1279725398466 380.1
47.660306 25.99433 1279725401465 377.7
47.660265 25.99412 1279725406474 375.9
47.660213 25.993996 1279725410462 377.1
47.6602 25.993845 1279725414461 380.3
47.660162 25.993722 1279725418463 382.6
47.660134 25.993628 1279725421467 382.9
47.660105 25.993438 1279725426447 383.8
47.660075 25.993279 1279725430466 383.4
47.660041 25.993119 1279725434453 383.9
47.660072 25.992959 1279725438448 383.9
47.659984 25.992868 1279725441445 383.2
47.659994 25.992636 1279725446448 384.3
47.659952 25.99246 1279725450444 382.9
47.659876 25.99235 1279725454444 382.0
47.659778 25.992243 1279725458438 382.1
47.659736 25.992165 1279725461431 382.4
47.659635 25.992065 1279725466442 386.2
47.659574 25.991946 1279725470444 386.9
47.659498 25.991823 1279725474436 385.9
47.65945 25.991668 1279725478440 384.8
47.659413 25.991568 1279725481440 384.6
47.659365 25.991426 1279725486432 384.6
47.65939 25.991355 1279725490437 386.0
47.659376 25.991274 1279725494427 386.6
47.659354 25.991107 1279725498421 387.6
47.659315 25.990985 1279725501423 389.0
47.659276 25.990778 1279725506426 389.0
47.659211 25.990672 1279725510413 388.7
47.659195 25.99051 1279725514433 387.7
47.659148 25.990374 1279725518408 388.1
47.659115 25.99028 1279725521409 388.3
47.659074 25.990116 1279725526425 388.0
47.659045 25.990006 1279725530409 388.2
47.658962 25.989812 1279725534407 387.6
47.658939 25.989648 1279725538463 387.2
47.658918 25.989532 1279725541412 388.9
47.658909 25.98939 1279725546398 389.1
47.658875 25.989264 1279725550413 388.2
47.658798 25.989137 1279725554402 388.6
47.65879 25.989035 1279725558393 389.6
47.658766 25.988928 1279725561397 389.5
47.658726 25.988774 1279725566400 390.2
47.658713 25.988626 1279725570395 391.7
47.65868 25.988529 1279725574392 392.9
47.658663 25.988394 1279725578398 393.1
47.658619 25.988294 1279725581395 392.8
47.658478 25.988155 1279725586401 391.4
47.658387 25.98804 1279725590394 391.1
47.658299 25.987913 1279725594390 390.9
47.65819 25.987816 1279725598395 391.9
47.658125 25.987728 1279725601391 392.7
47.658023 25.987578 1279725606389 394.3
47.657937 25.987466 1279725610389 397.2
47.657848 25.98736 1279725614379 398.9
47.657776 25.987282 1279725618381 399.8
47.657703 25.987223 1279725621373 401.7
47.657545 25.987138 1279725626377 400.3
47.657384 25.987116 1279725630374 398.6
47.657223 25.987099 1279725634382 397.1
47.657062 25.987117 1279725638372 396.1
47.656946 25.987111 1279725641376 396.5
47.65675 25.987132 1279725646382 397.2
47.656576 25.987102 1279725650370 397.0
47.656347 25.987082 1279725654369 397.1
47.656085 25.987082 1279725658372 396.7
47.655927 25.987027 1279725661537 394.9
47.655676 25.986931 1279725666357 395.3
47.655481 25.986837 1279725670368 395.9
47.655247 25.986786 1279725674351 395.2
47.655059 25.986703 1279725678357 395.8
47.654947 25.986625 1279725681355 396.1
47.654718 25.986507 1279725686354 395.8
47.654471 25.986478 1279725690350 395.7
47.654305 25.98641 1279725694362 395.6
47.65404 25.986412 1279725698355 394.1
47.653841 25.986385 1279725701352 393.8
47.653676 25.986396 1279725705346 393.8
47.653415 25.986343 1279725710344 394.9
47.653228 25.986245 1279725714340 395.2
47.653081 25.986178 1279725718350 394.8
47.652891 25.985928 1279725722341 394.4
47.652766 25.98575 1279725725340 393.7
47.652528 25.985539 1279725730344 393.4
47.652365 25.985428 1279725734334 393.2
47.65218 25.985297 1279725738335 393.0
47.652001 25.985135 1279725742345 393.0
47.651658 25.984477 1279725750324 393.8
47.651498 25.984336 1279725754340 392.2
47.651214 25.984365 1279725758330 392.5
47.650982 25.984415 1279725762319 391.3
47.650698 25.984551 1279725765313 389.7
47.650319 25.984742 1279725770322 388.0
47.650086 25.984787 1279725774321 389.0
47.649904 25.984727 1279725778325 388.8
47.649725 25.984605 1279725782313 387.7
47.649414 25.98447 1279725790321 386.2
47.649224 25.984392 1279725794307 384.9
47.649053 25.984334 1279725798313 384.6
47.648884 25.984289 1279725802373 383.3
47.648762 25.984251 1279725805317 383.2
47.648555 25.984238 1279725810301 384.6
47.648388 25.984222 1279725814310 383.8
47.648232 25.984221 1279725818295 383.4
47.648088 25.984222 1279725822295 383.5
47.647979 25.984214 1279725825292 383.6
47.647815 25.984212 1279725830302 383.1
47.6476 25.984275 1279725834287 383.1
47.647409 25.984302 1279725838292 383.1
47.647201 25.984341 1279725842283 383.1
47.647066 25.984348 1279725845280 385.6
47.646814 25.984404 1279725850287 384.6
47.646566 25.984468 1279725854286 384.4
47.646298 25.984509 1279725858276 383.1
47.646039 25.984551 1279725862291 381.8
47.645844 25.984553 1279725865288 381.1
47.645533 25.984589 1279725870281 380.0
47.645284 25.984611 1279725874290 379.3
47.645045 25.984646 1279725878272 377.4
47.644847 25.984676 1279725882267 376.6
47.644736 25.984682 1279725885266 376.5
47.644576 25.984606 1279725890275 375.2
47.64457 25.984347 1279725894271 374.8
47.644565 25.984027 1279725898275 374.8
47.644557 25.983714 1279725902258 375.4
47.644553 25.983495 1279725905270 375.6
47.644549 25.983135 1279725910273 375.0
47.644546 25.982846 1279725914261 375.9
47.644561 25.982575 1279725918252 377.0
47.644568 25.982302 1279725922271 377.8
47.644559 25.982082 1279725925266 378.0
47.64456 25.981742 1279725930245 379.3
47.644544 25.981485 1279725934254 379.5
47.644527 25.981197 1279725938239 380.3
47.644506 25.980927 1279725942249 380.4
47.644486 25.980776 1279725945252 380.6
47.644439 25.980484 1279725950247 382.8
47.644384 25.980234 1279725954245 383.2
47.644334 25.980008 1279725958252 383.7
47.6443 25.979512 1279725965231 383.4
47.644332 25.979171 1279725970253 384.4
47.644275 25.978845 1279725974236 381.9
47.644365 25.978701 1279725978238 383.5
47.644476 25.978471 1279725982246 383.6
47.644545 25.978225 1279725985254 383.2
47.644584 25.977784 1279725990229 386.2
47.644601 25.977358 1279725994243 388.4
47.644605 25.976976 1279725998234 389.6
47.644584 25.976523 1279726002231 387.8
47.64459 25.976164 1279726005235 385.9
47.644568 25.975579 1279726010236 383.7
47.644571 25.975121 1279726014233 382.1
47.644576 25.974676 1279726018236 382.7
47.644578 25.97457 1279726019230 383.0
47.644568 25.974286 1279726026498 382.9
47.644592 25.973986 1279726029499 385.7
47.644613 25.9735 1279726034501 390.8
47.644647 25.973118 1279726038560 393.3
47.644658 25.972688 1279726042492 392.0
47.64465 25.972218 1279726046505 387.4
47.644654 25.971846 1279726049493 386.4
47.644656 25.971221 1279726054486 382.8
47.644665 25.970732 1279726058489 383.5
47.644665 25.970247 1279726062486 383.8
47.644682 25.969801 1279726066473 384.0
47.644684 25.969475 1279726069484 383.4
47.644679 25.968936 1279726074485 384.0
47.644671 25.968535 1279726078482 382.9
47.644677 25.968161 1279726082478 382.7
47.644725 25.967823 1279726086470 380.9
47.64477 25.967562 1279726089476 380.5
47.644744 25.967025 1279726094479 380.2
47.64473 25.966657 1279726098462 380.5
47.64472 25.966304 1279726102460 380.3
47.644708 25.96592 1279726106484 379.1
47.644699 25.965627 1279726109470 379.7
47.644549 25.965181 1279726114458 375.1
47.644569 25.964887 1279726118477 372.4
47.644593 25.96453 1279726122465 373.4
47.644671 25.964243 1279726126466 372.6
47.644671 25.964026 1279726129458 373.7
47.644647 25.963632 1279726134461 373.6
47.644634 25.963299 1279726138462 374.8
47.644645 25.962973 1279726142470 377.0
47.644617 25.96269 1279726146462 373.9
47.644643 25.962474 1279726149459 377.4
47.644666 25.962078 1279726154470 381.7
47.64466 25.961773 1279726158447 380.8
47.644657 25.961435 1279726162447 379.5
47.644669 25.96114 1279726166456 381.1
47.644665 25.960917 1279726169455 381.4
47.644656 25.960593 1279726174451 381.9
47.644658 25.960343 1279726178455 381.6
47.644676 25.960076 1279726182454 381.9
47.644668 25.95979 1279726186446 378.6
47.644661 25.959579 1279726189439 376.2
47.644659 25.959239 1279726194447 374.0
47.644655 25.958967 1279726198444 374.3
47.644668 25.958693 1279726202445 375.2
47.644688 25.95841 1279726206443 377.5
47.644683 25.958109 1279726210431 376.9
47.644691 25.957875 1279726213442 376.2
47.644691 25.957468 1279726218440 372.5
47.644726 25.957168 1279726222432 376.1
47.644743 25.95684 1279726226442 378.4
47.644755 25.956509 1279726230428 381.6
47.644711 25.956296 1279726233431 379.1
47.644611 25.955994 1279726238437 378.2
47.644478 25.955707 1279726242428 376.2
47.6443 25.955323 1279726246429 374.4
47.644158 25.95494 1279726250435 372.9
47.644052 25.954645 1279726253438 372.0
47.643855 25.954167 1279726258416 369.4
47.643719 25.953807 1279726262426 369.9
47.643635 25.953563 1279726266421 369.9
47.643624 25.953415 1279726270427 370.3
47.643537 25.953143 1279726273430 369.4
47.643308 25.952686 1279726278421 371.1
47.643188 25.952364 1279726282419 374.3
47.64309 25.952079 1279726286428 375.0
47.642974 25.951846 1279726290477 376.4
47.642817 25.951632 1279726293419 374.4
47.642542 25.951242 1279726298425 376.5
47.64234 25.950976 1279726302413 374.3
47.642133 25.950746 1279726306415 371.4
47.64194 25.950568 1279726310423 371.4
47.641843 25.950371 1279726313425 372.3
47.641669 25.950073 1279726318404 372.3
47.641516 25.949839 1279726322410 370.3
47.641382 25.949587 1279726326401 368.6
47.641226 25.9494 1279726330410 369.0
47.641116 25.949265 1279726333395 371.0
47.640914 25.949022 1279726338397 371.5
47.64075 25.948825 1279726342394 372.0
47.640575 25.948655 1279726346403 373.7
47.640457 25.948472 1279726350388 376.6
47.640386 25.948324 1279726353401 377.6
47.640308 25.94802 1279726358411 376.1
47.640172 25.947823 1279726362400 376.3
47.64009 25.947672 1279726366388 376.4
47.639972 25.947397 1279726370402 376.6
47.639951 25.947227 1279726373404 377.5
47.639916 25.94693 1279726378386 380.2
47.639896 25.946714 1279726382389 381.4
47.639813 25.946458 1279726386394 381.9
47.639641 25.946271 1279726390397 384.0
47.639507 25.946125 1279726393389 383.8
47.639276 25.945909 1279726398383 383.1
47.639118 25.945716 1279726402389 383.4
47.638957 25.945553 1279726406397 383.9
47.638797 25.945356 1279726410385 381.7
47.638691 25.945231 1279726413384 382.4
47.638535 25.945051 1279726418390 382.1
47.638416 25.944983 1279726422380 379.2
47.638308 25.944786 1279726426375 378.4
47.638158 25.944634 1279726430391 378.4
47.638038 25.944533 1279726433384 377.9
47.637877 25.944341 1279726438375 378.2
47.637742 25.944126 1279726442377 378.2
47.637558 25.943932 1279726446374 378.0
47.637368 25.943727 1279726450368 377.8
47.637216 25.943559 1279726453366 377.2
47.637025 25.943263 1279726458367 375.6
47.636903 25.943053 1279726462363 375.9
47.636859 25.942819 1279726466373 376.6
47.636769 25.942591 1279726470363 377.6
47.636721 25.942412 1279726473361 378.7
47.636676 25.942185 1279726478378 383.6
47.636613 25.941958 1279726482370 384.7
47.636591 25.941738 1279726486361 385.8
47.636577 25.94154 1279726490370 385.5
47.636569 25.941374 1279726493366 384.0
47.636552 25.941123 1279726498359 386.6
47.636572 25.940873 1279726502359 386.2
47.636612 25.940626 1279726506355 386.3
47.636676 25.940387 1279726510350 388.3
47.636742 25.940192 1279726513356 389.6
47.636808 25.93989 1279726518353 390.5
47.636848 25.939664 1279726522355 391.8
47.636878 25.939446 1279726526353 394.3
47.636916 25.939172 1279726530351 394.8
47.636939 25.938979 1279726533351 394.8
47.636985 25.938636 1279726538360 395.0
47.636978 25.938389 1279726542350 397.2
47.636979 25.938162 1279726546351 397.1
47.636978 25.937971 1279726550345 396.5
47.637013 25.937803 1279726553356 396.4
47.637081 25.937513 1279726558339 396.3
47.637134 25.937269 1279726562351 395.4
47.637175 25.936996 1279726566340 393.5
47.637216 25.936769 1279726570339 393.1
47.637253 25.936605 1279726573338 393.4
47.637307 25.936325 1279726578337 394.0
47.637353 25.936103 1279726582334 393.6
47.637396 25.935894 1279726586337 394.1
47.637429 25.935713 1279726590333 394.8
47.637459 25.935532 1279726593331 396.1
47.637522 25.935196 1279726598334 395.4
47.637557 25.934977 1279726602326 393.2
47.637595 25.934759 1279726606329 392.4
47.637613 25.93451 1279726610331 389.4
47.637645 25.93432 1279726613338 389.1
47.637735 25.934006 1279726618321 388.4
47.637769 25.933737 1279726622333 385.9
47.637718 25.933413 1279726626316 383.5
47.637824 25.933212 1279726630323 382.7
47.637868 25.932972 1279726633320 381.1
47.637939 25.932595 1279726638320 380.3
47.637961 25.932317 1279726642318 379.4
47.638002 25.93202 1279726646323 380.4
47.638056 25.931729 1279726650320 381.2
47.638109 25.931483 1279726653314 381.6
47.63815 25.93113 1279726658322 380.5
47.638201 25.930883 1279726662313 381.0
47.63822 25.930637 1279726666319 381.3
47.638251 25.930394 1279726670326 382.8
47.638287 25.930202 1279726673323 384.1
47.638365 25.929935 1279726678301 385.8
47.638449 25.929707 1279726682322 386.4
47.638538 25.929664 1279726686315 388.0
47.638696 25.929528 1279726690308 388.4
47.63879 25.929377 1279726693315 388.4
47.638899 25.929101 1279726698303 388.3
47.638961 25.928892 1279726702304 389.3
47.63906 25.928636 1279726706312 388.9
47.639151 25.928319 1279726710302 388.5
47.639229 25.928018 1279726713296 388.0
47.639343 25.927645 1279726718301 388.1
47.639403 25.927429 1279726722297 388.4
47.63948 25.92718 1279726726293 388.2
47.639564 25.926919 1279726730303 387.4
47.639611 25.926768 1279726733296 387.4
47.639709 25.926502 1279726738297 387.5
47.639807 25.92631 1279726742308 388.5
47.639899 25.9261 1279726746286 388.3
47.639995 25.925855 1279726750287 387.8
47.64006 25.925705 1279726753291 386.1
47.640141 25.925395 1279726758292 385.5
47.640214 25.925213 1279726762286 385.5
47.640291 25.924982 1279726766297 387.5
47.640361 25.924783 1279726770287 388.0
47.64039 25.924638 1279726773274 388.6
47.640451 25.924399 1279726778302 389.0
47.640498 25.924222 1279726782287 389.2
47.640552 25.924077 1279726786278 389.7
47.640641 25.923984 1279726790287 389.1
47.640673 25.923889 1279726793286 388.1
47.64072 25.923713 1279726798279 388.1
47.640771 25.923497 1279726802289 383.9
47.640815 25.923277 1279726806275 381.4
47.640843 25.923125 1279726810271 380.7
47.640836 25.923017 1279726813273 380.2
47.640742 25.922884 1279726818267 381.2
47.640637 25.922791 1279726822266 384.6
47.640445 25.922707 1279726826281 380.0
47.64024 25.922615 1279726830268 384.3
47.640115 25.922529 1279726833277 384.7
47.639933 25.922519 1279726838273 386.1
47.639862 25.922446 1279726842277 390.0
47.639771 25.922337 1279726846270 391.1
47.639634 25.92225 1279726850272 393.6
47.639479 25.922171 1279726854260 393.6
47.639359 25.922115 1279726857340 392.9
47.639142 25.922024 1279726862268 394.9
47.638983 25.92193 1279726866258 395.5
47.638797 25.921835 1279726870261 396.1
47.638683 25.921729 1279726874268 396.7
47.638499 25.921514 1279726881264 393.5
47.638369 25.921274 1279726886257 392.7
47.638251 25.921044 1279726890345 392.5
47.638251 25.921044 1279726890345 392.5
47.638185 25.920807 1279726894358 391.6
47.638123 25.920605 1279726898250 391.2
47.638055 25.920402 1279726902251 388.7
47.637943 25.920267 1279726906253 387.3
47.637914 25.920045 1279726910250 383.6
47.637872 25.91988 1279726913258 383.6
47.637778 25.919516 1279726918249 385.3
47.637802 25.919311 1279726922237 387.3
47.637835 25.919138 1279726926253 390.0
47.637824 25.918893 1279726930248 390.9
47.637794 25.91871 1279726933236 391.6
47.637802 25.918439 1279726938249 397.9
47.637798 25.918206 1279726942246 400.1
47.637768 25.917887 1279726945967 402.5
47.637726 25.917645 1279726949968 403.3
47.63769 25.917412 1279726953980 402.6
47.637657 25.917244 1279726957966 402.7
47.63764 25.917107 1279726960962 402.6
47.637607 25.916885 1279726966216 401.9
47.637612 25.916761 1279726969966 401.8
47.637583 25.916677 1279726973970 401.9
47.637566 25.916529 1279726977979 402.5
47.637561 25.916385 1279726980969 402.6
47.637516 25.916166 1279726985965 403.1
47.637478 25.915958 1279726989970 404.1
47.637433 25.91577 1279726993957 406.5
47.637397 25.915596 1279726997958 408.9
47.637394 25.91554 1279727000956 409.9
47.637398 25.91543 1279727005966 409.6
47.637406 25.915301 1279727009958 407.8
47.637381 25.915161 1279727013965 406.9
47.637283 25.915023 1279727017954 404.6
47.637222 25.914926 1279727020945 405.2
47.637119 25.914778 1279727025954 406.3
47.636996 25.91464 1279727029950 406.1
47.636842 25.914478 1279727033950 407.3
47.636706 25.914304 1279727037960 407.5
47.636664 25.914208 1279727040955 408.6
47.636631 25.914154 1279727045943 408.3
47.636622 25.914143 1279727049957 408.1
47.636666 25.914153 1279727053940 408.5
47.636709 25.914111 1279727057938 408.5
47.636708 25.914096 1279727060938 406.8
47.636722 25.914122 1279727065936 406.6
47.636717 25.914144 1279727069937 403.7
47.636672 25.91418 1279727073947 401.4
47.63665 25.914196 1279727077934 402.1
47.636622 25.914187 1279727080929 402.5
47.636578 25.914173 1279727085944 402.4
47.636596 25.914133 1279727089930 402.3
47.636626 25.914083 1279727093926 402.0
47.636574 25.914017 1279727097940 401.8
47.636432 25.91389 1279727100941 401.5
47.636286 25.913722 1279727105930 401.6
47.636152 25.913549 1279727109937 403.3
47.636005 25.913411 1279727113926 403.9
47.635894 25.913277 1279727117928 404.1
47.63582 25.913191 1279727120928 404.9
47.635793 25.913068 1279727125928 407.6
47.635771 25.912938 1279727129918 411.2
47.635705 25.912838 1279727133931 415.8
47.635638 25.912684 1279727137918 417.6
47.635584 25.912617 1279727140910 419.7
47.635488 25.91252 1279727145918 426.2
47.635383 25.912426 1279727149909 428.2
47.635323 25.912329 1279727153913 429.7
47.635298 25.912236 1279727157917 432.1
47.635291 25.912119 1279727160923 432.2
47.635281 25.912026 1279727165913 431.5
47.63526 25.91192 1279727169919 432.1
47.635244 25.911838 1279727173906 432.3
47.635263 25.911737 1279727177910 432.1
47.635301 25.911634 1279727180912 432.4
47.63539 25.911522 1279727185908 431.2
47.635453 25.911346 1279727189905 429.6
47.635534 25.911185 1279727193916 426.3
47.635576 25.911066 1279727197907 425.4
47.635583 25.910983 1279727200902 423.8
47.635672 25.910737 1279727205914 423.3
47.635748 25.910592 1279727209901 422.9
47.635834 25.910355 1279727213900 422.5
47.635895 25.910199 1279727217897 423.0
47.63593 25.910019 1279727220902 423.5
47.636017 25.909768 1279727225893 425.7
47.636074 25.909585 1279727229985 427.3
47.636122 25.909418 1279727233889 428.4
47.636161 25.909284 1279727237895 428.2
47.636244 25.909164 1279727240892 427.2
47.63629 25.908968 1279727245890 427.6
47.636312 25.908841 1279727249893 429.7
47.636323 25.908694 1279727253901 427.8
47.636343 25.908583 1279727257885 426.7
47.636379 25.908454 1279727261890 426.0
47.636408 25.90833 1279727264893 427.5
47.636446 25.908195 1279727269891 428.2
47.636489 25.908034 1279727273887 429.7
47.63655 25.907798 1279727277890 431.1
47.636589 25.907538 1279727281882 429.2
47.636605 25.907353 1279727284879 432.5
47.636695 25.907043 1279727289899 432.7
47.636725 25.906815 1279727293888 434.8
47.636765 25.90662 1279727297876 436.5
47.636802 25.906349 1279727302879 437.8
47.636833 25.906188 1279727306876 435.3
47.636834 25.906017 1279727309879 435.2
47.636858 25.90584 1279727313892 438.3
47.636905 25.905703 1279727318872 441.3
47.636906 25.905648 1279727321885 442.7
47.636905 25.905522 1279727324876 441.5
47.636945 25.905175 1279727329879 439.8
47.637011 25.904782 1279727334879 441.0
47.637009 25.904542 1279727338871 441.2
47.637019 25.904361 1279727342876 440.9
47.637051 25.90415 1279727344871 441.0
47.637083 25.90384 1279727349879 440.0
47.637109 25.903427 1279727354871 437.6
47.637137 25.903122 1279727358875 438.1
47.637146 25.902873 1279727362862 436.8
47.637148 25.902675 1279727366866 435.5
47.637165 25.902501 1279727369865 436.8
47.637156 25.902325 1279727374862 437.5
47.637213 25.902145 1279727378862 437.4
47.637219 25.901825 1279727382869 435.6
47.63722 25.901633 1279727386857 437.9
47.637215 25.901477 1279727389863 439.0
47.637218 25.901189 1279727394859 439.7
47.637182 25.900913 1279727398855 438.5
47.637097 25.900693 1279727402860 438.7
47.636996 25.90062 1279727406867 437.2
47.636861 25.90061 1279727409865 435.7
47.636667 25.900446 1279727414857 434.9
47.6365 25.900221 1279727418860 431.3
47.636342 25.900095 1279727422839 433.3
47.636155 25.899959 1279727426840 433.5
47.636028 25.899841 1279727429847 433.1
47.635869 25.899706 1279727434844 437.4
47.635734 25.899615 1279727438846 440.0
47.6356 25.899501 1279727442857 439.7
47.635494 25.899426 1279727446841 438.8
47.635422 25.899356 1279727449846 438.5
47.635296 25.899203 1279727454849 438.0
47.635174 25.899032 1279727458836 439.7
47.635047 25.898934 1279727462835 440.7
47.634967 25.898797 1279727466845 442.2
47.634947 25.898698 1279727469842 442.1
47.634917 25.898629 1279727474833 441.8
47.634893 25.898608 1279727478835 440.2
47.634742 25.898478 1279727482831 436.5
47.634675 25.898278 1279727486832 435.7
47.634671 25.898124 1279727489833 435.5
47.634692 25.897962 1279727494828 436.0
47.634768 25.897657 1279727498834 435.1
47.634852 25.897398 1279727502864 435.8
47.634914 25.897165 1279727506826 437.0
47.634966 25.897051 1279727509818 439.9
47.634995 25.896879 1279727514831 441.0
47.634977 25.896809 1279727518824 440.3
47.63498 25.89675 1279727522820 439.5