47.654501 25.987711 1279283006047 -1.0
47.65463 25.986678 1279283024118 -1.0
47.654986 25.986011 1279283027841 -1.0
47.653979 25.986783 1279283035803 -1.0
47.65365 25.986277 1279283039754 -1.0
47.653241 25.985879 1279283043778 -1.0
47.652844 25.985428 1279283047769 -1.0
47.65252 25.985231 1279283051769 -1.0
47.652361 25.984898 1279283054766 -1.0
47.652154 25.984689 1279283059760 -1.0
47.652035 25.984419 1279283063761 -1.0
47.651686 25.984186 1279283066758 -1.0
47.650532 25.984127 1279283071760 -1.0
47.649835 25.983845 1279283074764 -1.0
47.649019 25.984263 1279283078755 -1.0
47.648253 25.984117 1279283083761 -1.0
47.647334 25.984601 1279283087766 -1.0
47.647111 25.984463 1279283090791 -1.0
47.645614 25.984812 1279283095765 -1.0
47.645496 25.984835 1279283098756 -1.0
47.645114 25.985014 1279283103760 -1.0
47.644737 25.984666 1279283107748 -1.0
47.644688 25.984573 1279283111751 -1.0
47.644673 25.984668 1279283115745 -1.0
47.644661 25.98474 1279283118750 -1.0
47.644604 25.984792 1279283123749 -1.0
47.644596 25.984809 1279283127745 -1.0
47.644598 25.98481 1279283131743 -1.0
47.644596 25.984772 1279283135743 -1.0
47.644589 25.984748 1279283138736 -1.0
47.644595 25.984646 1279283143744 -1.0
47.644626 25.984473 1279283147740 -1.0
47.644599 25.98399 1279283151742 -1.0
47.644537 25.983514 1279283155744 -1.0
47.644474 25.983252 1279283158739 -1.0
47.644447 25.98311 1279283163733 -1.0
47.644155 25.981348 1279283167735 -1.0
47.644312 25.979191 1279283171736 -1.0
47.644481 25.978535 1279283175739 -1.0
47.644503 25.978374 1279283178725 -1.0
47.644744 25.977918 1279283183735 -1.0
47.644641 25.976018 1279283187740 -1.0
47.644779 25.97416 1279283191743 -1.0
47.644951 25.972821 1279283195739 -1.0
47.644996 25.972233 1279283198733 -1.0
47.645059 25.971373 1279283203745 -1.0
47.644618 25.969446 1279283207738 -1.0
47.644809 25.968761 1279283211725 -1.0
47.64455 25.965126 1279283214734 -1.0
47.64428 25.962405 1279283218719 -1.0
47.644406 25.961355 1279283223719 -1.0
47.643696 25.958635 1279283227716 -1.0
47.644031 25.956458 1279283231730 -1.0
47.644008 25.95586 1279283235723 -1.0
47.643975 25.955756 1279283238723 -1.0
47.643425 25.95528 1279283243721 -1.0
47.643314 25.955097 1279283247710 -1.0
47.643034 25.952837 1279283251749 -1.0
47.64294 25.952373 1279283253766 -1.0
47.642619 25.950745 1279283257705 -1.0
47.641111 25.949511 1279283263723 -1.0
47.640586 25.949268 1279283267704 -1.0
47.640248 25.948553 1279283271708 -1.0
47.639957 25.947876 1279283275692 -1.0
47.639822 25.947526 1279283279706 -1.0
47.63977 25.947132 1279283282706 -1.0
47.639429 25.946967 1279283287699 -1.0
47.639146 25.94609 1279283290715 -1.0
47.637751 25.944657 1279283295713 -1.0
47.63711 25.944064 1279283299701 -1.0
47.636828 25.943229 1279283302698 -1.0
47.63664 25.942923 1279283307700 -1.0
47.636492 25.942107 1279283311702 -1.0
47.636487 25.941648 1279283315687 -1.0
47.636651 25.941033 1279283319703 -1.0
47.636679 25.9406 1279283322703 -1.0
47.636709 25.939881 1279283327698 -1.0
47.636691 25.939277 1279283331704 -1.0
47.636912 25.939002 1279283335693 -1.0
47.637222 25.938604 1279283337702 -1.0
47.638115 25.935041 1279283342695 -1.0
47.638301 25.934379 1279283347687 -1.0
47.638342 25.933307 1279283351695 -1.0
47.638514 25.932675 1279283355696 -1.0
47.638816 25.931681 1279283359698 -1.0
47.639066 25.930822 1279283362690 -1.0
47.639479 25.930268 1279283367696 -1.0
47.639659 25.930112 1279283371695 -1.0
47.640075 25.929004 1279283375689 -1.0
47.640158 25.927029 1279283379685 -1.0
47.640511 25.926588 1279283382693 -1.0
47.640669 25.926425 1279283387676 -1.0
47.640549 25.925318 1279283391674 -1.0
47.640578 25.924993 1279283395676 -1.0
47.640651 25.924897 1279283399675 -1.0
47.640674 25.924853 1279283402669 -1.0
47.64082 25.924599 1279283407675 -1.0
47.640798 25.923956 1279283411681 -1.0
47.640815 25.923869 1279283415670 -1.0
47.640822 25.923601 1279283419672 -1.0
47.64082 25.923442 1279283422668 -1.0
47.640665 25.923191 1279283427678 -1.0
47.640331 25.923015 1279283431678 -1.0
47.639861 25.922645 1279283435672 -1.0
47.639323 25.922286 1279283439683 -1.0
47.639042 25.922107 1279283442657 -1.0
47.63878 25.921827 1279283447679 -1.0
47.63867 25.921695 1279283451660 -1.0
47.638122 25.918929 1279283459664 -1.0
47.637486 25.917823 1279283462678 -1.0
47.637536 25.916829 1279283467672 -1.0
47.637508 25.91662 1279283471642 -1.0
47.637351 25.916001 1279283475661 -1.0
47.637307 25.915897 1279283479656 -1.0
47.637277 25.915764 1279283482654 -1.0
47.637227 25.915724 1279283486650 -1.0
47.636857 25.915401 1279283491661 -1.0
47.63606 25.913181 1279283495656 -1.0
47.635513 25.9131 1279283499661 -1.0
47.634991 25.913078 1279283503667 -1.0
47.634572 25.913217 1279283506660 -1.0
47.633948 25.913462 1279283511658 -1.0
47.633694 25.913421 1279283515656 -1.0
47.633422 25.913444 1279283519647 -1.0
47.633213 25.91335 1279283523658 -1.0
47.633178 25.913308 1279283526645 -1.0
47.633004 25.913466 1279283535653 -1.0
47.63293 25.913609 1279283539649 -1.0
47.631711 25.913507 1279283543654 -1.0
47.631171 25.913772 1279283546651 -1.0
47.631002 25.913742 1279283551638 -1.0
47.630843 25.91379 1279283555638 -1.0
47.630088 25.914525 1279283559646 -1.0
47.629828 25.9149 1279283563642 -1.0
47.629361 25.915073 1279283566636 -1.0
47.62927 25.915186 1279283571635 -1.0
47.629 25.915408 1279283575641 -1.0
47.628919 25.91556 1279283579633 -1.0
47.628861 25.915655 1279283583640 -1.0
47.628851 25.915868 1279283586635 -1.0
47.628859 25.916181 1279283591627 -1.0
47.628431 25.916682 1279283595635 -1.0
47.628006 25.917027 1279283599637 -1.0
47.627581 25.91757 1279283603637 -1.0
47.627279 25.917643 1279283606632 -1.0
47.626988 25.918013 1279283611623 -1.0
47.626273 25.919154 1279283614636 -1.0
47.625356 25.920102 1279283618664 -1.0
47.624632 25.921553 1279283623627 -1.0
47.624562 25.921745 1279283626624 -1.0
47.623486 25.922624 1279283631623 -1.0
47.62312 25.922887 1279283635629 -1.0
47.622913 25.923005 1279283639629 -1.0
47.619633 25.925898 1279283655614 -1.0
47.618714 25.927808 1279283659619 -1.0
47.618438 25.928703 1279283663630 -1.0
47.618421 25.929142 1279283667618 -1.0
47.618428 25.929301 1279283670603 -1.0
47.618336 25.929516 1279283675609 -1.0
47.61821 25.929779 1279283679614 -1.0
47.617449 25.933289 1279283695606 -1.0
47.617431 25.933638 1279283698592 -1.0
47.61665 25.935362 1279283719597 -1.0
47.616657 25.93615 1279283723596 -1.0
47.616699 25.936579 1279283727602 -1.0
47.616507 25.936665 1279283730598 -1.0
47.615564 25.937413 1279283735595 -1.0
47.615532 25.937454 1279283738593 -1.0
47.615406 25.937896 1279283747588 -1.0
47.615339 25.938296 1279283750586 -1.0
47.612506 25.937018 1279283775602 -1.0
47.611897 25.937521 1279283778587 -1.0
47.611614 25.93786 1279283783579 -1.0
47.61155 25.937677 1279283787584 -1.0
47.610472 25.936622 1279283795578 -1.0
47.60819 25.937101 1279283803584 -1.0
47.605462 25.937889 1279283807578 -1.0
47.605108 25.937807 1279283810565 -1.0
47.604817 25.937902 1279283815568 -1.0
47.604497 25.938266 1279283819580 -1.0
47.60288 25.938408 1279283823577 -1.0
47.596664 25.939493 1279283854564 -1.0
47.595828 25.939132 1279283859579 -1.0
47.59556 25.93984 1279283863568 -1.0
47.594512 25.941043 1279283867559 -1.0
47.594074 25.942179 1279283871566 -1.0
47.593113 25.943781 1279283879559 -1.0
47.592781 25.944069 1279283883550 -1.0
47.59214 25.945069 1279283887569 -1.0
47.590379 25.946623 1279283891552 -1.0
47.589413 25.947918 1279283895557 -1.0
47.588548 25.948838 1279283899546 -1.0
47.588233 25.949904 1279283903542 -1.0
47.585365 25.953251 1279283911611 -1.0
47.581583 25.954511 1279283931556 -1.0
47.579814 25.95673 1279283935543 -1.0
47.579301 25.956988 1279283938546 -1.0
47.578495 25.95705 1279283943541 -1.0
47.578066 25.956896 1279283947548 -1.0
47.577764 25.956657 1279283951545 -1.0
47.577704 25.956575 1279283955547 -1.0
47.577634 25.956479 1279283959538 -1.0
47.577359 25.956584 1279283962547 -1.0
47.576824 25.956436 1279283967538 -1.0
47.576007 25.956477 1279283971580 -1.0
47.574619 25.956787 1279283975543 -1.0
47.574001 25.956947 1279283979537 -1.0
47.573623 25.956884 1279283982536 -1.0
47.573406 25.956959 1279283986528 -1.0
47.572737 25.957303 1279283990527 -1.0
47.571648 25.958003 1279283994509 -1.0
47.570092 25.958987 1279283999529 -1.0
47.570017 25.958736 1279284002530 -1.0
47.569957 25.958998 1279284007532 -1.0
47.569968 25.959091 1279284011520 -1.0
47.570191 25.960265 1279284015531 -1.0
47.570309 25.960525 1279284019531 -1.0
47.570347 25.960685 1279284022519 -1.0
47.570661 25.961873 1279284027531 -1.0
47.570916 25.96242 1279284030518 -1.0
47.571406 25.965023 1279284035527 -1.0
47.571718 25.965664 1279284039523 -1.0
47.571821 25.966346 1279284042522 -1.0
47.5719 25.966597 1279284047512 -1.0
47.571892 25.966972 1279284051510 -1.0
47.571949 25.967094 1279284055512 -1.0
47.571996 25.967213 1279284059511 -1.0
47.572365 25.96827 1279284063513 -1.0
47.572848 25.971864 1279284067517 -1.0
47.575277 25.982649 1279284091688 -1.0
47.575589 25.983947 1279284095770 -1.0
47.576916 25.985001 1279284099686 -1.0
47.577055 25.985022 1279284101688 -1.0
47.578537 25.98732 1279284107683 -1.0
47.579541 25.990293 1279284115684 -1.0
47.579621 25.996644 1279284133697 -1.0
47.579293 26.000097 1279284147667 -1.0
47.57957 26.000708 1279284151678 -1.0
47.57946 26.001292 1279284154659 -1.0
47.579459 26.002053 1279284159655 -1.0
47.585057 26.010666 1279284191670 -1.0
47.586952 26.017312 1279284211662 -1.0
47.58775 26.017952 1279284214659 -1.0
47.588079 26.01913 1279284218658 -1.0
47.591265 26.020291 1279284231648 -1.0
47.591359 26.020263 1279284234642 -1.0
47.591727 26.020506 1279284239643 -1.0
47.592754 26.020971 1279284243640 -1.0
47.59353 26.021497 1279284247620 -1.0
47.594346 26.020974 1279284251653 -1.0
47.595052 26.020543 1279284254642 -1.0
47.597732 26.021851 1279284275638 -1.0
47.599543 26.020781 1279284283697 -1.0
47.599851 26.020534 1279284287638 -1.0
47.600739 26.020262 1279284290740 -1.0
47.606836 26.020654 1279284311626 -1.0
47.607204 26.021178 1279284315623 -1.0
47.607296 26.021951 1279284318626 -1.0
47.607719 26.02329 1279284323630 -1.0
47.607952 26.02426 1279284327632 -1.0
47.608029 26.024823 1279284331628 -1.0
47.609005 26.030015 1279284347619 -1.0
47.609239 26.030599 1279284351626 -1.0
47.609717 26.032473 1279284355612 -1.0
47.609939 26.032662 1279284358620 -1.0
47.610108 26.033311 1279284363615 -1.0
47.610096 26.03338 1279284367612 -1.0
47.610108 26.033479 1279284370616 -1.0
47.610794 26.035872 1279284375617 -1.0
47.610726 26.036507 1279284378628 -1.0
47.610569 26.037267 1279284383621 -1.0
47.610559 26.037595 1279284387739 -1.0
47.610647 26.038316 1279284391607 -1.0
47.610652 26.03869 1279284395608 -1.0
47.610594 26.038884 1279284398597 -1.0
47.610661 26.039135 1279284403609 -1.0
47.610707 26.041018 1279284407616 -1.0
47.610808 26.041636 1279284411610 -1.0
47.61072 26.041942 1279284415605 -1.0
47.611134 26.043198 1279284418635 -1.0
47.61137 26.043622 1279284423598 -1.0
47.610971 26.044993 1279284427604 -1.0
47.611024 26.04506 1279284428602 -1.0
47.610997 26.045685 1279284434596 -1.0
47.611273 26.046677 1279284438590 -1.0
47.616161 26.069629 1279284499566 -1.0
47.616988 26.071838 1279284503564 -1.0
47.617137 26.075646 1279284507549 -1.0
47.617377 26.07603 1279284514535 -1.0
47.623812 26.084016 1279284543564 -1.0
47.62366 26.085307 1279284547555 -1.0