47.683248 26.027625 1279129236848 -1.0
47.683208 26.02759 1279129240852 -1.0
47.683193 26.027582 1279129244851 -1.0
47.683173 26.027589 1279129248842 -1.0
47.68311 26.027504 1279129251845 -1.0
47.683047 26.027193 1279129256852 -1.0
47.682992 26.026988 1279129260840 -1.0
47.682946 26.026783 1279129264850 -1.0
47.682943 26.026678 1279129268846 -1.0
47.682927 26.026626 1279129271844 -1.0
47.682883 26.026434 1279129276913 -1.0
47.682856 26.026262 1279129280834 -1.0
47.682704 26.025814 1279129284155 -1.0
47.682556 26.025533 1279129288093 -1.0
47.682405 26.025203 1279129292160 -1.0
47.682272 26.024976 1279129295181 -1.0
47.682093 26.024612 1279129300151 -1.0
47.681883 26.024399 1279129304154 -1.0
47.681658 26.024158 1279129308164 -1.0
47.681496 26.0239 1279129312154 -1.0
47.681359 26.02373 1279129315159 -1.0
47.681157 26.023469 1279129320169 -1.0
47.681057 26.023169 1279129324154 -1.0
47.680932 26.02288 1279129328170 -1.0
47.680824 26.022658 1279129332154 -1.0
47.680755 26.022462 1279129335091 -1.0
47.68061 26.022169 1279129340150 -1.0
47.680521 26.021979 1279129344145 -1.0
47.680376 26.021806 1279129348154 -1.0
47.680199 26.021658 1279129352147 -1.0
47.680071 26.021438 1279129356153 -1.0
47.679957 26.021286 1279129359160 -1.0
47.679847 26.021073 1279129364154 -1.0
47.679746 26.020915 1279129368152 -1.0
47.67964 26.020786 1279129372147 -1.0
47.679549 26.020696 1279129376148 -1.0
47.679435 26.020625 1279129379153 -1.0
47.679281 26.020458 1279129384151 -1.0
47.679122 26.020322 1279129388152 -1.0
47.679005 26.020241 1279129392148 -1.0
47.67881 26.02011 1279129396154 -1.0
47.678697 26.02001 1279129399155 -1.0
47.678488 26.01981 1279129404167 -1.0
47.678294 26.019707 1279129408146 -1.0
47.678096 26.019621 1279129412149 -1.0
47.677885 26.01953 1279129416158 -1.0
47.677723 26.019497 1279129419148 -1.0
47.677422 26.019517 1279129424155 -1.0
47.677195 26.019518 1279129428147 -1.0
47.677025 26.019499 1279129432496 -1.0
47.676871 26.019516 1279129436150 -1.0
47.67672 26.019517 1279129439156 -1.0
47.676446 26.019507 1279129444149 -1.0
47.676253 26.01952 1279129448074 -1.0
47.676074 26.019499 1279129452158 -1.0
47.675871 26.019522 1279129456081 -1.0
47.675725 26.01954 1279129459183 -1.0
47.675588 26.019572 1279129464148 -1.0
47.675483 26.019455 1279129468150 -1.0
47.675321 26.019184 1279129472154 -1.0
47.67524 26.018939 1279129476182 -1.0
47.674977 26.01853 1279129479157 -1.0
47.67473 26.01819 1279129484155 -1.0
47.674452 26.017851 1279129488165 -1.0
47.674168 26.017627 1279129492167 -1.0
47.673866 26.01757 1279129496154 -1.0
47.67369 26.017452 1279129499152 -1.0
47.673283 26.01739 1279129504119 -1.0
47.672999 26.017282 1279129508152 -1.0
47.67272 26.017209 1279129512151 -1.0
47.672454 26.017137 1279129516155 -1.0
47.67228 26.017053 1279129519068 -1.0
47.671972 26.016949 1279129524147 -1.0
47.671735 26.016837 1279129528153 -1.0
47.67148 26.016741 1279129532154 -1.0
47.671238 26.016643 1279129536149 -1.0
47.671028 26.016529 1279129540067 -1.0
47.670858 26.016435 1279129543147 -1.0
47.67057 26.016305 1279129548141 -1.0
47.670328 26.016191 1279129552156 -1.0
47.670113 26.01604 1279129556147 -1.0
47.669886 26.015913 1279129560154 -1.0
47.669751 26.015791 1279129563173 -1.0
47.669504 26.015582 1279129568146 -1.0
47.669329 26.015375 1279129572151 -1.0
47.669188 26.01515 1279129576042 -1.0
47.669081 26.014948 1279129580143 -1.0
47.669032 26.014751 1279129583141 -1.0
47.668915 26.014416 1279129588139 -1.0
47.668809 26.014262 1279129592136 -1.0
47.668625 26.014172 1279129596043 -1.0
47.668368 26.014227 1279129600140 -1.0
47.668198 26.014312 1279129603139 -1.0
47.667903 26.014329 1279129608047 -1.0
47.66766 26.014315 1279129612053 -1.0
47.667439 26.014189 1279129616038 -1.0
47.667268 26.01399 1279129620049 -1.0
47.667147 26.013803 1279129623046 -1.0
47.666985 26.013494 1279129628040 -1.0
47.666884 26.013242 1279129632048 -1.0
47.666762 26.01301 1279129636037 -1.0
47.666614 26.012765 1279129640043 -1.0
47.666459 26.012564 1279129643162 -1.0
47.666248 26.012191 1279129648042 -1.0
47.666131 26.011954 1279129652033 -1.0
47.666072 26.011729 1279129656022 -1.0
47.666048 26.01144 1279129660041 -1.0
47.666036 26.011212 1279129663037 -1.0
47.666017 26.010865 1279129668023 -1.0
47.666005 26.010573 1279129672036 -1.0
47.666037 26.010295 1279129676030 -1.0
47.666069 26.009996 1279129680024 -1.0
47.666074 26.00975 1279129683027 -1.0
47.665985 26.009338 1279129688032 -1.0
47.665892 26.009022 1279129692028 -1.0
47.665754 26.008797 1279129696028 -1.0
47.665672 26.008529 1279129700217 -1.0
47.66562 26.00832 1279129703017 -1.0
47.665512 26.007952 1279129708018 -1.0
47.665427 26.00766 1279129712018 -1.0
47.665337 26.007363 1279129716015 -1.0
47.665244 26.007067 1279129720022 -1.0
47.66518 26.006864 1279129723011 -1.0
47.665052 26.00658 1279129728006 -1.0
47.664918 26.006386 1279129732019 -1.0
47.664807 26.006219 1279129736004 -1.0
47.664682 26.005922 1279129740017 -1.0
47.664604 26.005676 1279129743007 -1.0
47.664363 26.005374 1279129748010 -1.0
47.664154 26.00512 1279129752015 -1.0
47.66395 26.004876 1279129756006 -1.0
47.663757 26.004636 1279129760014 -1.0
47.66363 26.004453 1279129763009 -1.0
47.663434 26.00415 1279129767997 -1.0
47.663291 26.00391 1279129772013 -1.0
47.663175 26.003603 1279129775998 -1.0
47.66313 26.003263 1279129780012 -1.0
47.663061 26.003081 1279129783007 -1.0
47.663034 26.002716 1279129788006 -1.0
47.663002 26.002429 1279129792053 -1.0
47.662939 26.002151 1279129796008 -1.0
47.662921 26.001909 1279129800012 -1.0
47.662881 26.001753 1279129803005 -1.0
47.662785 26.001468 1279129808003 -1.0
47.662626 26.001309 1279129812003 -1.0
47.662483 26.001136 1279129816012 -1.0
47.662435 26.000899 1279129820027 -1.0
47.662387 26.000684 1279129824038 -1.0
47.662362 26.00052 1279129826998 -1.0
47.662312 26.000271 1279129832004 -1.0
47.662268 26.000128 1279129836006 -1.0
47.662191 25.999978 1279129840005 -1.0
47.662122 25.999889 1279129844001 -1.0
47.662112 25.999718 1279129847001 -1.0
47.662102 25.999427 1279129851998 -1.0
47.661986 25.998864 1279129859997 -1.0
47.661943 25.998633 1279129864000 -1.0
47.661922 25.998397 1279129868975 -1.0
47.661884 25.998233 1279129871997 -1.0
47.661849 25.998065 1279129876000 -1.0
47.661828 25.997961 1279129879998 -1.0
47.661801 25.997861 1279129884979 -1.0
47.661745 25.997724 1279129888975 -1.0
47.661692 25.997619 1279129891986 -1.0
47.661663 25.997519 1279129896978 -1.0
47.661624 25.99747 1279129899996 -1.0
47.661595 25.997401 1279129904282 -1.0
47.661593 25.997322 1279129906998 -1.0
47.661517 25.997221 1279129910997 -1.0
47.661469 25.99707 1279129915997 -1.0
47.66141 25.996911 1279129920973 -1.0
47.661328 25.996859 1279129924982 -1.0
47.661293 25.996731 1279129928967 -1.0
47.661253 25.996622 1279129932984 -1.0
47.661246 25.996512 1279129935974 -1.0
47.661231 25.996383 1279129939990 -1.0
47.661167 25.996232 1279129943988 -1.0
47.661115 25.996052 1279129948969 -1.0
47.66104 25.995872 1279129952969 -1.0
47.660994 25.995763 1279129955968 -1.0
47.660913 25.995556 1279129960967 -1.0
47.660867 25.995421 1279129964963 -1.0
47.660854 25.995261 1279129968974 -1.0
47.660793 25.995179 1279129972962 -1.0
47.660743 25.995084 1279129975962 -1.0
47.660685 25.994941 1279129980975 -1.0
47.660639 25.99481 1279129984972 -1.0
47.660592 25.994731 1279129988973 -1.0
47.660542 25.994645 1279129992961 -1.0
47.660494 25.99456 1279129995967 -1.0
47.660394 25.994502 1279130000956 -1.0
47.660333 25.994474 1279130004955 -1.0
47.660339 25.994524 1279130008955 -1.0
47.660346 25.994528 1279130012964 -1.0
47.660361 25.994473 1279130015967 -1.0
47.660362 25.994455 1279130020953 -1.0
47.660374 25.994458 1279130024948 -1.0
47.66039 25.994457 1279130028945 -1.0
47.660429 25.994448 1279130032972 -1.0
47.660447 25.994434 1279130035959 -1.0
47.660464 25.994386 1279130040955 -1.0