47.63494 25.896899 1280682132748 426.1
47.634904 25.896907 1280682137741 426.9
47.634945 25.896923 1280682141741 427.2
47.634955 25.896979 1280682145747 427.2
47.634904 25.897104 1280682149744 427.2
47.634832 25.897241 1280682152740 427.4
47.634776 25.897524 1280682157738 428.0
47.634722 25.897732 1280682161729 429.1
47.634646 25.898021 1280682165725 429.7
47.63466 25.898269 1280682169803 430.3
47.634678 25.898541 1280682173745 431.2
47.634743 25.898764 1280682176737 441.5
47.634906 25.899046 1280682181742 447.5
47.635178 25.899284 1280682185741 445.5
47.635571 25.899552 1280682189734 445.1
47.635918 25.899842 1280682193732 442.5
47.636155 25.90006 1280682196723 435.6
47.636431 25.900348 1280682201728 424.7
47.63666 25.900542 1280682205737 424.0
47.636853 25.900548 1280682209754 423.7
47.637007 25.900682 1280682213735 423.5
47.637032 25.900862 1280682216720 423.5
47.63705 25.901181 1280682221720 423.8
47.637018 25.901429 1280682225728 424.1
47.63698 25.901659 1280682229721 423.8
47.636994 25.901891 1280682233740 425.0
47.636881 25.901978 1280682236720 426.4
47.636998 25.902308 1280682241727 426.5
47.637032 25.902556 1280682245719 426.6
47.637047 25.902799 1280682249789 426.7
47.636916 25.902964 1280682253716 426.5
47.63683 25.903026 1280682256713 426.8
47.636885 25.903377 1280682261717 427.7
47.636919 25.903647 1280682265715 428.0
47.636951 25.903914 1280682269707 428.5
47.636983 25.904121 1280682273727 428.9
47.636988 25.90428 1280682276708 429.0
47.636985 25.904539 1280682281708 429.2
47.636982 25.904783 1280682285716 429.8
47.63693 25.905034 1280682289706 431.0
47.636845 25.905291 1280682293712 431.2
47.636816 25.905534 1280682296705 431.3
47.636769 25.905985 1280682301713 431.4
47.636719 25.906397 1280682305712 432.0
47.636556 25.90704 1280682309830 432.6
47.636519 25.907268 1280682312828 432.9
47.636439 25.907609 1280682317826 433.3
47.636362 25.907847 1280682321831 433.8
47.636311 25.908111 1280682325835 434.1
47.636241 25.908351 1280682329834 434.3
47.63619 25.908584 1280682332855 434.5
47.636102 25.909044 1280682337823 435.2
47.635993 25.909287 1280682341824 435.5
47.635865 25.909503 1280682345856 435.5
47.63586 25.90985 1280682349825 436.1
47.635785 25.910057 1280682352816 436.2
47.635649 25.910336 1280682356822 436.3
47.635598 25.910607 1280682361820 436.4
47.635554 25.910708 1280682364817 436.4
47.635449 25.910895 1280682369819 436.4
47.635373 25.911223 1280682372815 436.4
47.634937 25.911829 1280682377832 436.2
47.635012 25.912062 1280682382121 435.5
47.635196 25.912285 1280682385807 434.0
47.635357 25.91256 1280682389819 433.7
47.635449 25.9128 1280682393818 432.2
47.635492 25.912943 1280682397066 430.2
47.635671 25.913308 1280682401807 421.5
47.635867 25.913543 1280682405813 422.0
47.636091 25.913889 1280682409811 422.5
47.636319 25.914202 1280682413812 421.4
47.636567 25.91449 1280682416843 419.4
47.636567 25.91449 1280682416843 419.4
47.636959 25.915126 1280682421818 415.0
47.637084 25.915716 1280682427189 414.4
47.637164 25.916088 1280682430069 414.6
47.637274 25.916636 1280682434461 414.6
47.637316 25.917211 1280682437806 413.9
47.637396 25.917698 1280682440804 413.8
47.637517 25.918411 1280682445808 413.4
47.637661 25.918982 1280682450143 413.2
47.637715 25.919485 1280682453800 412.8
47.637799 25.919891 1280682457799 410.9
47.637911 25.920202 1280682460805 410.5
47.638044 25.92062 1280682465801 411.4
47.638264 25.921065 1280682469799 412.1
47.638529 25.921423 1280682473811 409.7
47.638705 25.921656 1280682477797 408.2
47.638858 25.921796 1280682480796 407.1
47.639139 25.922022 1280682485804 406.0
47.639316 25.922156 1280682489791 405.3
47.639517 25.922263 1280682493788 404.6
47.639689 25.922359 1280682497792 403.8
47.639843 25.922443 1280682500795 402.9
47.640118 25.922577 1280682505779 402.0
47.640296 25.922694 1280682509782 400.9
47.640483 25.922792 1280682513789 399.2
47.640615 25.922847 1280682517787 398.8
47.640707 25.922895 1280682520784 398.7
47.640676 25.923047 1280682525784 399.0
47.640523 25.92328 1280682529787 399.2
47.640442 25.923403 1280682533774 399.3
47.640382 25.923607 1280682537782 399.2
47.640326 25.923747 1280682540774 399.5
47.640377 25.924194 1280682545786 399.3
47.640251 25.924539 1280682549781 399.3
47.640129 25.92491 1280682553780 399.8
47.640004 25.925288 1280682557780 400.5
47.639939 25.925534 1280682560771 400.6
47.639773 25.926018 1280682565783 400.5
47.639686 25.926276 1280682569775 400.6
47.639582 25.926666 1280682573779 401.3
47.639453 25.927046 1280682577780 401.3
47.639399 25.927222 1280682580773 401.0
47.639306 25.927505 1280682585760 400.2
47.639246 25.927724 1280682589765 398.3
47.639187 25.928025 1280682593764 398.8
47.639142 25.928219 1280682597762 399.5
47.639073 25.928507 1280682600805 398.8
47.638998 25.928714 1280682604763 398.1
47.638754 25.929242 1280682609770 398.9
47.638627 25.929621 1280682613776 399.3
47.638481 25.930042 1280682617763 400.8
47.638267 25.930435 1280682621762 399.5
47.638112 25.93076 1280682624754 397.8
47.638009 25.931229 1280682629753 396.3
47.637999 25.931638 1280682633750 396.6
47.637982 25.932018 1280682637766 396.6
47.638002 25.932423 1280682641758 396.3
47.637891 25.932654 1280682644747 396.7
47.637741 25.933118 1280682649750 396.3
47.637697 25.933437 1280682653749 395.9
47.637646 25.933771 1280682657753 395.6
47.637617 25.93396 1280682661751 394.9
47.637597 25.934168 1280682664790 394.7
47.637465 25.93462 1280682669753 394.2
47.637366 25.93499 1280682673744 393.5
47.63724 25.935375 1280682677750 392.5
47.637246 25.935562 1280682681755 392.4
47.637143 25.935823 1280682684740 392.4
47.637031 25.936268 1280682689749 392.8
47.636968 25.936648 1280682693739 392.5
47.636903 25.936985 1280682697772 392.2
47.636882 25.937363 1280682701749 392.2
47.636862 25.937666 1280682704740 392.3
47.636823 25.938121 1280682709734 391.9
47.636714 25.93854 1280682713730 391.1
47.636622 25.938912 1280682717732 390.6
47.636534 25.939336 1280682721736 390.4
47.63647 25.939622 1280682724729 390.4
47.636367 25.939991 1280682729729 390.1
47.636301 25.940291 1280682733731 390.0
47.636207 25.940633 1280682737728 389.7
47.636182 25.940984 1280682741731 389.3
47.636152 25.941279 1280682744722 388.9
47.636143 25.941687 1280682749732 387.9
47.636324 25.942061 1280682753728 386.4
47.636484 25.942431 1280682757726 386.0
47.636715 25.942843 1280682761729 386.0
47.636852 25.943177 1280682764723 386.2
47.637124 25.943576 1280682769727 385.9
47.637354 25.943862 1280682773727 385.4
47.637586 25.94418 1280682777722 384.8
47.637803 25.944486 1280682781730 384.4
47.637988 25.944717 1280682784725 383.9
47.638269 25.945066 1280682789720 383.5
47.638501 25.945342 1280682793724 383.8
47.638657 25.945548 1280682797717 384.2
47.638874 25.945802 1280682801722 384.1
47.639056 25.945987 1280682804711 383.9
47.639382 25.946301 1280682809775 383.8
47.63953 25.946614 1280682813722 383.4
47.639727 25.946965 1280682817706 383.0
47.63985 25.947269 1280682821718 382.9
47.639909 25.947487 1280682824702 382.9
47.63999 25.947873 1280682829711 382.7
47.640135 25.948213 1280682833725 382.3
47.6403 25.948496 1280682837706 381.6
47.640423 25.948744 1280682841718 380.2
47.640581 25.948928 1280682844710 380.2
47.640888 25.949248 1280682849751 380.3
47.641066 25.949488 1280682853710 379.7
47.641268 25.949739 1280682857695 379.4
47.641521 25.949981 1280682861715 380.0
47.641793 25.950165 1280682864702 380.4
47.641989 25.950431 1280682869707 379.8
47.64218 25.950663 1280682873709 379.3
47.642331 25.950896 1280682877694 378.7
47.642499 25.951123 1280682881704 378.6
47.642589 25.951276 1280682884700 378.5
47.642794 25.951597 1280682889702 378.2
47.642919 25.951842 1280682893705 378.8
47.642966 25.952076 1280682897692 376.8
47.643111 25.952349 1280682901695 376.3
47.643178 25.952556 1280682904688 376.2
47.643318 25.952922 1280682909690 376.5
47.643442 25.953218 1280682913690 376.2
47.643577 25.953549 1280682917687 376.0
47.643654 25.953821 1280682921688 375.8
47.643714 25.954014 1280682924691 375.3
47.643869 25.954348 1280682929684 374.5
47.643952 25.954595 1280682933688 374.0
47.644066 25.954871 1280682937684 373.6
47.644191 25.955159 1280682941693 373.4
47.64423 25.955323 1280682944681 373.4
47.644316 25.955582 1280682949694 373.2
47.644385 25.955783 1280682953686 373.3
47.64449 25.955993 1280682957695 373.4
47.644553 25.95619 1280682961684 373.5
47.644593 25.956378 1280682965689 375.4
47.644613 25.956546 1280682968687 375.4
47.644613 25.956836 1280682973688 375.4
47.644586 25.956961 1280682977680 374.5
47.644573 25.957203 1280682981679 374.0
47.644575 25.95748 1280682985680 371.1
47.644572 25.957684 1280682988699 371.7
47.644575 25.958069 1280682993678 378.3
47.644593 25.958379 1280682997679 381.1
47.644611 25.958694 1280683001684 379.5
47.64461 25.959003 1280683005678 379.5
47.644607 25.959246 1280683008671 376.9
47.644609 25.959631 1280683013666 378.2
47.644607 25.959868 1280683017675 380.4
47.644611 25.960098 1280683021666 381.4
47.644612 25.96041 1280683025674 384.4
47.644615 25.960685 1280683028664 382.1
47.644602 25.961159 1280683033672 380.4
47.644601 25.961536 1280683037657 378.1
47.644605 25.961951 1280683041657 376.6
47.644602 25.962357 1280683045668 375.3
47.644598 25.962725 1280683048670 371.6
47.644577 25.963252 1280683053667 372.1
47.644567 25.963719 1280683057661 371.0
47.644569 25.964119 1280683061709 368.8
47.64456 25.964475 1280683065710 369.9
47.644561 25.964735 1280683068650 368.7
47.644554 25.965164 1280683073656 368.2
47.644567 25.965505 1280683077668 368.5
47.644567 25.965889 1280683081669 369.1
47.644559 25.966352 1280683085666 367.6
47.64456 25.966695 1280683088666 367.3
47.644558 25.96726 1280683093654 367.3
47.644563 25.967608 1280683097660 365.0
47.64456 25.967916 1280683101655 364.3
47.644566 25.968248 1280683105648 363.8
47.64457 25.968476 1280683108653 363.9
47.644571 25.968818 1280683113669 365.7
47.644563 25.969069 1280683117652 367.7
47.644555 25.969325 1280683121644 369.8
47.644558 25.969559 1280683125652 371.1
47.64455 25.969756 1280683128647 371.5
47.644538 25.970059 1280683133655 372.5
47.644537 25.97027 1280683137644 373.0
47.644526 25.970545 1280683141640 375.0
47.644506 25.970805 1280683145653 377.3
47.644507 25.970986 1280683148638 378.2
47.644504 25.971287 1280683153639 379.0
47.644502 25.971555 1280683157799 379.4
47.644494 25.97182 1280683161638 377.9
47.644496 25.972053 1280683165637 376.2
47.644499 25.972248 1280683168687 373.0
47.644501 25.972561 1280683173629 372.3
47.644509 25.972779 1280683177638 372.9
47.644511 25.972995 1280683181629 372.4
47.644496 25.973205 1280683185631 370.6
47.644502 25.973351 1280683188647 370.5
47.644489 25.973582 1280683193638 371.1
47.644489 25.973764 1280683197634 370.6
47.644494 25.973974 1280683201636 373.7
47.644484 25.974255 1280683205637 369.8
47.644485 25.974409 1280683208635 371.4
47.644476 25.974785 1280683213652 373.8
47.644472 25.975023 1280683217639 373.3
47.644473 25.975232 1280683221686 372.5
47.644478 25.975449 1280683225658 372.1
47.644481 25.975682 1280683229658 371.8
47.644473 25.97583 1280683232634 371.8
47.64447 25.976141 1280683237631 374.6
47.644482 25.976395 1280683241638 376.5
47.644476 25.976614 1280683245703 376.2
47.644473 25.976895 1280683249635 376.8
47.644469 25.977078 1280683252624 378.1
47.644459 25.977435 1280683257625 381.8
47.644448 25.977631 1280683261628 384.8
47.64443 25.977852 1280683265622 386.2
47.644395 25.978105 1280683269628 390.0
47.644373 25.978299 1280683272618 390.3
47.644326 25.978606 1280683277669 388.4
47.644283 25.978861 1280683281624 387.1
47.644249 25.979177 1280683285614 384.3
47.644246 25.979492 1280683289628 376.5
47.644266 25.979713 1280683292618 370.6
47.644321 25.980074 1280683297610 370.6
47.644379 25.980327 1280683301617 372.3
47.644425 25.980586 1280683305606 372.9
47.64446 25.980861 1280683309613 374.0
47.644468 25.981088 1280683312605 379.1
47.644474 25.981525 1280683317608 378.8
47.644473 25.981865 1280683321611 379.0
47.64448 25.982189 1280683325671 380.7
47.64447 25.982456 1280683329609 380.7
47.644487 25.982678 1280683332607 381.4
47.644503 25.983131 1280683337606 384.5
47.644502 25.983436 1280683341613 385.0
47.644505 25.983694 1280683345608 382.8
47.644496 25.983999 1280683349614 384.0
47.644495 25.984298 1280683352612 382.3
47.644617 25.984641 1280683357609 380.9
47.644807 25.984707 1280683361607 378.9
47.644991 25.984704 1280683365611 378.6
47.64519 25.98471 1280683369612 379.4
47.645338 25.984709 1280683372604 379.7
47.645545 25.984683 1280683377609 380.1
47.645679 25.984667 1280683381658 380.9
47.645841 25.98465 1280683385638 382.2
47.646025 25.984625 1280683389607 382.0
47.646152 25.984602 1280683392602 381.7
47.646343 25.984577 1280683397607 382.8
47.646431 25.984552 1280683401605 383.5
47.64659 25.98454 1280683405611 385.9
47.646736 25.984528 1280683409610 388.0
47.646867 25.984525 1280683412610 388.2
47.64706 25.984505 1280683417605 388.3
47.647166 25.98452 1280683421604 388.6
47.647281 25.98451 1280683425653 389.8
47.647419 25.984435 1280683429610 389.8
47.647585 25.984395 1280683433605 391.1
47.647714 25.984388 1280683436605 392.6
47.647905 25.984388 1280683441606 396.8
47.648076 25.984407 1280683445607 397.1
47.64824 25.984448 1280683449605 399.4
47.648406 25.984457 1280683453606 399.9
47.648538 25.984425 1280683456604 396.3
47.648755 25.984473 1280683461611 395.3
47.64889 25.984512 1280683465610 395.7
47.649031 25.984528 1280683469608 396.3
47.649189 25.984547 1280683473604 394.7
47.649301 25.984576 1280683476604 395.6
47.649458 25.984607 1280683481613 395.8
47.64961 25.984712 1280683485605 395.1
47.649741 25.984844 1280683489668 394.0
47.649954 25.984946 1280683493610 394.1
47.650213 25.984884 1280683496614 395.6
47.65053 25.984733 1280683501603 396.6
47.650772 25.984674 1280683505770 396.0
47.650923 25.98465 1280683509607 396.0
47.651075 25.984577 1280683513615 397.1
47.651189 25.984559 1280683516616 397.7
47.651361 25.984614 1280683521655 398.3
47.651495 25.98463 1280683525605 398.1
47.651601 25.984732 1280683529606 397.2
47.651697 25.984836 1280683533612 397.8
47.651729 25.984945 1280683536607 398.5
47.651837 25.985149 1280683541606 398.7
47.651965 25.985295 1280683545605 398.9
47.6521 25.985397 1280683549607 400.0
47.652239 25.985522 1280683553602 400.8
47.65232 25.985614 1280683556607 401.2
47.652472 25.985749 1280683561606 401.6
47.65263 25.985801 1280683565615 401.6
47.652747 25.985906 1280683569613 401.6
47.652878 25.986088 1280683573614 401.2
47.653033 25.986224 1280683576614 401.0
47.653315 25.986372 1280683581610 401.1
47.653522 25.986403 1280683585614 401.0
47.653713 25.986407 1280683589608 400.9
47.6539 25.986445 1280683593614 400.8
47.654055 25.986511 1280683596621 401.1
47.654238 25.98652 1280683601634 401.4
47.654408 25.986581 1280683605607 401.6
47.654619 25.98664 1280683609610 401.2
47.654769 25.986662 1280683613605 401.4
47.654868 25.986731 1280683616606 401.6
47.655012 25.98686 1280683621603 404.8
47.655136 25.986899 1280683625606 405.6
47.655271 25.987012 1280683629611 406.5
47.655347 25.986996 1280683633606 406.8
47.655408 25.987017 1280683636615 407.5
47.655562 25.987074 1280683641605 409.1
47.655657 25.987088 1280683645640 409.5
47.655804 25.987139 1280683649631 409.5
47.655978 25.987194 1280683653605 410.1
47.656074 25.987211 1280683656606 410.4
47.656312 25.987256 1280683661610 411.5
47.656464 25.987275 1280683665604 411.6
47.65665 25.987312 1280683669609 412.1
47.656811 25.987283 1280683673606 411.3
47.656935 25.987274 1280683676605 411.1
47.657059 25.987277 1280683681606 410.9
47.657149 25.987296 1280683685608 410.9
47.657248 25.987309 1280683689606 410.0
47.657495 25.987291 1280683693608 409.4
47.657628 25.98731 1280683696613 408.6
47.657819 25.987441 1280683701608 406.9
47.657963 25.987644 1280683705614 406.4
47.658135 25.987856 1280683709606 406.1
47.658306 25.988071 1280683713611 405.3
47.658356 25.988253 1280683716606 404.9
47.658508 25.988567 1280683721607 404.4
47.658606 25.988796 1280683725603 405.3
47.658706 25.989179 1280683729632 406.0
47.658781 25.989428 1280683733613 406.1
47.658842 25.989695 1280683736613 406.2
47.658989 25.990114 1280683741624 405.9
47.659138 25.990527 1280683745619 405.7
47.659297 25.990899 1280683749636 405.4
47.659346 25.99128 1280683753611 404.8
47.659421 25.991504 1280683756607 403.7
47.659551 25.991846 1280683761649 402.9
47.659634 25.992306 1280683765566 399.1
47.659794 25.993133 1280683769661 394.5
47.660033 25.993789 1280683773609 390.3
47.660129 25.994176 1280683776616 388.7
47.660204 25.99448 1280683781650 388.1
47.660258 25.994628 1280683785606 389.3
47.660319 25.994866 1280683789612 386.5
47.66053 25.995184 1280683793612 384.3
47.660754 25.995765 1280683796561 386.1
47.661115 25.996468 1280683801614 373.8
47.661242 25.996732 1280683805615 372.0
47.661477 25.997184 1280683809620 369.3
47.66172 25.99806 1280683816610 367.1
47.661874 25.998834 1280683821620 365.9
47.661989 25.999352 1280683825606 365.7
47.662077 25.999886 1280683829619 365.0
47.662203 26.000552 1280683833612 364.3
47.662313 26.00098 1280683836615 363.7
47.662548 26.001405 1280683841608 363.8
47.662674 26.001597 1280683845606 364.0
47.662747 26.001868 1280683849609 362.7
47.662838 26.002242 1280683853615 358.7
47.66287 26.002478 1280683856609 351.4
47.662941 26.00283 1280683861608 347.9
47.663004 26.00314 1280683865615 344.5
47.663038 26.003447 1280683869647 347.6
47.663076 26.003754 1280683873612 352.8
47.663145 26.003957 1280683876607 354.1
47.663247 26.004183 1280683881608 354.8
47.663421 26.004401 1280683885612 355.5
47.663555 26.004595 1280683889609 354.7
47.663708 26.004775 1280683893605 355.9
47.663816 26.004898 1280683896602 356.2
47.664021 26.005145 1280683901607 352.6
47.664125 26.005292 1280683905610 352.9
47.664302 26.005466 1280683909609 353.1
47.664413 26.005676 1280683913615 351.8
47.664497 26.005824 1280683916607 349.2
47.664547 26.006058 1280683921614 339.6
47.664706 26.006253 1280683925648 338.7
47.66482 26.006396 1280683929608 337.1
47.665008 26.006541 1280683933617 335.6
47.66514 26.006685 1280683936614 336.2
47.665255 26.007031 1280683941609 337.9
47.665308 26.007342 1280683945614 341.2
47.66542 26.007685 1280683949653 344.4
47.665513 26.00794 1280683953614 344.4
47.665566 26.008084 1280683956610 344.5
47.665711 26.008457 1280683961612 344.2
47.66581 26.008751 1280683965614 345.4
47.665911 26.009119 1280683969620 344.2
47.666002 26.009466 1280683973611 343.6
47.666038 26.009698 1280683976622 344.8
47.666029 26.009884 1280683980608 345.9
47.665998 26.01011 1280683985614 347.2
47.665974 26.010332 1280683989619 347.7
47.666027 26.010802 1280683993615 346.7
47.666078 26.011131 1280683997612 346.6
47.666096 26.011427 1280684000613 346.6
47.666187 26.01183 1280684005604 346.1
47.666279 26.012015 1280684009608 345.2
47.666345 26.012221 1280684013616 344.1
47.666421 26.012432 1280684017617 343.7
47.666523 26.012634 1280684020618 345.2
47.666723 26.012997 1280684025613 343.9
47.666908 26.013452 1280684029617 342.9
47.667001 26.013703 1280684033562 343.4
47.6671 26.013904 1280684037613 343.0
47.66729 26.014044 1280684040612 343.5
47.66765 26.01428 1280684045612 339.6
47.667885 26.014371 1280684049618 336.2
47.668074 26.014415 1280684053612 335.1
47.668202 26.014443 1280684057645 334.5
47.668318 26.014446 1280684060618 334.5
47.668583 26.014414 1280684065615 335.3
47.668731 26.014427 1280684069612 336.3
47.668833 26.01453 1280684073609 336.5
47.668884 26.014739 1280684077609 337.1
47.668897 26.014823 1280684080614 337.2
47.668922 26.014892 1280684085610 337.4
47.668961 26.015052 1280684089612 337.2
47.669104 26.015275 1280684093615 336.7
47.669175 26.015419 1280684097618 336.5
47.669185 26.01545 1280684100609 336.8
47.66921 26.015443 1280684105612 336.5
47.669273 26.015518 1280684109610 333.7
47.669283 26.015587 1280684113613 334.2
47.669387 26.015619 1280684116620 332.8
47.669523 26.015727 1280684121629 335.4
47.669623 26.015819 1280684125613 339.6
47.669767 26.01598 1280684129615 339.4
47.669886 26.016073 1280684133621 340.5
47.669963 26.016104 1280684136610 341.2
47.670109 26.016181 1280684141621 341.2
47.670146 26.016237 1280684147170 342.0
47.670197 26.016322 1280684149610 341.1