47.635077 25.896471 1280076580163 429.1
47.635073 25.896511 1280076583854 433.9
47.635076 25.896516 1280076587841 433.9
47.635091 25.896545 1280076591850 434.1
47.635077 25.896687 1280076594834 434.2
47.635004 25.89704 1280076599839 432.8
47.634933 25.89738 1280076603847 430.9
47.634796 25.897701 1280076608046 426.7
47.634699 25.897973 1280076612058 426.7
47.634712 25.898205 1280076614849 426.9
47.634769 25.898529 1280076619836 428.8
47.634856 25.898813 1280076623858 423.1
47.634981 25.899099 1280076627831 423.0
47.63518 25.899324 1280076631830 421.5
47.635358 25.899478 1280076634843 421.0
47.635712 25.899776 1280076639839 419.2
47.635962 25.900043 1280076643844 416.5
47.636205 25.90025 1280076647832 415.8
47.636422 25.900411 1280076651839 413.1
47.636564 25.900566 1280076654863 413.5
47.636837 25.900536 1280076659834 413.5
47.637007 25.900692 1280076663819 415.7
47.63704 25.901026 1280076667859 417.2
47.637046 25.901347 1280076671832 418.1
47.637044 25.901596 1280076674827 421.0
47.637037 25.902009 1280076679810 424.0
47.637019 25.902333 1280076683813 425.4
47.637013 25.902643 1280076687812 425.5
47.636999 25.902949 1280076691811 425.1
47.636989 25.90316 1280076694813 424.9
47.63696 25.903575 1280076699819 425.2
47.63694 25.903956 1280076703823 426.3
47.636922 25.904306 1280076707807 427.5
47.636909 25.904633 1280076711818 428.1
47.636902 25.904919 1280076714820 428.8
47.636835 25.905472 1280076719809 429.5
47.636783 25.905938 1280076723818 428.2
47.636716 25.906402 1280076727802 427.7
47.636664 25.906883 1280076731810 426.6
47.636611 25.907216 1280076734814 425.2
47.636459 25.9077 1280076739814 424.3
47.636347 25.908083 1280076743802 423.8
47.636249 25.908458 1280076747808 426.3
47.636145 25.908855 1280076751808 427.8
47.636056 25.909132 1280076754805 427.5
47.635925 25.909609 1280076759796 425.3
47.635841 25.909974 1280076763800 425.0
47.635671 25.910348 1280076767798 424.3
47.635488 25.910699 1280076771799 424.1
47.635362 25.91095 1280076774803 422.4
47.635184 25.911264 1280076778796 423.1
47.634998 25.911642 1280076783792 424.4
47.635015 25.912012 1280076787800 423.1
47.63525 25.912356 1280076791804 421.9
47.635512 25.912725 1280076795793 419.5
47.6357 25.913019 1280076798794 418.9
47.636031 25.913558 1280076803788 418.0
47.636306 25.913931 1280076807780 416.6
47.636557 25.914288 1280076811783 413.7
47.636809 25.91465 1280076815781 413.1
47.637004 25.914909 1280076818775 411.8
47.637263 25.915382 1280076823798 410.2
47.637341 25.915854 1280076827773 408.8
47.637393 25.916362 1280076831772 407.8
47.637439 25.91689 1280076835781 406.2
47.637477 25.917308 1280076838784 405.7
47.637559 25.918015 1280076843769 402.3
47.637614 25.918535 1280076847768 401.4
47.637672 25.919034 1280076851771 401.4
47.637733 25.919497 1280076855777 401.1
47.637793 25.919822 1280076858784 400.7
47.637994 25.920343 1280076863779 397.3
47.638145 25.920712 1280076867776 395.0
47.638269 25.921049 1280076871775 393.6
47.638396 25.92136 1280076875764 393.0
47.638486 25.921585 1280076878775 393.6
47.638691 25.921841 1280076883778 394.0
47.63887 25.92199 1280076887766 393.2
47.639054 25.922122 1280076891758 393.6
47.639234 25.922241 1280076895760 395.1
47.639378 25.92231 1280076898756 394.9
47.639636 25.922436 1280076903766 394.6
47.639855 25.922523 1280076907763 397.3
47.640061 25.922616 1280076911754 397.6
47.640242 25.922709 1280076915755 396.7
47.640379 25.922769 1280076918753 397.3
47.640576 25.922887 1280076923755 395.2
47.640733 25.922948 1280076927745 395.5
47.640828 25.923052 1280076931754 393.5
47.640827 25.923172 1280076935753 389.8
47.64077 25.923337 1280076938756 390.9
47.640648 25.923673 1280076943749 387.9
47.640573 25.923906 1280076947759 386.6
47.64051 25.924108 1280076951742 386.1
47.640415 25.924368 1280076955742 383.6
47.640325 25.924603 1280076958740 384.4
47.64016 25.925048 1280076963747 384.6
47.640029 25.925416 1280076967744 383.5
47.639897 25.925777 1280076971739 382.3
47.639774 25.92615 1280076975737 381.4
47.639687 25.926431 1280076978736 381.0
47.639532 25.926874 1280076983747 380.9
47.639425 25.92723 1280076987734 381.0
47.639295 25.927619 1280076991745 379.9
47.639143 25.928004 1280076995733 381.5
47.639047 25.928281 1280076998729 381.9
47.638903 25.928711 1280077003739 382.0
47.638803 25.929065 1280077007727 382.0
47.638646 25.929344 1280077011739 382.9
47.638475 25.929535 1280077015728 383.0
47.638383 25.929703 1280077018726 383.0
47.638254 25.930126 1280077023728 381.6
47.638173 25.9305 1280077027722 380.8
47.638123 25.930821 1280077031726 381.2
47.638106 25.931094 1280077035722 382.4
47.638089 25.931233 1280077038733 382.5
47.638111 25.931459 1280077043728 382.6
47.638079 25.931729 1280077047725 381.4
47.638041 25.932053 1280077051717 379.2
47.637975 25.932395 1280077055731 379.4
47.637922 25.932641 1280077058722 378.6
47.637834 25.933059 1280077063721 378.3
47.637755 25.933398 1280077067720 379.5
47.637696 25.933741 1280077071714 380.1
47.637644 25.934067 1280077075721 380.4
47.637588 25.934299 1280077078711 380.2
47.637503 25.93469 1280077083710 379.4
47.637457 25.935011 1280077087711 379.2
47.637397 25.93533 1280077091706 378.1
47.637328 25.935673 1280077095707 378.0
47.637274 25.935934 1280077098710 377.7
47.637183 25.936374 1280077103704 376.2
47.637109 25.936734 1280077107709 376.0
47.637028 25.937097 1280077111702 375.4
47.636961 25.937463 1280077115701 374.9
47.636905 25.937732 1280077118707 374.4
47.636836 25.938179 1280077123707 374.7
47.636789 25.938538 1280077127700 375.3
47.636736 25.938887 1280077131695 377.9
47.636685 25.939246 1280077135703 377.3
47.636652 25.939525 1280077138701 376.4
47.636593 25.939999 1280077143699 375.1
47.636549 25.94038 1280077147701 374.9
47.636492 25.940739 1280077151694 374.9
47.636466 25.941098 1280077155704 374.1
47.63646 25.941374 1280077158692 374.0
47.636496 25.941865 1280077163685 373.0
47.636571 25.942253 1280077167685 373.1
47.636672 25.942634 1280077171681 373.2
47.63683 25.942969 1280077175685 373.7
47.636908 25.943254 1280077178684 373.7
47.636999 25.943507 1280077183699 373.8
47.637145 25.943717 1280077187685 375.6
47.63733 25.943912 1280077191688 378.9
47.637533 25.944135 1280077195686 379.9
47.637674 25.944304 1280077198677 379.6
47.637954 25.944578 1280077203679 377.6
47.638187 25.944829 1280077207686 376.7
47.638396 25.945067 1280077211684 375.2
47.638594 25.945311 1280077215683 372.7
47.638734 25.945464 1280077218672 374.0
47.638966 25.94575 1280077223669 372.4
47.639154 25.945984 1280077227681 372.3
47.639363 25.9462 1280077231665 370.3
47.639545 25.946423 1280077235675 369.2
47.639701 25.946627 1280077238663 369.7
47.639827 25.947065 1280077243679 371.2
47.639955 25.947381 1280077247668 371.4
47.640063 25.947716 1280077251669 372.2
47.640195 25.948072 1280077255665 372.6
47.640304 25.948324 1280077258669 373.1
47.640494 25.94869 1280077263667 374.1
47.640677 25.948933 1280077267670 373.8
47.640858 25.949171 1280077271671 373.7
47.641018 25.949433 1280077275665 373.1
47.641122 25.949628 1280077278662 373.3
47.641357 25.949925 1280077283657 373.1
47.641428 25.950163 1280077287657 373.2
47.641599 25.950378 1280077291655 374.4
47.641807 25.950597 1280077295667 374.5
47.641964 25.950758 1280077298662 374.5
47.642212 25.951049 1280077303666 374.9
47.642471 25.951262 1280077307656 374.4
47.642656 25.951516 1280077311646 374.7
47.642827 25.951778 1280077315653 374.1
47.642908 25.951975 1280077318646 374.4
47.643072 25.952304 1280077323653 374.0
47.643198 25.952588 1280077327657 373.8
47.64333 25.952895 1280077331650 373.3
47.643459 25.953201 1280077335638 372.6
47.643548 25.953417 1280077338648 372.2
47.643694 25.953764 1280077343637 372.2
47.643819 25.954023 1280077347647 372.6
47.643933 25.954295 1280077351647 372.9
47.644034 25.954572 1280077355642 373.0
47.644121 25.954782 1280077358639 373.0
47.644237 25.955125 1280077363640 373.2
47.644329 25.955391 1280077367641 373.5
47.644423 25.955651 1280077371640 375.0
47.644508 25.955902 1280077375643 376.0
47.644573 25.956069 1280077378639 375.9
47.644634 25.95637 1280077383633 374.8
47.64464 25.956607 1280077387638 375.8
47.644632 25.956868 1280077391632 376.4
47.644629 25.957168 1280077395633 377.6
47.644616 25.957391 1280077398622 378.4
47.644605 25.957719 1280077403631 380.4
47.644608 25.958009 1280077407666 381.3
47.644618 25.958305 1280077411730 381.3
47.644626 25.958618 1280077415625 377.3
47.64462 25.958853 1280077418619 377.6
47.64463 25.959237 1280077423632 378.3
47.644631 25.959528 1280077427621 378.2
47.644636 25.959816 1280077431630 378.1
47.644634 25.960062 1280077435625 379.3
47.644639 25.960238 1280077438617 379.2
47.644646 25.960532 1280077443621 378.7
47.644636 25.960866 1280077447617 379.0
47.644638 25.96124 1280077451614 378.4
47.644625 25.961646 1280077455615 377.4
47.644625 25.961963 1280077458610 376.8
47.644642 25.962485 1280077463615 375.5
47.644649 25.962915 1280077467613 374.8
47.644651 25.963321 1280077471610 373.9
47.644649 25.963704 1280077475610 373.3
47.644646 25.963979 1280077478599 373.1
47.644647 25.964412 1280077483609 372.9
47.644642 25.964754 1280077487603 372.5
47.644647 25.96511 1280077491605 372.1
47.644648 25.965476 1280077495598 371.9
47.644645 25.965769 1280077498607 371.7
47.644637 25.966267 1280077503593 371.4
47.644641 25.96669 1280077507605 371.1
47.644635 25.967098 1280077511590 372.8
47.644634 25.96751 1280077515595 373.4
47.644637 25.967807 1280077518600 373.2
47.644645 25.968266 1280077523594 373.2
47.64464 25.968611 1280077527597 372.6
47.644628 25.96895 1280077531692 371.8
47.644614 25.969294 1280077535595 371.1
47.644611 25.969537 1280077538593 370.9
47.644594 25.969924 1280077543601 370.7
47.644581 25.970216 1280077547593 370.7
47.644581 25.970536 1280077551585 370.2
47.644582 25.970837 1280077555589 370.7
47.64456 25.971086 1280077558583 370.6
47.644555 25.971459 1280077563589 370.6
47.644568 25.97174 1280077567588 370.5
47.644571 25.97203 1280077571584 370.8
47.644578 25.972321 1280077575586 371.7
47.644574 25.972531 1280077578584 371.8
47.644578 25.972855 1280077583578 372.0
47.644579 25.973108 1280077587583 371.7
47.644578 25.973374 1280077591573 371.2
47.644572 25.973587 1280077595573 370.7
47.64458 25.973736 1280077598586 370.7
47.644582 25.974055 1280077603587 371.1
47.644576 25.974328 1280077607625 370.7
47.644582 25.974597 1280077611582 370.7
47.644558 25.974871 1280077615574 369.9
47.644564 25.975152 1280077619578 369.6
47.644551 25.975308 1280077622568 369.1
47.644562 25.975602 1280077627561 368.1
47.644492 25.975836 1280077631573 367.7
47.644506 25.976165 1280077635566 367.3
47.644513 25.976534 1280077639570 367.3
47.644524 25.976747 1280077642562 367.2
47.644464 25.976998 1280077647565 368.3
47.64447 25.977035 1280077651668 369.8
47.644465 25.977256 1280077655561 370.7
47.644456 25.977488 1280077659561 370.6
47.64444 25.97765 1280077662558 372.8
47.644423 25.977899 1280077667563 375.3
47.644463 25.978203 1280077671564 387.2
47.644419 25.978417 1280077675556 391.5
47.644359 25.978603 1280077679565 385.8
47.644351 25.978772 1280077682548 388.9
47.644283 25.9791 1280077687552 385.4
47.644254 25.979363 1280077691542 382.3
47.64425 25.979598 1280077695549 380.8
47.644262 25.979842 1280077699541 381.0
47.644293 25.980041 1280077702540 380.8
47.644357 25.980382 1280077707546 381.6
47.644416 25.980633 1280077711547 384.2
47.644437 25.98088 1280077715544 384.5
47.644459 25.981156 1280077719546 386.9
47.64447 25.98138 1280077722544 386.7
47.644481 25.98178 1280077727544 388.5
47.64448 25.982094 1280077731591 389.8
47.644498 25.982421 1280077735544 391.2
47.644502 25.982755 1280077739544 390.5
47.644502 25.982992 1280077742539 392.0
47.644524 25.983398 1280077747541 391.2
47.64452 25.983701 1280077751538 390.0
47.644531 25.984015 1280077755529 390.3
47.644539 25.98432 1280077759531 389.1
47.644547 25.984522 1280077762532 389.5
47.644636 25.984768 1280077767540 389.3
47.644742 25.984792 1280077771630 390.3
47.64485 25.984767 1280077775524 389.7
47.644924 25.984749 1280077779523 388.0
47.644965 25.98475 1280077782526 386.9
47.645057 25.984731 1280077787522 386.3
47.645119 25.984739 1280077791521 386.4
47.645215 25.984769 1280077795517 386.4
47.64536 25.984771 1280077799526 387.1
47.645497 25.984716 1280077802526 387.4
47.645693 25.984716 1280077807516 387.1
47.64585 25.984697 1280077811520 386.0
47.646007 25.984701 1280077815520 386.5
47.646153 25.984669 1280077819523 386.4
47.646269 25.984654 1280077822520 386.4
47.646471 25.984609 1280077827520 384.9
47.64662 25.984534 1280077831522 383.2
47.646793 25.984508 1280077835519 382.0
47.646939 25.984486 1280077839514 381.8
47.64705 25.984479 1280077842510 382.9
47.647242 25.984425 1280077847518 383.2
47.647384 25.984385 1280077851507 383.5
47.647512 25.984341 1280077855509 384.1
47.647639 25.984329 1280077859515 385.5
47.647737 25.98434 1280077862499 386.0
47.647906 25.984386 1280077867508 386.4
47.648048 25.984349 1280077871508 386.7
47.648195 25.984368 1280077875492 387.2
47.648353 25.984394 1280077879500 388.6
47.648463 25.984397 1280077882492 388.1
47.648622 25.984424 1280077887490 388.8
47.648746 25.984448 1280077891613 389.7
47.648833 25.98449 1280077895494 390.2
47.648978 25.984538 1280077899498 391.0
47.649065 25.984573 1280077902488 393.6
47.649269 25.984645 1280077907489 395.1
47.64942 25.984727 1280077911496 395.0
47.649539 25.984819 1280077915490 395.6
47.649683 25.984913 1280077919496 394.9
47.649835 25.984964 1280077922489 394.4
47.650172 25.98499 1280077927489 393.3
47.650407 25.984931 1280077931485 392.6
47.650612 25.984849 1280077935476 391.6
47.65079 25.98482 1280077939487 391.7
47.650913 25.984769 1280077942477 392.2
47.651131 25.984695 1280077947499 391.4
47.651309 25.984649 1280077951478 391.6
47.651486 25.984683 1280077955481 393.8
47.651641 25.984781 1280077959483 394.8
47.651733 25.984865 1280077962476 395.0
47.651791 25.985106 1280077967479 396.1
47.651865 25.985276 1280077971469 395.4
47.651954 25.985397 1280077975474 395.5
47.652087 25.985483 1280077979476 394.1
47.652166 25.985546 1280077982469 395.1
47.652309 25.985671 1280077987473 395.6
47.652447 25.985763 1280077991470 395.7
47.652589 25.985873 1280077995472 396.4
47.652745 25.985985 1280077999467 396.3
47.652798 25.98608 1280078002463 397.7
47.652948 25.986226 1280078007459 399.9
47.653132 25.986345 1280078011565 399.6
47.653311 25.986457 1280078015468 397.9
47.653459 25.986517 1280078019468 398.5
47.653607 25.98653 1280078022461 398.2
47.653845 25.986564 1280078027455 400.9
47.65402 25.986565 1280078031458 400.1
47.654188 25.986587 1280078035459 402.4
47.654357 25.986626 1280078039448 403.3
47.654487 25.986647 1280078042448 403.9
47.654696 25.986725 1280078047446 403.1
47.654853 25.986785 1280078051451 404.3
47.655003 25.986844 1280078055445 403.8
47.655151 25.986898 1280078059449 403.5
47.655274 25.986919 1280078062451 403.7
47.655457 25.986981 1280078067446 405.0
47.655593 25.987032 1280078071448 406.6
47.655726 25.987108 1280078075447 408.0
47.655851 25.987164 1280078079444 407.9
47.655984 25.987217 1280078083447 408.0
47.656086 25.987254 1280078086440 409.5
47.656264 25.987284 1280078091446 408.3
47.6564 25.987297 1280078095447 408.9
47.656532 25.987308 1280078099434 409.0
47.656676 25.9873 1280078103444 409.0
47.656787 25.987278 1280078106442 408.9
47.656974 25.987236 1280078111438 408.7
47.657112 25.987194 1280078115438 407.9
47.65727 25.987164 1280078119428 406.9
47.657404 25.987166 1280078123429 406.2
47.657512 25.987202 1280078126427 406.4
47.657701 25.987265 1280078131529 408.4
47.657945 25.987466 1280078135957 410.3
47.658031 25.987582 1280078138956 408.5
47.658171 25.987792 1280078143959 405.6
47.658312 25.987996 1280078147959 405.9
47.658463 25.988246 1280078151951 407.3
47.65859 25.988544 1280078155953 410.2
47.658675 25.988796 1280078158965 411.4
47.65878 25.989225 1280078163948 411.6
47.658858 25.989586 1280078167953 411.2
47.658993 25.989965 1280078171951 407.7
47.659159 25.990399 1280078175951 406.2
47.659292 25.990728 1280078178954 408.2
47.659474 25.991327 1280078183938 404.6
47.659616 25.991823 1280078187941 399.6
47.659802 25.992316 1280078191941 396.4
47.659979 25.992842 1280078195951 389.6
47.660042 25.99327 1280078198942 387.0
47.66015 25.993926 1280078203939 381.2
47.660285 25.994379 1280078207940 381.1
47.660509 25.994811 1280078211945 381.8
47.660784 25.995222 1280078215932 382.4
47.660993 25.99573 1280078219942 380.0
47.661125 25.996133 1280078222945 377.6
47.661362 25.996751 1280078227931 374.8
47.661553 25.997185 1280078231928 372.3
47.661704 25.997628 1280078235925 370.3
47.661844 25.998211 1280078239931 369.4
47.661935 25.998642 1280078242928 367.4
47.662079 25.999348 1280078247923 361.5
47.662168 25.999881 1280078251944 354.7
47.662332 26.000395 1280078255923 352.3
47.66244 26.000856 1280078259918 350.9
47.662498 26.001157 1280078262922 349.5
47.662653 26.001494 1280078267922 349.5
47.662819 26.001698 1280078271931 348.5
47.662878 26.001936 1280078275920 353.4
47.662896 26.002212 1280078279918 350.7
47.662922 26.002467 1280078282927 349.7
47.662925 26.002862 1280078287915 344.7
47.662962 26.003182 1280078291917 342.6
47.663011 26.0035 1280078295926 343.0
47.663078 26.003772 1280078299923 345.5
47.663154 26.003933 1280078302920 347.0
47.663273 26.004163 1280078307914 347.7
47.663432 26.004295 1280078311907 343.7
47.663557 26.004469 1280078315919 345.0
47.663706 26.004664 1280078319905 346.1
47.663761 26.004756 1280078322908 344.5
47.663939 26.004984 1280078327916 344.0
47.664112 26.00515 1280078331910 345.4
47.66434 26.005418 1280078335903 345.0
47.664455 26.005745 1280078339909 347.3
47.66458 26.005978 1280078342911 347.1
47.664785 26.006282 1280078347901 351.8
47.66492 26.00647 1280078351912 353.3
47.665009 26.006642 1280078355909 354.1
47.665122 26.006888 1280078359905 353.5
47.66519 26.007091 1280078362906 351.3
47.665315 26.007456 1280078367904 348.5
47.665456 26.007772 1280078371898 350.5
47.66555 26.00806 1280078375903 349.5
47.665662 26.008356 1280078379908 349.6
47.665742 26.008586 1280078382900 350.0
47.665828 26.008895 1280078387903 348.7
47.665947 26.009165 1280078391900 351.5
47.666028 26.009462 1280078395897 351.9
47.666092 26.00978 1280078399892 356.6
47.665958 26.009915 1280078402897 355.9
47.665913 26.010257 1280078407901 347.5
47.665928 26.010524 1280078411898 343.9
47.665953 26.010778 1280078415896 345.1
47.666014 26.011083 1280078419894 344.5
47.666055 26.011312 1280078422891 345.4
47.66604 26.011583 1280078427886 342.4
47.666068 26.011848 1280078431880 328.5
47.666129 26.012107 1280078435881 319.8
47.666263 26.012393 1280078439881 316.7
47.666382 26.012605 1280078442886 314.0
47.666584 26.01295 1280078447882 314.5
47.666632 26.013171 1280078451886 314.6
47.666727 26.013392 1280078455879 314.7
47.667002 26.01365 1280078459882 316.6
47.667118 26.013827 1280078462881 316.8
47.667363 26.0141 1280078467878 321.4
47.667586 26.014224 1280078471868 326.4
47.667819 26.01424 1280078475876 329.3
47.668043 26.014246 1280078479880 335.3
47.668193 26.01423 1280078482878 335.3
47.668447 26.014139 1280078487874 335.0
47.668635 26.01418 1280078491879 336.8
47.66881 26.014319 1280078495867 338.3
47.668897 26.014547 1280078499869 338.6
47.668954 26.014783 1280078502874 339.1
47.669046 26.015116 1280078507870 339.0
47.669158 26.015328 1280078511933 340.2
47.669324 26.015525 1280078515869 340.5
47.669532 26.015706 1280078519870 338.8
47.669653 26.015814 1280078522869 339.1
47.669894 26.016023 1280078527863 342.2
47.670074 26.016156 1280078531865 343.7
47.670247 26.016283 1280078535859 342.8
47.670406 26.016413 1280078539863 343.1
47.670543 26.016488 1280078542863 339.6
47.67075 26.01659 1280078547850 337.9
47.670939 26.016692 1280078551853 338.7
47.671097 26.016773 1280078555856 340.9
47.671275 26.016854 1280078559857 342.0
47.671412 26.016908 1280078562858 343.7
47.671634 26.016984 1280078567854 342.8
47.671772 26.017136 1280078571853 343.6
47.671939 26.017152 1280078575846 342.2
47.67211 26.017185 1280078579851 341.7
47.672249 26.017198 1280078582847 341.8
47.672448 26.017269 1280078587846 342.1
47.672628 26.017313 1280078591847 342.7
47.672802 26.017377 1280078595850 341.7
47.672964 26.017447 1280078599843 340.5
47.673092 26.017527 1280078602839 341.3
47.673332 26.017687 1280078607843 340.1
47.673561 26.017842 1280078611841 339.4
47.673799 26.01803 1280078615843 338.9
47.674018 26.018212 1280078619843 339.6
47.674162 26.018338 1280078622840 340.9
47.674367 26.018554 1280078627833 340.6
47.674527 26.018733 1280078631836 340.3
47.67468 26.01892 1280078635829 338.6
47.674792 26.019088 1280078639829 338.5
47.674867 26.01922 1280078642829 338.2
47.675009 26.019381 1280078647831 338.8
47.675108 26.019493 1280078651824 340.6
47.675214 26.019577 1280078655823 340.7
47.675311 26.019618 1280078659827 340.9
47.675373 26.019638 1280078662827 340.8
47.67551 26.019612 1280078667817 340.1
47.675622 26.01964 1280078671826 339.4
47.675762 26.019621 1280078675821 338.3
47.675886 26.019608 1280078679813 338.2
47.675958 26.019606 1280078682824 339.1
47.676111 26.019628 1280078687818 342.4
47.676251 26.019602 1280078691816 342.3
47.676382 26.019602 1280078695819 342.8
47.676537 26.019569 1280078699813 341.5
47.676678 26.01956 1280078702805 342.4
47.676924 26.01952 1280078707815 341.4
47.677134 26.019523 1280078711810 342.1
47.677334 26.019551 1280078715808 342.4
47.67755 26.019499 1280078719813 340.1
47.677692 26.01954 1280078722813 344.3
47.677919 26.019587 1280078727811 345.7
47.678086 26.019728 1280078731795 346.5
47.678244 26.019874 1280078735808 348.1
47.678397 26.019973 1280078739807 348.1
47.678501 26.020046 1280078742797 348.2
47.678698 26.020187 1280078747796 346.3
47.678866 26.020313 1280078751792 346.2
47.67906 26.020467 1280078755802 345.1
47.679157 26.020628 1280078759793 345.1
47.679275 26.020751 1280078762801 344.9
47.679512 26.020984 1280078767796 344.6
47.679724 26.02123 1280078771788 344.1
47.679887 26.021479 1280078775799 342.2
47.680063 26.021731 1280078779792 340.9
47.680189 26.021924 1280078782787 340.3
47.68045 26.022262 1280078787785 339.7
47.680669 26.022527 1280078791782 341.0
47.680861 26.022807 1280078795784 341.7
47.681027 26.023105 1280078799794 342.0
47.681141 26.023332 1280078802791 341.9
47.681346 26.023704 1280078807792 341.6
47.68151 26.023992 1280078811780 341.1
47.681686 26.024234 1280078815785 340.7
47.681876 26.024421 1280078819784 340.1
47.682072 26.024591 1280078823783 339.4
47.682098 26.024725 1280078826780 339.2
47.682339 26.02501 1280078831773 338.8
47.682455 26.025238 1280078835776 338.5
47.682536 26.025446 1280078839768 338.2
47.682593 26.025661 1280078843782 338.6
47.682617 26.025824 1280078846774 339.7
47.682674 26.026087 1280078851782 339.6
47.682775 26.026314 1280078855770 339.2
47.682851 26.026553 1280078859773 339.3
47.682978 26.026857 1280078863773 339.6
47.68306 26.027081 1280078866774 338.3
47.683197 26.027396 1280078871775 337.5
47.683222 26.027529 1280078875770 337.4
47.683243 26.02755 1280078879773 336.9
47.68324 26.027544 1280078884605 337.0