47.683268 26.02768 1280674954386 342.8
47.683264 26.027673 1280674959385 341.5
47.683268 26.027573 1280674963394 341.9
47.683214 26.027442 1280674967384 343.7
47.683144 26.02729 1280674971378 344.1
47.683088 26.027173 1280674974385 343.7
47.683025 26.026958 1280674979388 343.4
47.682967 26.026712 1280674983384 342.6
47.682899 26.026448 1280674987379 340.8
47.682837 26.026176 1280674991383 340.0
47.682777 26.025901 1280674994382 336.9
47.682705 26.025673 1280674999381 336.4
47.682641 26.02549 1280675003360 335.7
47.682518 26.02529 1280675007369 335.9
47.682381 26.025043 1280675011377 335.9
47.68229 26.024844 1280675014367 335.2
47.68212 26.024551 1280675019371 336.3
47.681719 26.02425 1280675027419 338.2
47.681545 26.024039 1280675031363 337.6
47.681313 26.023653 1280675039368 338.3
47.681213 26.023448 1280675043361 338.3
47.68112 26.023285 1280675047371 337.5
47.681032 26.023104 1280675051400 336.2
47.680955 26.022985 1280675054359 336.5
47.680829 26.022756 1280675059364 336.8
47.680732 26.022579 1280675063351 337.1
47.680622 26.022394 1280675067355 336.8
47.680496 26.02219 1280675071350 336.9
47.680399 26.022061 1280675074356 337.5
47.680242 26.021858 1280675079344 338.9
47.680116 26.021662 1280675083351 338.3
47.679993 26.021475 1280675087345 337.6
47.679866 26.021316 1280675091339 339.2
47.679772 26.021196 1280675094336 340.1
47.679608 26.021017 1280675099345 341.8
47.679496 26.020894 1280675103327 344.1
47.679406 26.020789 1280675107329 345.4
47.679313 26.020646 1280675110660 347.9
47.679222 26.020533 1280675114657 345.6
47.679106 26.020418 1280675118664 346.5
47.678995 26.020325 1280675121661 347.6
47.678799 26.020181 1280675126659 348.5
47.678631 26.020055 1280675130657 348.8
47.678469 26.019925 1280675134650 349.4
47.678288 26.019833 1280675138654 349.5
47.678138 26.019742 1280675141669 349.2
47.677879 26.01961 1280675146654 352.1
47.677659 26.019526 1280675150668 354.0
47.677412 26.019505 1280675154667 353.8
47.677156 26.019517 1280675158652 351.8
47.67693 26.019536 1280675162665 352.7
47.676672 26.019528 1280675166656 350.4
47.676453 26.019549 1280675170664 351.7
47.676272 26.019552 1280675174649 352.4
47.676088 26.019566 1280675178646 353.8
47.675913 26.019594 1280675182651 355.0
47.675796 26.019612 1280675185667 357.2
47.675541 26.019562 1280675190639 359.6
47.675251 26.019338 1280675194653 362.0
47.674986 26.019034 1280675198634 357.6
47.674692 26.018668 1280675203630 351.9
47.674461 26.018447 1280675207627 350.8
47.674254 26.018276 1280675210642 348.7
47.67397 26.018016 1280675215627 347.9
47.673737 26.017849 1280675219632 346.8
47.673568 26.017747 1280675222650 345.5
47.673367 26.017609 1280675227626 346.3
47.673282 26.017554 1280675230626 346.3
47.673123 26.017452 1280675235632 347.7
47.672939 26.017348 1280675239629 342.9
47.672806 26.017266 1280675243620 346.6
47.67262 26.0172 1280675247644 345.7
47.672498 26.01714 1280675250630 346.0
47.67226 26.017063 1280675255623 344.8
47.672089 26.017002 1280675259620 347.3
47.671896 26.016927 1280675263616 347.8
47.671716 26.016848 1280675267618 348.0
47.671562 26.016788 1280675270619 345.1
47.671342 26.016716 1280675275610 342.2
47.67118 26.016623 1280675279620 343.8
47.670975 26.016533 1280675283616 343.8
47.67073 26.016444 1280675287632 341.7
47.670564 26.016357 1280675290617 341.5
47.670282 26.01621 1280675295617 343.5
47.670053 26.016104 1280675299619 341.4
47.669892 26.015956 1280675303611 341.7
47.669652 26.015756 1280675307624 335.8
47.669485 26.015612 1280675310603 334.8
47.669249 26.01534 1280675315603 335.0
47.669116 26.015023 1280675319598 335.1
47.669041 26.014685 1280675323628 333.8
47.668931 26.01441 1280675327610 334.2
47.668794 26.014269 1280675330596 334.7
47.668481 26.014237 1280675335587 335.8
47.66826 26.014284 1280675339639 337.7
47.668028 26.014351 1280675343584 337.5
47.667759 26.014367 1280675347603 337.3
47.667573 26.014298 1280675350597 336.4
47.667339 26.014033 1280675355585 339.0
47.667167 26.013801 1280675359595 339.9
47.667024 26.013522 1280675363591 339.0
47.666892 26.013266 1280675367617 338.9
47.666762 26.013039 1280675371594 339.1
47.666657 26.01287 1280675374578 338.8
47.666485 26.012601 1280675379584 339.5
47.666344 26.012416 1280675383589 341.4
47.666258 26.012204 1280675387620 342.2
47.666191 26.011972 1280675391586 342.3
47.666161 26.011753 1280675394588 342.8
47.666153 26.011401 1280675399572 345.4
47.666139 26.0111 1280675403582 346.7
47.666091 26.010798 1280675407571 348.1
47.666079 26.010501 1280675411578 347.3
47.666109 26.010268 1280675414576 347.1
47.666147 26.00991 1280675419570 347.1
47.666125 26.009614 1280675423578 339.9
47.666087 26.009305 1280675427567 338.8
47.666013 26.009027 1280675431575 339.8
47.665934 26.008825 1280675434558 340.2
47.665827 26.008488 1280675439569 338.8
47.66575 26.008201 1280675443571 339.0
47.665657 26.007997 1280675447566 339.8
47.665577 26.007727 1280675451559 342.2
47.665515 26.007522 1280675454559 343.8
47.665438 26.007152 1280675459567 342.3
47.665351 26.006908 1280675463605 342.0
47.665251 26.006704 1280675467556 342.3
47.665125 26.00652 1280675471547 343.9
47.66507 26.006407 1280675474561 344.8
47.664839 26.00614 1280675479546 345.5
47.664773 26.00584 1280675483562 343.5
47.66459 26.005533 1280675487551 342.3
47.664391 26.005294 1280675491549 342.3
47.664239 26.005133 1280675494540 341.6
47.664005 26.004878 1280675499538 344.5
47.663863 26.004702 1280675503539 346.0
47.6637 26.004511 1280675507537 345.3
47.663554 26.004306 1280675511541 345.9
47.663463 26.004162 1280675514536 348.9
47.663331 26.003865 1280675519537 350.8
47.663235 26.00356 1280675523546 349.1
47.663163 26.003244 1280675527530 346.7
47.66307 26.002941 1280675531538 341.1
47.663022 26.002717 1280675534526 339.9
47.662976 26.00236 1280675539525 339.8
47.662936 26.002081 1280675543537 338.7
47.662936 26.002081 1280675543537 338.7
47.662938 26.001861 1280675547534 338.8
47.662897 26.001639 1280675551535 337.3
47.662805 26.001503 1280675554522 337.7
47.662617 26.001266 1280675559526 337.2
47.662505 26.001065 1280675563526 337.7
47.662424 26.000821 1280675567510 336.9
47.662363 26.000581 1280675571526 337.3
47.66232 26.000395 1280675574512 337.2
47.662255 26.000132 1280675579505 337.2
47.662183 25.999879 1280675583515 337.1
47.66211 25.99964 1280675587507 336.4
47.662068 25.999464 1280675591511 336.5
47.662068 25.999464 1280675591511 336.5
47.662032 25.999299 1280675595512 337.8
47.662032 25.999299 1280675595512 337.8
47.66201 25.999143 1280675598515 337.8
47.661928 25.998931 1280675603517 340.2
47.661928 25.998931 1280675603517 340.2
47.661837 25.998722 1280675607512 341.1
47.66183 25.998508 1280675611499 340.7
47.661785 25.998319 1280675615512 340.2
47.661785 25.998319 1280675615512 340.2
47.661774 25.998208 1280675618509 341.2
47.661763 25.998052 1280675623508 341.3
47.661772 25.99793 1280675627498 340.4
47.661765 25.997812 1280675631495 341.6
47.661759 25.997707 1280675635499 341.7
47.661749 25.997647 1280675638503 341.0
47.661705 25.99754 1280675643492 343.2
47.661665 25.997422 1280675647584 345.8
47.661625 25.997339 1280675651489 347.5
47.661572 25.997256 1280675655500 349.2
47.661572 25.997256 1280675655500 349.2
47.661548 25.997184 1280675658487 350.3
47.661525 25.997058 1280675663493 355.1
47.66147 25.996961 1280675667491 356.0
47.661384 25.996861 1280675671491 356.7
47.661337 25.99676 1280675675495 356.0
47.661296 25.996694 1280675678482 357.3
47.661254 25.996573 1280675683478 359.4
47.661224 25.996449 1280675687480 360.1
47.661189 25.996335 1280675691488 360.9
47.661145 25.996205 1280675695472 361.8
47.661103 25.996097 1280675698477 362.0
47.661073 25.995953 1280675703481 362.1
47.661028 25.995815 1280675707479 362.8
47.660984 25.995684 1280675711468 363.9
47.66092 25.995547 1280675715477 364.7
47.660891 25.995446 1280675718472 365.0
47.660838 25.995303 1280675723464 367.8
47.660792 25.995196 1280675727508 366.8
47.660704 25.995072 1280675731461 367.6
47.660633 25.994946 1280675735468 369.6
47.660583 25.994861 1280675738457 370.5
47.660493 25.994698 1280675743464 370.5
47.660418 25.994589 1280675747456 371.3
47.660364 25.994484 1280675751462 371.5
47.66028 25.994407 1280675755458 371.8
47.660243 25.994334 1280675758451 372.0
47.660238 25.994183 1280675763460 370.4
47.660227 25.994054 1280675767457 372.1
47.660195 25.994001 1280675771459 373.7
47.660166 25.993866 1280675775458 374.6
47.660144 25.993762 1280675778457 375.5
47.660123 25.993575 1280675783453 376.4
47.660093 25.993406 1280675787454 375.0
47.66006 25.993261 1280675791453 376.6
47.660044 25.993073 1280675795459 375.5
47.659999 25.992922 1280675799453 375.8
47.659969 25.992813 1280675802449 376.1
47.659913 25.992621 1280675807444 377.2
47.659867 25.99248 1280675811486 378.6
47.659819 25.992363 1280675815437 379.4
47.659777 25.992258 1280675819443 380.8
47.659744 25.992177 1280675822440 381.7
47.659705 25.992056 1280675827437 382.2
47.659665 25.991957 1280675831443 382.2
47.659617 25.991816 1280675835438 387.5
47.659559 25.991695 1280675839440 387.1
47.659524 25.991612 1280675842437 387.9
47.659485 25.991457 1280675847427 388.0
47.659455 25.991353 1280675851429 388.8
47.659441 25.99124 1280675855424 391.2
47.65941 25.991144 1280675859431 392.7
47.659383 25.991046 1280675862424 392.3
47.659323 25.990878 1280675867431 391.1
47.659285 25.990753 1280675871435 391.0
47.659241 25.990604 1280675875421 388.9
47.659193 25.990505 1280675879426 390.8
47.65916 25.990391 1280675882436 390.9
47.659097 25.990223 1280675887415 392.6
47.659052 25.990106 1280675891417 393.1
47.658995 25.98998 1280675895418 393.2
47.65895 25.989857 1280675899427 393.7
47.658921 25.989768 1280675902414 394.1
47.658887 25.989646 1280675907413 395.7
47.658848 25.989592 1280675911417 397.9
47.65881 25.989476 1280675915414 399.1
47.658777 25.989335 1280675919416 399.8
47.658755 25.989261 1280675922414 402.0
47.658731 25.98912 1280675927409 403.1
47.6587 25.988921 1280675931408 400.6
47.658669 25.988717 1280675935408 400.4
47.658622 25.988577 1280675939404 402.7
47.658587 25.988464 1280675942407 402.9
47.658509 25.988282 1280675947413 403.3
47.658426 25.988117 1280675951394 403.6
47.658336 25.987968 1280675955405 404.4
47.658244 25.987796 1280675959401 401.8
47.658173 25.98768 1280675962408 401.3
47.658051 25.987514 1280675967389 402.6
47.657955 25.987388 1280675971399 403.8
47.657819 25.987292 1280675975396 403.9
47.657689 25.9872 1280675979394 403.7
47.657563 25.987159 1280675982395 403.8
47.657367 25.987119 1280675987397 403.7
47.657205 25.987101 1280675991390 402.0
47.657094 25.987105 1280675995389 403.3
47.656976 25.98708 1280675999383 403.8
47.656865 25.987098 1280676002386 403.7
47.656693 25.987163 1280676007378 402.1
47.656587 25.987199 1280676011381 399.6
47.656454 25.987213 1280676015391 400.3
47.656293 25.987189 1280676019384 401.9
47.65615 25.987179 1280676022380 399.8
47.655943 25.987101 1280676027379 397.0
47.655749 25.987018 1280676031375 395.0
47.655545 25.986938 1280676035377 394.1
47.655318 25.98684 1280676039390 397.5
47.655208 25.98676 1280676042388 401.8
47.65497 25.986641 1280676047382 404.3
47.654659 25.986577 1280676051375 404.5
47.654368 25.986548 1280676055376 404.8
47.654005 25.986541 1280676059377 405.0
47.653661 25.986514 1280676063381 405.5
47.653463 25.986456 1280676066366 407.0
47.653157 25.986227 1280676071363 406.8
47.652904 25.986049 1280676075367 406.0
47.652732 25.985883 1280676079362 406.9
47.65257 25.985666 1280676083366 406.9
47.652417 25.985515 1280676086359 406.2
47.652168 25.985272 1280676091355 403.7
47.651924 25.984991 1280676095369 397.4
47.651723 25.984614 1280676099349 394.5
47.651485 25.984454 1280676103363 393.7
47.651203 25.984544 1280676106360 393.7
47.650819 25.984624 1280676111355 393.1
47.65046 25.984838 1280676115352 393.6
47.650115 25.984862 1280676119346 393.9
47.649888 25.984804 1280676123336 394.6
47.649725 25.984655 1280676126344 395.3
47.649416 25.984501 1280676131438 396.2
47.649158 25.984411 1280676135348 396.7
47.6489 25.984375 1280676139339 395.9
47.648658 25.984314 1280676143350 395.2
47.648471 25.984306 1280676146338 395.2
47.648147 25.984247 1280676151338 397.1
47.64794 25.984242 1280676155335 397.9
47.647671 25.984255 1280676159336 398.4
47.647352 25.984333 1280676163338 397.0
47.647136 25.98439 1280676166332 397.0
47.64678 25.984466 1280676171333 398.3
47.646482 25.984476 1280676175333 398.2
47.64617 25.984541 1280676179332 399.9
47.645884 25.984574 1280676183334 397.4
47.645642 25.984595 1280676186317 394.2
47.645202 25.984646 1280676191318 392.9
47.644882 25.984718 1280676195325 389.7
47.64467 25.984737 1280676199318 387.0
47.644484 25.984534 1280676203323 386.8
47.644438 25.984315 1280676206319 385.3
47.644457 25.983934 1280676211313 384.4
47.644457 25.983934 1280676211313 384.4
47.644469 25.983621 1280676215324 384.8
47.644476 25.983318 1280676219314 382.7
47.644485 25.98302 1280676223322 382.2
47.644487 25.982807 1280676226303 383.3
47.644496 25.982423 1280676231311 383.4
47.644498 25.982077 1280676235306 386.2
47.644481 25.981762 1280676239310 388.6
47.644472 25.981439 1280676243316 387.9
47.644461 25.981204 1280676246309 383.6
47.644437 25.980832 1280676251305 381.7
47.644376 25.980289 1280676259300 379.8
47.644324 25.980018 1280676263300 380.3
47.644304 25.979793 1280676266303 380.3
47.644272 25.979443 1280676271302 381.4
47.644296 25.979147 1280676275306 381.9
47.64429 25.978891 1280676279292 382.4
47.644383 25.978648 1280676283304 382.9
47.644444 25.978445 1280676286291 383.0
47.644486 25.977991 1280676291300 385.1
47.644479 25.977639 1280676295295 385.4
47.644484 25.977288 1280676299288 385.9
47.644501 25.976866 1280676303300 385.2
47.644528 25.976571 1280676306298 385.8
47.644543 25.975966 1280676311299 383.3
47.644551 25.975514 1280676315289 383.9
47.644651 25.97509 1280676319280 381.0
47.644629 25.974637 1280676323288 378.9
47.644633 25.974312 1280676326286 378.0
47.644547 25.973843 1280676331273 374.6
47.644566 25.973496 1280676335282 373.3
47.644564 25.973155 1280676339284 374.5
47.64457 25.972933 1280676345818 373.7
47.644563 25.972593 1280676347471 372.6
47.644575 25.972072 1280676351474 369.9
47.644583 25.971666 1280676354474 370.0
47.644591 25.970958 1280676359473 369.8
47.644586 25.970422 1280676363475 369.6
47.644591 25.969892 1280676367478 369.2
47.644571 25.969392 1280676371558 366.9
47.644571 25.969057 1280676374464 368.1
47.644606 25.968534 1280676379470 367.9
47.644632 25.968298 1280676383473 367.8
47.644629 25.967918 1280676387489 366.3
47.644648 25.967528 1280676391466 367.1
47.644662 25.967127 1280676394523 365.1
47.644663 25.96658 1280676399460 363.6
47.644654 25.966209 1280676403482 364.8
47.644645 25.965885 1280676407463 366.2
47.644636 25.965592 1280676411468 366.9
47.644617 25.965422 1280676414538 368.3
47.644609 25.965128 1280676418463 368.6
47.644597 25.964808 1280676423457 368.4
47.644571 25.964537 1280676427459 368.4
47.644561 25.964275 1280676431454 370.0
47.64455 25.963799 1280676438447 371.8
47.64455 25.963448 1280676443448 371.7
47.644603 25.963188 1280676447454 372.5
47.644621 25.962932 1280676451452 374.9
47.644623 25.962596 1280676455458 375.3
47.644656 25.962367 1280676458451 374.2
47.64463 25.962058 1280676463453 373.7
47.644625 25.961775 1280676467460 373.9
47.644645 25.961492 1280676471451 373.6
47.644649 25.96124 1280676475450 375.2
47.64463 25.961054 1280676478450 376.7
47.64462 25.96077 1280676483449 376.5
47.644618 25.96051 1280676487453 377.6
47.644623 25.960265 1280676491443 377.5
47.644627 25.960027 1280676495452 379.1
47.644629 25.959828 1280676498440 379.5
47.644636 25.959499 1280676503436 378.7
47.644638 25.959254 1280676507453 379.5
47.644646 25.958992 1280676511447 379.3
47.644645 25.958721 1280676515442 379.2
47.644648 25.958507 1280676518432 377.6
47.644662 25.958118 1280676523442 376.0
47.644649 25.95778 1280676527446 375.1
47.644654 25.95747 1280676531439 375.0
47.644656 25.957197 1280676535435 375.8
47.644657 25.956944 1280676538441 376.2
47.644668 25.956499 1280676543443 373.5
47.644649 25.956159 1280676547492 369.7
47.644555 25.955855 1280676551444 367.2
47.644418 25.955517 1280676555445 364.6
47.644271 25.955145 1280676559434 363.9
47.644139 25.95484 1280676562444 364.4
47.643906 25.954291 1280676567444 364.0
47.64375 25.953869 1280676571425 364.3
47.643578 25.953459 1280676575432 364.5
47.643431 25.953066 1280676579442 365.3
47.643325 25.952799 1280676582430 365.2
47.643165 25.95239 1280676587427 366.0
47.643047 25.952101 1280676591440 366.8
47.642956 25.951834 1280676595423 364.3
47.642839 25.951565 1280676599437 362.6
47.642711 25.951371 1280676602417 362.7
47.642486 25.951089 1280676607428 364.0
47.642311 25.950868 1280676611445 364.6
47.642135 25.950656 1280676615497 365.5
47.641917 25.950416 1280676619427 365.8
47.641783 25.950218 1280676622419 365.7
47.641571 25.949936 1280676627420 364.2
47.641407 25.949741 1280676631413 363.8
47.641241 25.949556 1280676635419 362.3
47.64109 25.949379 1280676639413 361.3
47.640993 25.949264 1280676642420 363.3
47.640836 25.949078 1280676647426 364.6
47.640712 25.948937 1280676651413 367.2
47.640587 25.948776 1280676655413 365.0
47.640452 25.948599 1280676659414 363.9
47.64036 25.948461 1280676662423 362.9
47.640235 25.94818 1280676667411 361.4
47.640166 25.947953 1280676671417 363.2
47.64009 25.94773 1280676675406 364.1
47.64002 25.947524 1280676679419 365.0
47.639961 25.94735 1280676682398 364.6
47.639864 25.947072 1280676687409 364.2
47.639798 25.946879 1280676691402 366.9
47.639705 25.946661 1280676695407 367.7
47.639611 25.94645 1280676699412 367.0
47.639512 25.946317 1280676702401 367.2
47.63934 25.94611 1280676707399 368.3
47.639189 25.945949 1280676711404 368.9
47.639046 25.945791 1280676715402 366.9
47.638901 25.945626 1280676719398 364.7
47.638794 25.945495 1280676722402 364.8
47.638615 25.945305 1280676727394 366.8
47.638468 25.945122 1280676731400 366.3
47.638313 25.944941 1280676735403 363.5
47.638162 25.944772 1280676739397 363.9
47.638058 25.944619 1280676742398 366.8
47.637898 25.944398 1280676747404 369.5
47.637727 25.944215 1280676751390 368.6
47.637554 25.944043 1280676755388 366.0
47.637437 25.943845 1280676759383 367.1
47.637301 25.943724 1280676762396 367.7
47.637144 25.943525 1280676767391 370.0
47.637029 25.943335 1280676771394 372.4
47.636941 25.94311 1280676775386 371.6
47.63684 25.942857 1280676779396 371.6
47.636775 25.942665 1280676782392 370.6
47.636676 25.942363 1280676787387 373.7
47.636641 25.942155 1280676791396 376.6
47.636592 25.941917 1280676795387 373.3
47.636551 25.941674 1280676799388 372.1
47.636527 25.941426 1280676803392 371.5
47.636501 25.941225 1280676806394 370.3
47.636488 25.940935 1280676811386 369.8
47.636508 25.940743 1280676815393 371.4
47.636535 25.940517 1280676819389 372.5
47.63657 25.940291 1280676823401 372.8
47.63658 25.940124 1280676826385 373.3
47.636631 25.939901 1280676831378 377.1
47.636675 25.939718 1280676835384 377.7
47.636724 25.93951 1280676839383 378.6
47.636752 25.939255 1280676843381 379.4
47.636773 25.939087 1280676846437 381.6
47.63682 25.938815 1280676851384 383.3
47.636854 25.938557 1280676855387 383.6
47.636882 25.938282 1280676859372 382.8
47.636915 25.937967 1280676863382 379.6
47.636945 25.937789 1280676866379 379.1
47.636998 25.937462 1280676871374 378.1
47.637041 25.937232 1280676875380 378.4
47.637098 25.936975 1280676879375 378.0
47.637147 25.936703 1280676883379 377.7
47.63718 25.936489 1280676886372 377.0
47.637244 25.936168 1280676891371 377.2
47.637305 25.935881 1280676895376 376.8
47.637355 25.935597 1280676899370 376.9
47.637409 25.935324 1280676903370 377.6
47.637448 25.93513 1280676906365 378.5
47.637545 25.934693 1280676911184 379.1
47.637588 25.934505 1280676914174 378.5
47.637646 25.934195 1280676919179 378.2
47.637696 25.933939 1280676923190 377.7
47.637751 25.933692 1280676927178 377.5
47.637807 25.933413 1280676931188 377.7
47.637875 25.93318 1280676934180 377.5
47.637941 25.932785 1280676939177 376.9
47.637935 25.932438 1280676943234 374.8
47.637993 25.932144 1280676947168 375.0
47.638041 25.931851 1280676951172 375.8
47.638073 25.931647 1280676954171 376.6
47.638125 25.931321 1280676959171 379.1
47.638161 25.931079 1280676963174 379.1
47.638189 25.930894 1280676967237 383.0
47.638222 25.930662 1280676971182 383.5
47.638228 25.930486 1280676974172 384.2
47.638282 25.930141 1280676979171 381.8
47.638333 25.929867 1280676983178 379.9
47.63841 25.929632 1280676987167 379.0
47.638535 25.929437 1280676991176 379.4
47.638659 25.929324 1280676994178 380.5
47.638835 25.929087 1280676999168 381.8
47.638911 25.928865 1280677003170 382.1
47.639007 25.928613 1280677007171 382.7
47.63909 25.928371 1280677011160 385.4
47.639194 25.92813 1280677015173 386.7
47.639258 25.927926 1280677018158 387.1
47.639369 25.927612 1280677023163 387.8
47.639456 25.927404 1280677027149 389.1
47.639536 25.927175 1280677031153 387.7
47.639598 25.926929 1280677035163 386.2
47.639639 25.926706 1280677038159 381.7
47.639715 25.926412 1280677043159 379.9
47.639765 25.9262 1280677047162 380.3
47.639844 25.925995 1280677051151 380.5
47.639953 25.925853 1280677055155 382.3
47.639975 25.925685 1280677058157 382.5
47.640027 25.925378 1280677063162 381.6
47.640103 25.925174 1280677067156 384.3
47.640181 25.924964 1280677071166 385.9
47.640311 25.924635 1280677078147 390.6
47.640395 25.924418 1280677083144 393.7
47.640457 25.924251 1280677087148 393.7
47.640524 25.924101 1280677091158 393.0
47.640584 25.923949 1280677095152 393.3
47.640633 25.923804 1280677098144 393.4
47.640717 25.923525 1280677103147 393.4
47.64077 25.923134 1280677111138 395.4
47.640758 25.923078 1280677115142 396.2
47.640738 25.923004 1280677118150 395.7
47.640606 25.922843 1280677123149 389.6
47.640472 25.922759 1280677127143 386.6
47.640308 25.922689 1280677131137 386.4
47.640042 25.922537 1280677138150 389.9
47.639847 25.922417 1280677143135 390.7
47.639703 25.922317 1280677147133 388.9
47.639535 25.922231 1280677151137 388.6
47.639338 25.922144 1280677155132 389.3
47.639223 25.922059 1280677158132 388.3
47.639016 25.921917 1280677163140 388.6
47.638843 25.921802 1280677167141 390.0
47.638665 25.921628 1280677171136 389.7
47.638515 25.921405 1280677175143 390.3
47.638421 25.921201 1280677178137 390.6
47.638307 25.920915 1280677182129 390.3
47.638186 25.920552 1280677187134 389.9
47.638081 25.920281 1280677191130 388.9
47.637975 25.920028 1280677195131 385.7
47.637896 25.919804 1280677199140 386.4
47.637846 25.919637 1280677202128 385.5
47.637805 25.91937 1280677207129 386.5
47.637774 25.919167 1280677211129 387.2
47.637747 25.918972 1280677215118 387.7
47.637719 25.918765 1280677219126 386.3
47.637685 25.918621 1280677222125 386.9
47.637626 25.918365 1280677227131 388.2
47.637585 25.918148 1280677231130 387.9
47.637561 25.917956 1280677235123 388.3
47.637533 25.917787 1280677239120 387.8
47.637519 25.917652 1280677242131 387.3
47.637481 25.917433 1280677247230 387.1
47.637465 25.917255 1280677251113 387.0
47.637443 25.917101 1280677255121 387.4
47.637469 25.917023 1280677259118 391.9
47.637468 25.916927 1280677262116 391.8
47.637451 25.916682 1280677267118 388.5
47.637441 25.916535 1280677271108 390.1
47.637435 25.916364 1280677275112 389.4
47.63743 25.916216 1280677279115 389.3
47.637416 25.916106 1280677282111 389.4
47.637393 25.915959 1280677287116 393.3
47.637381 25.915804 1280677291113 394.2
47.637356 25.915637 1280677295121 395.4
47.637335 25.915466 1280677299122 395.4
47.637312 25.915337 1280677302110 395.1
47.637241 25.915162 1280677307103 395.5
47.637171 25.915034 1280677311107 395.9
47.637079 25.914899 1280677315103 396.1
47.636977 25.914759 1280677319116 394.4
47.636911 25.914674 1280677322108 395.3
47.636797 25.914527 1280677327106 393.6
47.636714 25.914408 1280677331106 394.4
47.636638 25.914305 1280677335101 394.2
47.636536 25.91419 1280677339110 397.8
47.636451 25.914109 1280677342106 398.3
47.636391 25.91391 1280677347101 401.0
47.636329 25.913779 1280677351102 407.8
47.63623 25.913652 1280677355101 407.1
47.636142 25.913526 1280677359100 409.4
47.636094 25.913451 1280677362101 411.7
47.635977 25.913343 1280677367097 412.7
47.635907 25.913202 1280677371097 413.6
47.635853 25.913113 1280677375096 416.3
47.635795 25.913069 1280677379097 420.7
47.635731 25.913015 1280677382088 420.9
47.635638 25.912835 1280677387092 416.4
47.635536 25.912766 1280677391099 417.4
47.635456 25.912658 1280677395099 416.3
47.6354 25.9126 1280677399085 418.3
47.635362 25.912532 1280677402084 417.3
47.635283 25.912447 1280677407091 418.2
47.635229 25.912345 1280677411087 418.1
47.635175 25.912277 1280677415084 417.7
47.635129 25.912166 1280677419089 417.6
47.635081 25.912118 1280677422084 418.6
47.635007 25.912006 1280677427087 420.1
47.634988 25.911864 1280677431142 420.6
47.63502 25.911755 1280677435085 422.1
47.635062 25.911638 1280677439095 423.3
47.635097 25.911553 1280677442080 423.6
47.635135 25.911398 1280677447099 422.3
47.635194 25.911287 1280677451068 421.5
47.635288 25.911151 1280677455087 420.8
47.635348 25.911008 1280677459081 421.4
47.635404 25.910912 1280677462079 421.7
47.635456 25.910747 1280677467143 422.8
47.635491 25.910578 1280677471078 423.8
47.635566 25.910428 1280677475080 424.6
47.635657 25.910328 1280677479076 425.8
47.635704 25.910208 1280677482082 426.7
47.635801 25.910036 1280677487072 427.0
47.63584 25.909875 1280677491073 427.5
47.635885 25.909737 1280677495074 428.6
47.635943 25.909592 1280677499078 429.2
47.635978 25.909491 1280677502079 430.6
47.636072 25.909321 1280677507073 431.8
47.636125 25.90915 1280677511068 430.3
47.636166 25.908967 1280677515071 430.7
47.636214 25.908784 1280677519066 431.4
47.636237 25.908674 1280677522077 431.7
47.636302 25.908466 1280677527075 431.9
47.636347 25.90831 1280677531077 432.0
47.636393 25.908154 1280677535069 433.0
47.636478 25.908005 1280677539072 436.9
47.636516 25.907855 1280677542084 435.4
47.636514 25.907604 1280677547070 434.3
47.636607 25.907372 1280677551071 434.5
47.636658 25.907151 1280677555060 435.0
47.636671 25.906838 1280677559066 434.7
47.636703 25.906636 1280677562063 434.8
47.636748 25.906294 1280677567061 433.5
47.636775 25.90603 1280677571067 432.7
47.636811 25.905777 1280677575059 432.9
47.636852 25.905548 1280677579057 432.4
47.636856 25.905383 1280677582057 432.2
47.636875 25.905185 1280677586054 432.5
47.636885 25.904948 1280677591058 432.6
47.636903 25.904725 1280677595059 431.6
47.636922 25.904481 1280677599061 430.7
47.636962 25.904208 1280677603055 430.0
47.636965 25.903989 1280677606058 429.2
47.637024 25.903614 1280677611055 426.9
47.637027 25.903328 1280677615058 425.6
47.637001 25.903 1280677619044 425.0
47.637014 25.902697 1280677623056 422.9
47.637019 25.902478 1280677626052 422.5
47.637066 25.902147 1280677631047 422.3
47.637083 25.90185 1280677635056 422.9
47.637112 25.901567 1280677639037 424.9
47.637123 25.901259 1280677643110 424.8
47.637134 25.901028 1280677646037 424.6
47.637025 25.900611 1280677651045 423.5
47.636743 25.900562 1280677655047 424.2
47.636533 25.900369 1280677659048 424.2
47.636342 25.900183 1280677663041 424.6
47.636183 25.900073 1280677666045 424.8
47.635959 25.899903 1280677671039 425.1
47.635787 25.899796 1280677675039 423.6
47.635643 25.899701 1280677679043 424.8
47.635533 25.899582 1280677683041 425.1
47.635443 25.899492 1280677686036 428.0
47.635271 25.899343 1280677691028 428.4
47.635135 25.899244 1280677695034 428.6
47.635018 25.899086 1280677699045 429.9
47.634918 25.898901 1280677703045 430.1
47.634878 25.898733 1280677706028 431.2
47.6348 25.898495 1280677711033 431.8
47.634724 25.898333 1280677715033 433.0
47.63466 25.898123 1280677719029 432.0
47.634691 25.897884 1280677723041 431.9
47.634773 25.897734 1280677726032 432.1
47.634881 25.89748 1280677731028 433.9
47.634948 25.897286 1280677735037 434.7
47.635018 25.897103 1280677739031 434.1
47.635069 25.896971 1280677743025 432.7
47.635053 25.896967 1280677746017 431.9