47.187022 27.597042 1280308124944 86.0
47.186966 27.597019 1280308128941 86.0
47.186926 27.597 1280308132932 86.1
47.186871 27.597076 1280308136935 85.4
47.18684 27.597085 1280308139939 84.3
47.186735 27.59713 1280308144929 80.0
47.186749 27.597071 1280308148932 80.2
47.186752 27.596988 1280308152931 81.8
47.186576 27.596983 1280308156934 82.6
47.186483 27.596968 1280308159919 82.6
47.18632 27.59694 1280308164923 83.2
47.186182 27.596899 1280308168921 83.3
47.186125 27.596876 1280308172930 83.4
47.186014 27.596852 1280308176929 83.1
47.185992 27.596839 1280308179925 83.3
47.185854 27.596884 1280308184923 82.8
47.185824 27.596874 1280308188915 82.9
47.185765 27.59685 1280308192919 83.3
47.185644 27.596869 1280308196917 84.1
47.185513 27.596951 1280308199919 84.8
47.185296 27.597048 1280308204910 86.6
47.185237 27.597056 1280308208907 86.8
47.185173 27.597072 1280308212910 87.4
47.185116 27.597033 1280308216909 87.4
47.184983 27.597049 1280308219908 87.2
47.18483 27.597046 1280308224908 88.0
47.184674 27.597088 1280308228906 89.5
47.184539 27.597142 1280308232907 89.7
47.184394 27.597185 1280308236903 93.1
47.184357 27.597205 1280308239900 94.5
47.184281 27.597217 1280308244897 96.7
47.184249 27.597189 1280308248904 96.8
47.184236 27.597185 1280308252901 97.1
47.184211 27.597178 1280308256897 96.9
47.1842 27.597183 1280308259894 96.7
47.18417 27.597223 1280308264889 97.5
47.18403 27.597266 1280308268888 98.3
47.183878 27.597303 1280308272893 99.1
47.183763 27.59737 1280308276888 100.5
47.183713 27.597373 1280308279885 100.8
47.183543 27.597333 1280308284891 101.3
47.183298 27.59732 1280308288892 101.9
47.183156 27.59734 1280308292882 102.8
47.18309 27.597369 1280308296884 103.6
47.183057 27.597395 1280308299877 103.8
47.183019 27.597459 1280308304883 103.5
47.182923 27.597528 1280308308884 104.3
47.182857 27.597519 1280308312876 104.1
47.182717 27.597572 1280308316878 110.3
47.18266 27.597586 1280308319875 109.3
47.18253 27.597586 1280308324878 117.4
47.182451 27.597609 1280308328872 120.1
47.182363 27.597671 1280308332870 122.6
47.182289 27.597726 1280308336862 120.9
47.182183 27.597763 1280308339873 124.1
47.182087 27.597781 1280308344874 125.6
47.182003 27.597784 1280308348868 126.1
47.181933 27.597778 1280308352865 127.9
47.181822 27.597773 1280308356861 126.9
47.181751 27.597783 1280308359864 126.6
47.181579 27.59785 1280308364866 126.0
47.181438 27.597917 1280308368865 127.5
47.181273 27.597943 1280308372859 129.1
47.181164 27.597986 1280308376859 128.9
47.181083 27.598001 1280308379858 129.3
47.180843 27.598018 1280308384859 127.6
47.180697 27.598035 1280308388861 126.8
47.180603 27.598019 1280308392855 128.4
47.180548 27.598012 1280308396857 127.6
47.180485 27.598031 1280308399855 126.8
47.180274 27.598015 1280308404853 124.3
47.180078 27.598058 1280308408857 119.6
47.179935 27.598093 1280308412852 120.7
47.179813 27.59805 1280308416847 122.0
47.179724 27.598039 1280308419848 121.4
47.179481 27.598076 1280308424845 121.7
47.179396 27.598097 1280308428843 121.9
47.179314 27.598055 1280308432836 122.3
47.179189 27.598029 1280308436832 123.7
47.179022 27.598033 1280308439827 123.2
47.178814 27.598086 1280308444840 121.8
47.178639 27.598086 1280308448833 120.6
47.17845 27.598096 1280308452835 119.9
47.178259 27.598077 1280308456833 121.2
47.178133 27.598067 1280308459831 118.9
47.177991 27.59806 1280308464830 121.8
47.177922 27.598109 1280308468831 122.0
47.177714 27.598111 1280308472829 125.9
47.177488 27.598147 1280308476826 123.4
47.177325 27.598191 1280308479828 121.6
47.177086 27.598172 1280308484819 119.6
47.177006 27.598082 1280308488822 118.0
47.176912 27.598047 1280308492812 115.6
47.176797 27.598167 1280308496819 115.9
47.17664 27.598143 1280308500821 116.2
47.176524 27.598081 1280308503818 116.5
47.176325 27.598115 1280308508823 116.1
47.176169 27.598098 1280308512817 114.8
47.176081 27.598099 1280308516818 114.3
47.176004 27.598112 1280308520817 114.8
47.175926 27.598077 1280308523817 115.9
47.175735 27.598088 1280308528802 117.5
47.175563 27.598046 1280308532811 120.0
47.175396 27.59807 1280308536809 121.9
47.175232 27.598086 1280308540819 122.9
47.175126 27.598074 1280308543806 122.5
47.174891 27.598074 1280308548805 122.9
47.174678 27.598141 1280308552793 122.1
47.174487 27.598264 1280308556806 120.7
47.174283 27.598294 1280308560798 116.8
47.174131 27.598372 1280308563801 114.8
47.173891 27.598475 1280308568801 110.1
47.173752 27.598579 1280308572796 106.7
47.173584 27.59866 1280308576788 105.6
47.17342 27.598674 1280308580791 103.9
47.173291 27.598712 1280308583792 101.0
47.173007 27.598784 1280308588792 101.3
47.172741 27.598859 1280308592791 103.3
47.172451 27.598918 1280308596789 106.2
47.172183 27.599012 1280308600797 106.1
47.171982 27.599087 1280308603778 105.2
47.171641 27.599204 1280308608784 104.8
47.171433 27.59931 1280308612785 104.7
47.171253 27.599393 1280308616782 103.5
47.171002 27.599452 1280308620780 103.5
47.170854 27.599525 1280308623776 102.3
47.1706 27.599621 1280308628760 101.9
47.170403 27.599673 1280308632760 101.6
47.170204 27.599705 1280308636767 101.7
47.169999 27.59974 1280308640765 100.4
47.169852 27.59978 1280308643762 99.8
47.169642 27.59977 1280308648771 99.2
47.1694 27.599786 1280308652760 98.4
47.169189 27.599776 1280308656761 98.3
47.168989 27.599776 1280308660777 97.9
47.168788 27.599788 1280308663764 95.2
47.168535 27.599816 1280308668765 93.2
47.168345 27.599857 1280308672763 93.6
47.16811 27.59989 1280308676750 92.2
47.167782 27.599888 1280308680757 91.0
47.167655 27.599922 1280308683761 90.4
47.167434 27.599936 1280308688751 89.2
47.167311 27.59994 1280308692752 87.9
47.167142 27.59982 1280308696751 88.0
47.166989 27.599743 1280308700752 88.2
47.166842 27.599659 1280308703740 86.5
47.166758 27.599524 1280308708745 82.0
47.166632 27.599384 1280308712737 80.3
47.166443 27.59931 1280308716741 79.7
47.1663 27.59915 1280308720746 79.1
47.166192 27.599043 1280308723742 78.4
47.166091 27.598891 1280308728744 77.0
47.166009 27.598878 1280308732732 77.1
47.165929 27.599021 1280308736741 78.2
47.165853 27.599106 1280308740743 77.1
47.165761 27.599133 1280308743733 76.8
47.165598 27.599221 1280308748734 73.6
47.165473 27.599339 1280308752737 69.9
47.165334 27.599421 1280308756733 69.3
47.165185 27.599369 1280308760731 69.1
47.165117 27.599328 1280308763722 69.2
47.164955 27.599106 1280308768727 69.1
47.164779 27.598949 1280308772727 68.4
47.16468 27.598821 1280308776728 62.5
47.164549 27.598704 1280308780731 59.9
47.16448 27.598594 1280308783713 59.5
47.164336 27.598455 1280308788725 59.4
47.164306 27.598294 1280308792725 59.4
47.164198 27.598247 1280308796718 58.2
47.16414 27.598225 1280308800711 58.2
47.164186 27.598147 1280308803714 59.2
47.164008 27.598131 1280308808702 59.4
47.163971 27.598106 1280308812703 59.2
47.163904 27.59808 1280308816705 59.1
47.163716 27.598102 1280308820696 57.7
47.163654 27.598132 1280308823712 57.2
47.163491 27.598246 1280308828700 55.8
47.163328 27.598237 1280308832709 53.5
47.163179 27.598189 1280308836702 50.8
47.163108 27.59818 1280308840712 50.3
47.163057 27.598209 1280308843701 49.3
47.162853 27.598213 1280308848694 50.2
47.162785 27.598158 1280308852693 50.2
47.162596 27.59817 1280308856695 51.9
47.162409 27.598196 1280308860696 50.5
47.1623 27.598231 1280308863695 49.5
47.162098 27.598234 1280308868684 49.0
47.162068 27.598204 1280308872697 49.0
47.161983 27.598122 1280308876687 49.8
47.161885 27.598109 1280308880681 49.5
47.161859 27.59818 1280308883677 50.0
47.161747 27.598336 1280308888680 50.0
47.161639 27.59842 1280308892679 48.9
47.161501 27.598377 1280308896684 49.3
47.161386 27.598452 1280308900704 47.5
47.161275 27.598579 1280308903682 47.3
47.161126 27.598736 1280308908676 48.2
47.161025 27.598822 1280308912667 48.3
47.160923 27.59893 1280308916675 48.1
47.160773 27.598974 1280308920678 48.3
47.160684 27.599071 1280308923667 47.8
47.160637 27.599209 1280308928675 46.0
47.1605 27.599339 1280308932673 45.0
47.160331 27.599501 1280308936665 45.0
47.160165 27.599665 1280308940655 44.3
47.160116 27.599814 1280308943656 48.6
47.159955 27.599993 1280308948662 49.1
47.159813 27.600099 1280308952655 44.7
47.159666 27.600197 1280308956660 42.4
47.159562 27.600181 1280308960663 42.2
47.159531 27.600198 1280308963638 42.0
47.159525 27.600199 1280308968654 42.7
47.159432 27.600263 1280308972653 43.5
47.159335 27.600339 1280308976647 42.0
47.159275 27.600429 1280308980650 41.8
47.159201 27.600529 1280308983648 40.6
47.159091 27.600641 1280308988644 41.0
47.15899 27.60072 1280308992644 41.9
47.15891 27.600749 1280308996645 42.7
47.158865 27.60072 1280309000644 45.2
47.158858 27.600716 1280309003648 45.1
47.158856 27.600749 1280309008639 45.6
47.158831 27.60078 1280309012639 45.7
47.158779 27.600874 1280309016638 47.5
47.158791 27.600949 1280309020643 49.9
47.158786 27.600957 1280309023636 50.5
47.158781 27.600957 1280309028628 51.4
47.15878 27.600948 1280309032629 51.7
47.158847 27.600921 1280309036627 52.5
47.158924 27.600873 1280309040620 52.6
47.15895 27.600885 1280309043630 53.1
47.158843 27.601003 1280309048629 51.7
47.158708 27.601033 1280309052620 52.4
47.158605 27.601104 1280309056626 52.7
47.158483 27.601274 1280309060632 48.5
47.158384 27.601273 1280309063632 47.4
47.158238 27.601396 1280309068630 47.2
47.158149 27.601522 1280309072624 46.0
47.158054 27.601629 1280309076624 45.6
47.15792 27.601705 1280309080629 45.0
47.15782 27.601781 1280309083621 45.5
47.157621 27.602002 1280309088613 44.2
47.157465 27.602188 1280309092607 42.5
47.157345 27.602384 1280309096611 44.0
47.15723 27.602515 1280309100608 44.2
47.157134 27.602609 1280309103608 44.7
47.156949 27.602807 1280309108606 41.7
47.156805 27.602899 1280309112609 40.8
47.156699 27.602946 1280309116607 41.5
47.156595 27.603079 1280309120604 40.9
47.156497 27.603135 1280309123604 40.9
47.156485 27.603288 1280309128597 40.3
47.156521 27.603386 1280309132599 39.3
47.156561 27.603408 1280309136596 39.5
47.156605 27.603456 1280309140608 40.4
47.15666 27.6035 1280309143593 41.3
47.156776 27.603582 1280309148589 43.8
47.156877 27.603688 1280309152590 45.5
47.156953 27.603772 1280309156587 45.9
47.156989 27.603924 1280309160581 47.1
47.156929 27.604111 1280309164583 48.4
47.156949 27.604227 1280309167585 48.2
47.156909 27.604501 1280309172587 48.4
47.156888 27.604716 1280309176586 45.5
47.15703 27.604799 1280309180587 50.1
47.157044 27.604762 1280309184577 53.6
47.157064 27.604842 1280309187580 56.0
47.157111 27.605031 1280309192577 56.2
47.157149 27.605041 1280309196569 56.5
47.157173 27.605 1280309200578 56.8