47.683292 26.027508 1282569532547 344.2
47.68337 26.027703 1282569540524 329.2
47.683286 26.027445 1282569552525 330.7
47.68324 26.027516 1282569556518 331.2
47.68339 26.027712 1282569564508 329.3
47.683359 26.027693 1282569580505 330.3
47.6838 26.028989 1282569604665 329.8
47.683766 26.029548 1282569608550 329.8
47.683764 26.030007 1282569613463 328.9
47.683689 26.030477 1282569616521 329.4
47.683673 26.031055 1282569620521 329.4
47.683372 26.027703 1282569624512 329.8
47.683864 26.031728 1282569628512 329.5
47.684171 26.032688 1282569632520 329.4
47.684565 26.033643 1282569636571 329.5
47.684753 26.034137 1282569640569 332.6
47.684932 26.034569 1282569644524 332.6
47.685133 26.034972 1282569648512 332.9
47.685416 26.035602 1282569652527 331.8
47.685776 26.036274 1282569656545 330.6
47.686381 26.036939 1282569660529 330.6
47.686891 26.037467 1282569664528 330.6
47.687289 26.037916 1282569668528 327.4
47.687902 26.038727 1282569672511 327.4
47.688336 26.039371 1282569676530 327.4
47.688892 26.040082 1282569680530 327.4
47.689376 26.040722 1282569684511 327.4
47.689616 26.041093 1282569688518 326.8
47.690023 26.041497 1282569692537 325.1
47.690166 26.041633 1282569696516 331.5
47.690247 26.041711 1282569700511 324.8
47.690303 26.041816 1282569704517 333.4
47.690348 26.04191 1282569708512 333.9
47.690591 26.04206 1282569712513 335.7
47.690803 26.042591 1282569716555 336.1
47.691096 26.04299 1282569720512 334.9
47.691398 26.04327 1282569724511 329.3
47.691579 26.043647 1282569728511 328.6
47.691927 26.044823 1282569732510 327.7
47.692029 26.045686 1282569736511 328.2
47.692253 26.04651 1282569740530 328.0
47.684603 26.033783 1282569752528 325.6
47.693861 26.05063 1282569760512 323.1