62.603717 29.745289 1283859112080 95.3
62.603681 29.745612 1283859123993 124.1
62.603679 29.745577 1283859127991 128.9
62.603711 29.745498 1283859131989 121.0
62.603709 29.745498 1283859135990 112.0
62.603706 29.745487 1283859139989 108.9
62.603708 29.745468 1283859143992 108.2
62.603695 29.74545 1283859147992 107.3
62.603684 29.745429 1283859151991 102.7
62.603669 29.745414 1283859155993 99.1
62.603663 29.745412 1283859159990 99.1
62.603659 29.745424 1283859163990 98.7
62.603661 29.745424 1283859167991 96.3
62.603668 29.745423 1283859172072 93.2
62.603664 29.74542 1283859176015 92.9
62.603662 29.745442 1283859180006 92.8
62.603635 29.74549 1283859183989 95.3
62.603631 29.745509 1283859187991 95.3
62.60361 29.745611 1283859192014 94.5
62.603562 29.745494 1283859195990 94.7
62.603519 29.745347 1283859199990 94.5
62.603388 29.745221 1283859203990 94.2
62.603344 29.745043 1283859207989 93.6
62.60328 29.744924 1283859211990 95.1
62.603163 29.745002 1283859216015 95.4
62.603082 29.745153 1283859219991 94.8
62.603033 29.745374 1283859223992 94.3
62.602998 29.745719 1283859227989 92.8
62.602929 29.74602 1283859231990 91.5
62.602865 29.746344 1283859235989 88.7
62.602777 29.746977 1283859240035 92.3
62.602642 29.747284 1283859243996 89.8
62.602527 29.74783 1283859247990 89.6
62.602332 29.748126 1283859251994 88.2
62.602066 29.748358 1283859256000 89.0
62.601785 29.748234 1283859260016 87.1
62.601606 29.748015 1283859264009 86.8
62.601307 29.747635 1283859268012 88.7
62.601083 29.74742 1283859271990 89.4
62.600873 29.747198 1283859275990 89.2
62.600681 29.747026 1283859280016 83.3
62.600573 29.746945 1283859283997 84.8
62.600342 29.746671 1283859288010 85.0
62.600163 29.746489 1283859292016 84.6
62.600011 29.746281 1283859296021 83.9
62.599863 29.746133 1283859300001 76.0
62.599751 29.746011 1283859303994 74.2
62.599574 29.745849 1283859307991 74.4
62.599344 29.74568 1283859312022 75.2
62.599211 29.745479 1283859316025 77.8
62.599113 29.745319 1283859319998 79.9
62.598951 29.745197 1283859323998 83.3
62.598818 29.745058 1283859328012 85.1
62.598636 29.744935 1283859332006 88.8
62.598469 29.744822 1283859335991 90.7
62.598361 29.744718 1283859339998 91.2
62.598303 29.744641 1283859343999 89.0
62.598311 29.744612 1283859347992 92.4
62.598313 29.744525 1283859351996 93.7
62.598298 29.74465 1283859356008 93.2
62.598242 29.744689 1283859359993 92.5
62.598226 29.744666 1283859363997 92.1
62.598177 29.744713 1283859367993 92.3
62.598137 29.744702 1283859371990 92.4
62.598078 29.744663 1283859376006 91.4
62.598052 29.744585 1283859379996 90.7
62.598024 29.744482 1283859384007 90.5
62.598 29.744415 1283859387993 89.5
62.597972 29.744319 1283859391990 87.2
62.597972 29.744256 1283859395997 87.7
62.598001 29.744116 1283859399999 88.9
62.598014 29.744059 1283859404005 89.0