62.596564 29.771577 1283510035349 51.6
62.596592 29.77153 1283510039328 53.6
62.596605 29.77142 1283510043326 61.4
62.596623 29.771267 1283510047331 67.6
62.59664 29.771239 1283510051327 67.2
62.596649 29.771193 1283510055327 68.7
62.596652 29.771181 1283510059328 69.6
62.596674 29.771173 1283510063331 70.8
62.59669 29.771161 1283510067326 73.1
62.596693 29.771128 1283510071330 76.2
62.596697 29.771115 1283510075326 77.6
62.596698 29.771111 1283510079327 77.5
62.596705 29.771101 1283510083327 77.6
62.596704 29.7711 1283510087327 77.1
62.596715 29.771092 1283510091328 76.7
62.596719 29.771089 1283510095327 77.3
62.596728 29.771111 1283510099326 77.2
62.596789 29.771096 1283510103326 78.0
62.59681 29.771104 1283510107328 78.6
62.59687 29.771184 1283510111327 78.7
62.596911 29.771305 1283510115327 79.3
62.59695 29.77136 1283510119349 79.8
62.596975 29.771539 1283510123328 80.3
62.597039 29.771654 1283510127327 76.9
62.597125 29.771781 1283510131327 78.5
62.597217 29.771998 1283510135326 79.5
62.597296 29.772112 1283510139340 79.6
62.597425 29.772238 1283510143327 81.5
62.597527 29.772357 1283510147327 84.4
62.597627 29.772503 1283510151328 88.1
62.597706 29.772683 1283510155328 88.6
62.5977 29.772825 1283510159332 88.3
62.597773 29.773 1283510163328 88.9
62.597808 29.773167 1283510167327 87.2
62.597857 29.773267 1283510171330 85.7
62.597922 29.773343 1283510175327 83.1
62.597977 29.773448 1283510179327 79.2
62.598068 29.773515 1283510183326 84.1
62.598199 29.773592 1283510187327 83.2
62.598277 29.773641 1283510191327 82.0
62.598368 29.773713 1283510195328 82.6
62.598416 29.773813 1283510199338 85.2
62.598539 29.773976 1283510203332 87.1
62.59867 29.774058 1283510207327 89.9
62.598781 29.774145 1283510211327 89.7
62.598882 29.774259 1283510215327 88.8
62.598962 29.774309 1283510219326 89.3
62.599049 29.774417 1283510223327 90.6
62.599194 29.774434 1283510227328 91.5
62.599278 29.77445 1283510231330 90.4
62.599366 29.774473 1283510235327 86.9
62.599447 29.774502 1283510239326 82.7
62.599598 29.774521 1283510243326 83.2
62.599718 29.774361 1283510247328 83.5
62.599771 29.774159 1283510251326 78.0
62.599806 29.77382 1283510255328 74.3
62.59984 29.773591 1283510259326 75.0
62.599814 29.773443 1283510263328 74.9
62.599848 29.773211 1283510267327 76.3
62.599788 29.772871 1283510271327 79.9
62.599791 29.772512 1283510275326 81.2
62.599799 29.772279 1283510279327 81.5
62.599786 29.77202 1283510283330 80.9
62.599766 29.771734 1283510287328 79.0
62.599756 29.771558 1283510291328 79.5
62.59976 29.771167 1283510295326 79.4
62.599759 29.770976 1283510299327 80.1
62.599768 29.770843 1283510303329 80.7
62.599849 29.770737 1283510307330 80.6
62.599873 29.770527 1283510311326 80.9
62.599896 29.770439 1283510315327 81.2
62.599926 29.770463 1283510319358 81.5
62.599931 29.770445 1283510323327 81.3
62.599916 29.770411 1283510327327 81.7
62.599907 29.77039 1283510331330 81.5
62.599897 29.770372 1283510335328 82.5
62.599889 29.770362 1283510339327 83.1
62.59991 29.770447 1283510343328 82.3
62.599928 29.770472 1283510347327 83.0
62.599948 29.770348 1283510351326 83.5
62.600011 29.770257 1283510355328 83.2
62.600053 29.770237 1283510359326 82.6
62.600067 29.769956 1283510363328 83.8
62.600069 29.769559 1283510367328 84.3
62.600144 29.769406 1283510371326 84.3
62.600107 29.769132 1283510375327 84.4
62.600106 29.768957 1283510379339 84.1
62.600155 29.768646 1283510383328 84.6
62.600198 29.768447 1283510387331 84.6
62.600216 29.768148 1283510391327 84.4
62.600246 29.767823 1283510395327 83.3
62.600266 29.767547 1283510399334 79.9
62.600278 29.767422 1283510403328 79.9
62.600379 29.767247 1283510407326 82.9
62.600431 29.76718 1283510411328 81.8
62.600481 29.767212 1283510415327 82.7
62.600535 29.767236 1283510419326 83.8
62.600597 29.767311 1283510423327 83.5
62.600735 29.767546 1283510427330 85.8
62.600805 29.767621 1283510431327 84.7
62.600837 29.767655 1283510435326 82.4
62.600934 29.767669 1283510439331 82.3
62.600968 29.767695 1283510443340 81.6
62.601082 29.767836 1283510447334 79.5
62.601228 29.767771 1283510451337 77.2
62.601332 29.767749 1283510455339 69.8
62.60144 29.767708 1283510459333 70.0
62.601494 29.767696 1283510463329 69.8
62.601598 29.767689 1283510467331 72.2
62.601624 29.767654 1283510471334 71.2
62.601698 29.767764 1283510475334 72.5
62.601848 29.767766 1283510479332 78.0
62.601898 29.767802 1283510483332 90.1
62.602043 29.767992 1283510487326 97.1
62.602277 29.768029 1283510491331 100.6
62.602321 29.768118 1283510495326 96.7
62.602352 29.768195 1283510499328 95.8
62.602413 29.768235 1283510503327 95.7
62.602471 29.768373 1283510507326 88.1
62.602585 29.768446 1283510511332 90.7
62.602699 29.768488 1283510515332 92.8
62.602848 29.768639 1283510519329 97.6
62.602962 29.768804 1283510523328 100.1
62.602984 29.7688 1283510527326 97.3
62.603057 29.768792 1283510531327 92.7
62.60316 29.769045 1283510535331 88.5
62.603244 29.76916 1283510539331 83.4
62.603358 29.769123 1283510543327 81.8
62.603382 29.769076 1283510547326 77.2
62.603518 29.769139 1283510551327 70.7
62.603564 29.769197 1283510555329 74.4
62.60361 29.769292 1283510559328 75.3
62.603729 29.769431 1283510563328 76.4
62.603829 29.769564 1283510567326 75.5
62.603934 29.769553 1283510571380 66.4
62.603969 29.769618 1283510575327 67.2
62.604116 29.76976 1283510579328 69.8
62.604197 29.769805 1283510583327 71.2
62.604362 29.769942 1283510587327 74.5
62.604472 29.770058 1283510591327 75.9
62.604478 29.770059 1283510595326 76.8
62.604558 29.77009 1283510599331 77.8
62.604644 29.770208 1283510603327 78.2
62.604683 29.770278 1283510607326 79.6
62.604814 29.77038 1283510611327 84.0
62.604906 29.770423 1283510615327 85.8
62.604994 29.770488 1283510619338 86.2
62.60513 29.770601 1283510623327 88.3
62.605168 29.770623 1283510627326 96.0
62.605331 29.770936 1283510631327 100.6
62.60536 29.771005 1283510635327 101.5
62.605481 29.771242 1283510639331 103.6
62.605617 29.77146 1283510643326 104.4
62.605638 29.771555 1283510647327 104.1
62.605747 29.771785 1283510651327 101.8
62.605842 29.771915 1283510655327 86.1
62.60599 29.772112 1283510659328 79.7
62.60604 29.772287 1283510663363 79.9
62.606071 29.772428 1283510667328 83.4
62.606195 29.77275 1283510671328 81.7
62.606272 29.772961 1283510675362 83.3
62.606293 29.773154 1283510679327 82.7
62.606359 29.773322 1283510683362 83.0
62.606394 29.773492 1283510687326 83.5
62.606542 29.773945 1283510691328 86.9
62.606722 29.774245 1283510695326 90.3
62.606765 29.774354 1283510699327 89.4
62.606884 29.774401 1283510703364 89.2
62.606923 29.774383 1283510707328 85.9
62.607104 29.774194 1283510711362 82.8
62.607159 29.774125 1283510715326 83.8
62.607178 29.774062 1283510719328 82.8
62.607186 29.774051 1283510723331 82.0
62.607166 29.774061 1283510727331 82.0
62.607152 29.774187 1283510731348 82.6
62.607143 29.774154 1283510735327 83.6
62.607154 29.77417 1283510739328 83.0
62.607179 29.774054 1283510743326 82.6
62.607188 29.774056 1283510747327 82.4
62.607194 29.774045 1283510751327 84.6
62.607197 29.774006 1283510755326 87.8
62.607229 29.774027 1283510759327 89.1
62.60724 29.774003 1283510763328 90.7
62.607237 29.774006 1283510767332 90.0
62.607223 29.77402 1283510771327 88.1
62.607217 29.774019 1283510775326 86.3
62.607209 29.774009 1283510779326 86.6
62.607221 29.773995 1283510783328 87.9
62.607199 29.773993 1283510787327 86.9
62.607263 29.774037 1283510791327 84.7
62.607352 29.774001 1283510795328 81.6
62.607386 29.773953 1283510799327 80.6
62.607424 29.774031 1283510803327 80.2
62.607475 29.774115 1283510807327 82.0
62.60755 29.774187 1283510811326 85.0
62.607616 29.774187 1283510815327 86.8
62.607514 29.774167 1283510819327 82.5
62.607491 29.774156 1283510823327 84.7
62.60763 29.774183 1283510827327 82.7
62.60771 29.774251 1283510831328 85.0
62.607734 29.774251 1283510835327 85.1
62.607806 29.774351 1283510839342 84.5
62.607882 29.774389 1283510843327 85.5
62.607961 29.774472 1283510847331 91.1
62.608084 29.774579 1283510851327 92.1
62.60815 29.774671 1283510855327 90.5
62.608206 29.774744 1283510859345 91.2
62.60829 29.774779 1283510863331 92.3
62.608318 29.774806 1283510867327 92.5
62.60845 29.774915 1283510871327 91.3
62.608642 29.775173 1283510875328 91.4
62.608717 29.775224 1283510879327 84.0
62.608857 29.77531 1283510883331 83.8
62.608916 29.775344 1283510887327 85.4
62.608963 29.775402 1283510891327 83.0
62.609035 29.775425 1283510895327 82.0
62.609135 29.775397 1283510899327 80.4
62.609233 29.77539 1283510903327 80.8
62.609284 29.775428 1283510907327 81.5
62.60936 29.775486 1283510911327 80.7
62.609468 29.775455 1283510915327 81.3
62.609534 29.775404 1283510919328 70.0
62.60956 29.775351 1283510924630 77.7
62.609823 29.77514 1283510931680 88.0
62.609866 29.775129 1283510931982 87.0
62.609898 29.775105 1283510935327 86.4
62.610016 29.775015 1283510939328 85.2
62.610112 29.774951 1283510943327 85.1
62.610224 29.774923 1283510947327 83.6
62.610336 29.774839 1283510951327 81.9
62.610401 29.774777 1283510955327 78.7
62.610472 29.774582 1283510959331 78.2
62.610564 29.774509 1283510963327 76.6
62.610588 29.774449 1283510967327 76.0
62.610569 29.774416 1283510971327 77.4
62.610549 29.774412 1283510975331 77.4
62.610537 29.774439 1283510979327 77.0
62.61054 29.774528 1283510983327 77.0
62.610545 29.774463 1283510987331 85.3
62.610553 29.774442 1283510991331 86.5
62.610551 29.774469 1283510995327 86.7
62.610577 29.774432 1283510999327 86.5
62.610581 29.774392 1283511003327 89.4
62.610593 29.77439 1283511007327 90.3
62.610621 29.77438 1283511011327 90.2
62.61062 29.774368 1283511015331 89.5
62.61066 29.774358 1283511019327 88.0
62.610662 29.774312 1283511023327 87.8
62.610631 29.774328 1283511027327 87.9
62.610605 29.77432 1283511031327 86.6
62.610571 29.774262 1283511035327 83.3
62.610566 29.774302 1283511039327 83.0
62.61055 29.774287 1283511043327 81.0
62.610523 29.774303 1283511047327 81.7
62.610498 29.774139 1283511051327 84.1
62.610513 29.774157 1283511055327 86.3
62.61052 29.77417 1283511059327 94.9
62.610525 29.774134 1283511063327 94.4
62.610518 29.774074 1283511067327 91.9
62.610532 29.773972 1283511071331 89.7
62.610511 29.773945 1283511075327 87.1
62.610424 29.773883 1283511079327 85.7
62.610429 29.773891 1283511083327 85.2
62.610441 29.773883 1283511087327 84.8
62.610476 29.77383 1283511091327 86.2
62.610478 29.773798 1283511095327 87.4
62.610553 29.773726 1283511099344 87.3
62.610592 29.773691 1283511103327 87.8
62.610559 29.773728 1283511107327 88.2
62.610545 29.773753 1283511111327 88.3
62.610496 29.773846 1283511115327 87.6
62.610478 29.773844 1283511119328 87.3
62.610449 29.773874 1283511123327 87.4
62.610466 29.77397 1283511127327 87.8
62.610493 29.774071 1283511131331 88.1
62.610559 29.774049 1283511135332 88.0
62.610547 29.774057 1283511139331 88.1
62.610493 29.773973 1283511143334 87.9
62.61047 29.773935 1283511147331 87.7
62.610501 29.773885 1283511151327 88.0
62.610528 29.773938 1283511155327 87.8
62.610556 29.773894 1283511159347 87.7
62.610471 29.773896 1283511163328 87.5
62.610449 29.773938 1283511167327 87.3
62.610454 29.773952 1283511171327 87.2
62.610486 29.773975 1283511175327 87.5
62.610498 29.773978 1283511179327 87.5
62.610506 29.773998 1283511183328 87.6
62.6105 29.773934 1283511187327 87.3
62.610443 29.773929 1283511191327 87.0
62.6104 29.773841 1283511195327 86.3
62.610345 29.773746 1283511199327 86.1
62.610285 29.77356 1283511203327 85.9
62.610269 29.773498 1283511207327 85.8
62.610298 29.77354 1283511211327 85.7
62.610321 29.773605 1283511215327 85.3
62.610299 29.773578 1283511219331 84.5
62.610307 29.773652 1283511223327 83.9
62.610334 29.773772 1283511227328 83.8
62.610334 29.773848 1283511231327 83.7
62.610312 29.773874 1283511235327 83.6
62.610299 29.773871 1283511239328 83.5
62.61031 29.773889 1283511243327 83.3
62.610332 29.773987 1283511247327 82.0
62.610351 29.773996 1283511251327 73.4
62.610433 29.774168 1283511255327 72.4
62.61046 29.774171 1283511259327 72.6
62.610495 29.774126 1283511263327 72.4
62.61056 29.774253 1283511267327 73.2
62.610547 29.774225 1283511271327 72.8
62.610495 29.774047 1283511275327 72.4
62.61047 29.773959 1283511279328 72.9
62.610443 29.773978 1283511283327 73.0
62.61041 29.773939 1283511287327 71.6
62.610392 29.773926 1283511291327 71.7
62.610386 29.773953 1283511295340 73.9
62.610389 29.773963 1283511299327 75.0
62.610403 29.773967 1283511303327 76.0
62.610321 29.773848 1283511307329 69.3
62.610379 29.773899 1283511311327 58.4
62.610441 29.773943 1283511315327 57.9
62.610451 29.773935 1283511319328 58.0
62.610392 29.773876 1283511323327 59.5
62.610389 29.773856 1283511327327 62.3
62.610393 29.773856 1283511331327 66.5
62.610402 29.773833 1283511335327 69.4
62.61042 29.773842 1283511339327 70.4
62.610438 29.773848 1283511343370 73.0
62.610427 29.773888 1283511347327 75.8
62.610373 29.7738 1283511351327 78.8
62.610359 29.773802 1283511355328 85.8
62.610369 29.773788 1283511359365 86.1
62.610389 29.773747 1283511363328 86.7
62.610418 29.773711 1283511367346 85.2
62.610413 29.773674 1283511371327 84.4
62.610434 29.773655 1283511375327 85.4
62.610442 29.773669 1283511379328 85.6
62.610439 29.773599 1283511383328 84.6
62.610441 29.773581 1283511387327 86.0
62.610473 29.773647 1283511391364 86.2
62.610506 29.773694 1283511395338 82.9
62.610523 29.773783 1283511399334 79.3
62.61053 29.773854 1283511403334 78.8
62.61049 29.773972 1283511407327 78.6
62.610455 29.774 1283511411328 76.1
62.610449 29.774023 1283511415327 75.5
62.610437 29.773999 1283511419327 74.9
62.610434 29.773963 1283511423327 74.4
62.610448 29.773971 1283511427331 74.4
62.610432 29.773889 1283511431327 75.0
62.610489 29.773828 1283511435328 75.8
62.610488 29.773784 1283511439327 75.9
62.610511 29.773753 1283511443327 76.5
62.610522 29.773773 1283511447327 76.5
62.610528 29.773779 1283511451329 76.4
62.610529 29.773695 1283511455331 75.1
62.610522 29.773734 1283511459331 74.3
62.610528 29.773801 1283511463328 73.4
62.610535 29.773819 1283511467327 73.4
62.610547 29.773761 1283511471327 73.6
62.610533 29.773776 1283511475327 73.6
62.610525 29.773782 1283511479347 73.7
62.610504 29.773805 1283511483332 73.9
62.610496 29.773842 1283511487328 74.0
62.610536 29.773944 1283511491327 74.4
62.61046 29.773873 1283511495327 74.5
62.610448 29.773842 1283511499327 74.6
62.610431 29.773781 1283511503343 74.6
62.610411 29.773721 1283511507348 74.7
62.610384 29.77375 1283511511342 74.7
62.610371 29.773828 1283511515327 74.7
62.610341 29.773761 1283511519343 74.7
62.610322 29.77366 1283511523347 74.7
62.610318 29.773639 1283511527327 74.7
62.610316 29.773568 1283511535327 74.7
62.610311 29.773565 1283511539327 74.7
62.610327 29.773437 1283511543327 74.7
62.610451 29.773352 1283511555333 74.8
62.610516 29.773436 1283511559360 74.8
62.610606 29.773705 1283511563355 74.4
62.610589 29.773729 1283511567328 74.3
62.61057 29.773736 1283511571330 74.3
62.610591 29.773741 1283511575351 74.4
62.610605 29.773741 1283511579327 74.4
62.610688 29.773713 1283511583332 74.4
62.610641 29.77369 1283511587329 74.4
62.610637 29.773652 1283511591344 74.4
62.61061 29.773618 1283511595328 74.3
62.610596 29.773618 1283511599331 74.3
62.610617 29.773656 1283511603328 74.3
62.610655 29.773693 1283511607343 73.0
62.610697 29.77375 1283511611327 73.3
62.610766 29.773823 1283511615334 72.0
62.61077 29.773886 1283511619332 69.9
62.610746 29.7739 1283511623331 63.9
62.610735 29.773846 1283511627333 59.2
62.610728 29.773846 1283511631327 55.8
62.610687 29.773856 1283511635327 56.6
62.610686 29.773859 1283511639328 56.9
62.610664 29.773856 1283511643328 57.8
62.610638 29.77383 1283511647326 58.4
62.610623 29.77375 1283511651351 58.9
62.610615 29.773646 1283511655344 59.4
62.610586 29.773533 1283511659327 59.5
62.610546 29.773521 1283511663327 59.4
62.610521 29.773509 1283511667327 59.4
62.61046 29.773565 1283511671328 59.4
62.610449 29.773548 1283511675327 59.3
62.610439 29.773558 1283511679327 59.3
62.610436 29.773587 1283511683350 59.1
62.610436 29.773602 1283511687330 59.0
62.610432 29.773557 1283511691327 59.0
62.610417 29.77355 1283511695332 59.0
62.610389 29.77359 1283511699327 59.0
62.610362 29.773637 1283511703327 58.9
62.610324 29.773693 1283511707327 58.9
62.610317 29.773754 1283511711327 59.0
62.610319 29.773851 1283511715332 59.1
62.610367 29.773955 1283511719331 59.1
62.610363 29.773987 1283511723328 59.1
62.610378 29.773967 1283511727332 59.2
62.610371 29.773911 1283511731328 59.3
62.610371 29.773818 1283511735327 59.4
62.610354 29.773824 1283511739327 59.5
62.610342 29.773862 1283511743327 59.6
62.610398 29.773776 1283511747327 59.8
62.610442 29.773744 1283511751327 59.9
62.610461 29.773814 1283511755328 59.9
62.610478 29.77384 1283511759351 59.9
62.61047 29.773868 1283511763345 60.0
62.610511 29.773907 1283511767353 60.0
62.610536 29.773925 1283511771327 60.0
62.610553 29.773959 1283511775327 60.0
62.610566 29.773992 1283511779327 60.0
62.610566 29.774011 1283511783327 60.0
62.610564 29.774014 1283511787327 60.0
62.610602 29.774065 1283511791329 60.0
62.610578 29.774045 1283511795327 60.1
62.610567 29.774019 1283511799327 60.0
62.610499 29.773985 1283511803327 60.2
62.61045 29.773949 1283511807339 60.3
62.610441 29.773891 1283511811328 60.3
62.610429 29.773876 1283511815366 60.4
62.610407 29.773878 1283511819332 60.4
62.610408 29.773873 1283511823332 60.4
62.610404 29.773903 1283511827326 60.5
62.610393 29.773949 1283511831327 60.5
62.610442 29.77398 1283511835516 60.6
62.610436 29.773901 1283511839327 60.6
62.610459 29.77384 1283511843327 60.6
62.610462 29.773806 1283511847327 60.6
62.610471 29.773772 1283511851327 60.7
62.610497 29.773763 1283511855400 60.7
62.610525 29.77376 1283511859328 60.7
62.61055 29.773768 1283511863327 60.7
62.610553 29.773756 1283511867328 60.7
62.610551 29.773756 1283511871327 60.7
62.61056 29.773865 1283511875385 60.7
62.610423 29.773684 1283511879402 60.7
62.610408 29.773701 1283511883332 60.8
62.610433 29.773837 1283511887327 60.7
62.610418 29.773934 1283511891326 60.7
62.610445 29.773873 1283511895328 60.8
62.610465 29.773931 1283511899327 60.8
62.610502 29.773982 1283511903336 60.8
62.610497 29.773959 1283511907331 60.9
62.610542 29.773883 1283511911327 60.9
62.610579 29.773799 1283511915461 61.0
62.610602 29.773826 1283511919327 61.0
62.610615 29.773883 1283511923332 71.0
62.610543 29.773804 1283511927327 73.1
62.610484 29.773833 1283511931326 64.2
62.610474 29.773853 1283511935331 61.6
62.610501 29.773873 1283511939332 57.2
62.610473 29.773905 1283511943332 57.7
62.610426 29.773939 1283511947327 59.0
62.61042 29.773926 1283511951327 59.7
62.610434 29.77389 1283511955329 61.7
62.610447 29.773875 1283511959331 65.0
62.610445 29.773857 1283511963327 69.0
62.61045 29.773837 1283511967327 66.5
62.610456 29.773877 1283511971331 61.6
62.610453 29.773884 1283511975332 60.4
62.610455 29.773757 1283511979327 60.8
62.610425 29.773716 1283511983327 60.6
62.61042 29.773715 1283511987326 59.7
62.610401 29.773773 1283511991327 59.8
62.610399 29.773787 1283511995326 61.6
62.610367 29.773866 1283511999342 62.8
62.61039 29.773838 1283512003327 63.2
62.610388 29.773844 1283512007360 63.3
62.610431 29.773825 1283512011327 63.3
62.610447 29.77384 1283512015327 63.6
62.610441 29.773859 1283512019328 63.8
62.610425 29.773876 1283512023327 64.2
62.61043 29.773879 1283512027328 64.3
62.610426 29.773897 1283512031327 64.4
62.610417 29.773992 1283512035327 64.5
62.610485 29.774003 1283512039360 65.0
62.610568 29.774007 1283512043338 65.1
62.610565 29.773979 1283512047327 65.7
62.610592 29.774003 1283512051327 66.4
62.610592 29.773991 1283512055327 66.8
62.610582 29.773977 1283512063329 66.9
62.610582 29.773972 1283512067327 66.9
62.610555 29.773942 1283512071327 66.9
62.61052 29.773882 1283512075327 66.9
62.610422 29.773817 1283512083327 66.8
62.610476 29.774436 1283512087327 66.9
62.610481 29.774464 1283512091326 66.9
62.610291 29.773924 1283512111413 66.3
62.610386 29.774157 1283512115327 66.1
62.610595 29.774124 1283512119327 66.6
62.610581 29.774076 1283512123328 66.6
62.610537 29.774062 1283512127328 66.6
62.610442 29.774065 1283512131327 66.5
62.610457 29.774152 1283512135326 68.5
62.610473 29.774182 1283512139327 70.7
62.610469 29.774135 1283512143327 69.3
62.610491 29.77417 1283512147327 71.5
62.610499 29.774134 1283512151364 67.5
62.610485 29.774111 1283512155328 65.5
62.610495 29.774101 1283512159328 67.6
62.610494 29.774057 1283512163327 68.0
62.610494 29.774009 1283512167327 66.6
62.61048 29.774036 1283512171327 65.7
62.610459 29.774043 1283512175327 69.1
62.610414 29.774026 1283512179328 73.0
62.610428 29.774048 1283512183329 69.2
62.610421 29.774052 1283512187328 67.0
62.610441 29.774018 1283512191333 65.2
62.610516 29.774043 1283512195327 62.8
62.610487 29.774069 1283512199327 63.4
62.61046 29.774068 1283512203327 63.4
62.610461 29.774024 1283512207326 63.2
62.610459 29.774004 1283512211331 62.7
62.610488 29.773997 1283512215327 60.7
62.610504 29.773978 1283512219339 60.0
62.610529 29.773883 1283512223332 58.5
62.610514 29.773882 1283512227333 61.0
62.610513 29.773952 1283512231331 63.9
62.610508 29.774082 1283512235351 66.8
62.610528 29.774197 1283512239327 69.8
62.610561 29.774163 1283512243327 71.2
62.610566 29.77412 1283512247327 73.3
62.610591 29.774156 1283512251327 74.9
62.610596 29.77414 1283512255332 76.3
62.610603 29.774103 1283512259327 77.1
62.610673 29.774136 1283512263389 80.9
62.610688 29.774155 1283512267327 82.1
62.610694 29.774159 1283512271327 82.1
62.610705 29.774099 1283512275327 84.0
62.610699 29.774018 1283512279328 85.4
62.610698 29.773958 1283512283327 87.0
62.610671 29.773911 1283512287327 88.3
62.610671 29.773921 1283512291327 88.3
62.610689 29.773931 1283512295327 88.2
62.610709 29.773947 1283512299328 88.0
62.610722 29.773925 1283512303327 88.2
62.610701 29.773897 1283512307332 88.1
62.610684 29.773872 1283512311332 87.9
62.610668 29.773851 1283512315327 87.9
62.610657 29.77384 1283512319327 87.9
62.610647 29.773822 1283512323326 89.7
62.610639 29.773808 1283512327327 89.4
62.610654 29.773795 1283512331332 90.4
62.610665 29.773757 1283512335327 89.9
62.610665 29.77373 1283512339327 90.1
62.610583 29.773802 1283512343326 98.1
62.610554 29.773857 1283512347328 100.6
62.610545 29.77385 1283512351326 100.6
62.610514 29.773819 1283512355327 106.0
62.610491 29.773785 1283512359327 105.3
62.610458 29.773771 1283512363334 107.2
62.610465 29.773782 1283512367326 106.4
62.610466 29.773783 1283512371333 105.0
62.610466 29.7738 1283512375328 104.1
62.610449 29.7738 1283512379328 102.8
62.610464 29.77384 1283512383328 101.4
62.610437 29.773846 1283512387326 101.1
62.610404 29.773842 1283512391327 99.7
62.61039 29.773847 1283512395329 99.0
62.610349 29.773934 1283512399327 96.1
62.610339 29.773919 1283512403327 96.1
62.61034 29.773872 1283512407332 96.2
62.61035 29.773844 1283512411327 96.3
62.610367 29.773846 1283512415326 96.3
62.610392 29.774132 1283512419344 96.3
62.610537 29.773889 1283512423326 96.4
62.610485 29.773815 1283512427327 96.4
62.610487 29.773811 1283512431327 96.4
62.61049 29.773817 1283512435332 96.4
62.610489 29.773934 1283512439327 96.4
62.610432 29.773976 1283512443332 96.4
62.610424 29.774027 1283512447327 96.4
62.610442 29.774 1283512451328 96.4
62.610438 29.773967 1283512455327 96.4
62.610439 29.773926 1283512459327 96.4
62.610429 29.77388 1283512479327 96.1
62.61046 29.774067 1283512483332 96.1
62.610516 29.774182 1283512487339 96.1
62.610499 29.77421 1283512491327 96.1
62.610505 29.774175 1283512495330 96.1
62.610514 29.774149 1283512499327 96.1
62.610515 29.774108 1283512503364 96.1
62.61057 29.774179 1283512507327 96.1
62.610642 29.774241 1283512511329 96.1
62.610435 29.77393 1283512515328 96.0
62.610448 29.773903 1283512519326 96.0
62.610431 29.773868 1283512523328 96.0
62.610478 29.774061 1283512527332 96.0
62.610423 29.773957 1283512531326 96.0
62.610413 29.773962 1283512535328 95.7
62.610384 29.773916 1283512539326 97.8
62.610329 29.773857 1283512543327 102.9
62.610302 29.773856 1283512547327 102.0
62.610302 29.773739 1283512551327 102.2
62.610286 29.773796 1283512555328 101.1
62.610317 29.773877 1283512559332 100.8
62.610608 29.774257 1283512567328 98.4
62.610581 29.774181 1283512571326 97.2
62.610574 29.774199 1283512575328 96.5
62.610579 29.774199 1283512579332 96.5
62.610614 29.774156 1283512583328 96.4
62.61059 29.774082 1283512587327 96.5
62.610595 29.774011 1283512591326 96.1
62.610563 29.773979 1283512595332 95.3
62.610548 29.773913 1283512599343 95.2
62.610539 29.773892 1283512603327 95.3
62.610536 29.773861 1283512607334 95.7
62.610546 29.773858 1283512611327 96.5
62.610564 29.773867 1283512615327 95.8
62.610599 29.773892 1283512619328 96.8
62.610622 29.773908 1283512623327 97.6
62.610608 29.773912 1283512627327 95.4
62.610585 29.773931 1283512631328 95.5
62.610577 29.773921 1283512635327 95.3
62.610561 29.773923 1283512639327 96.4
62.610553 29.773973 1283512643327 99.5
62.610534 29.773963 1283512647328 100.8
62.610526 29.773979 1283512651390 100.9
62.610516 29.773983 1283512655328 100.9
62.610516 29.773982 1283512659344 100.9
62.610511 29.774149 1283512663327 100.9
62.610525 29.774165 1283512667381 100.9
62.610533 29.7742 1283512671328 100.9
62.61057 29.774117 1283512675332 100.9
62.610574 29.774097 1283512679332 100.9
62.610588 29.774078 1283512683328 100.9
62.610591 29.774075 1283512687333 100.9
62.610602 29.774124 1283512691376 100.9
62.61058 29.774083 1283512695327 100.9
62.610564 29.77406 1283512699332 100.9
62.610573 29.774004 1283512703327 102.3
62.610627 29.773967 1283512707329 101.1
62.610561 29.773894 1283512711327 98.9
62.610526 29.773908 1283512715326 97.7
62.610505 29.773976 1283512719359 97.3
62.610465 29.773974 1283512723328 97.1
62.610459 29.773994 1283512727327 97.1
62.610411 29.773967 1283512731333 97.1
62.610409 29.773991 1283512735332 97.1
62.610402 29.774022 1283512739332 97.1
62.610412 29.77405 1283512743327 97.1
62.610423 29.774101 1283512747329 97.1
62.610428 29.774131 1283512751328 97.1
62.610415 29.774154 1283512755328 97.1
62.610405 29.774151 1283512759327 97.1
62.610428 29.774114 1283512763326 97.1
62.610408 29.774143 1283512767327 97.1
62.610389 29.774192 1283512771328 97.2
62.610405 29.774203 1283512775327 97.1
62.610389 29.774175 1283512779343 97.1
62.610343 29.773983 1283512783327 97.1
62.610302 29.773968 1283512787327 97.1
62.610306 29.773991 1283512791327 97.2
62.610314 29.773991 1283512795388 97.2
62.610318 29.773991 1283512799332 97.2
62.610326 29.773984 1283512803327 97.2
62.610298 29.774023 1283512807327 97.2
62.610284 29.773979 1283512811327 97.2
62.610347 29.773987 1283512815327 97.2
62.610382 29.773942 1283512819326 97.2
62.610407 29.773939 1283512823328 97.2
62.610426 29.773971 1283512827327 97.2
62.610436 29.773966 1283512831327 97.2
62.610419 29.773992 1283512835326 97.2
62.610404 29.773999 1283512839331 97.2
62.610401 29.774008 1283512843332 97.2
62.610408 29.773985 1283512847327 97.2
62.610398 29.77401 1283512851327 97.2
62.610384 29.774083 1283512855341 97.1
62.610378 29.774157 1283512859327 97.1
62.61038 29.774171 1283512863332 97.1
62.610348 29.774183 1283512867327 95.0
62.61036 29.774069 1283512871327 92.0
62.610362 29.773996 1283512875327 90.8
62.61034 29.773929 1283512879327 89.0
62.61034 29.773929 1283512883327 80.0
62.610347 29.773841 1283512887327 73.7
62.610373 29.773789 1283512891328 71.8
62.610386 29.773772 1283512895327 71.0
62.610472 29.77391 1283512899326 70.9
62.610431 29.773838 1283512903327 69.0
62.610499 29.773801 1283512907327 69.7
62.610542 29.773799 1283512911327 70.0
62.610571 29.773784 1283512915327 69.5
62.61056 29.773827 1283512919327 68.7
62.610543 29.773868 1283512923332 66.3
62.610509 29.773943 1283512927327 60.1
62.610533 29.773949 1283512931327 60.5
62.610538 29.773929 1283512935327 60.7
62.61054 29.773871 1283512939332 61.0
62.610534 29.773824 1283512943332 61.0
62.610545 29.773628 1283512947326 62.0
62.610541 29.773557 1283512951327 61.9
62.610558 29.773531 1283512955327 62.2
62.610558 29.773548 1283512959327 62.4
62.610533 29.773577 1283512963327 62.5
62.610554 29.773638 1283512967326 62.7
62.610584 29.773702 1283512971327 62.8
62.610668 29.773724 1283512975327 62.9
62.61065 29.773741 1283512979327 65.1
62.610632 29.773701 1283512983327 69.6
62.610663 29.773698 1283512987327 64.0
62.610653 29.773713 1283512991327 63.2
62.610629 29.77372 1283512995327 66.9
62.610619 29.773732 1283512999327 68.3
62.610611 29.77375 1283513003327 68.8
62.6106 29.773798 1283513007327 69.0
62.610595 29.773795 1283513011328 69.0
62.610594 29.773777 1283513015327 69.0
62.610604 29.773756 1283513019333 69.0
62.610616 29.773742 1283513023332 69.0
62.610635 29.773675 1283513027326 69.0
62.610615 29.773624 1283513031327 69.1
62.610505 29.773488 1283513035327 69.1
62.610428 29.773474 1283513039326 69.1
62.610409 29.773488 1283513043327 69.1
62.610468 29.773502 1283513047327 69.1
62.610494 29.77355 1283513051327 69.1
62.610488 29.773557 1283513055327 69.1
62.610497 29.773596 1283513059327 69.1
62.610532 29.773619 1283513063326 69.1
62.610547 29.773607 1283513067327 69.1
62.610567 29.773628 1283513071327 69.1
62.610574 29.773597 1283513075344 69.2
62.610579 29.773629 1283513079349 69.2
62.610563 29.773638 1283513083333 69.2
62.610591 29.773674 1283513087328 69.2
62.610598 29.773715 1283513091328 69.2
62.610668 29.773658 1283513095345 69.2
62.610643 29.773684 1283513099344 69.3
62.6106 29.773846 1283513103326 69.4
62.610636 29.773804 1283513107327 69.5
62.610636 29.77375 1283513111327 69.5
62.610642 29.773745 1283513115327 69.6
62.61062 29.773767 1283513119328 69.7
62.610594 29.773772 1283513123326 69.7
62.61058 29.773807 1283513127336 69.7
62.610575 29.773829 1283513131327 69.7
62.610493 29.773851 1283513135327 69.8
62.610457 29.77387 1283513139356 69.8
62.610442 29.773887 1283513143327 69.8
62.610429 29.773873 1283513147328 69.7
62.610428 29.773856 1283513151326 69.8
62.610429 29.773868 1283513155328 69.8
62.610437 29.773889 1283513159327 69.8
62.610461 29.773888 1283513163327 69.8
62.610463 29.773924 1283513167327 69.8
62.61051 29.773955 1283513171327 69.8
62.610508 29.773983 1283513175355 69.9
62.610506 29.773917 1283513179327 69.9
62.610525 29.773969 1283513183326 70.0
62.610539 29.77399 1283513187327 70.0
62.610517 29.773927 1283513191332 70.0
62.610486 29.773908 1283513195328 70.0
62.610489 29.77392 1283513199349 70.0
62.610503 29.773918 1283513203333 70.0
62.610549 29.773974 1283513207332 69.7
62.61059 29.774022 1283513211326 69.5
62.610597 29.774018 1283513215327 69.1
62.610574 29.773985 1283513219327 70.1
62.610624 29.77402 1283513223326 71.0
62.610659 29.774046 1283513227333 71.9
62.610649 29.774001 1283513231327 71.9
62.610644 29.774003 1283513235328 72.1
62.610605 29.773943 1283513239327 73.1
62.610563 29.773941 1283513243327 73.9
62.610553 29.773911 1283513247328 74.1
62.610544 29.773955 1283513251326 73.9
62.610521 29.773942 1283513255327 73.8
62.610493 29.773914 1283513259332 74.6
62.610482 29.773882 1283513263327 74.5
62.61046 29.773884 1283513267327 75.2
62.610453 29.773853 1283513271327 76.8
62.610443 29.773855 1283513275386 79.7
62.61046 29.773771 1283513279327 81.0
62.610466 29.773729 1283513283327 81.0
62.610465 29.773709 1283513287328 81.1
62.610466 29.773708 1283513291327 81.1
62.610436 29.773806 1283513295327 81.1
62.610417 29.77387 1283513299327 81.1
62.610341 29.77372 1283513315329 81.0
62.610309 29.773634 1283513319379 81.0
62.610392 29.773614 1283513323327 81.0
62.610387 29.773592 1283513327327 81.0
62.610505 29.773525 1283513331327 81.1
62.610574 29.773517 1283513335333 81.1
62.610507 29.773544 1283513339339 81.0
62.610489 29.773591 1283513343327 81.0
62.61049 29.773594 1283513347327 81.1
62.610504 29.773668 1283513351327 81.1
62.610504 29.773659 1283513355327 81.6
62.610499 29.773589 1283513359326 83.2
62.610492 29.773631 1283513363327 83.9
62.610495 29.773676 1283513367326 83.6
62.610482 29.77369 1283513371326 83.3
62.61059 29.773681 1283513375328 84.2
62.610584 29.773688 1283513379327 83.8
62.610616 29.773746 1283513383327 83.7
62.61063 29.773741 1283513387327 84.0
62.610648 29.773719 1283513391327 84.5
62.610573 29.773741 1283513395328 84.6
62.610565 29.773699 1283513399327 84.4
62.610512 29.77367 1283513403328 84.5
62.61049 29.773664 1283513407326 84.4
62.610482 29.77368 1283513411326 84.4
62.610487 29.773695 1283513415327 84.4
62.61044 29.773715 1283513419327 84.5
62.610449 29.773845 1283513423327 84.4
62.610474 29.773849 1283513427326 84.3
62.610503 29.773845 1283513431326 84.2
62.610516 29.773844 1283513435328 84.2
62.610509 29.773861 1283513439327 84.3
62.610509 29.77387 1283513443327 84.5
62.610506 29.773885 1283513447326 84.7
62.610521 29.773902 1283513451328 84.8
62.610543 29.773899 1283513455326 84.9
62.610557 29.773885 1283513459327 85.0
62.610561 29.773869 1283513463328 85.1
62.610561 29.773856 1283513467328 85.1
62.610517 29.773699 1283513471327 85.0
62.610501 29.773725 1283513475327 84.9
62.610487 29.773739 1283513479328 84.9
62.610463 29.77376 1283513483328 84.9
62.610471 29.773796 1283513487332 84.9
62.610518 29.773893 1283513491328 84.9
62.610558 29.773915 1283513495339 84.9
62.610599 29.773937 1283513499344 84.9
62.610625 29.77397 1283513503327 84.9
62.610625 29.774007 1283513507327 85.0
62.610614 29.774027 1283513511326 85.0
62.610611 29.774046 1283513515327 84.9
62.610585 29.774064 1283513519327 84.9
62.610568 29.77413 1283513523344 84.9
62.610554 29.774157 1283513527326 84.9
62.610509 29.774188 1283513531333 84.9
62.610496 29.774206 1283513535328 84.8
62.610468 29.77424 1283513539327 84.7
62.610454 29.774239 1283513543328 84.6
62.610435 29.774232 1283513547327 84.6
62.610431 29.774222 1283513551328 84.6
62.610411 29.774134 1283513555333 84.6
62.610423 29.774043 1283513559344 84.6
62.610424 29.774063 1283513563327 84.6
62.610448 29.773955 1283513567327 84.6
62.610458 29.773933 1283513571327 84.6
62.610475 29.773911 1283513575327 84.6
62.6105 29.773906 1283513579327 84.7
62.610552 29.773969 1283513583335 84.7
62.610546 29.77406 1283513587326 84.7
62.610535 29.774088 1283513591328 84.7
62.610511 29.774022 1283513595327 84.7
62.610493 29.77396 1283513599327 84.7
62.610549 29.773946 1283513603326 84.7
62.610562 29.773951 1283513607327 84.7
62.610553 29.773961 1283513611327 85.6
62.610528 29.773891 1283513615327 86.6
62.610541 29.773808 1283513619344 87.2
62.610572 29.773804 1283513623327 87.6
62.610587 29.773805 1283513627328 87.7
62.610569 29.77379 1283513631329 87.7
62.610492 29.773726 1283513635327 88.1
62.610404 29.773641 1283513639329 88.1
62.61032 29.77355 1283513643327 89.4
62.610316 29.77357 1283513647327 88.2
62.610331 29.773675 1283513651328 88.2
62.61033 29.773693 1283513655326 87.7
62.610319 29.773672 1283513659327 87.5
62.610379 29.773735 1283513663333 87.2
62.610401 29.773737 1283513667328 86.9
62.610396 29.773735 1283513671328 84.4
62.610454 29.773632 1283513675327 81.7
62.610453 29.773567 1283513679343 78.8
62.610459 29.773516 1283513683328 76.1
62.610433 29.77353 1283513687327 79.5
62.610417 29.773572 1283513691327 81.5
62.610403 29.773613 1283513695327 82.1
62.610401 29.77364 1283513699327 82.5
62.610422 29.773634 1283513703327 82.8
62.610459 29.773739 1283513707328 82.8
62.610478 29.77376 1283513711333 82.3
62.610467 29.773799 1283513715327 82.5
62.61047 29.773804 1283513719327 82.0
62.61048 29.773851 1283513723333 82.4
62.610463 29.773838 1283513727327 82.8
62.610473 29.773837 1283513731327 82.8
62.610387 29.773813 1283513735327 84.9
62.610364 29.773793 1283513739328 80.3
62.610368 29.773744 1283513743327 73.6
62.610374 29.773762 1283513747327 73.8
62.610384 29.773757 1283513751328 75.4
62.610417 29.773635 1283513755326 78.7
62.610417 29.773615 1283513759327 77.9
62.610408 29.773618 1283513763328 77.6
62.610391 29.773607 1283513767333 76.8
62.610393 29.773611 1283513771333 77.2
62.61045 29.773593 1283513775327 78.4
62.610478 29.773638 1283513779327 78.0
62.610456 29.773655 1283513783327 75.7
62.610467 29.773743 1283513787327 74.8
62.610407 29.773793 1283513791328 70.9
62.610426 29.773795 1283513795327 68.7
62.610506 29.773781 1283513799328 70.9
62.610521 29.773742 1283513803327 71.6
62.610503 29.773643 1283513807333 72.0
62.610459 29.773611 1283513811327 73.1
62.610384 29.773567 1283513815327 74.7
62.610369 29.773532 1283513819327 75.2
62.610411 29.773551 1283513823327 75.9
62.610467 29.773557 1283513827326 78.4
62.61041 29.773461 1283513831327 81.7
62.610388 29.773423 1283513835327 82.0
62.610413 29.77353 1283513839328 83.8
62.610427 29.773522 1283513843327 83.5
62.610454 29.773584 1283513847334 83.7
62.610482 29.773598 1283513851332 84.6
62.610484 29.773608 1283513855326 84.6
62.610495 29.773731 1283513859328 85.8
62.6105 29.773721 1283513863327 85.4
62.610504 29.773828 1283513867327 85.3
62.610501 29.773861 1283513871328 85.1
62.610531 29.773877 1283513875327 85.4
62.61058 29.773947 1283513879326 85.6
62.610575 29.773911 1283513883327 85.5
62.610556 29.773885 1283513887327 85.5
62.610504 29.773879 1283513891328 85.6
62.610485 29.773874 1283513895327 85.6
62.61047 29.77392 1283513899328 85.7
62.610478 29.773934 1283513903327 85.8
62.610487 29.773944 1283513907328 85.8
62.610509 29.773942 1283513911341 85.8
62.610485 29.773931 1283513915327 85.9
62.610461 29.773971 1283513919326 86.8
62.610449 29.773973 1283513923327 87.3
62.610494 29.774073 1283513927327 87.6
62.610514 29.774112 1283513936011 87.6
62.610514 29.774112 1283513936099 87.6
62.610516 29.77413 1283513939358 87.7
62.610508 29.774053 1283513943443 88.2
62.61048 29.773925 1283513947328 88.1
62.610452 29.773918 1283513951328 88.0
62.610455 29.773919 1283513955326 87.9
62.610468 29.773897 1283513959327 87.8
62.610473 29.773876 1283513963328 87.6
62.61049 29.773824 1283513967328 87.7
62.610493 29.773806 1283513971328 88.1
62.610497 29.773831 1283513975326 88.3
62.610517 29.773844 1283513979339 88.4
62.61052 29.773813 1283513983326 88.4
62.610523 29.773811 1283513987328 88.3
62.610536 29.773831 1283513991327 88.2
62.610548 29.773837 1283513995354 88.2
62.610569 29.77387 1283513999328 87.7
62.610582 29.773904 1283514003326 87.4
62.610577 29.773932 1283514007328 87.3
62.610564 29.773938 1283514011327 87.2
62.61054 29.773913 1283514015340 87.2
62.610507 29.773853 1283514019326 87.2
62.610495 29.773747 1283514023327 87.3
62.610444 29.773671 1283514027326 87.3
62.61046 29.77371 1283514031328 87.5
62.610422 29.773689 1283514035326 87.6
62.610422 29.773652 1283514039338 88.8
62.610421 29.773663 1283514043327 89.0
62.610427 29.773706 1283514047327 89.2
62.610537 29.773848 1283514051328 88.7
62.610524 29.773856 1283514055327 88.8
62.610462 29.773822 1283514059326 88.7
62.610446 29.773835 1283514063327 89.1
62.610414 29.773778 1283514067327 89.1
62.610463 29.773852 1283514071327 89.3
62.610466 29.773849 1283514075327 89.6
62.610464 29.773824 1283514079327 89.6
62.610448 29.773798 1283514083339 89.5
62.610433 29.773707 1283514087327 89.3
62.610406 29.773627 1283514091327 89.4
62.610413 29.773619 1283514095339 89.3
62.61038 29.773592 1283514099332 89.3
62.610406 29.773655 1283514103328 89.5
62.610399 29.77364 1283514107327 89.6
62.61044 29.77367 1283514111327 89.8
62.61045 29.773654 1283514115327 89.9
62.610448 29.773645 1283514119327 89.9
62.610453 29.773661 1283514123328 89.9
62.610431 29.773695 1283514127327 89.9
62.610355 29.773601 1283514131327 89.9
62.610321 29.773459 1283514135332 89.8
62.610325 29.773462 1283514139333 89.8
62.610315 29.773467 1283514143327 89.8
62.610293 29.7735 1283514147369 89.8
62.610294 29.773585 1283514151326 89.8
62.610341 29.773664 1283514155328 89.8
62.6103 29.773681 1283514159327 89.8
62.610292 29.77375 1283514163328 89.7
62.610309 29.773742 1283514167328 89.8
62.610322 29.77371 1283514171326 89.8
62.610346 29.773734 1283514175328 89.7
62.610342 29.773719 1283514179333 89.8
62.610316 29.773701 1283514183353 89.8
62.610303 29.773692 1283514187327 89.8
62.610285 29.773673 1283514191326 89.8
62.610253 29.773644 1283514195327 89.8
62.610243 29.773631 1283514199328 89.8
62.610338 29.773708 1283514203328 89.8
62.61012 29.773514 1283514207328 89.9
62.610048 29.773447 1283514211327 89.9
62.610125 29.773522 1283514215328 89.9
62.610192 29.773542 1283514219327 89.9
62.610266 29.773637 1283514223326 89.9
62.610359 29.773665 1283514227327 89.9
62.610389 29.773619 1283514231328 89.9
62.610405 29.773456 1283514235327 89.9
62.610397 29.773422 1283514239326 89.9
62.610443 29.773379 1283514243327 89.9
62.610451 29.773532 1283514247327 89.9
62.610442 29.773641 1283514251326 89.8
62.610447 29.773711 1283514255326 89.8
62.610405 29.773728 1283514259331 89.8
62.610395 29.773711 1283514263329 89.8
62.610372 29.773691 1283514267326 89.7
62.610362 29.773658 1283514271328 89.7
62.610406 29.773637 1283514275327 89.7
62.610396 29.773626 1283514279328 89.7
62.610394 29.77362 1283514283327 89.7
62.610375 29.773608 1283514287327 89.8
62.610358 29.773594 1283514291327 89.8
62.610342 29.773554 1283514295326 89.7
62.610344 29.773548 1283514299334 89.7
62.610384 29.773511 1283514303327 89.7
62.610413 29.7735 1283514307326 89.7
62.610452 29.773546 1283514311327 89.7
62.610483 29.773657 1283514315326 89.6
62.610464 29.773676 1283514319328 89.5
62.610444 29.773694 1283514323327 89.4
62.610459 29.77366 1283514327327 87.5
62.610458 29.77365 1283514331349 84.3
62.610447 29.773648 1283514335326 83.3
62.610454 29.773662 1283514339329 83.0
62.610455 29.773677 1283514343361 81.9
62.610452 29.773681 1283514347327 82.0
62.610449 29.77368 1283514351328 81.9
62.610431 29.773732 1283514355332 81.6
62.610417 29.773776 1283514359327 81.5
62.610418 29.773792 1283514363378 79.1
62.610335 29.773738 1283514367327 79.5
62.610314 29.77372 1283514371327 79.7
62.610337 29.773715 1283514375326 79.3
62.610413 29.773744 1283514379329 79.1
62.610435 29.773804 1283514383327 80.0
62.610441 29.7738 1283514387327 80.0
62.610456 29.773801 1283514391334 79.6
62.610448 29.773798 1283514395333 79.2
62.610446 29.773842 1283514399327 79.0
62.610445 29.77386 1283514403337 78.9
62.610452 29.773853 1283514407335 78.6
62.610444 29.773846 1283514411335 78.4
62.610425 29.773822 1283514415335 78.1
62.610405 29.773783 1283514419369 78.1
62.610388 29.773701 1283514423327 78.1
62.610434 29.77366 1283514427329 78.2
62.610404 29.773717 1283514431327 78.4
62.610395 29.77372 1283514435333 78.6
62.6104 29.77375 1283514439334 78.9
62.610417 29.773688 1283514443328 79.3
62.610406 29.773687 1283514447328 79.7
62.610418 29.773613 1283514451333 80.1
62.610422 29.773624 1283514455347 80.2
62.610436 29.773627 1283514459336 80.3
62.610446 29.773617 1283514463331 80.3
62.610473 29.77367 1283514467347 80.1
62.61049 29.773807 1283514471326 79.7
62.610495 29.773825 1283514475335 79.6
62.610485 29.77376 1283514479336 79.5
62.610491 29.77375 1283514483338 79.5
62.610516 29.773753 1283514487327 79.5
62.610494 29.773727 1283514491326 79.5
62.610496 29.773606 1283514495329 79.5
62.61049 29.77349 1283514499334 79.4
62.610475 29.773516 1283514503335 79.2
62.610466 29.773572 1283514507335 79.2
62.610461 29.773606 1283514511326 79.1
62.610512 29.773563 1283514515328 79.3
62.610495 29.773632 1283514519343 79.4
62.61047 29.773655 1283514523327 79.4
62.610483 29.773653 1283514528556 79.3
62.610503 29.773754 1283514532772 79.2
62.610482 29.773719 1283514535328 78.8
62.61047 29.773739 1283514539327 78.6
62.610463 29.773793 1283514543327 78.5
62.610458 29.773818 1283514547356 78.6
62.610497 29.773862 1283514551328 77.7
62.610518 29.773896 1283514555327 77.3
62.610515 29.773929 1283514559327 75.9
62.610535 29.773982 1283514563327 76.1
62.610423 29.773996 1283514567349 81.7
62.610331 29.773967 1283514571327 87.4
62.610316 29.773962 1283514575344 88.3
62.610331 29.773968 1283514579333 89.4
62.610333 29.774009 1283514583326 91.0
62.610382 29.774144 1283514588004 93.3
62.610408 29.77431 1283514591327 93.9
62.61041 29.774323 1283514595326 94.0
62.610417 29.774294 1283514599326 94.3
62.610414 29.774319 1283514603327 94.6
62.610422 29.774319 1283514607331 94.4
62.610446 29.774293 1283514611328 94.3
62.610478 29.774303 1283514615333 95.0
62.610513 29.774268 1283514619332 95.1
62.610552 29.774318 1283514623327 95.2
62.610568 29.774286 1283514627327 95.3
62.6106 29.774185 1283514631327 95.1
62.610603 29.774095 1283514635326 94.8
62.610599 29.774096 1283514639331 95.1
62.610601 29.774121 1283514643327 95.5
62.610588 29.774132 1283514647437 95.4
62.610587 29.77417 1283514651326 95.2
62.610562 29.774227 1283514655327 94.9
62.610618 29.774244 1283514659327 94.8
62.610668 29.77427 1283514663328 94.8
62.610681 29.77433 1283514667328 94.7
62.610678 29.774326 1283514671353 94.8
62.610661 29.774331 1283514675328 94.8
62.610647 29.774335 1283514679327 94.9
62.610631 29.774346 1283514683327 94.9
62.610625 29.774348 1283514688463 94.9
62.610598 29.774348 1283514691525 94.9
62.61063 29.774358 1283514695326 94.9
62.610701 29.774314 1283514699327 95.1
62.610743 29.774292 1283514703368 94.8
62.610735 29.774275 1283514707327 95.2
62.610728 29.774277 1283514711326 95.5
62.610717 29.774267 1283514715328 95.9
62.610655 29.77425 1283514719327 96.4
62.610593 29.774288 1283514723327 97.2
62.610597 29.774277 1283514727328 97.7
62.610618 29.774281 1283514731326 98.1
62.610635 29.774318 1283514735328 99.2
62.610632 29.77435 1283514739326 98.1
62.610618 29.774367 1283514743327 95.0
62.610634 29.774364 1283514747328 93.5
62.610641 29.774319 1283514751326 92.7
62.61065 29.774298 1283514755328 92.6
62.610606 29.774363 1283514759327 92.9
62.610604 29.774338 1283514763327 92.8
62.610592 29.774334 1283514767327 93.4
62.610604 29.774388 1283514771328 93.7
62.610593 29.774399 1283514775333 93.6
62.610622 29.774399 1283514779327 93.8
62.610617 29.774404 1283514783327 94.1
62.61063 29.774403 1283514787327 94.3
62.610632 29.774404 1283514791328 94.6
62.610627 29.774459 1283514795326 94.9
62.610622 29.774471 1283514799327 91.2
62.610613 29.774467 1283514803326 90.1
62.610593 29.774472 1283514807327 89.9
62.610528 29.774583 1283514811359 88.9
62.610469 29.774585 1283514815333 89.7
62.610451 29.774613 1283514819328 89.8
62.610445 29.774564 1283514823327 90.1
62.61046 29.774512 1283514827326 90.5
62.610485 29.774482 1283514831347 89.6
62.610452 29.774508 1283514835334 88.5
62.610467 29.774493 1283514839327 88.6
62.610483 29.774502 1283514843326 88.2
62.610486 29.774518 1283514847328 85.9
62.6105 29.77447 1283514851327 85.5
62.610492 29.774414 1283514855327 85.8
62.610529 29.774399 1283514859327 85.6
62.610594 29.774262 1283514863326 85.9
62.610557 29.774371 1283514867326 84.6
62.610549 29.774465 1283514871331 84.5
62.610521 29.774428 1283514875331 82.6
62.610535 29.774409 1283514879333 82.3
62.610537 29.774359 1283514883327 82.6
62.610566 29.774396 1283514887327 84.3
62.61056 29.774409 1283514891327 85.4
62.610597 29.774524 1283514895338 86.1
62.610608 29.774601 1283514899356 87.7
62.610596 29.774734 1283514903328 89.7
62.610565 29.774812 1283514907330 88.6
62.610451 29.774753 1283514911347 88.3
62.61042 29.774821 1283514915326 91.5
62.610395 29.774832 1283514919328 93.8
62.610336 29.774904 1283514923327 96.1
62.610221 29.774968 1283514927330 97.7
62.610043 29.775105 1283514931328 95.7
62.609918 29.775262 1283514935330 95.7
62.609783 29.775362 1283514939332 92.9
62.609605 29.775444 1283514943328 88.1
62.609476 29.775433 1283514947328 89.1
62.609315 29.775381 1283514951327 91.8
62.609183 29.7753 1283514955326 91.9
62.609057 29.775244 1283514959329 91.2
62.608834 29.775114 1283514963327 90.6
62.608689 29.775048 1283514967328 90.8
62.608606 29.774993 1283514971327 91.1
62.608443 29.774813 1283514975326 96.1
62.608291 29.774618 1283514979328 95.7
62.60809 29.77428 1283514983326 93.6
62.607966 29.77406 1283514987326 92.2
62.607906 29.773924 1283514991334 89.1
62.607917 29.773837 1283514995326 86.7
62.607882 29.773781 1283514999333 85.1
62.60789 29.773597 1283515003326 82.0
62.607937 29.773367 1283515007335 85.9
62.607896 29.773051 1283515011327 84.3
62.60787 29.772813 1283515015327 84.3
62.607874 29.772672 1283515019333 85.3
62.607859 29.772305 1283515023327 84.5
62.60778 29.771867 1283515027327 84.8
62.607789 29.771544 1283515031329 85.0
62.607792 29.771292 1283515035328 86.6
62.607734 29.771036 1283515039326 84.3
62.607665 29.770608 1283515043327 86.4
62.607578 29.770456 1283515047333 89.3
62.607527 29.770267 1283515051327 88.0
62.607458 29.770006 1283515055327 87.1
62.607389 29.769776 1283515059326 85.6
62.607442 29.769432 1283515063328 83.6
62.607481 29.76906 1283515067327 79.7
62.607536 29.768906 1283515071326 77.8
62.607614 29.768774 1283515075336 78.7
62.607597 29.768605 1283515079327 83.0
62.607617 29.768224 1283515083328 85.4
62.607688 29.768011 1283515087327 87.8
62.607603 29.767731 1283515091327 89.6
62.607487 29.767556 1283515095334 93.3
62.607371 29.767416 1283515099327 92.6
62.607196 29.767176 1283515103328 94.1
62.607073 29.767052 1283515107327 95.2
62.606887 29.766863 1283515111335 95.3
62.606834 29.766751 1283515115327 95.0
62.606893 29.766728 1283515119327 94.9
62.60685 29.766541 1283515123328 94.5
62.606767 29.766296 1283515127332 94.9
62.606748 29.766193 1283515131329 94.7
62.606664 29.766123 1283515135327 99.2
62.606663 29.766099 1283515139329 99.9
62.606679 29.765976 1283515143330 101.4
62.60675 29.765776 1283515147326 102.1
62.606745 29.765603 1283515151328 104.0
62.606817 29.765392 1283515155327 104.0
62.606845 29.76525 1283515159326 103.7
62.606982 29.765193 1283515163326 105.5
62.606978 29.764979 1283515167327 104.5
62.607025 29.764919 1283515171330 103.9
62.607076 29.764727 1283515175327 103.7
62.607067 29.76459 1283515179327 104.0
62.607126 29.764389 1283515183328 103.8
62.607156 29.764155 1283515187328 103.4
62.607155 29.763975 1283515191334 101.7
62.607214 29.763901 1283515195327 101.0
62.607218 29.763913 1283515199328 94.6
62.607271 29.763696 1283515203328 91.0
62.607308 29.76339 1283515207327 85.0
62.607315 29.763285 1283515211335 84.3
62.607288 29.763064 1283515215326 83.7
62.607287 29.762837 1283515219326 84.2
62.607256 29.762768 1283515223327 84.6
62.607265 29.762667 1283515227336 82.9
62.607255 29.762427 1283515231328 83.0
62.607238 29.762226 1283515235326 82.8
62.607257 29.762217 1283515239328 83.6
62.607261 29.762241 1283515243327 83.9
62.607288 29.762256 1283515247327 83.8
62.607288 29.762285 1283515251335 84.0
62.607319 29.762288 1283515255333 84.2
62.607358 29.762015 1283515259414 85.5
62.607397 29.761908 1283515263327 85.5
62.607475 29.761936 1283515267326 85.7
62.607508 29.761821 1283515271334 85.9
62.60755 29.761689 1283515275327 85.8
62.607583 29.76155 1283515279334 85.8
62.607603 29.76145 1283515283327 85.5
62.607621 29.761372 1283515287327 85.3
62.60772 29.761295 1283515291328 85.3
62.607785 29.76115 1283515295327 85.2
62.60784 29.761037 1283515299338 85.2
62.607846 29.760943 1283515303327 85.2
62.60791 29.760746 1283515307380 85.2
62.607942 29.760571 1283515311328 85.2
62.607991 29.760442 1283515315327 85.1
62.608044 29.760452 1283515319328 84.9
62.608089 29.760353 1283515323334 84.8
62.608178 29.760121 1283515327327 84.0
62.608234 29.759845 1283515331327 80.7
62.608214 29.759532 1283515335334 75.9
62.608216 29.75918 1283515339327 76.6
62.608199 29.758886 1283515343327 73.7
62.608207 29.758741 1283515347334 74.3
62.608192 29.758621 1283515351328 75.9
62.608099 29.758356 1283515355334 77.0
62.608044 29.758245 1283515359332 77.3
62.607971 29.758158 1283515363334 77.8
62.607898 29.758113 1283515367328 78.0
62.607803 29.758071 1283515371328 80.2
62.6077 29.757924 1283515375327 80.6
62.607617 29.757817 1283515379327 81.0
62.607497 29.757664 1283515383326 81.1
62.607448 29.757598 1283515387327 81.2
62.607323 29.757523 1283515391328 81.3
62.607197 29.757278 1283515395327 80.7
62.607144 29.757163 1283515399326 81.4
62.606966 29.757062 1283515403327 82.0
62.606847 29.756971 1283515407327 82.3
62.606696 29.756983 1283515411334 82.8
62.606609 29.756947 1283515415327 83.1
62.60644 29.756787 1283515419331 91.1
62.606355 29.756732 1283515423327 94.6
62.606307 29.756668 1283515427328 96.4
62.606218 29.756666 1283515431327 99.8
62.606117 29.756542 1283515435326 103.4
62.605796 29.756101 1283515439327 80.6
62.605676 29.756115 1283515443327 80.1
62.605645 29.756074 1283515447334 83.9
62.605525 29.755972 1283515451328 83.9
62.605451 29.755924 1283515455326 84.6
62.605366 29.755859 1283515459327 86.5
62.60519 29.755746 1283515463327 89.2
62.605134 29.755648 1283515467327 89.6
62.605089 29.755517 1283515471335 90.9
62.604983 29.755471 1283515475326 93.2
62.604815 29.755515 1283515479334 96.8
62.604757 29.755495 1283515483327 99.1
62.604679 29.755431 1283515487328 99.9
62.604495 29.755201 1283515491327 101.1
62.604383 29.755031 1283515495326 102.4
62.604271 29.754869 1283515499335 102.2
62.604219 29.754842 1283515503334 102.3
62.604171 29.754743 1283515507327 102.2
62.604049 29.754535 1283515511328 99.6
62.604053 29.754365 1283515515326 97.2
62.604069 29.75434 1283515519328 98.4
62.603905 29.754332 1283515523327 99.8
62.603817 29.754361 1283515527327 102.7
62.60365 29.754239 1283515531329 102.3
62.603426 29.754006 1283515535330 102.4
62.603322 29.753897 1283515539327 101.7
62.603265 29.753724 1283515543328 100.8
62.603202 29.753652 1283515547328 103.5
62.603133 29.753627 1283515551328 90.2
62.603125 29.753583 1283515555338 85.3
62.60308 29.753494 1283515559327 85.2
62.603028 29.753311 1283515563327 85.6
62.602989 29.753215 1283515567327 87.2
62.602974 29.753015 1283515571327 86.7
62.602982 29.752839 1283515575326 86.6
62.602999 29.7527 1283515579327 86.7
62.603018 29.752682 1283515583327 86.3
62.60301 29.752625 1283515587328 86.5
62.603047 29.752525 1283515591328 83.9
62.603065 29.752469 1283515595326 82.9
62.603088 29.752312 1283515599327 81.4
62.603166 29.752096 1283515603327 80.9
62.603183 29.751966 1283515607327 80.8
62.603101 29.751531 1283515611328 81.3
62.603088 29.751121 1283515615327 81.4
62.603009 29.750738 1283515619338 81.0
62.602933 29.75052 1283515623337 81.2
62.602894 29.750227 1283515627326 80.4
62.602794 29.749922 1283515631327 80.0
62.602744 29.749758 1283515635327 79.8
62.602691 29.749501 1283515639326 79.5
62.602674 29.749329 1283515643336 75.8
62.602642 29.749191 1283515647326 74.4
62.602621 29.748909 1283515651328 75.9
62.602591 29.748573 1283515655327 79.4
62.602633 29.748377 1283515659336 80.7
62.602694 29.748287 1283515663332 83.7
62.602717 29.74826 1283515667327 89.7
62.602763 29.748097 1283515671328 81.2
62.602833 29.748019 1283515675327 76.7
62.602847 29.747899 1283515679326 75.7
62.602866 29.747719 1283515683328 76.0
62.602885 29.747594 1283515687327 76.1
62.602939 29.747424 1283515691339 75.4
62.60298 29.74721 1283515695334 73.1
62.603013 29.747117 1283515699326 69.2
62.603061 29.746909 1283515703335 67.0
62.603081 29.746895 1283515707327 65.3
62.603097 29.746926 1283515711327 55.3
62.603079 29.746979 1283515715327 53.7
62.603044 29.746935 1283515719327 55.4
62.60301 29.746966 1283515723337 56.3
62.602985 29.746948 1283515727327 57.8
62.603001 29.74701 1283515731335 60.4
62.603003 29.746989 1283515735326 63.6
62.602951 29.747057 1283515739326 66.9
62.602932 29.746721 1283515743326 76.1
62.603 29.746359 1283515747328 83.4
62.603079 29.746138 1283515751328 85.5
62.603178 29.745755 1283515755326 90.3
62.603233 29.745622 1283515759327 92.9
62.603268 29.745516 1283515763327 93.1
62.6033 29.745348 1283515767327 95.1
62.603334 29.745327 1283515771328 93.7
62.603384 29.745431 1283515775326 92.8
62.603393 29.745486 1283515779326 91.6
62.603426 29.745501 1283515783334 90.8
62.603493 29.745569 1283515787327 88.1
62.603577 29.745398 1283515791328 84.4
62.603595 29.745359 1283515795334 83.4
62.603573 29.74552 1283515799326 84.5
62.603583 29.745552 1283515803328 84.7
62.603594 29.745478 1283515807327 85.6
62.603614 29.74545 1283515811327 86.7
62.603633 29.745417 1283515815327 88.4
62.603625 29.745522 1283515819326 90.2
62.603623 29.745627 1283515823328 90.7
62.603633 29.745609 1283515827326 91.0
62.603635 29.745599 1283515831336 90.9
62.603656 29.74552 1283515835327 90.9
62.603676 29.745423 1283515839332 90.9