62.601919 29.766333 1283888759370 106.8
62.601991 29.76625 1283888763369 99.6
62.601999 29.766221 1283888767368 98.3
62.601993 29.766175 1283888771367 96.7
62.601985 29.76621 1283888775369 97.4
62.601977 29.766193 1283888779369 96.1
62.601995 29.76608 1283888783369 91.9
62.60205 29.766043 1283888787369 90.9
62.602145 29.766141 1283888791367 89.7
62.602165 29.766055 1283888795368 89.1
62.602205 29.765937 1283888799370 88.5
62.602243 29.76573 1283888803368 87.1
62.602244 29.765634 1283888807369 89.4
62.602233 29.765551 1283888811368 90.1
62.602239 29.765476 1283888815369 90.5
62.602231 29.765454 1283888819370 90.5
62.602213 29.765281 1283888823368 90.6
62.602216 29.765225 1283888827396 90.6
62.602316 29.765237 1283888831370 90.6
62.602344 29.765213 1283888835371 90.7
62.602352 29.765016 1283888839369 90.7
62.602376 29.764849 1283888843370 89.3
62.602403 29.764813 1283888847367 83.3
62.602398 29.764804 1283888851367 82.0
62.602399 29.764743 1283888855368 82.5
62.602417 29.764599 1283888859368 80.5
62.602488 29.764431 1283888863368 78.1
62.60251 29.764409 1283888867367 75.3
62.602487 29.764032 1283888871367 87.0
62.602466 29.763943 1283888875369 90.0
62.602463 29.763967 1283888879369 90.7
62.602468 29.763971 1283888883368 91.0
62.602494 29.76395 1283888887371 91.3
62.602484 29.76395 1283888891369 91.3
62.602479 29.763941 1283888895371 91.2
62.60253 29.763854 1283888899367 91.2
62.602601 29.763681 1283888903369 91.3
62.602657 29.763615 1283888907371 91.3
62.602684 29.763472 1283888911368 91.3
62.602718 29.763339 1283888915369 90.1
62.602739 29.763169 1283888919368 89.3
62.602767 29.762994 1283888923371 90.5
62.602815 29.762954 1283888927368 92.9
62.602838 29.762851 1283888931368 92.8
62.60288 29.762784 1283888935366 98.7
62.602897 29.762742 1283888939368 97.1
62.602906 29.762625 1283888943370 102.6
62.602923 29.762462 1283888947369 107.6
62.60297 29.762287 1283888951368 110.2
62.603 29.762157 1283888955368 110.9
62.603019 29.762101 1283888959368 112.9
62.603035 29.762047 1283888963368 111.9
62.603051 29.761928 1283888967368 112.1
62.603018 29.761787 1283888971369 99.0
62.603018 29.761747 1283888975369 92.5
62.603001 29.761725 1283888979368 89.6
62.603015 29.761696 1283888983368 90.9
62.603023 29.761559 1283888987368 90.8
62.603059 29.761499 1283888991368 90.5
62.603072 29.761412 1283888995369 87.0
62.603051 29.761284 1283888999367 86.6
62.603026 29.761208 1283889003367 82.6
62.603009 29.761121 1283889007368 78.3
62.603023 29.761016 1283889011370 78.7
62.603054 29.76097 1283889015369 77.6
62.603115 29.760895 1283889019369 84.0
62.603139 29.760854 1283889023368 85.5
62.603207 29.760786 1283889027368 94.0
62.60323 29.760734 1283889031369 93.6
62.60322 29.760636 1283889035369 90.3
62.603235 29.760555 1283889039375 87.1
62.603238 29.760463 1283889043368 87.8
62.60323 29.760265 1283889047376 90.8
62.603282 29.760183 1283889051367 94.5
62.603325 29.760093 1283889055368 96.8
62.603362 29.759966 1283889059370 101.5
62.603388 29.759921 1283889063369 101.5
62.603435 29.759829 1283889067366 100.7
62.603443 29.759712 1283889071369 101.2
62.603452 29.759653 1283889075369 101.2
62.603485 29.759581 1283889079367 107.5
62.603507 29.759604 1283889083371 107.7
62.603521 29.759552 1283889087369 104.4
62.603518 29.759478 1283889091368 103.2
62.603539 29.759441 1283889095370 103.4
62.603558 29.759357 1283889099366 98.6
62.603558 29.759281 1283889103369 96.4
62.603514 29.759039 1283889107369 84.3
62.603499 29.758925 1283889111369 81.8
62.603481 29.7588 1283889115371 81.1
62.603525 29.758747 1283889119366 81.8
62.603529 29.758679 1283889123369 81.0
62.603565 29.758684 1283889127368 79.8
62.6036 29.7586 1283889131370 78.5
62.60362 29.758541 1283889135368 80.0
62.603616 29.758414 1283889139366 78.9
62.603617 29.758337 1283889143369 78.6
62.603628 29.758205 1283889147369 78.9
62.603684 29.758119 1283889157005 78.8
62.603684 29.758119 1283889157013 78.8
62.603694 29.75813 1283889159368 78.4
62.603705 29.758049 1283889163368 77.6
62.603737 29.757976 1283889167368 78.8
62.60375 29.757916 1283889171366 80.5
62.603784 29.757908 1283889175368 80.4
62.603795 29.757694 1283889179367 79.8
62.603787 29.75765 1283889183368 79.7
62.60374 29.757425 1283889187368 79.7
62.603772 29.757303 1283889191368 79.5
62.603786 29.757123 1283889195368 78.2
62.603803 29.756999 1283889199368 80.2
62.603827 29.756923 1283889203368 82.2
62.60383 29.75687 1283889207368 80.6
62.603883 29.756812 1283889211368 85.3
62.60394 29.756748 1283889215368 91.7
62.604004 29.756701 1283889219367 95.6
62.604025 29.7567 1283889223367 95.7
62.604042 29.756666 1283889227368 94.4
62.604023 29.756553 1283889231368 93.5
62.604043 29.756495 1283889235367 93.2
62.604073 29.756346 1283889239368 92.6
62.60409 29.756238 1283889243368 91.1
62.604091 29.756142 1283889247368 89.0
62.604073 29.755997 1283889251368 81.9
62.604074 29.755865 1283889255371 77.5
62.604079 29.755787 1283889259369 76.7
62.604088 29.755717 1283889263367 75.5
62.604092 29.75562 1283889267368 75.2
62.604096 29.755494 1283889271367 75.5
62.604129 29.755395 1283889275368 75.5
62.604159 29.755278 1283889279367 76.5
62.604188 29.75526 1283889283368 77.4
62.604205 29.755219 1283889287367 77.6
62.604221 29.755115 1283889291370 77.5
62.604205 29.755038 1283889295366 77.5
62.60422 29.754978 1283889299368 77.3
62.604252 29.754984 1283889303370 74.4
62.604286 29.754989 1283889307368 73.5
62.604286 29.754906 1283889311368 72.1
62.604306 29.754836 1283889315368 72.8
62.604271 29.754744 1283889319367 71.9
62.604289 29.754823 1283889323368 79.6
62.604268 29.754772 1283889327367 82.6
62.604283 29.754718 1283889331368 88.0
62.604289 29.754781 1283889335368 87.5
62.604303 29.754683 1283889339368 82.9
62.604287 29.75467 1283889343372 79.5
62.60429 29.754645 1283889347368 78.7
62.604316 29.754609 1283889351369 79.6
62.604357 29.754604 1283889355368 79.9
62.604346 29.754611 1283889359368 78.6
62.604341 29.754613 1283889363375 80.4
62.604337 29.75455 1283889367368 80.9
62.604341 29.754493 1283889371368 78.3
62.60436 29.75446 1283889375368 76.4
62.60435 29.754337 1283889379367 76.1
62.604389 29.754266 1283889383367 76.9
62.604387 29.754193 1283889387370 78.5
62.604352 29.754064 1283889391372 80.3
62.604409 29.753959 1283889395369 83.1
62.604605 29.753609 1283889399368 73.7
62.604653 29.753447 1283889403366 72.6
62.604661 29.753346 1283889407368 73.3
62.604675 29.753098 1283889411367 76.2
62.604692 29.752943 1283889415368 72.6
62.604716 29.752824 1283889419369 72.9
62.604735 29.752735 1283889423367 74.3
62.604751 29.752489 1283889427368 73.9
62.604855 29.752149 1283889431371 74.1
62.604904 29.751831 1283889435367 72.8
62.604988 29.751543 1283889439370 75.3
62.60505 29.751319 1283889443367 79.9
62.60512 29.75109 1283889447368 79.5
62.605265 29.750815 1283889451368 72.5
62.605365 29.750692 1283889455368 73.2
62.605419 29.750524 1283889459367 75.7
62.605493 29.750429 1283889463370 74.9
62.605562 29.750315 1283889467368 73.2
62.605722 29.750036 1283889471367 77.1
62.60587 29.749589 1283889475367 81.1
62.606027 29.749245 1283889479400 76.6
62.606127 29.749051 1283889483368 74.8
62.606222 29.748979 1283889487368 72.5
62.606401 29.748919 1283889491370 79.5
62.606554 29.748807 1283889495367 87.1
62.60674 29.748609 1283889499372 86.7
62.606834 29.748491 1283889503367 85.9
62.606952 29.748358 1283889507368 87.1
62.607161 29.748113 1283889511368 86.5
62.6073 29.747951 1283889515371 87.2
62.607491 29.747799 1283889519369 89.3
62.607751 29.747567 1283889523368 96.2
62.607935 29.747349 1283889527370 98.3
62.60813 29.747108 1283889531367 99.2
62.608326 29.74694 1283889535367 96.6
62.608517 29.746769 1283889539368 97.6
62.60873 29.746557 1283889543367 91.8
62.608827 29.746438 1283889547367 91.9
62.609014 29.746313 1283889551367 91.2
62.609192 29.745997 1283889555369 90.8
62.609347 29.745727 1283889559367 93.0
62.609515 29.745448 1283889563368 94.3
62.609659 29.74528 1283889567368 90.9
62.609828 29.745132 1283889571368 89.8
62.610009 29.744953 1283889575370 91.1
62.610151 29.744857 1283889579370 90.5
62.610279 29.744769 1283889583370 90.5
62.61043 29.744693 1283889587368 88.2
62.61054 29.744428 1283889591368 81.3
62.610868 29.744161 1283889595369 82.9
62.61105 29.743946 1283889599367 86.6
62.61117 29.743865 1283889603368 77.7
62.611354 29.743747 1283889607369 78.4
62.611468 29.743672 1283889611366 84.5
62.611646 29.743442 1283889615370 85.6
62.611742 29.743274 1283889619368 87.1
62.611876 29.743106 1283889623367 89.3
62.611993 29.742909 1283889627368 85.0
62.612132 29.742665 1283889631367 84.2
62.612338 29.742321 1283889635383 84.5
62.6125 29.742096 1283889639368 79.6
62.612666 29.741922 1283889643367 82.0
62.612811 29.741723 1283889647367 86.9
62.61293 29.741599 1283889651367 89.8
62.613124 29.741449 1283889655371 91.0
62.613276 29.741281 1283889659369 92.5
62.613382 29.741018 1283889663375 91.6
62.613499 29.740898 1283889667367 90.8
62.613552 29.740817 1283889671368 90.8
62.613595 29.740517 1283889675368 89.4
62.613736 29.740295 1283889679370 87.8
62.613857 29.739735 1283889683367 80.8
62.613867 29.739504 1283889687367 77.1
62.613778 29.739108 1283889691367 64.7
62.613691 29.738771 1283889695369 62.8
62.613544 29.73814 1283889699368 65.0
62.613445 29.73771 1283889703368 70.1
62.613432 29.73736 1283889707375 71.6
62.613501 29.73717 1283889711367 72.2
62.613594 29.737059 1283889715367 73.1
62.613675 29.73706 1283889719371 79.4
62.613827 29.736967 1283889723368 79.8
62.614013 29.736691 1283889727368 78.8
62.614134 29.736529 1283889731367 82.2
62.614312 29.736298 1283889735367 81.5
62.614422 29.735971 1283889739367 81.7
62.614542 29.735585 1283889743367 84.0
62.614715 29.735278 1283889747368 86.7
62.614822 29.735025 1283889751368 84.1
62.614958 29.734743 1283889755375 74.9
62.615064 29.734308 1283889759370 77.3
62.615162 29.734087 1283889763368 78.1
62.615196 29.733699 1283889767367 79.1
62.615323 29.733175 1283889771368 79.1
62.615448 29.732903 1283889775370 83.7
62.615528 29.732687 1283889779369 84.8
62.615625 29.732433 1283889783367 87.7
62.615757 29.732272 1283889787368 92.8
62.615854 29.732129 1283889791367 96.4
62.615997 29.732006 1283889795377 95.8
62.616134 29.731835 1283889799368 94.4
62.616412 29.731476 1283889803368 91.7
62.616563 29.731185 1283889807368 89.2
62.616712 29.730909 1283889811368 88.6
62.616832 29.73074 1283889815368 86.4
62.616936 29.730584 1283889819382 85.0
62.617089 29.73004 1283889823376 84.0
62.617188 29.729571 1283889827374 85.3
62.617313 29.729245 1283889831373 82.5
62.617437 29.728926 1283889835372 80.9
62.617432 29.728699 1283889839372 80.0
62.617491 29.728263 1283889843368 74.2
62.617529 29.72794 1283889847370 73.1
62.617564 29.727644 1283889851375 74.4
62.617567 29.727395 1283889855374 74.6
62.6175 29.727207 1283889859367 74.2
62.617421 29.726932 1283889863369 75.4
62.617483 29.72676 1283889867371 73.0
62.617621 29.726527 1283889871370 77.9
62.617672 29.726354 1283889875380 81.2
62.617775 29.726006 1283889879371 87.2
62.617818 29.725744 1283889883370 87.7
62.617901 29.725236 1283889887367 88.4
62.617969 29.724824 1283889891368 85.4
62.618042 29.724409 1283889895367 85.4
62.618121 29.724083 1283889899368 85.9
62.618182 29.723804 1283889903371 88.1
62.618262 29.723472 1283889907371 85.8
62.618321 29.723188 1283889911369 87.6
62.618379 29.722912 1283889915367 94.0
62.618429 29.722655 1283889919368 96.0
62.618476 29.722434 1283889923367 95.9
62.618538 29.721936 1283889927367 94.3
62.618572 29.72155 1283889931368 93.2
62.618642 29.721245 1283889935370 92.4
62.618669 29.720848 1283889939368 95.9
62.618697 29.72058 1283889943368 91.8
62.618796 29.720304 1283889947371 91.0
62.618931 29.71992 1283889951398 90.3
62.61902 29.719518 1283889955368 85.4
62.619082 29.719147 1283889959368 80.0
62.619136 29.71885 1283889963369 77.0
62.619164 29.718521 1283889967368 78.6
62.619176 29.717916 1283889971437 84.0
62.619219 29.717528 1283889975366 87.4
62.619266 29.717366 1283889979370 86.4
62.619288 29.717077 1283889983368 86.8
62.619303 29.716783 1283889987368 89.2
62.619351 29.71644 1283889991369 90.4
62.619389 29.716124 1283889995384 91.3
62.619429 29.715722 1283889999424 88.5
62.619498 29.715406 1283890003434 88.8
62.619553 29.715149 1283890007368 90.6
62.619679 29.714857 1283890011368 94.7
62.619742 29.714553 1283890015368 98.3
62.619788 29.714216 1283890019367 97.8
62.619842 29.713927 1283890023433 102.1
62.619892 29.713743 1283890027367 101.0
62.619928 29.713418 1283890031367 100.0
62.620002 29.713267 1283890035420 98.7
62.620028 29.712802 1283890039425 99.4
62.62005 29.712374 1283890043420 99.8
62.620076 29.712026 1283890047367 100.8
62.62013 29.711577 1283890051420 102.9
62.620171 29.711281 1283890055368 104.6
62.620214 29.710976 1283890059368 104.1
62.620232 29.710593 1283890063422 105.2
62.62024 29.710407 1283890067417 105.2
62.620223 29.710092 1283890071368 96.6
62.620194 29.709799 1283890075404 97.9
62.620203 29.709539 1283890079371 94.6
62.620195 29.709315 1283890083407 95.4
62.620117 29.709206 1283890087368 96.5
62.619923 29.709269 1283890091407 99.4
62.619791 29.70929 1283890095371 98.6
62.619667 29.709286 1283890099367 93.0
62.619536 29.709303 1283890103367 89.3
62.619396 29.709301 1283890107366 87.4
62.61923 29.709067 1283890111408 83.0
62.619039 29.70902 1283890115393 83.0
62.618931 29.708868 1283890119368 82.5
62.618816 29.708787 1283890123375 82.4
62.618742 29.708684 1283890127404 80.3
62.618621 29.708531 1283890131368 81.0
62.61849 29.708559 1283890135367 82.1
62.618346 29.708573 1283890139375 81.7
62.618324 29.708498 1283890143371 81.4
62.618363 29.708391 1283890147368 81.5
62.618411 29.708078 1283890151370 81.1
62.618444 29.707868 1283890155375 79.4
62.618389 29.707681 1283890159370 81.7
62.618355 29.707548 1283890163374 84.6
62.618392 29.70735 1283890167387 88.6
62.618419 29.707184 1283890171372 88.8
62.618444 29.707053 1283890175366 89.0
62.618458 29.707039 1283890179368 84.0
62.618424 29.707012 1283890183437 80.9
62.618407 29.707042 1283890187399 82.3
62.618367 29.707061 1283890191369 76.4
62.618404 29.706958 1283890195368 69.6
62.618403 29.706968 1283890199370 68.2
62.618395 29.706979 1283890203367 67.4
62.618382 29.706948 1283890207369 68.1
62.618359 29.706952 1283890211366 68.7
62.618341 29.706969 1283890215367 69.3
62.618322 29.70699 1283890219370 70.5
62.618328 29.707011 1283890223369 71.3
62.618343 29.707084 1283890227367 71.6
62.618343 29.707104 1283890231368 71.7
62.618349 29.707117 1283890235369 72.2
62.618374 29.70709 1283890239371 75.3
62.618376 29.707107 1283890243370 77.0
62.618377 29.707106 1283890247370 77.3
62.618372 29.707088 1283890251367 77.8
62.618404 29.707085 1283890255368 81.1
62.61841 29.707059 1283890259368 83.2
62.618358 29.707057 1283890263368 84.8
62.618362 29.707032 1283890267367 85.0
62.618385 29.707011 1283890271368 85.3
62.618388 29.70709 1283890275367 85.3
62.618372 29.707229 1283890279368 84.9
62.618356 29.70725 1283890283371 84.9
62.618357 29.707343 1283890287367 83.6
62.618364 29.707455 1283890291369 82.1
62.618346 29.707653 1283890295404 81.6
62.618337 29.707943 1283890299368 81.6
62.618329 29.708095 1283890303371 81.6
62.618417 29.70829 1283890307368 81.5
62.618547 29.708413 1283890311367 82.8
62.618612 29.708638 1283890315367 83.2
62.618763 29.708747 1283890319371 82.7
62.618867 29.708918 1283890323370 82.8
62.619003 29.709057 1283890327398 84.0
62.619093 29.709148 1283890331368 81.3
62.619194 29.709228 1283890335367 79.8
62.619286 29.709282 1283890339367 78.2
62.61948 29.709503 1283890343371 79.2
62.619651 29.709693 1283890347368 76.7
62.619822 29.70976 1283890351370 78.7
62.620131 29.709941 1283890355366 80.9
62.620127 29.710381 1283890359367 79.7
62.620116 29.710813 1283890363367 78.0
62.620111 29.711173 1283890367372 78.4
62.620082 29.711446 1283890371376 78.7
62.620022 29.711746 1283890375370 78.4
62.619958 29.712201 1283890379366 77.7
62.619908 29.712635 1283890383369 78.7
62.619809 29.713106 1283890387376 78.0
62.619716 29.713546 1283890391368 77.6
62.61957 29.714155 1283890395368 76.7
62.619468 29.714648 1283890399367 75.3
62.619309 29.715014 1283890403368 72.0
62.619285 29.715153 1283890407370 72.1
62.61929 29.715479 1283890411366 70.3
62.619228 29.716004 1283890415371 70.5
62.619082 29.716599 1283890419367 72.0
62.618994 29.717255 1283890423367 72.0
62.618935 29.717713 1283890427367 75.1
62.618856 29.718024 1283890431370 75.6
62.618737 29.718478 1283890435367 74.9
62.618671 29.718739 1283890439368 74.6
62.618604 29.719177 1283890443369 74.9
62.618576 29.719545 1283890447366 74.2
62.618544 29.719888 1283890451372 74.1
62.618489 29.720284 1283890455368 74.6
62.618468 29.7206 1283890459370 73.7
62.618264 29.721553 1283890463368 73.2
62.618232 29.722058 1283890467367 72.4
62.618201 29.722334 1283890471369 71.8
62.618168 29.722643 1283890475370 70.7
62.618015 29.723404 1283890479367 69.7
62.617922 29.72392 1283890483370 68.9
62.617865 29.724497 1283890487368 64.9
62.617802 29.725025 1283890491368 66.5
62.617726 29.725272 1283890495398 65.9
62.617635 29.725628 1283890499370 70.8
62.617541 29.725979 1283890503367 72.2
62.617429 29.726283 1283890507398 73.7
62.617317 29.726624 1283890511368 74.4
62.617321 29.726948 1283890515368 77.7
62.617337 29.727366 1283890519368 80.0
62.617347 29.727692 1283890523397 73.4
62.617248 29.72803 1283890527367 67.7
62.617222 29.728231 1283890531367 66.3
62.617152 29.728744 1283890535366 61.5
62.617009 29.729451 1283890539425 61.9
62.616935 29.72983 1283890543371 61.8
62.616798 29.730133 1283890547367 60.8
62.616645 29.730389 1283890551368 62.5
62.616509 29.730549 1283890555376 63.0
62.616294 29.730846 1283890559369 63.5
62.616109 29.731093 1283890563369 65.2
62.615967 29.731213 1283890567368 65.9
62.615861 29.731809 1283890571368 68.8
62.615729 29.732018 1283890575368 69.1
62.615525 29.732463 1283890579368 71.0
62.615402 29.732823 1283890583366 72.0
62.615291 29.733105 1283890587370 71.8
62.615202 29.73344 1283890591367 70.4
62.61514 29.733696 1283890595367 71.2
62.614974 29.73426 1283890599368 72.0
62.614783 29.734752 1283890603367 73.5
62.614625 29.735245 1283890607367 74.6
62.614451 29.73542 1283890611367 78.6
62.61433 29.735723 1283890615367 75.8
62.614128 29.735936 1283890619368 77.5
62.613984 29.736218 1283890623369 74.6
62.613841 29.736558 1283890627368 74.1
62.613687 29.73673 1283890631368 71.5
62.613497 29.736577 1283890635371 73.2
62.61337 29.7368 1283890639369 73.7
62.613321 29.737009 1283890643370 72.8
62.613447 29.737339 1283890647367 71.5
62.61352 29.737519 1283890651371 71.9
62.613577 29.737801 1283890655367 71.0
62.613787 29.738523 1283890659370 71.9
62.613894 29.738801 1283890663368 74.0
62.613946 29.739053 1283890667368 73.4
62.614018 29.739283 1283890671369 74.3
62.614109 29.73941 1283890675367 74.8
62.614264 29.739677 1283890679368 80.4
62.614336 29.739994 1283890683369 80.6
62.614406 29.740378 1283890687367 78.9
62.614554 29.740764 1283890691369 77.1
62.614623 29.741028 1283890695370 76.3
62.614711 29.741353 1283890699367 73.5
62.61484 29.741633 1283890703367 72.1
62.614858 29.741785 1283890707368 71.8
62.614825 29.741879 1283890711367 72.0
62.614757 29.742045 1283890715367 71.9
62.614743 29.74221 1283890719367 73.8
62.614719 29.742498 1283890723366 74.3
62.614759 29.742731 1283890727373 76.2
62.614759 29.742756 1283890731366 76.2
62.614765 29.742763 1283890735369 77.3
62.614758 29.742754 1283890739368 78.2
62.614762 29.742747 1283890743366 78.8
62.614725 29.742765 1283890747368 80.4
62.61472 29.742792 1283890751370 80.2
62.614734 29.742781 1283890755366 81.3
62.614764 29.742688 1283890759367 85.3
62.614779 29.742623 1283890763367 85.4
62.61481 29.742593 1283890767369 86.2
62.61483 29.742559 1283890771372 86.6
62.614857 29.742619 1283890775368 85.5
62.614855 29.742706 1283890779367 84.9
62.614858 29.742709 1283890783368 84.3
62.61485 29.74256 1283890787371 83.9
62.614772 29.742377 1283890791369 83.4
62.614766 29.742294 1283890795372 82.8
62.614729 29.742256 1283890799367 81.9
62.614681 29.742441 1283890803367 80.7
62.614662 29.742479 1283890807368 79.5
62.614668 29.742495 1283890811367 78.9
62.614745 29.742483 1283890815366 79.3
62.614782 29.74261 1283890819368 79.8
62.614819 29.742818 1283890823369 75.1
62.614869 29.742926 1283890827369 75.0
62.614918 29.742962 1283890831371 78.2
62.614943 29.743038 1283890835369 79.6
62.614932 29.74309 1283890839368 78.7
62.615018 29.743071 1283890843368 99.6
62.615014 29.743029 1283890847402 100.2
62.615021 29.743041 1283890851368 99.7
62.615032 29.743027 1283890855368 98.8
62.615024 29.743034 1283890859369 97.7
62.615046 29.743018 1283890863366 97.2
62.615239 29.745132 1283890951367 99.0
62.61525 29.744905 1283890955371 109.1
62.615239 29.74473 1283890959369 114.4
62.615171 29.743643 1283890963368 113.8
62.615098 29.743534 1283890967369 113.6
62.615123 29.743523 1283890971368 113.7
62.61512 29.743466 1283890975367 112.2
62.615092 29.743475 1283890979368 111.5
62.615084 29.743411 1283890983368 111.1
62.615068 29.743423 1283890987369 111.1
62.615067 29.743449 1283890991368 110.8
62.615072 29.743552 1283890995366 110.8
62.61507 29.743637 1283890999368 110.8
62.614974 29.743754 1283891003368 111.0
62.61497 29.743731 1283891007366 110.9
62.614957 29.743629 1283891011368 110.6
62.615009 29.743567 1283891015371 110.2
62.615037 29.743564 1283891019367 110.1
62.615056 29.743522 1283891023368 110.0
62.615094 29.743491 1283891027367 109.9
62.615129 29.743491 1283891031369 109.9
62.615209 29.743205 1283891035368 109.7
62.615303 29.743058 1283891039367 109.7
62.615301 29.743049 1283891043367 109.7
62.615302 29.743054 1283891047367 109.7
62.615157 29.74332 1283891055368 109.8
62.615066 29.743485 1283891059368 109.8
62.615079 29.743511 1283891063367 109.8
62.615089 29.743473 1283891067369 109.8
62.615108 29.74344 1283891071367 109.8
62.615117 29.743452 1283891075368 109.8
62.615111 29.743453 1283891079367 109.8
62.615087 29.743436 1283891083369 109.8
62.615057 29.743428 1283891087367 109.8
62.615088 29.743398 1283891091367 109.8
62.615136 29.743389 1283891095375 109.8
62.615163 29.74338 1283891099370 109.8
62.615202 29.743352 1283891103367 109.8
62.615162 29.743404 1283891107369 109.8
62.615144 29.743425 1283891111366 109.8
62.615092 29.743505 1283891115370 109.8
62.615028 29.74358 1283891119367 109.8
62.61503 29.743577 1283891123371 109.8
62.615012 29.743611 1283891127367 109.8
62.614991 29.743641 1283891131367 109.8
62.614977 29.743668 1283891135368 109.8
62.614967 29.743693 1283891139369 109.8
62.614959 29.743704 1283891143367 109.7
62.614886 29.743814 1283891147367 109.7
62.614904 29.743783 1283891151367 109.6
62.614943 29.743709 1283891155367 109.5
62.614904 29.743772 1283891159369 109.5
62.614912 29.743887 1283891163368 109.5
62.614915 29.743963 1283891167371 109.5
62.614904 29.744014 1283891171368 109.5
62.614912 29.743996 1283891175368 109.5
62.614894 29.744005 1283891179368 109.5
62.614888 29.744009 1283891183368 109.5
62.614932 29.743937 1283891187367 109.4
62.614963 29.743835 1283891191372 109.4
62.615012 29.743732 1283891195367 109.3
62.615017 29.743717 1283891199370 109.3
62.615019 29.743719 1283891203369 109.4
62.615005 29.743727 1283891207368 109.4
62.615019 29.743712 1283891211367 108.2
62.615008 29.743711 1283891215367 109.5
62.614952 29.743685 1283891219368 110.6
62.614952 29.743639 1283891223368 110.6
62.614922 29.743653 1283891227368 111.3
62.614926 29.743661 1283891231370 111.0
62.615079 29.743927 1283891239367 110.8
62.615106 29.744119 1283891243368 110.7
62.615124 29.744045 1283891247367 109.1
62.615113 29.744021 1283891251376 107.9
62.615119 29.743914 1283891255368 107.0
62.615129 29.743836 1283891259368 106.1
62.615139 29.743888 1283891263368 105.8
62.615131 29.744051 1283891267369 103.9
62.615123 29.744053 1283891271367 103.0
62.615141 29.743999 1283891275369 102.7
62.615151 29.743958 1283891279376 102.7
62.615151 29.743906 1283891283369 102.1
62.615106 29.743885 1283891287368 99.8
62.615079 29.743854 1283891291367 96.8
62.615111 29.74384 1283891295367 95.2
62.615123 29.743829 1283891299368 94.7
62.615117 29.743813 1283891303371 93.9
62.615127 29.743789 1283891307368 93.6
62.615105 29.743811 1283891311369 93.5
62.615098 29.743853 1283891315368 93.7
62.615085 29.743846 1283891319367 93.7
62.615085 29.743841 1283891323368 93.7
62.615083 29.743787 1283891327368 93.8
62.615079 29.743722 1283891331367 93.8
62.615089 29.743636 1283891335372 93.8
62.615097 29.743644 1283891339368 93.9
62.615102 29.743692 1283891343369 94.2
62.615093 29.743678 1283891347370 94.2
62.615076 29.743697 1283891351367 94.2
62.615077 29.743714 1283891355367 94.3
62.615072 29.743728 1283891359367 94.3
62.615035 29.743756 1283891363367 94.3
62.615002 29.74377 1283891367367 94.2
62.614975 29.743795 1283891371368 94.2
62.614972 29.743767 1283891375367 94.2
62.614938 29.743774 1283891379367 94.3
62.614945 29.743769 1283891383368 94.1
62.614952 29.743823 1283891387366 89.2
62.614933 29.743754 1283891391371 87.3
62.614946 29.743759 1283891395368 82.9
62.614952 29.743689 1283891399372 78.9
62.614949 29.743673 1283891403367 77.2
62.614956 29.743693 1283891407367 74.3
62.614968 29.74374 1283891411368 71.5
62.614954 29.74379 1283891415367 70.2
62.614944 29.743806 1283891419366 67.7
62.614932 29.743828 1283891423369 67.4
62.614923 29.743834 1283891427369 67.6
62.614931 29.743815 1283891431369 65.2
62.614976 29.743812 1283891435367 64.5
62.614991 29.743807 1283891439368 64.8
62.614984 29.743819 1283891443392 64.5
62.615006 29.743773 1283891447369 64.7
62.615029 29.74375 1283891451370 64.6
62.615024 29.743681 1283891455368 63.9
62.615013 29.7437 1283891459384 63.8
62.615006 29.743703 1283891463367 63.6
62.614944 29.743627 1283891467367 63.7
62.614928 29.743671 1283891471368 63.7
62.614907 29.74381 1283891475367 63.8
62.614906 29.743931 1283891479367 63.8
62.614958 29.744013 1283891483367 64.0
62.614982 29.744086 1283891487369 63.9
62.614977 29.744109 1283891491371 63.9
62.614982 29.744049 1283891495368 63.9
62.61498 29.743912 1283891499367 63.9
62.614951 29.743867 1283891503368 63.9
62.614943 29.743795 1283891507367 63.9
62.614932 29.743769 1283891511368 63.9
62.614916 29.743744 1283891515368 63.9
62.614923 29.743765 1283891519368 63.9
62.614918 29.743745 1283891523369 63.9
62.614892 29.743767 1283891527368 63.9
62.614874 29.743754 1283891531368 63.9
62.614851 29.743718 1283891535368 63.9
62.614856 29.743642 1283891539368 63.9
62.614872 29.743635 1283891543366 66.1
62.614883 29.743634 1283891547370 65.8
62.614889 29.743667 1283891551367 65.0
62.614904 29.74367 1283891555368 65.7
62.614908 29.743639 1283891559367 64.9
62.61493 29.743637 1283891563367 62.0
62.61495 29.743564 1283891569013 61.7
62.614922 29.743514 1283891571368 61.6
62.614905 29.743434 1283891575367 62.0
62.614935 29.74336 1283891579370 62.0
62.614946 29.743336 1283891583366 62.0
62.614939 29.74339 1283891587368 62.0
62.61493 29.74347 1283891591368 62.0
62.61491 29.743481 1283891595366 62.0
62.614877 29.743462 1283891599366 62.0
62.614862 29.743469 1283891603368 62.0
62.614837 29.743495 1283891607367 62.0
62.61483 29.743474 1283891611370 62.0
62.614829 29.743495 1283891615371 62.0
62.614862 29.743438 1283891619367 62.0
62.614881 29.743415 1283891623368 61.5
62.614902 29.743436 1283891627367 62.7
62.614902 29.74347 1283891631368 63.1
62.614889 29.743569 1283891635367 64.5
62.614897 29.743578 1283891639367 64.9
62.614897 29.743617 1283891643368 64.0
62.614905 29.743623 1283891647367 63.4
62.614902 29.743651 1283891651370 63.7
62.614902 29.743668 1283891655368 63.1
62.614897 29.743735 1283891659371 63.8
62.614904 29.743731 1283891663367 64.8
62.614905 29.743714 1283891667367 65.9
62.614909 29.743666 1283891671371 66.8
62.614907 29.743661 1283891675369 67.4
62.614917 29.74374 1283891679371 73.9
62.614931 29.743735 1283891683368 76.5
62.614943 29.743683 1283891687366 77.4
62.61495 29.743654 1283891691366 78.7
62.614935 29.743603 1283891695369 77.7
62.614937 29.743561 1283891699367 77.3
62.614949 29.743522 1283891703397 77.9
62.614989 29.743409 1283891707368 80.0
62.614996 29.743426 1283891711367 82.9
62.614991 29.743458 1283891715368 84.8
62.614983 29.743496 1283891719368 86.1
62.614979 29.743514 1283891723368 86.7
62.614986 29.74362 1283891727368 90.1
62.614993 29.74362 1283891731367 91.6
62.614992 29.743586 1283891735367 92.0
62.614992 29.743594 1283891743371 92.2
62.614991 29.743595 1283891747368 92.2
62.61499 29.743593 1283891751370 92.2
62.61499 29.743593 1283891755371 92.3
62.614991 29.743597 1283891759368 92.3
62.614992 29.743603 1283891763375 92.3
62.614992 29.743609 1283891767369 92.3
62.615 29.743613 1283891771368 92.3
62.615001 29.743632 1283891775368 92.3
62.615012 29.74363 1283891779366 92.3
62.615014 29.743634 1283891783369 92.3
62.615019 29.743634 1283891787369 92.3
62.615027 29.743617 1283891791367 92.3
62.614995 29.743711 1283891795368 92.3
62.614965 29.743796 1283891799368 92.3
62.614948 29.743845 1283891803369 92.3
62.614943 29.743853 1283891807368 92.3
62.614962 29.74383 1283891811366 92.3
62.615012 29.743711 1283891815367 92.3
62.615001 29.743761 1283891819369 92.3
62.614994 29.743812 1283891823373 92.3
62.615002 29.743761 1283891827367 92.3
62.615008 29.743715 1283891831367 92.3
62.615013 29.743703 1283891835367 92.3
62.614997 29.743738 1283891839372 92.3
62.614979 29.743774 1283891843369 92.3
62.614966 29.743831 1283891847366 92.3
62.614984 29.743826 1283891851371 92.3
62.614969 29.743849 1283891855367 92.3
62.614963 29.743855 1283891859367 92.3
62.614973 29.743837 1283891863368 92.3
62.614968 29.743851 1283891867367 92.3
62.614977 29.743803 1283891871368 92.3
62.614984 29.743764 1283891875368 92.3
62.614981 29.743765 1283891879367 92.3
62.614984 29.743746 1283891883367 92.3
62.614987 29.743729 1283891887368 92.3
62.614976 29.74375 1283891891368 92.3
62.614969 29.743761 1283891895368 92.3
62.61497 29.743753 1283891899369 92.3
62.614979 29.743725 1283891903367 92.2
62.614994 29.743682 1283891907367 92.2
62.615012 29.743624 1283891911371 92.2
62.615002 29.743662 1283891915367 92.3
62.614985 29.743714 1283891919371 92.3
62.614986 29.743731 1283891923367 92.3
62.614986 29.743743 1283891927367 92.3
62.614992 29.743745 1283891931392 92.3
62.614998 29.743753 1283891935371 92.3
62.615008 29.743725 1283891939368 92.3
62.615011 29.743697 1283891943372 92.3
62.615008 29.743683 1283891947386 92.3
62.615001 29.743718 1283891951368 92.3
62.615011 29.743737 1283891955368 92.3
62.615011 29.743743 1283891959382 92.3
62.614986 29.743769 1283891963367 92.3
62.614983 29.743764 1283891967369 92.3
62.614987 29.743749 1283891971367 92.3
62.61499 29.743717 1283891975369 92.4
62.614988 29.743698 1283891979367 92.4
62.614997 29.743611 1283891983370 92.3
62.614997 29.743611 1283891987368 92.3
62.614988 29.743641 1283891991368 92.3
62.614986 29.743649 1283891995371 92.4
62.614986 29.743651 1283891999368 92.4
62.614985 29.743655 1283892003367 92.4
62.614984 29.743665 1283892007369 92.4
62.614984 29.743669 1283892011369 92.4
62.614983 29.743667 1283892015367 92.4
62.614997 29.743628 1283892019370 92.4
62.615013 29.743587 1283892023370 92.4
62.615017 29.743573 1283892027368 92.4
62.615017 29.743463 1283892031368 92.4
62.61503 29.74341 1283892035371 92.4
62.615003 29.74347 1283892039366 92.4
62.614989 29.743531 1283892043366 92.4
62.614983 29.743577 1283892047369 92.4
62.614989 29.743533 1283892051371 92.4
62.614986 29.743539 1283892055368 92.4
62.614988 29.743529 1283892059370 92.4
62.614983 29.743513 1283892063368 92.4
62.614993 29.743466 1283892067369 92.4
62.614994 29.743471 1283892071367 92.4
62.614981 29.743489 1283892075371 92.4
62.614942 29.743608 1283892079369 92.4
62.614964 29.743603 1283892083372 92.4
62.614999 29.743519 1283892087369 92.4
62.615024 29.743457 1283892091368 92.4
62.615027 29.743478 1283892095368 92.5
62.615023 29.743518 1283892099372 92.5
62.614989 29.743616 1283892103366 92.6
62.614986 29.74363 1283892107368 92.6
62.614974 29.743669 1283892111367 92.6
62.614975 29.743675 1283892115372 92.6
62.614988 29.743703 1283892119367 92.6
62.614989 29.743702 1283892123372 92.6
62.614988 29.743708 1283892127367 92.6
62.614989 29.743711 1283892131369 92.6
62.61499 29.743707 1283892135367 92.5
62.614991 29.743706 1283892139372 92.5
62.614991 29.743704 1283892143405 92.5
62.614992 29.743703 1283892147372 92.5
62.61497 29.743753 1283892151373 92.6
62.614976 29.743762 1283892155368 92.5
62.614973 29.743727 1283892159368 92.5
62.614969 29.743702 1283892163368 92.6
62.614967 29.743694 1283892167394 92.6
62.614968 29.743682 1283892171373 92.6
62.614975 29.743703 1283892175368 92.6
62.614949 29.743803 1283892179381 92.6
62.614951 29.743825 1283892183389 92.6
62.614966 29.743812 1283892187368 92.5
62.614969 29.743822 1283892191379 92.5
62.614963 29.743862 1283892195376 92.6
62.614965 29.743788 1283892199397 92.6
62.614974 29.743722 1283892203375 92.6
62.614977 29.743745 1283892207381 92.6
62.614972 29.74371 1283892211376 92.6
62.614963 29.743699 1283892215373 92.7
62.61494 29.743569 1283892219380 92.7
62.614928 29.74355 1283892223368 92.7
62.614936 29.743494 1283892227371 92.7
62.614919 29.743526 1283892231373 92.6
62.614929 29.743564 1283892235372 92.3
62.61496 29.743718 1283892239378 91.2
62.614915 29.743662 1283892243374 91.4
62.614882 29.743606 1283892247376 91.4
62.614874 29.743682 1283892251373 92.3
62.614874 29.743754 1283892255367 91.9
62.614877 29.743728 1283892259371 92.1
62.614883 29.7437 1283892263373 93.6
62.614877 29.743723 1283892267372 94.6
62.614883 29.743686 1283892271369 96.5
62.614882 29.74367 1283892275367 100.0
62.614881 29.743618 1283892279368 100.8
62.61489 29.743589 1283892283367 102.1
62.614892 29.743624 1283892287366 101.0
62.61489 29.743691 1283892291368 98.2
62.614876 29.743736 1283892295369 96.3
62.61489 29.743655 1283892299372 98.8
62.614896 29.743698 1283892303368 99.6
62.614889 29.743735 1283892307368 102.3
62.614888 29.74375 1283892311367 103.8
62.61489 29.743819 1283892315368 102.5
62.614884 29.743842 1283892319368 103.5
62.614887 29.743849 1283892323367 104.7
62.614872 29.743871 1283892327368 106.1
62.614864 29.743968 1283892331369 103.5
62.614867 29.743983 1283892335368 104.6
62.614874 29.743959 1283892339399 107.8
62.614868 29.743933 1283892343372 109.9
62.614867 29.743941 1283892347368 111.1
62.614919 29.743939 1283892351371 108.9
62.614944 29.743938 1283892355401 108.7
62.614987 29.743975 1283892359363 107.2
62.615005 29.743991 1283892363362 106.9
62.615006 29.743965 1283892367364 106.3
62.615002 29.743987 1283892371390 105.8
62.614987 29.744036 1283892375364 105.4
62.614979 29.744062 1283892379363 104.7
62.614957 29.743977 1283892383367 103.3
62.614949 29.743942 1283892387368 102.7
62.614967 29.743946 1283892391362 102.3
62.614963 29.7439 1283892395363 102.6
62.614981 29.743851 1283892399364 102.1
62.614979 29.743849 1283892403363 95.6
62.614946 29.743911 1283892407363 85.3
62.614925 29.743937 1283892411365 81.2
62.614935 29.744018 1283892415363 76.1
62.614966 29.744046 1283892419363 74.5
62.614954 29.743985 1283892423362 72.1
62.614939 29.743942 1283892427363 70.2
62.614904 29.743866 1283892431362 64.6
62.614897 29.743867 1283892435363 61.7
62.614886 29.74392 1283892439367 57.9
62.614877 29.743954 1283892443362 59.8
62.614873 29.743912 1283892447372 60.5
62.614878 29.743845 1283892451364 65.0
62.614847 29.743867 1283892455364 59.2
62.614845 29.743837 1283892459363 58.1
62.614838 29.743847 1283892463366 55.0
62.614835 29.74382 1283892467364 56.3
62.614845 29.743871 1283892471362 53.6
62.614821 29.743814 1283892475363 52.1
62.614838 29.743776 1283892479363 53.2
62.614825 29.743792 1283892483363 49.9
62.614809 29.743776 1283892487367 43.5
62.614797 29.743744 1283892491363 45.8
62.614794 29.74375 1283892495363 54.5
62.614797 29.743745 1283892499363 54.3
62.614786 29.743808 1283892503362 53.0
62.614791 29.743805 1283892507365 51.5
62.614806 29.743784 1283892511364 52.1
62.614812 29.743775 1283892515363 54.0
62.614865 29.743775 1283892519363 53.3
62.614889 29.743744 1283892523367 54.4
62.614887 29.743758 1283892527364 54.5
62.614891 29.743752 1283892531362 55.1
62.614888 29.743769 1283892535388 56.8
62.614881 29.743764 1283892539363 57.7
62.614876 29.743758 1283892543363 58.9
62.614857 29.743815 1283892547363 60.7
62.614867 29.743759 1283892551381 64.8
62.614878 29.743716 1283892555363 66.8
62.614887 29.743679 1283892559363 67.6
62.614904 29.743613 1283892563364 69.7
62.6149 29.743571 1283892567363 75.1
62.614883 29.743618 1283892571363 78.0
62.614879 29.743633 1283892575371 79.0
62.614869 29.743687 1283892579367 79.6
62.614855 29.743731 1283892583363 80.1
62.614856 29.743733 1283892587362 80.3
62.614867 29.743709 1283892591363 80.4
62.614867 29.743705 1283892595363 80.4
62.614864 29.743729 1283892599367 80.6
62.61487 29.743726 1283892603363 80.8
62.614871 29.743714 1283892607367 80.9
62.614869 29.743701 1283892611369 81.2
62.614868 29.743696 1283892615363 81.4
62.61487 29.743676 1283892619363 81.6
62.614868 29.743677 1283892623365 81.8
62.614878 29.743641 1283892627368 81.8
62.614908 29.743584 1283892631363 81.8
62.614934 29.743528 1283892635363 81.8
62.614963 29.743474 1283892639363 81.8
62.614997 29.743379 1283892643364 81.8
62.615003 29.743343 1283892647363 81.9
62.615007 29.743372 1283892651363 82.0
62.615017 29.743451 1283892655364 82.1
62.615003 29.74352 1283892659363 82.1
62.615002 29.743525 1283892663363 82.1
62.615006 29.743519 1283892667363 82.1
62.615023 29.743478 1283892671367 82.1
62.614979 29.743601 1283892675363 82.2
62.615 29.743569 1283892679362 82.2
62.614995 29.743579 1283892683363 82.2
62.614989 29.743618 1283892687367 82.2
62.614976 29.743683 1283892691363 82.2
62.614955 29.743781 1283892695363 82.3
62.614947 29.743808 1283892699362 82.3
62.614918 29.743893 1283892703363 81.0
62.614946 29.743886 1283892707362 82.6
62.614965 29.743856 1283892711368 85.1
62.614991 29.743836 1283892715364 87.4
62.615048 29.743782 1283892719363 88.8
62.615055 29.74382 1283892723363 92.5
62.615074 29.74377 1283892727364 96.1
62.615106 29.74368 1283892731363 97.9
62.615108 29.74365 1283892735364 99.9
62.615078 29.743755 1283892739377 100.2
62.615083 29.743717 1283892743363 103.2
62.615083 29.743721 1283892747367 104.5
62.615086 29.743714 1283892751362 106.1
62.615069 29.743752 1283892755363 106.2
62.61506 29.743774 1283892759365 106.6
62.615071 29.743744 1283892763365 107.4
62.615073 29.743735 1283892767363 107.2
62.615098 29.743658 1283892771362 107.0
62.61512 29.743587 1283892775367 106.8
62.615132 29.743542 1283892779364 106.3
62.615121 29.743557 1283892783363 106.2
62.615092 29.743638 1283892787363 106.2
62.615068 29.74372 1283892791363 106.7
62.615076 29.743695 1283892795363 106.6
62.615059 29.743735 1283892799363 106.5
62.615024 29.743821 1283892803363 106.5
62.614999 29.743908 1283892807362 106.7
62.615022 29.743837 1283892811363 107.0
62.615014 29.743832 1283892815362 107.5
62.615005 29.743817 1283892819363 107.7
62.615004 29.743793 1283892823367 107.4
62.614886 29.744182 1283892827363 107.8
62.614961 29.743985 1283892831364 107.7
62.614963 29.743968 1283892835363 107.7
62.61499 29.743859 1283892839363 107.7
62.614968 29.743925 1283892843364 108.0
62.614979 29.743835 1283892847363 108.6
62.614966 29.743779 1283892851362 108.2
62.61494 29.743741 1283892855363 108.4
62.614926 29.743763 1283892859363 108.5
62.614983 29.743827 1283892863368 108.1
62.614955 29.743863 1283892867366 107.4
62.614893 29.743888 1283892871363 106.9
62.614863 29.743888 1283892875363 106.6
62.614867 29.743873 1283892879362 106.6
62.614895 29.743853 1283892883364 106.6
62.614908 29.743836 1283892887366 106.7
62.614909 29.743822 1283892891363 106.8
62.614922 29.743839 1283892895364 106.2
62.614936 29.743825 1283892899363 106.2
62.614942 29.743844 1283892903363 106.4
62.614957 29.743851 1283892907363 107.0
62.614963 29.743822 1283892911389 104.1
62.614954 29.743858 1283892915363 106.1
62.614961 29.743843 1283892919363 105.7
62.614982 29.743842 1283892923367 105.5
62.615026 29.74387 1283892927362 106.8
62.615067 29.743905 1283892931366 107.6
62.615055 29.743885 1283892935363 106.6
62.615046 29.743888 1283892939363 106.5
62.615028 29.743897 1283892943364 104.4
62.615015 29.743891 1283892947363 101.9
62.614994 29.743838 1283892951363 98.2
62.614984 29.743811 1283892955367 98.1
62.614988 29.743805 1283892959363 98.6
62.614984 29.743753 1283892963362 97.7
62.614989 29.743697 1283892967363 97.0
62.614996 29.743586 1283892971369 98.4
62.614974 29.74346 1283892975364 100.1
62.614967 29.743463 1283892979368 100.0
62.614965 29.743483 1283892983363 100.3
62.614998 29.743474 1283892987363 100.5
62.614985 29.743461 1283892991363 99.1
62.614967 29.743465 1283892995364 98.2
62.614914 29.743563 1283892999363 99.0
62.614891 29.743592 1283893003362 98.0
62.614894 29.74361 1283893007364 96.7
62.614926 29.743636 1283893011364 96.2
62.614957 29.743661 1283893015363 95.4
62.614982 29.743694 1283893019363 94.0