62.611006 29.759212 1283620717628 91.9
62.611008 29.759381 1283620721627 91.3
62.610992 29.759277 1283620725628 89.0
62.611058 29.759218 1283620729640 87.1
62.611029 29.759112 1283620733628 86.6
62.611014 29.758778 1283620737628 86.4
62.6111 29.75866 1283620741656 78.6
62.611101 29.758593 1283620746614 79.1
62.611229 29.758324 1283620749738 78.3
62.611295 29.758155 1283620753627 80.9
62.611359 29.757802 1283620757627 85.6
62.61139 29.757565 1283620761629 86.7
62.611495 29.757255 1283620765628 81.5
62.611584 29.757037 1283620769631 73.9
62.611609 29.756729 1283620773627 71.3
62.61169 29.756453 1283620777629 71.1
62.611703 29.756246 1283620781626 75.4
62.611781 29.755962 1283620785629 74.6
62.611835 29.755714 1283620789628 72.9
62.611847 29.755433 1283620793628 78.0
62.611932 29.755157 1283620797626 77.7
62.611951 29.754915 1283620801631 81.4
62.612034 29.75454 1283620805628 82.8
62.612107 29.754278 1283620809629 82.9
62.612135 29.753971 1283620813626 83.0
62.612223 29.753669 1283620817628 81.9
62.612251 29.753418 1283620821629 82.7
62.612341 29.753024 1283620825627 81.2
62.61242 29.752731 1283620829629 80.5
62.612465 29.752429 1283620833628 79.5
62.612584 29.752202 1283620837628 80.1
62.612657 29.752069 1283620841629 82.0
62.61284 29.751915 1283620845627 84.9
62.612964 29.751785 1283620849628 85.0
62.613109 29.751648 1283620853627 85.4
62.613245 29.751527 1283620857627 86.5
62.613335 29.751432 1283620861627 88.3
62.613517 29.75126 1283620865629 90.2
62.613611 29.750635 1283620873763 90.5
62.613611 29.750635 1283620873805 90.5
62.613621 29.750273 1283620877752 91.4
62.613669 29.749889 1283620881639 91.2
62.613692 29.749458 1283620885640 92.5
62.613695 29.74915 1283620889639 93.2
62.613675 29.748437 1283620893640 93.6
62.613692 29.74793 1283620897638 98.5
62.613737 29.747434 1283620901639 99.6
62.613764 29.74698 1283620905639 100.2
62.613743 29.746668 1283620909639 103.8
62.613659 29.746272 1283620913638 100.4
62.613736 29.74616 1283620917639 99.0
62.613863 29.746258 1283620921641 101.1
62.613985 29.746254 1283620925641 99.4
62.614074 29.746273 1283620929639 97.8
62.614196 29.746245 1283620933640 95.4
62.614329 29.746378 1283620937638 92.8
62.614434 29.746364 1283620941638 92.1
62.614503 29.746232 1283620945640 90.9
62.614537 29.746159 1283620949639 90.7
62.614629 29.746295 1283620953639 89.1
62.614693 29.746172 1283620957637 90.9
62.614668 29.746145 1283620961638 91.1
62.614684 29.746122 1283620965637 92.2
62.614696 29.746124 1283620969638 91.0
62.614701 29.746105 1283620973637 87.1
62.614795 29.746221 1283620977638 87.8
62.614895 29.746129 1283620981640 87.4
62.615052 29.746151 1283620985638 86.9
62.615166 29.746167 1283620989644 89.7
62.615369 29.745988 1283620993638 93.1
62.615392 29.745653 1283620997638 91.6
62.615367 29.74531 1283621001639 95.8
62.615359 29.744973 1283621005639 95.1
62.615318 29.74471 1283621009639 92.1
62.615321 29.744228 1283621013639 95.1
62.615343 29.743898 1283621017640 93.0
62.615304 29.743551 1283621021638 92.5
62.615328 29.743224 1283621025637 92.7
62.61528 29.742964 1283621029645 94.3
62.615207 29.742845 1283621033640 97.8
62.615003 29.742957 1283621037639 98.7
62.614897 29.74277 1283621041638 97.4
62.614828 29.742656 1283621045639 96.7
62.614827 29.74264 1283621049645 97.7