62.598032 29.744573 1284224664057 71.0
62.597984 29.744652 1284224668056 72.0
62.597968 29.744624 1284224672054 70.5
62.598063 29.744619 1284224676054 74.2
62.59818 29.744691 1284224680055 78.5
62.598294 29.744743 1284224684054 79.6
62.598527 29.74489 1284224688055 84.3
62.598755 29.745093 1284224692056 87.2
62.599009 29.7453 1284224696055 89.4
62.599244 29.745538 1284224700055 88.7
62.599421 29.745704 1284224704055 87.2
62.599656 29.745987 1284224708055 87.3
62.59973 29.745774 1284224712054 87.7
62.599795 29.745643 1284224716055 90.0
62.599859 29.74531 1284224720056 91.6
62.599917 29.745045 1284224724055 91.8
62.600011 29.744591 1284224728055 94.1
62.600091 29.744234 1284224732056 87.8
62.600179 29.743808 1284224736055 87.3
62.600268 29.743355 1284224740055 86.0
62.600339 29.743026 1284224744056 84.0
62.60042 29.742464 1284224748056 78.9
62.600514 29.74199 1284224752056 80.5
62.60062 29.741567 1284224756055 80.8
62.600678 29.741051 1284224760055 80.5
62.600728 29.740691 1284224764054 81.8
62.600852 29.74022 1284224768054 86.0
62.60097 29.739754 1284224772056 87.3
62.601071 29.739501 1284224776055 88.9
62.601229 29.739093 1284224780056 90.9
62.601362 29.738929 1284224784055 88.3
62.601618 29.738698 1284224788056 93.9
62.601757 29.738453 1284224792055 93.4
62.601912 29.738231 1284224796054 94.4
62.602094 29.73824 1284224800054 94.9
62.602243 29.738093 1284224804054 96.1
62.602422 29.73811 1284224808054 97.1
62.602572 29.737975 1284224812055 98.2
62.60276 29.737849 1284224816055 100.6
62.602941 29.737782 1284224820056 103.8
62.603083 29.737688 1284224824054 104.4
62.603155 29.737658 1284224828055 105.5
62.603385 29.737505 1284224832054 105.7
62.603597 29.737199 1284224836055 104.1
62.603769 29.737013 1284224840055 103.1
62.604009 29.736856 1284224844055 100.0
62.604286 29.736665 1284224848056 95.7
62.604625 29.736514 1284224852055 94.2
62.604846 29.736444 1284224856055 95.8
62.605045 29.736164 1284224860054 97.8
62.605269 29.735939 1284224864054 95.6
62.605413 29.735795 1284224868054 95.9
62.605721 29.735447 1284224872054 95.9
62.605912 29.735216 1284224876056 98.1
62.606137 29.734954 1284224880055 101.2
62.606387 29.734746 1284224884056 104.0
62.606538 29.734633 1284224888055 107.8
62.606802 29.734372 1284224892055 117.7
62.607042 29.734238 1284224896058 113.7
62.607234 29.734157 1284224900055 113.7
62.607502 29.734059 1284224904055 109.5
62.607677 29.733901 1284224908056 108.4
62.607957 29.733555 1284224912054 96.5
62.608197 29.733367 1284224916057 97.2
62.608406 29.733105 1284224920056 99.1
62.60866 29.732605 1284224924056 103.4
62.608767 29.732376 1284224928055 103.8
62.609115 29.732047 1284224932054 113.5
62.609355 29.731903 1284224936056 116.9
62.609534 29.731662 1284224940057 116.4
62.609731 29.73135 1284224944055 120.3
62.609887 29.73114 1284224948057 120.7
62.610168 29.730726 1284224952054 122.0
62.610379 29.730405 1284224956056 111.4
62.610474 29.73009 1284224960055 112.3
62.61068 29.729865 1284224964055 111.0
62.610826 29.729699 1284224968055 115.6
62.611066 29.729399 1284224972055 115.7
62.611388 29.729152 1284224976057 100.0
62.611579 29.728882 1284224980055 97.5
62.611766 29.728491 1284224984056 90.7
62.61191 29.728298 1284224988057 88.1
62.61206 29.727918 1284224992054 87.0
62.612254 29.727524 1284224996056 83.7
62.612438 29.727217 1284225000055 85.5
62.612618 29.726971 1284225004056 87.0
62.612764 29.72681 1284225008055 90.9
62.613005 29.726507 1284225012055 85.1
62.613168 29.726212 1284225016055 86.6
62.613304 29.725935 1284225020055 89.8
62.613471 29.725781 1284225024055 89.6
62.61353 29.725482 1284225028056 90.9
62.613711 29.725105 1284225032056 85.7
62.613845 29.72476 1284225036057 86.1
62.614016 29.724592 1284225040055 83.9
62.614206 29.724501 1284225044057 83.9
62.614369 29.724413 1284225048089 86.6
62.6146 29.724298 1284225052055 84.0
62.614834 29.723972 1284225056056 80.5
62.614934 29.723568 1284225060057 79.2
62.615049 29.72321 1284225064056 78.4
62.615101 29.722872 1284225068884 76.4
62.615128 29.722496 1284225072059 72.0
62.615119 29.721907 1284225076054 75.2
62.615104 29.721459 1284225080055 71.6
62.615113 29.720966 1284225084055 76.1
62.615083 29.720541 1284225088055 76.4
62.615087 29.720201 1284225092056 78.2
62.6151 29.719596 1284225096055 73.6
62.61522 29.719153 1284225100054 71.8
62.615329 29.718754 1284225104055 71.5
62.615434 29.718368 1284225108054 71.7
62.615476 29.717986 1284225112055 65.1
62.615592 29.717383 1284225116055 64.9
62.615683 29.716951 1284225120056 72.9
62.615807 29.716518 1284225124057 72.4
62.615901 29.716035 1284225128056 74.6
62.616013 29.715726 1284225132054 72.9
62.616122 29.715087 1284225136055 73.7
62.616206 29.714585 1284225140055 72.5
62.616353 29.713997 1284225144055 76.7
62.616476 29.71347 1284225148056 78.5
62.616545 29.713099 1284225152055 77.6
62.616644 29.71252 1284225156056 72.1
62.616663 29.712118 1284225160056 69.6
62.616644 29.711596 1284225164054 66.7
62.616621 29.711066 1284225168056 68.9
62.616613 29.710682 1284225172054 70.6
62.616659 29.710048 1284225176055 69.8
62.616773 29.70961 1284225180054 71.4
62.61683 29.709155 1284225184053 74.6
62.616909 29.708865 1284225188056 75.7
62.616917 29.708711 1284225192055 75.6
62.61699 29.708632 1284225196089 77.2
62.61702 29.708568 1284225200051 77.6
62.61703 29.708523 1284225204052 78.5
62.61706 29.7085 1284225208057 79.2
62.617026 29.708493 1284225212049 75.2
62.617022 29.708446 1284225216051 73.6
62.617076 29.70849 1284225220049 71.7
62.617198 29.708661 1284225224060 73.5
62.617321 29.708797 1284225228049 74.7
62.617447 29.708898 1284225232050 75.6
62.61758 29.708907 1284225236050 77.2
62.617695 29.708838 1284225240050 77.7
62.617851 29.708739 1284225244120 76.7
62.618003 29.708666 1284225248050 75.3
62.618094 29.708651 1284225252050 76.8
62.618142 29.70865 1284225256050 75.6
62.618215 29.708674 1284225260050 77.1
62.618363 29.708605 1284225264049 81.7
62.618407 29.708448 1284225268050 75.8
62.618472 29.708139 1284225272107 75.8
62.618452 29.707778 1284225276051 74.8
62.618419 29.70762 1284225280049 73.6
62.618371 29.707459 1284225284057 69.8
62.618379 29.707291 1284225288049 68.6
62.618367 29.707105 1284225292061 68.3
62.618377 29.707018 1284225296049 69.7
62.618394 29.706966 1284225300054 71.6
62.618387 29.706958 1284225304095 70.6