62.614929 29.742428 1284102523752 80.9
62.614919 29.74251 1284102527751 84.4
62.614931 29.742504 1284102531751 96.5
62.614894 29.742603 1284102535751 96.1
62.614908 29.742586 1284102539751 98.9
62.614918 29.742638 1284102543750 100.7
62.614913 29.742644 1284102547751 100.3
62.614894 29.74265 1284102551750 99.2
62.614879 29.742775 1284102555752 100.5
62.614865 29.742752 1284102559751 101.6
62.614871 29.742727 1284102563750 101.4
62.61487 29.742682 1284102567752 100.6
62.614861 29.742622 1284102571750 100.4
62.614831 29.742615 1284102575752 98.9
62.614855 29.74259 1284102579751 98.3
62.614818 29.742487 1284102583751 97.5
62.614772 29.742477 1284102587752 96.4
62.614542 29.742458 1284102591750 95.6
62.614458 29.742364 1284102595752 95.1
62.61436 29.742242 1284102599751 92.0
62.614273 29.742076 1284102603750 88.9
62.61419 29.742005 1284102607751 85.5
62.614135 29.741932 1284102611751 83.4
62.614023 29.741684 1284102615751 81.8
62.613953 29.741502 1284102619751 78.9
62.613816 29.741344 1284102623751 78.3
62.613764 29.741149 1284102627751 74.6
62.613641 29.741002 1284102631752 73.1
62.613545 29.741017 1284102635753 71.9
62.613445 29.741085 1284102639751 70.3
62.613368 29.741218 1284102643750 68.6
62.613324 29.74133 1284102647750 67.5
62.613182 29.741354 1284102651751 68.0
62.613117 29.741514 1284102655751 68.4
62.612986 29.741675 1284102659751 69.1
62.612799 29.741851 1284102663751 70.9
62.612731 29.741897 1284102667750 70.2
62.612512 29.742134 1284102671751 69.3
62.612348 29.742301 1284102675751 69.9
62.612212 29.74251 1284102679750 65.1
62.612081 29.742624 1284102683749 61.2
62.611984 29.742737 1284102687751 59.4
62.611813 29.742927 1284102691749 55.5
62.611697 29.743099 1284102695751 55.1
62.611486 29.743202 1284102699752 57.9
62.611325 29.743183 1284102703751 56.9
62.61129 29.743233 1284102707752 56.5
62.611123 29.743393 1284102711751 60.1
62.611093 29.743582 1284102715751 57.2
62.610983 29.743754 1284102719751 57.4
62.610896 29.743864 1284102723750 59.8
62.61078 29.74401 1284102727751 59.9
62.610488 29.74423 1284102731750 55.3
62.610246 29.744371 1284102735751 59.9
62.610092 29.744529 1284102739751 61.8
62.609919 29.744627 1284102743753 62.1
62.60983 29.74482 1284102747752 63.5
62.609617 29.745141 1284102751750 66.5
62.609472 29.745171 1284102755752 67.3
62.609347 29.745271 1284102759751 68.1
62.609132 29.745692 1284102763751 74.5
62.609006 29.745905 1284102767750 75.3
62.608778 29.746222 1284102771751 74.8
62.608637 29.746321 1284102775751 70.6
62.60847 29.746385 1284102779749 67.9
62.608341 29.746425 1284102783751 66.4
62.608342 29.746492 1284102787750 66.5
62.608187 29.746914 1284102791751 69.1
62.607994 29.747283 1284102795752 73.4
62.607837 29.747418 1284102799750 63.1
62.607633 29.747702 1284102803751 58.3
62.607458 29.747727 1284102807751 62.1
62.607175 29.747935 1284102811751 64.9
62.607008 29.748192 1284102815752 66.1
62.606852 29.748443 1284102819750 66.1
62.606692 29.7487 1284102823751 69.7
62.606566 29.748817 1284102827750 71.2
62.606424 29.748925 1284102831749 71.0
62.606192 29.749191 1284102835750 70.8
62.606024 29.749487 1284102839750 67.0
62.605864 29.749749 1284102843750 67.4
62.605737 29.749965 1284102847752 70.7
62.605491 29.750265 1284102851750 70.4
62.605313 29.750545 1284102855750 68.6
62.605136 29.75092 1284102859751 70.8
62.605003 29.751197 1284102863751 70.4
62.604956 29.751478 1284102867751 71.2
62.60494 29.752175 1284102871752 73.9
62.604802 29.752534 1284102875752 74.6
62.604755 29.75286 1284102879750 74.7
62.604729 29.753045 1284102883749 76.1
62.604694 29.753193 1284102887750 74.9
62.604599 29.753652 1284102891751 72.4
62.604532 29.753954 1284102895751 72.4
62.60444 29.754357 1284102899751 70.1
62.60435 29.754827 1284102903751 68.4
62.604302 29.755171 1284102907750 69.1
62.604213 29.755686 1284102911752 72.9
62.604134 29.756137 1284102915751 72.5
62.604061 29.756605 1284102919751 65.3
62.603906 29.75694 1284102923751 68.7
62.603791 29.757054 1284102927752 68.8
62.603702 29.757334 1284102931752 67.4
62.603546 29.757556 1284102935751 68.7
62.60348 29.757935 1284102939750 69.3
62.603446 29.758215 1284102943755 71.1
62.603454 29.758331 1284102947751 71.9
62.603507 29.758439 1284102951750 75.3
62.603505 29.758465 1284102955751 72.3
62.6035 29.758456 1284102959751 68.9
62.603493 29.758448 1284102963752 67.7
62.60349 29.758444 1284102967750 67.5
62.603501 29.758539 1284102971751 66.7
62.603461 29.758609 1284102975751 67.2
62.603408 29.758989 1284102979751 67.6
62.603331 29.759335 1284102983753 67.9
62.603229 29.75968 1284102987750 68.0
62.603167 29.759932 1284102991750 68.2
62.603091 29.760301 1284102995751 68.3
62.603105 29.760592 1284102999751 68.5
62.603063 29.760821 1284103003752 68.7
62.603031 29.760886 1284103007752 69.1
62.602988 29.76085 1284103011755 68.1
62.603014 29.760866 1284103015750 68.1
62.603081 29.760805 1284103019752 69.3
62.603084 29.760726 1284103023751 69.7
62.603136 29.760561 1284103027751 73.4
62.603166 29.76046 1284103031751 76.5
62.603205 29.760516 1284103035749 79.9
62.60322 29.76057 1284103039751 78.5
62.603238 29.760686 1284103043752 77.4
62.603192 29.760906 1284103047751 76.5
62.603138 29.761056 1284103051751 73.1
62.602979 29.761554 1284103055753 68.4
62.602842 29.761633 1284103059751 67.4
62.602665 29.761601 1284103063751 68.4
62.602633 29.76185 1284103067751 66.5
62.602648 29.762001 1284103071751 66.3
62.602728 29.762416 1284103075750 69.5
62.602681 29.762517 1284103079751 70.8
62.602705 29.762661 1284103083751 73.2
62.602761 29.762766 1284103087751 75.5
62.602788 29.762806 1284103091751 77.5
62.602848 29.762936 1284103095751 78.3
62.602877 29.76301 1284103099751 78.7
62.602834 29.762943 1284103103751 79.6
62.602854 29.762984 1284103107751 79.1
62.602846 29.762993 1284103111755 78.5
62.602801 29.763032 1284103115750 78.3
62.602793 29.763087 1284103119751 78.4
62.602777 29.763099 1284103123750 78.2
62.602717 29.763152 1284103127750 77.5
62.602743 29.763236 1284103131752 76.3
62.602701 29.76323 1284103135750 68.0
62.602687 29.763199 1284103139751 66.9
62.602674 29.763165 1284103143752 66.0
62.602654 29.763136 1284103147751 66.5
62.602638 29.763124 1284103151752 67.7
62.602651 29.763084 1284103155750 69.2
62.602675 29.763016 1284103160057 69.0
62.602652 29.762897 1284103163751 68.4
62.602638 29.762786 1284103167750 67.3
62.602625 29.762746 1284103171751 67.0
62.602594 29.762764 1284103175752 67.6
62.602604 29.762707 1284103179751 68.1
62.602785 29.764029 1284103267750 125.3
62.602577 29.763839 1284103271751 126.2
62.602593 29.763679 1284103275751 105.2
62.602586 29.763671 1284103279751 105.2