62.598877 29.759824 1284482254194 85.4
62.599153 29.759631 1284482272116 209.5
62.599137 29.759615 1284482273131 205.8
62.599051 29.759493 1284482274815 205.8
62.599027 29.759482 1284482274832 181.4
62.599015 29.759478 1284482275903 177.8
62.599008 29.759475 1284482276896 176.1
62.599006 29.759483 1284482278952 175.1
62.599004 29.759488 1284482279894 174.1
62.598999 29.759486 1284482280895 172.4
62.598992 29.759485 1284482281904 171.5
62.598981 29.759495 1284482283899 161.3
62.598988 29.759504 1284482284899 160.8
62.598993 29.759501 1284482285901 160.4
62.598995 29.759497 1284482286905 159.1
62.599012 29.759555 1284482288934 159.1
62.598988 29.759543 1284482288966 146.2
62.598987 29.759551 1284482289899 143.6
62.599014 29.759545 1284482290904 142.1
62.599035 29.759542 1284482291894 140.7
62.599086 29.759471 1284482293894 140.7
62.599063 29.75946 1284482293905 135.3
62.599072 29.759423 1284482294886 132.9
62.599095 29.759343 1284482295884 132.9
62.599071 29.759331 1284482295898 129.7
62.599097 29.759282 1284482296882 129.7
62.599074 29.759271 1284482296892 128.6
62.599093 29.759349 1284482298889 128.6
62.599069 29.759337 1284482298899 127.3
62.599072 29.759324 1284482299898 127.3
62.599062 29.759329 1284482300900 127.4
62.59904 29.759349 1284482301897 126.1
62.599055 29.759379 1284482303893 124.2
62.599057 29.759375 1284482304885 123.3
62.599065 29.759384 1284482305895 121.6
62.599102 29.759408 1284482306892 121.6
62.599079 29.759397 1284482306906 120.4
62.599076 29.759386 1284482308886 116.1
62.599072 29.759403 1284482309893 115.7
62.599072 29.759415 1284482310893 115.6
62.599073 29.759415 1284482311897 113.7
62.59907 29.759419 1284482313893 112.4
62.599062 29.759404 1284482314895 113.2
62.599068 29.759367 1284482315896 113.8
62.59903 29.759354 1284482316895 111.5
62.598999 29.759318 1284482318893 111.3
62.599003 29.759311 1284482319908 111.2
62.599002 29.759305 1284482320887 110.7
62.598973 29.759306 1284482321891 109.7
62.598955 29.759304 1284482323894 109.9
62.598947 29.759303 1284482324889 110.0
62.598907 29.759301 1284482325886 109.8
62.598899 29.759312 1284482326888 111.1
62.598894 29.759317 1284482328890 110.3
62.598862 29.759327 1284482329886 109.6
62.598889 29.759352 1284482330886 109.6
62.598865 29.75934 1284482330900 110.7
62.598863 29.759339 1284482331891 110.4
62.598837 29.759348 1284482333887 110.8
62.598906 29.759379 1284482334882 110.8
62.598883 29.759368 1284482334896 104.7
62.598925 29.759352 1284482335882 98.1
62.598971 29.759384 1284482336881 98.1
62.598948 29.759372 1284482336890 94.0
62.598978 29.759347 1284482338881 88.2
62.599053 29.759423 1284482339883 88.2
62.59903 29.759412 1284482339893 86.2
62.599069 29.759457 1284482340886 85.1
62.599119 29.759468 1284482341887 85.1
62.599095 29.759456 1284482341900 79.7
62.599151 29.759549 1284482343883 79.7
62.599127 29.759538 1284482343895 81.4
62.599147 29.759587 1284482344885 80.1
62.599184 29.759685 1284482345882 80.1
62.59916 29.759674 1284482345892 80.4
62.599165 29.759717 1284482346889 80.1
62.599193 29.759684 1284482348893 75.6
62.599255 29.759713 1284482349899 75.6
62.599231 29.759702 1284482349937 76.2
62.59928 29.759766 1284482350879 76.2
62.599257 29.759754 1284482350893 76.8
62.599254 29.7598 1284482351889 74.8
62.599272 29.759866 1284482353886 74.8
62.599248 29.759855 1284482353896 74.0
62.599322 29.75993 1284482354886 74.0
62.599298 29.759918 1284482354897 74.8
62.599354 29.759996 1284482355878 74.8
62.59933 29.759985 1284482355889 74.5
62.599349 29.760027 1284482356876 74.4
62.599443 29.760126 1284482358878 74.4
62.599419 29.760114 1284482358892 69.2
62.599442 29.76016 1284482359887 69.2
62.599482 29.76019 1284482360881 69.2
62.599458 29.760179 1284482360891 69.2
62.599477 29.760159 1284482361876 67.5
62.599507 29.760187 1284482363881 68.5
62.59954 29.760214 1284482364871 68.5
62.599516 29.760203 1284482364883 68.7
62.599609 29.760253 1284482365884 68.7
62.599585 29.760242 1284482365894 66.2
62.599682 29.760438 1284482366954 66.2
62.599658 29.760426 1284482366964 64.9
62.599804 29.760542 1284482368878 64.9
62.599781 29.760531 1284482368888 63.7
62.59986 29.760594 1284482369876 63.7
62.599836 29.760583 1284482369890 63.5
62.599913 29.760627 1284482370878 63.5
62.599889 29.760616 1284482370890 63.4
62.599979 29.76066 1284482371870 63.4
62.599955 29.760649 1284482371881 63.6
62.6001 29.760733 1284482373869 63.6
62.600077 29.760722 1284482373887 64.4
62.600174 29.760804 1284482374866 64.4
62.60015 29.760792 1284482374880 63.6
62.60022 29.760864 1284482375874 63.6
62.600196 29.760853 1284482375884 63.2
62.600258 29.760953 1284482376867 63.2
62.600235 29.760942 1284482376878 63.0
62.600352 29.761147 1284482378889 62.9
62.600442 29.761206 1284482379888 62.9
62.600418 29.761195 1284482379896 62.7
62.600495 29.761274 1284482380873 62.7
62.600471 29.761263 1284482380887 62.2
62.600719 29.76127 1284482382869 62.2
62.600695 29.761259 1284482382878 63.0
62.600774 29.76132 1284482383851 63.0
62.60075 29.761309 1284482383858 63.2
62.600845 29.761354 1284482384865 63.2
62.600821 29.761343 1284482384873 63.7
62.600904 29.761379 1284482385866 63.7
62.600881 29.761368 1284482385873 64.0
62.600987 29.761452 1284482387863 64.0
62.600963 29.76144 1284482387886 64.6
62.601038 29.761478 1284482388869 64.6
62.601014 29.761466 1284482388879 64.7
62.601064 29.7615 1284482389866 65.0
62.601122 29.761529 1284482390859 65.0
62.601099 29.761517 1284482390869 65.1
62.601167 29.76158 1284482392867 65.1
62.601144 29.761568 1284482392881 65.3
62.601161 29.761581 1284482393869 65.2
62.601232 29.761645 1284482394864 65.2
62.601209 29.761634 1284482394877 65.2
62.601253 29.761659 1284482395866 64.8
62.601341 29.761701 1284482397868 64.8
62.601317 29.76169 1284482397882 64.7
62.601342 29.761699 1284482398870 64.6
62.601363 29.761715 1284482399867 64.5
62.601411 29.761734 1284482400867 64.5
62.601387 29.761722 1284482400877 64.8
62.601415 29.76173 1284482402864 64.8
62.60147 29.761719 1284482403859 64.8
62.601446 29.761708 1284482403874 65.4
62.601522 29.761695 1284482404861 65.4
62.601498 29.761683 1284482404871 66.1
62.601532 29.761704 1284482405863 66.0
62.601614 29.76172 1284482407869 66.0
62.60159 29.761708 1284482407883 66.1
62.601622 29.761716 1284482408865 67.6
62.601631 29.761703 1284482409860 66.2
62.60164 29.761703 1284482410867 65.5
62.601747 29.761894 1284482412865 65.5
62.601723 29.761882 1284482412875 63.9
62.601854 29.76198 1284482413860 63.9
62.601831 29.761968 1284482413870 60.7
62.601929 29.762038 1284482414858 60.7
62.601905 29.762026 1284482414870 59.4
62.602001 29.762084 1284482415860 59.4
62.601977 29.762072 1284482415874 58.1
62.602102 29.762284 1284482417861 58.1
62.602079 29.762273 1284482417873 56.9
62.602195 29.762372 1284482418876 56.9
62.602171 29.76236 1284482418886 56.1
62.602258 29.762508 1284482419862 56.1
62.602234 29.762497 1284482419876 55.4
62.602298 29.762593 1284482420859 55.4
62.602275 29.762581 1284482420869 55.4
62.602358 29.762649 1284482422860 55.4
62.602334 29.762637 1284482422870 54.4
62.602343 29.762672 1284482423904 54.6
62.602362 29.762672 1284482424858 54.1
62.602371 29.762665 1284482425864 53.3
62.602383 29.762609 1284482427858 50.6
62.602407 29.762586 1284482428857 50.6
62.602383 29.762575 1284482428868 50.4
62.602389 29.762528 1284482429861 50.3
62.602391 29.762486 1284482430854 50.2
62.602506 29.76235 1284482432859 50.2
62.602482 29.762339 1284482432869 54.7
62.602613 29.762324 1284482433862 54.7
62.60259 29.762313 1284482433870 60.9
62.602683 29.762229 1284482434864 60.9
62.602659 29.762218 1284482434876 63.9
62.602678 29.762172 1284482435868 63.9
62.602655 29.762161 1284482435893 63.7
62.602714 29.762045 1284482437846 63.7
62.60269 29.762034 1284482437856 61.3
62.602735 29.761959 1284482438854 61.3
62.602712 29.761948 1284482438865 61.2
62.602743 29.761888 1284482439872 61.2
62.602719 29.761877 1284482439885 61.1
62.602758 29.761821 1284482440858 61.1
62.602734 29.761809 1284482440868 61.2
62.602928 29.761681 1284482442855 61.2
62.602905 29.761669 1284482442866 65.6
62.602955 29.761591 1284482443856 65.6
62.602931 29.76158 1284482443870 65.7
62.602945 29.761526 1284482444848 65.7
62.602921 29.761514 1284482444858 65.7
62.60292 29.761464 1284482445854 64.1
62.602959 29.761395 1284482447850 64.1
62.602935 29.761383 1284482447861 62.5
62.60294 29.761342 1284482448902 59.7
62.60298 29.761278 1284482449855 59.7
62.602956 29.761266 1284482449870 59.6
62.602999 29.76108 1284482450848 59.6
62.602975 29.761069 1284482450858 59.4
62.603033 29.760864 1284482452849 59.4
62.60306 29.760773 1284482453880 59.2
62.603037 29.760762 1284482453895 59.7
62.603064 29.76068 1284482454851 59.7
62.603041 29.760669 1284482454864 59.2
62.60309 29.760624 1284482455851 59.2
62.603066 29.760612 1284482455862 60.2
62.603157 29.760477 1284482457852 60.2
62.603133 29.760465 1284482457866 60.6
62.603138 29.76043 1284482458849 59.2
62.603178 29.760352 1284482459845 59.2
62.603154 29.760341 1284482459854 58.4
62.60323 29.760282 1284482460847 58.4
62.603206 29.760271 1284482460860 58.4
62.603318 29.760179 1284482462847 58.4
62.603294 29.760168 1284482462857 57.6
62.603348 29.760094 1284482463847 57.6
62.603325 29.760082 1284482463862 58.8
62.603368 29.760047 1284482464846 58.9
62.603425 29.760028 1284482465839 58.9
62.603402 29.760017 1284482465849 59.0
62.603456 29.759934 1284482467842 59.0
62.603433 29.759922 1284482467855 57.6
62.603453 29.759892 1284482468848 57.8
62.603491 29.759874 1284482469846 57.8
62.603467 29.759863 1284482469857 57.7
62.603471 29.759826 1284482470847 57.6
62.603494 29.759666 1284482472842 57.6
62.60347 29.759655 1284482472852 58.6
62.603486 29.759631 1284482473845 59.1
62.603513 29.759571 1284482474846 59.1
62.603489 29.75956 1284482474860 60.0
62.603524 29.759469 1284482475904 60.0
62.6035 29.759458 1284482475918 62.5
62.603558 29.759294 1284482477840 62.5
62.603534 29.759283 1284482477854 67.7
62.603575 29.759212 1284482478828 67.7
62.603551 29.759201 1284482478849 68.8
62.603582 29.759123 1284482479839 68.8
62.603558 29.759112 1284482479848 69.7
62.603579 29.759075 1284482481841 71.0
62.603602 29.759097 1284482482843 71.3
62.603638 29.759126 1284482483840 71.3
62.603615 29.759114 1284482483851 70.9
62.603623 29.759073 1284482484919 68.6
62.603694 29.759011 1284482486838 68.6
62.60367 29.759 1284482486848 67.6
62.603719 29.758956 1284482487847 67.6
62.603696 29.758945 1284482487857 65.5
62.603728 29.758814 1284482488826 65.5
62.603705 29.758803 1284482488852 64.0
62.603737 29.758725 1284482489836 64.0
62.603714 29.758714 1284482489849 64.4
62.603748 29.758598 1284482491835 64.4
62.603724 29.758587 1284482491842 64.8
62.603795 29.758656 1284482492837 64.8
62.603771 29.758645 1284482492845 65.1
62.603811 29.758692 1284482493845 65.3
62.603865 29.75874 1284482494830 65.3
62.603841 29.758728 1284482494842 65.0
62.603844 29.758726 1284482496838 68.9
62.60391 29.75853 1284482497830 68.9
62.603886 29.758519 1284482497849 68.2
62.603937 29.75833 1284482498832 68.2
62.603914 29.758318 1284482498841 67.8
62.603944 29.758167 1284482499849 67.8
62.603921 29.758156 1284482500011 68.2
62.603914 29.757916 1284482501836 68.2
62.60389 29.757905 1284482501854 70.1
62.60393 29.757772 1284482502842 70.1
62.603906 29.757761 1284482502851 70.6
62.60395 29.757696 1284482503836 70.6
62.603926 29.757685 1284482503846 70.7
62.603972 29.757646 1284482504836 70.7
62.603948 29.757635 1284482504850 70.7
62.60401 29.757559 1284482506833 70.7
62.603986 29.757547 1284482506844 71.8
62.604034 29.757478 1284482507831 71.8
62.604011 29.757467 1284482507843 72.5
62.604048 29.757367 1284482508839 72.5
62.604024 29.757356 1284482508846 72.7
62.604044 29.75726 1284482509835 72.7
62.60402 29.757248 1284482509854 73.7
62.603994 29.756864 1284482511832 73.7
62.60397 29.756853 1284482511841 76.4
62.603999 29.75671 1284482512841 76.4
62.603975 29.756699 1284482512848 76.8
62.604016 29.756527 1284482513833 76.8
62.603993 29.756516 1284482513841 76.6
62.60403 29.756365 1284482514887 76.6
62.604006 29.756353 1284482514897 76.4
62.604051 29.756185 1284482516836 76.4
62.604027 29.756174 1284482516847 76.2
62.604055 29.75612 1284482517834 76.2
62.604031 29.756109 1284482517844 76.3
62.604053 29.756066 1284482518836 76.4
62.604134 29.755979 1284482519830 76.4
62.60411 29.755968 1284482519839 77.2
62.604215 29.755777 1284482521837 77.2
62.604191 29.755766 1284482521846 77.8
62.604231 29.755699 1284482522826 77.8
62.604208 29.755688 1284482522836 77.6
62.60424 29.755614 1284482523830 77.6
62.604216 29.755603 1284482523840 77.5
62.604262 29.755564 1284482524833 77.5
62.604238 29.755552 1284482524840 77.7
62.604273 29.755384 1284482526828 77.7
62.604249 29.755372 1284482526845 78.0
62.604306 29.755305 1284482527831 78.0
62.604282 29.755294 1284482527987 78.4
62.60433 29.755191 1284482528824 78.4
62.604306 29.75518 1284482528830 81.7
62.604336 29.755129 1284482529846 81.7
62.604312 29.755117 1284482529856 83.1
62.604332 29.755063 1284482531830 83.1
62.604308 29.755051 1284482531838 82.5
62.604343 29.754895 1284482532828 82.5
62.604319 29.754884 1284482532839 81.6
62.604359 29.754792 1284482533826 81.6
62.604335 29.754781 1284482533841 81.7
62.604364 29.754782 1284482534846 81.3
62.604399 29.754684 1284482536831 81.3
62.604375 29.754673 1284482536841 78.1
62.604385 29.754638 1284482537828 76.6
62.604417 29.754644 1284482538826 76.5
62.604529 29.754574 1284482539831 76.5
62.604505 29.754563 1284482539845 76.7
62.604585 29.754378 1284482541827 76.7
62.604561 29.754367 1284482541838 76.7
62.604614 29.754302 1284482542821 76.7
62.60459 29.75429 1284482542827 77.3
62.604632 29.754216 1284482543824 77.3
62.604608 29.754205 1284482543842 77.7
62.60464 29.754132 1284482544825 77.7
62.604617 29.754121 1284482544833 78.0
62.604655 29.754008 1284482546831 78.0
62.604631 29.753997 1284482546837 78.0
62.604656 29.753957 1284482547824 78.0
62.604632 29.753946 1284482547830 77.5
62.604662 29.753896 1284482548835 77.5
62.604638 29.753885 1284482548841 77.5
62.604702 29.753804 1284482549818 77.5
62.604679 29.753792 1284482549834 76.5
62.604764 29.75361 1284482551821 76.5
62.60474 29.753599 1284482551831 77.3
62.604756 29.753508 1284482552830 77.3
62.604732 29.753497 1284482552839 78.9
62.604772 29.75344 1284482553832 78.9
62.604749 29.753429 1284482553843 78.3
62.604769 29.75332 1284482554824 78.3
62.604745 29.753308 1284482554833 81.6
62.604792 29.753107 1284482556830 81.6
62.604768 29.753095 1284482557027 83.1
62.604794 29.753034 1284482557824 83.1
62.604771 29.753022 1284482557835 82.2
62.604806 29.752953 1284482558822 82.2
62.604782 29.752942 1284482558840 81.4
62.60481 29.752884 1284482559834 81.4
62.604787 29.752873 1284482559852 81.3
62.604815 29.752772 1284482561821 81.3
62.604791 29.752761 1284482561849 78.5
62.604808 29.752638 1284482562831 78.5
62.604785 29.752626 1284482562861 77.1
62.604814 29.752543 1284482563821 77.1
62.604791 29.752532 1284482563828 76.7
62.604815 29.752437 1284482564811 76.7
62.604791 29.752426 1284482564820 76.3
62.604808 29.752273 1284482566818 76.3
62.604785 29.752262 1284482566829 72.0
62.604824 29.752131 1284482567830 72.0
62.6048 29.75212 1284482567840 73.5
62.604828 29.752052 1284482568815 73.5
62.604805 29.75204 1284482568833 73.7
62.604803 29.752002 1284482569819 71.6
62.604835 29.75187 1284482571875 71.6
62.604811 29.751859 1284482571884 71.4
62.604885 29.751786 1284482572819 71.4
62.604862 29.751774 1284482572860 73.1
62.604881 29.751698 1284482573824 73.1
62.604857 29.751686 1284482573832 70.9
62.604913 29.751565 1284482574850 70.9
62.604889 29.751554 1284482574860 75.9
62.604932 29.75142 1284482576819 75.9
62.604909 29.751409 1284482576830 76.9
62.604946 29.751346 1284482577826 76.9
62.604923 29.751335 1284482577836 77.1
62.604963 29.751293 1284482578839 77.1
62.60494 29.751282 1284482578848 73.7
62.604937 29.751305 1284482579825 73.3
62.605035 29.751241 1284482581884 73.3
62.605011 29.75123 1284482581894 72.8
62.605053 29.75118 1284482582888 72.8
62.605097 29.751075 1284482583817 72.8
62.605073 29.751064 1284482583827 74.1
62.605133 29.750984 1284482584820 74.1
62.605109 29.750973 1284482584830 74.1
62.605226 29.750896 1284482586817 74.1
62.605202 29.750884 1284482586830 73.8
62.605241 29.750862 1284482587822 73.8
62.605298 29.750872 1284482588831 73.8
62.605275 29.75086 1284482588840 73.0
62.605351 29.750719 1284482589824 73.0
62.605327 29.750707 1284482589839 73.8
62.605454 29.750619 1284482591826 73.8
62.605431 29.750607 1284482591835 72.8
62.605467 29.750568 1284482592816 72.5
62.605566 29.750329 1284482593823 72.5
62.605542 29.750317 1284482593842 71.6
62.605635 29.750242 1284482594815 71.6
62.605611 29.750231 1284482594869 73.4
62.605768 29.749905 1284482596814 73.4
62.605745 29.749894 1284482596824 72.8
62.60583 29.749793 1284482597825 72.8
62.605807 29.749782 1284482597834 73.2
62.60586 29.749684 1284482598814 73.2
62.605836 29.749672 1284482598827 71.2
62.605927 29.74961 1284482599816 71.2
62.605903 29.749598 1284482599826 71.2
62.606036 29.749492 1284482601818 71.2
62.606012 29.749481 1284482601827 70.3
62.606106 29.749444 1284482602812 70.3
62.606082 29.749432 1284482602823 69.7
62.606171 29.749407 1284482603866 69.7
62.606147 29.749395 1284482603875 70.8
62.606225 29.749374 1284482604820 70.8
62.606202 29.749362 1284482604852 72.2
62.606401 29.749213 1284482606816 72.2
62.606377 29.749202 1284482606825 76.1
62.606502 29.749134 1284482607813 76.1
62.606478 29.749123 1284482607823 80.3
62.606553 29.749084 1284482608812 80.3
62.606529 29.749072 1284482608824 80.7
62.606676 29.748938 1284482610809 80.7
62.606653 29.748926 1284482610818 81.2
62.606766 29.748846 1284482611809 81.2
62.606743 29.748835 1284482611822 81.9
62.606833 29.74878 1284482612810 81.9
62.606809 29.748769 1284482612821 82.7
62.60691 29.748662 1284482613819 82.7
62.606887 29.748651 1284482613833 83.6
62.607016 29.748551 1284482615808 83.6
62.606993 29.74854 1284482615819 83.6
62.607072 29.748481 1284482616807 83.6
62.607049 29.74847 1284482616821 83.4
62.607151 29.74838 1284482617813 83.4
62.607127 29.748369 1284482617823 82.9
62.607202 29.74826 1284482618811 82.9
62.607178 29.748248 1284482618822 82.6
62.60732 29.748004 1284482620806 82.6
62.607296 29.747993 1284482620820 81.8
62.607356 29.747937 1284482621814 81.8
62.607332 29.747926 1284482621822 81.6
62.607418 29.747839 1284482622808 81.6
62.607394 29.747828 1284482622824 82.7
62.607422 29.747795 1284482623812 82.5
62.607489 29.747758 1284482625803 82.5
62.607465 29.747746 1284482625813 82.8
62.607493 29.747704 1284482626808 82.0
62.607564 29.747693 1284482627807 82.0
62.60754 29.747682 1284482627816 81.3
62.607623 29.747694 1284482628801 81.3
62.6076 29.747682 1284482628814 81.2
62.607724 29.747677 1284482630810 81.2
62.607701 29.747665 1284482630817 82.9
62.607746 29.747627 1284482631801 83.6
62.607798 29.747611 1284482632806 83.6
62.607774 29.7476 1284482632816 83.7
62.607796 29.747599 1284482633810 83.8
62.607927 29.747626 1284482635806 83.8
62.607903 29.747614 1284482635816 85.7
62.607932 29.747663 1284482636799 84.2
62.608039 29.747708 1284482637801 84.2
62.608015 29.747696 1284482637813 81.9
62.608125 29.747527 1284482638804 81.9
62.608101 29.747516 1284482638812 81.1
62.608303 29.747246 1284482640803 81.1
62.60828 29.747235 1284482640815 78.6
62.60844 29.747007 1284482641852 78.6
62.608417 29.746995 1284482641866 76.4
62.608576 29.746856 1284482642806 76.4
62.608552 29.746845 1284482642813 75.4
62.608652 29.746769 1284482643822 75.4
62.608629 29.746758 1284482643832 74.6
62.608783 29.746502 1284482645803 74.6
62.608759 29.746491 1284482645813 74.5
62.608886 29.746357 1284482646799 74.5
62.608863 29.746346 1284482646814 75.9
62.608957 29.746244 1284482647793 75.9
62.608933 29.746233 1284482647808 76.5
62.609093 29.746107 1284482648809 76.5
62.609069 29.746096 1284482648817 75.2
62.609314 29.745842 1284482650879 75.2
62.60929 29.74583 1284482650935 73.6
62.609382 29.745716 1284482651796 73.6
62.609359 29.745705 1284482651807 73.2
62.609428 29.745642 1284482652801 73.2
62.609404 29.745631 1284482652812 73.1
62.609478 29.74559 1284482653800 73.1
62.609454 29.745579 1284482653814 73.4
62.609635 29.745401 1284482655795 73.4
62.609611 29.74539 1284482655806 74.4
62.609687 29.745335 1284482656798 74.4
62.609664 29.745324 1284482656808 74.4
62.609711 29.745277 1284482657799 73.7
62.609768 29.745244 1284482658797 73.7
62.609744 29.745232 1284482658807 73.1
62.609832 29.745136 1284482660784 73.1
62.609808 29.745124 1284482660799 73.4
62.609893 29.745118 1284482661797 73.4
62.609869 29.745107 1284482661808 72.3
62.609899 29.745082 1284482662797 71.2
62.609941 29.745056 1284482663793 71.2
62.609917 29.745044 1284482663804 70.7
62.61005 29.745029 1284482665793 70.7
62.610026 29.745017 1284482665803 70.3
62.61006 29.744989 1284482666800 70.2
62.610129 29.74496 1284482667790 70.2
62.610105 29.744949 1284482667801 70.6
62.610127 29.744922 1284482668798 70.8
62.610253 29.744922 1284482670790 70.8
62.610229 29.74491 1284482670802 73.2
62.610254 29.744909 1284482671796 74.5
62.610308 29.744899 1284482672795 74.5
62.610285 29.744887 1284482672805 75.4
62.610311 29.744876 1284482673797 76.1
62.610419 29.744889 1284482675792 76.1
62.610395 29.744878 1284482675806 74.9
62.6105 29.744834 1284482676792 74.9
62.610476 29.744822 1284482676803 74.3
62.610557 29.744795 1284482677795 74.3
62.610533 29.744784 1284482677805 74.0
62.610581 29.744737 1284482678790 73.3
62.610774 29.744638 1284482680787 73.3
62.610751 29.744626 1284482680802 74.7
62.610795 29.744593 1284482681884 74.9
62.610854 29.744588 1284482682791 74.9
62.61083 29.744576 1284482682802 74.8
62.610893 29.744536 1284482683790 74.8
62.61087 29.744525 1284482683805 74.0
62.611071 29.744267 1284482685791 74.0
62.611048 29.744255 1284482685801 73.8
62.611076 29.744251 1284482686795 73.8
62.611172 29.744174 1284482687793 73.8
62.611148 29.744163 1284482687804 71.5
62.611342 29.743988 1284482689793 71.5
62.611318 29.743977 1284482689804 72.1
62.611373 29.743938 1284482690791 72.1
62.611349 29.743927 1284482690805 71.8
62.611454 29.743806 1284482691796 71.8
62.61143 29.743794 1284482691806 69.4
62.611544 29.743693 1284482692793 69.4
62.61152 29.743682 1284482692804 70.5
62.611635 29.743523 1284482694788 70.5
62.611611 29.743511 1284482694802 66.2
62.61168 29.743389 1284482695785 66.2
62.611656 29.743377 1284482695796 65.3
62.611719 29.743321 1284482696793 65.3
62.611695 29.74331 1284482696809 65.4
62.611722 29.743268 1284482697788 65.4
62.611795 29.743183 1284482699786 65.4
62.611772 29.743172 1284482699796 65.0
62.611853 29.743144 1284482700790 65.0
62.611829 29.743133 1284482700801 67.0
62.611852 29.743115 1284482701794 67.3
62.611908 29.743097 1284482702797 67.3
62.611884 29.743085 1284482702807 69.2
62.611993 29.743046 1284482704786 69.2
62.611969 29.743035 1284482704796 70.4
62.612002 29.743009 1284482705796 70.8
62.612085 29.74301 1284482706787 70.8
62.612061 29.742998 1284482706797 72.9
62.612085 29.742989 1284482707787 73.8
62.612192 29.7429 1284482709790 73.8
62.612168 29.742888 1284482709805 77.2
62.612288 29.742929 1284482710781 77.2
62.612264 29.742918 1284482710791 77.7
62.612345 29.742907 1284482711781 77.7
62.612322 29.742896 1284482711795 78.2
62.612364 29.742865 1284482712787 77.2
62.61244 29.742804 1284482714781 77.2
62.612416 29.742792 1284482714791 72.6
62.612467 29.74274 1284482715781 72.6
62.612443 29.742729 1284482715796 70.5
62.612463 29.742698 1284482716783 70.4
62.612502 29.74266 1284482717782 70.4
62.612478 29.742648 1284482717792 69.7
62.612675 29.742114 1284482719779 69.7
62.612651 29.742103 1284482719793 69.4
62.61273 29.741955 1284482720777 69.4
62.612706 29.741944 1284482720790 69.2
62.612768 29.741864 1284482721780 69.2
62.612744 29.741852 1284482721795 66.9
62.612809 29.74181 1284482722779 66.9
62.612785 29.741798 1284482722795 66.4
62.612881 29.74176 1284482724784 66.4
62.612857 29.741749 1284482724794 63.9
62.61288 29.741746 1284482725786 63.7
62.612939 29.74175 1284482726773 63.7
62.612915 29.741739 1284482726789 65.1
62.61295 29.741719 1284482727774 66.3
62.613082 29.741678 1284482729772 66.3
62.613058 29.741667 1284482729788 67.9
62.61318 29.741611 1284482730782 67.9
62.613156 29.7416 1284482730792 70.6
62.613296 29.741475 1284482731776 70.6
62.613272 29.741464 1284482731789 69.8
62.61339 29.741387 1284482732767 69.8
62.613366 29.741376 1284482732782 70.8
62.613539 29.7413 1284482734771 70.8
62.613515 29.741288 1284482734781 74.8
62.61358 29.741355 1284482735774 74.8
62.613557 29.741343 1284482735785 75.8
62.613594 29.741244 1284482736775 75.8
62.613571 29.741233 1284482736789 73.7
62.613616 29.741146 1284482737775 73.7
62.613592 29.741134 1284482737788 69.6
62.61366 29.740791 1284482739792 69.6
62.613637 29.74078 1284482739807 63.9
62.613679 29.740763 1284482740778 62.7
62.61372 29.740782 1284482741774 62.7
62.613696 29.740771 1284482741784 62.3
62.613705 29.740769 1284482742769 62.5
62.613819 29.740695 1284482744768 62.5
62.613795 29.740684 1284482744783 64.5
62.613931 29.74063 1284482745773 64.5
62.613907 29.740619 1284482745783 61.4
62.614009 29.740598 1284482746775 61.4
62.613985 29.740586 1284482746790 60.0
62.614067 29.740658 1284482747781 60.0
62.614043 29.740646 1284482747795 60.6
62.614154 29.740748 1284482749771 60.6
62.614131 29.740737 1284482749787 60.3
62.614215 29.7408 1284482750763 60.3
62.614191 29.740788 1284482750773 60.0
62.614285 29.740857 1284482751778 60.0
62.614261 29.740845 1284482751789 59.5
62.614297 29.740881 1284482752771 59.4
62.614424 29.740995 1284482754773 59.4
62.6144 29.740983 1284482754784 58.9
62.614486 29.741072 1284482755772 58.9
62.614462 29.741061 1284482755784 58.7
62.614527 29.741152 1284482756771 58.7
62.614503 29.741141 1284482756782 57.1
62.614565 29.741231 1284482757769 57.1
62.614542 29.741219 1284482757785 56.0
62.614633 29.741374 1284482759772 56.0
62.614609 29.741363 1284482759782 55.7
62.614636 29.741394 1284482760775 55.8
62.614678 29.741428 1284482761772 55.8
62.614655 29.741417 1284482761783 56.7
62.614692 29.741503 1284482762770 56.7
62.614669 29.741492 1284482762788 57.7
62.614776 29.741664 1284482764767 57.7
62.614752 29.741653 1284482764778 58.5
62.614782 29.741644 1284482765771 60.6
62.614832 29.741673 1284482766769 60.6
62.614808 29.741661 1284482766785 61.0
62.614829 29.741691 1284482767770 61.4
62.61482 29.741752 1284482769763 61.4
62.614796 29.74174 1284482769778 62.5
62.614783 29.741773 1284482770770 62.7
62.614796 29.741803 1284482771765 62.7
62.614772 29.741792 1284482771775 62.6
62.614742 29.741815 1284482772762 60.3
62.614725 29.741929 1284482774763 60.3
62.614701 29.741918 1284482774773 59.2
62.614693 29.741959 1284482775768 58.4
62.614672 29.741958 1284482776763 56.7
62.614665 29.74199 1284482777758 57.4
62.614728 29.742185 1284482779762 57.4
62.614704 29.742174 1284482779778 65.6
62.614718 29.742254 1284482780760 65.6
62.614694 29.742243 1284482780771 67.0
62.614686 29.742282 1284482781760 66.8
62.614707 29.742305 1284482782767 66.8
62.614683 29.742294 1284482782778 66.5
62.614689 29.742325 1284482784762 65.1
62.614722 29.742367 1284482785763 65.1
62.614698 29.742356 1284482785780 66.5
62.614702 29.742378 1284482786766 67.3
62.614701 29.742393 1284482787761 67.6
62.614705 29.742403 1284482789766 66.1
62.614742 29.742429 1284482790761 66.1
62.614718 29.742418 1284482790771 66.1
62.614715 29.742385 1284482791767 65.1
62.614717 29.742386 1284482792760 65.0
62.614738 29.742425 1284482794757 65.1
62.614742 29.742443 1284482795757 65.4
62.614741 29.742466 1284482796757 65.1
62.614764 29.742489 1284482797755 65.1
62.61474 29.742478 1284482797944 63.1
62.614724 29.742479 1284482799774 61.1
62.614721 29.742488 1284482800761 60.3
62.614728 29.742509 1284482801757 60.8
62.614716 29.742521 1284482802758 60.5
62.614754 29.74258 1284482804758 60.5
62.61473 29.742568 1284482804769 60.2
62.614747 29.742532 1284482805761 60.7
62.614746 29.74254 1284482806765 61.1
62.614744 29.742535 1284482807754 61.2
62.61474 29.742537 1284482809749 61.3
62.614735 29.74253 1284482810755 61.4
62.614733 29.742523 1284482811750 61.6
62.614739 29.742524 1284482812753 62.4
62.614756 29.742581 1284482814754 62.4
62.614732 29.74257 1284482814765 61.6
62.614728 29.742569 1284482815753 61.5
62.61473 29.742543 1284482816763 62.7
62.614726 29.742537 1284482817753 62.6
62.614735 29.742557 1284482819759 62.3
62.614733 29.742528 1284482820757 63.7
62.614731 29.742548 1284482821757 63.2
62.614758 29.742579 1284482822756 63.2
62.614734 29.742568 1284482822767 62.7
62.614842 29.742644 1284482824749 62.7
62.614818 29.742633 1284482824759 64.6
62.614839 29.742631 1284482825750 65.1
62.614853 29.742639 1284482826752 65.0
62.614862 29.742643 1284482827747 65.0
62.61492 29.742665 1284482829743 65.0
62.614896 29.742654 1284482829758 66.9
62.61491 29.742673 1284482830756 67.2
62.61491 29.74268 1284482831749 67.1
62.614906 29.742759 1284482832744 67.1
62.614882 29.742748 1284482832760 66.4
62.614909 29.742813 1284482834748 66.4
62.614886 29.742802 1284482834759 67.3
62.614888 29.74281 1284482835745 67.5
62.614871 29.742826 1284482836746 67.6
62.614865 29.74282 1284482837749 68.4
62.614862 29.742811 1284482839747 70.1
62.614868 29.742823 1284482840747 70.4
62.614863 29.742829 1284482841747 70.9
62.614858 29.742831 1284482842746 71.0
62.614849 29.74284 1284482844746 71.1
62.614858 29.742835 1284482845749 70.9
62.614849 29.742849 1284482846750 71.0
62.614843 29.74286 1284482847755 71.2
62.614853 29.742884 1284482849740 71.2
62.61483 29.742873 1284482849751 71.7
62.614826 29.742876 1284482850748 72.0
62.614834 29.742886 1284482851739 72.1
62.614868 29.74295 1284482852737 72.1
62.614844 29.742939 1284482852751 72.0
62.614897 29.743003 1284482854738 72.0
62.614873 29.742991 1284482854749 73.0
62.614886 29.743011 1284482855748 72.7
62.614903 29.743017 1284482856738 72.6
62.61491 29.743035 1284482857749 72.7
62.614928 29.743232 1284482859750 72.7
62.614905 29.74322 1284482859766 73.5
62.61492 29.743293 1284482860748 73.5
62.614897 29.743281 1284482860765 73.5
62.614908 29.743299 1284482861817 73.5
62.614922 29.743296 1284482862745 73.4
62.614983 29.743295 1284482864737 73.4
62.61496 29.743284 1284482864748 73.4
62.614964 29.743286 1284482865734 73.3
62.614985 29.743256 1284482866739 73.4
62.614985 29.743249 1284482867745 73.4
62.614977 29.743249 1284482869735 73.4
62.614968 29.74325 1284482870736 73.5
62.61498 29.743248 1284482871745 74.5
62.614975 29.743243 1284482872730 74.9
62.614958 29.743226 1284482874730 75.3
62.614968 29.743236 1284482875724 76.6
62.61497 29.743241 1284482876733 77.1
62.614969 29.743233 1284482877735 77.0
62.614977 29.743256 1284482879724 77.3
62.614961 29.743232 1284482880728 77.5
62.614956 29.743223 1284482881733 77.6
62.614954 29.743218 1284482882729 77.7
62.614954 29.743212 1284482884723 77.7
62.614953 29.74321 1284482885723 77.7
62.614954 29.743209 1284482886721 77.7
62.614953 29.74321 1284482887719 77.7
62.614837 29.742631 1284482983674 77.4
62.614848 29.742584 1284482984661 77.4
62.614824 29.742573 1284482984668 77.4
62.614822 29.742556 1284482985665 77.4
62.614979 29.742724 1284482993675 77.5
62.615116 29.742912 1284482994662 77.5
62.615092 29.742901 1284482994677 77.6
62.615116 29.74294 1284482995657 77.6
62.615188 29.743001 1284482996654 77.6
62.615164 29.742989 1284482996671 77.6
62.615261 29.743065 1284482998659 77.6
62.615237 29.743053 1284482998670 77.6
62.615266 29.7431 1284482999657 77.6
62.615291 29.743148 1284483000653 77.6
62.615267 29.743137 1284483000664 77.6
62.615268 29.743146 1284483001659 77.6
62.615268 29.743153 1284483003659 77.6
62.615288 29.743204 1284483004653 77.6
62.615265 29.743193 1284483004663 77.6
62.615262 29.743213 1284483005653 77.6
62.615284 29.743259 1284483006650 77.6
62.61526 29.743248 1284483006663 77.6
62.615326 29.743363 1284483008651 77.6
62.615302 29.743352 1284483008662 77.6
62.615329 29.743395 1284483009654 77.6
62.615349 29.743423 1284483010652 77.6
62.615325 29.743412 1284483010667 77.6
62.615323 29.743417 1284483011660 77.6
62.615304 29.743312 1284483032659 77.5
62.615308 29.743281 1284483033647 77.5
62.615286 29.743325 1284483034668 77.6
62.61528 29.743335 1284483035666 77.6
62.615286 29.743412 1284483036667 77.6
62.615263 29.7434 1284483036678 77.6
62.615237 29.743426 1284483038648 77.6
62.615224 29.743412 1284483039666 77.6
62.61524 29.74349 1284483040661 77.6
62.615216 29.743478 1284483040672 77.6
62.615212 29.743506 1284483041665 77.6
62.615215 29.743543 1284483043662 77.6
62.615191 29.743532 1284483043672 77.6
62.615181 29.743558 1284483044660 77.6
62.615197 29.743601 1284483045642 77.6
62.615173 29.743589 1284483045654 77.6
62.615171 29.743665 1284483046642 77.6
62.615147 29.743653 1284483046680 77.6
62.615127 29.743668 1284483048654 77.6
62.615124 29.743655 1284483049657 77.6
62.615111 29.743645 1284483050652 77.6
62.615105 29.743642 1284483051659 77.6
62.615108 29.74368 1284483053656 77.6
62.615126 29.7437 1284483054650 77.6
62.615102 29.743689 1284483054668 77.6
62.615099 29.743694 1284483055660 77.6
62.615103 29.743708 1284483056651 77.6
62.615101 29.743717 1284483058657 77.6
62.615103 29.743718 1284483059657 77.6
62.615105 29.743721 1284483060649 77.6
62.615106 29.743724 1284483061653 77.6
62.615118 29.743699 1284483063667 77.6
62.615131 29.743681 1284483064663 77.6
62.615122 29.743663 1284483065661 77.6
62.615126 29.743654 1284483066663 77.6
62.615136 29.743662 1284483068661 77.6
62.615139 29.743665 1284483069661 77.6
62.61514 29.743666 1284483070660 77.6
62.61514 29.743667 1284483071659 77.6
62.615139 29.74367 1284483073656 77.6
62.615131 29.743689 1284483075663 77.6
62.615116 29.743706 1284483076659 77.6
62.615066 29.743731 1284483078650 77.6
62.615098 29.74376 1284483081673 77.6
62.61512 29.743699 1284483083642 77.6
62.615097 29.743687 1284483083654 77.6
62.614951 29.743706 1284483116639 77.6
62.614907 29.743748 1284483118623 77.6
62.614883 29.743737 1284483118635 77.6
62.615135 29.743698 1284483119637 77.6
62.615111 29.743687 1284483119648 77.1
62.615168 29.743648 1284483120630 77.1
62.615145 29.743637 1284483120647 77.0
62.615161 29.743608 1284483121639 77.0
62.615085 29.743634 1284483123630 77.0
62.615062 29.743623 1284483123641 76.9
62.615076 29.743536 1284483124626 76.9
62.615052 29.743525 1284483124643 76.9
62.61505 29.743483 1284483125640 76.8
62.615055 29.743457 1284483126641 76.8
62.615198 29.743473 1284483128644 76.8
62.615174 29.743462 1284483128659 76.6
62.61518 29.743462 1284483129643 76.6
62.615196 29.743433 1284483130641 76.6
62.615146 29.743492 1284483131645 76.6
62.615122 29.743481 1284483131661 76.6
62.615088 29.743499 1284483133644 76.6
62.615087 29.743472 1284483134643 76.7
62.615086 29.74346 1284483135645 76.7
62.615091 29.74347 1284483136643 76.7
62.615046 29.743504 1284483138647 76.7
62.614995 29.743565 1284483139649 76.7
62.614971 29.743554 1284483139665 76.7
62.614961 29.743596 1284483140642 76.7
62.614982 29.743634 1284483141637 76.7
62.614958 29.743622 1284483141654 76.7
62.614912 29.743619 1284483143648 76.7
62.614936 29.743672 1284483144641 76.7
62.614912 29.743661 1284483144657 76.7
62.614912 29.743679 1284483145646 76.7
62.614912 29.743688 1284483146643 76.7
62.614924 29.743741 1284483148637 76.7
62.614901 29.74373 1284483148653 76.8
62.614902 29.743742 1284483149643 76.8
62.614901 29.743749 1284483150642 76.8
62.614897 29.743756 1284483151641 76.8
62.614926 29.743812 1284483153641 76.8
62.614902 29.743801 1284483153652 76.8
62.614902 29.743806 1284483154637 76.8
62.614902 29.743808 1284483155639 76.8
62.614909 29.743848 1284483156636 76.8
62.614931 29.74387 1284483158630 76.8
62.614907 29.743859 1284483158642 76.8
62.614907 29.743861 1284483159648 76.8
62.614917 29.743891 1284483160634 76.8
62.61492 29.743901 1284483161635 76.8
62.614922 29.743904 1284483163629 76.8
62.614961 29.743939 1284483164626 76.8
62.614937 29.743928 1284483164637 76.8
62.614943 29.743931 1284483165627 76.8
62.614945 29.743931 1284483166629 76.8
62.61497 29.74395 1284483168630 76.8
62.614978 29.743951 1284483169625 76.8
62.614981 29.743951 1284483170626 76.8
62.614984 29.74395 1284483171633 76.8
62.615027 29.743965 1284483173627 76.8
62.615004 29.743954 1284483173639 76.7
62.615007 29.743952 1284483174625 76.7
62.615009 29.74395 1284483175626 76.7
62.615011 29.743959 1284483176635 76.7
62.615006 29.743955 1284483178634 76.7
62.615005 29.743957 1284483179628 76.7
62.61501 29.743964 1284483180625 76.7
62.615012 29.743957 1284483181624 76.7
62.615013 29.743951 1284483183622 76.7
62.615019 29.743958 1284483184624 76.7
62.615016 29.74394 1284483185622 76.7
62.615028 29.743949 1284483186626 76.7
62.615044 29.743951 1284483188634 76.7
62.615031 29.743914 1284483189627 76.7
62.615028 29.743899 1284483190627 76.7
62.615025 29.743894 1284483191625 76.7
62.615052 29.74386 1284483193614 76.7
62.615028 29.743849 1284483193632 76.7
62.615019 29.743814 1284483194627 76.7
62.615028 29.743854 1284483195624 76.7
62.615046 29.743818 1284483196623 76.7
62.615041 29.743803 1284483198632 76.7
62.615031 29.743805 1284483199626 76.7
62.615024 29.743812 1284483200624 76.7
62.614986 29.7438 1284483201772 76.7
62.614953 29.743783 1284483203622 76.7
62.614948 29.74378 1284483204622 76.7
62.614944 29.743776 1284483205625 76.7
62.614888 29.743845 1284483206623 76.7
62.614864 29.743833 1284483206636 76.8
62.614817 29.743913 1284483208620 76.8
62.614793 29.743902 1284483208629 76.8
62.614787 29.743902 1284483209633 76.8
62.614784 29.743903 1284483210623 76.8
62.614783 29.7439 1284483211620 76.8
62.614779 29.743889 1284483213622 76.8
62.614786 29.743893 1284483214621 76.8
62.61479 29.743898 1284483215618 76.8
62.614793 29.743896 1284483216624 76.8
62.614811 29.743915 1284483218619 76.8
62.614814 29.743936 1284483219636 76.8
62.614818 29.743931 1284483220616 76.8
62.61482 29.74393 1284483221614 76.8
62.614819 29.743931 1284483223611 76.8
62.614821 29.743914 1284483224615 76.8
62.614817 29.743903 1284483225608 76.8
62.614815 29.743899 1284483226607 76.8
62.614818 29.743867 1284483228610 76.8
62.614818 29.743855 1284483229610 76.8
62.614818 29.743851 1284483230615 76.8
62.614821 29.743848 1284483231610 76.8
62.614827 29.743832 1284483233604 76.8
62.614828 29.743831 1284483234604 76.8
62.614832 29.74383 1284483235601 76.8
62.614833 29.743837 1284483236607 76.8
62.614839 29.743845 1284483238608 76.8
62.614843 29.743846 1284483239605 76.8
62.614843 29.743866 1284483240599 76.8
62.614873 29.743893 1284483242602 76.8
62.614849 29.743881 1284483242619 76.8
62.614851 29.743883 1284483243610 76.8
62.614909 29.744009 1284483247620 76.8
62.614912 29.74411 1284483250612 76.8
62.614808 29.744035 1284483256603 76.9
62.614764 29.744011 1284483257594 76.9
62.614739 29.744009 1284483258589 76.9
62.614644 29.743981 1284483267608 76.9
62.614612 29.743954 1284483268589 76.9
62.614609 29.74396 1284483269588 76.9
62.614599 29.743974 1284483270597 76.9
62.614583 29.743979 1284483272594 76.9
62.614577 29.743989 1284483273593 76.9
62.614573 29.743985 1284483274588 76.9
62.614573 29.743981 1284483275593 76.9
62.614593 29.743974 1284483277594 76.9
62.614605 29.743966 1284483278596 76.9
62.614617 29.743949 1284483279605 76.9
62.614607 29.743933 1284483280590 76.9
62.614609 29.743903 1284483282593 76.9
62.614611 29.743899 1284483283592 76.9
62.614608 29.743877 1284483284592 76.9
62.614606 29.743871 1284483285579 76.9
62.614597 29.743868 1284483287582 76.9
62.614675 29.743851 1284483288584 76.9
62.614651 29.74384 1284483288602 76.9
62.614673 29.74383 1284483289589 76.9
62.614683 29.743826 1284483290590 76.9
62.614688 29.743806 1284483292589 76.9
62.614795 29.743837 1284483293590 76.9
62.614772 29.743826 1284483293607 76.9
62.614817 29.743826 1284483294589 76.9
62.61486 29.743829 1284483295590 76.9
62.614837 29.743818 1284483295601 76.9
62.614843 29.743807 1284483297594 76.9
62.614858 29.743809 1284483298592 76.9
62.614867 29.743809 1284483299587 76.9
62.614865 29.743808 1284483300587 76.9
62.614865 29.743807 1284483302592 76.9
62.614868 29.743807 1284483303591 76.9
62.614869 29.743807 1284483304583 76.9
62.61487 29.743792 1284483305578 76.9
62.614884 29.743792 1284483307582 76.9
62.614914 29.743803 1284483308576 76.9
62.614891 29.743792 1284483308593 76.9
62.614891 29.743783 1284483309585 76.9
62.614898 29.743786 1284483310585 76.9
62.614908 29.743786 1284483312576 76.9
62.614916 29.743781 1284483313590 76.9
62.614918 29.743778 1284483314589 76.9
62.61492 29.743776 1284483315587 76.9
62.614933 29.74377 1284483317581 76.9
62.61494 29.743766 1284483318579 76.9
62.614967 29.743775 1284483319575 76.9
62.614944 29.743764 1284483319593 76.9
62.614957 29.743774 1284483320588 76.9
62.614974 29.743732 1284483322577 76.9
62.614977 29.743725 1284483323587 76.9
62.614993 29.743718 1284483324577 76.9
62.615038 29.74367 1284483325581 76.9
62.615014 29.743659 1284483325598 76.9
62.615023 29.743628 1284483327575 76.9
62.615028 29.74362 1284483328584 76.9
62.615055 29.743568 1284483329575 76.9
62.615032 29.743557 1284483329587 76.9
62.615035 29.743537 1284483330578 76.9
62.615036 29.743528 1284483332578 76.9
62.615076 29.743499 1284483333569 76.9
62.615053 29.743487 1284483333587 76.9
62.615071 29.743457 1284483334585 76.9
62.615103 29.743445 1284483335572 76.9
62.615079 29.743433 1284483335584 76.9
62.615091 29.743436 1284483337573 76.9
62.615095 29.743423 1284483338581 76.9
62.615097 29.743421 1284483339594 76.9
62.615077 29.743475 1284483340581 76.9
62.615077 29.743459 1284483342572 76.9
62.615077 29.743458 1284483343587 76.9
62.615087 29.743523 1284483344581 76.9
62.615063 29.743512 1284483344593 76.8
62.615065 29.74348 1284483345572 76.8
62.61506 29.743476 1284483347575 76.8
62.615039 29.743554 1284483348578 76.8
62.615039 29.743539 1284483349570 76.8
62.615037 29.743536 1284483350571 76.8
62.615041 29.743536 1284483352568 76.8
62.615041 29.743514 1284483353567 76.8
62.615043 29.743513 1284483354567 76.8
62.615045 29.74351 1284483355569 76.8
62.615046 29.743506 1284483357564 76.8
62.615046 29.743505 1284483358565 76.8
62.615045 29.743506 1284483359563 76.8
62.615045 29.743506 1284483360563 76.8
62.615049 29.743517 1284483362563 76.8
62.615006 29.743538 1284483363562 76.8
62.614983 29.743527 1284483363573 76.8
62.61496 29.743532 1284483364575 76.8
62.614966 29.743553 1284483365568 76.8
62.614988 29.743556 1284483367565 76.8
62.614989 29.743559 1284483368575 76.8
62.61503 29.743592 1284483369558 76.8
62.615006 29.74358 1284483369576 76.8
62.614947 29.743622 1284483370569 76.8
62.614923 29.743611 1284483370581 76.8
62.614835 29.743684 1284483372561 76.8
62.614811 29.743673 1284483372573 76.9
62.6148 29.743679 1284483373560 76.9
62.6148 29.743683 1284483374570 76.9
62.614808 29.7437 1284483375568 76.9
62.614807 29.743698 1284483377569 76.9
62.614802 29.743697 1284483378570 76.9
62.614794 29.743718 1284483379566 76.9
62.614812 29.743739 1284483380565 76.9
62.614788 29.743727 1284483380577 76.9
62.614781 29.743729 1284483382559 76.9
62.614775 29.743736 1284483383559 76.9
62.614772 29.743741 1284483384564 76.9
62.61477 29.74374 1284483385569 76.9
62.614758 29.743721 1284483387565 76.9
62.614753 29.743726 1284483388566 76.9
62.61475 29.743728 1284483389561 76.9
62.614741 29.743721 1284483390559 76.9
62.614728 29.743719 1284483392557 76.9
62.614726 29.743718 1284483393554 76.9
62.61471 29.743695 1284483394560 76.9
62.614705 29.743689 1284483395560 76.9
62.614748 29.743814 1284483402565 77.0
62.614776 29.743801 1284483403546 77.0
62.614787 29.743795 1284483404598 77.0
62.614822 29.743813 1284483405546 77.0
62.614799 29.743802 1284483405558 77.0
62.614791 29.743751 1284483407554 77.0
62.614767 29.74374 1284483407566 77.1
62.614754 29.743749 1284483408564 77.1
62.614741 29.743749 1284483409561 77.1
62.614738 29.743732 1284483410555 77.1
62.614714 29.74372 1284483410567 77.1
62.614696 29.743726 1284483412556 77.2
62.614695 29.743725 1284483413561 77.2
62.614696 29.743725 1284483414552 77.2
62.614699 29.743724 1284483415565 77.2
62.614741 29.743696 1284483417553 77.2
62.614748 29.74372 1284483418552 77.2
62.614756 29.743735 1284483419545 77.2
62.614761 29.743744 1284483420550 77.2
62.614763 29.743753 1284483422544 77.2
62.614765 29.743749 1284483423540 77.2
62.614802 29.743752 1284483424541 77.2
62.614779 29.743741 1284483424552 77.2
62.614783 29.743734 1284483425544 77.2
62.614788 29.743733 1284483427549 77.2
62.614798 29.743728 1284483428554 77.2
62.614805 29.743722 1284483429558 77.2
62.614808 29.743719 1284483430540 77.2
62.614811 29.74372 1284483432543 77.2
62.614815 29.743723 1284483433544 77.2
62.614817 29.743724 1284483434538 77.2
62.614822 29.743726 1284483435541 77.2
62.614854 29.743743 1284483437540 77.2
62.614831 29.743731 1284483437552 77.2
62.614835 29.743733 1284483438541 77.2
62.614866 29.743691 1284483439533 77.2
62.614843 29.74368 1284483439545 77.2
62.614851 29.743655 1284483440549 77.2
62.614862 29.743646 1284483442536 77.2
62.614873 29.74365 1284483443536 77.2
62.614879 29.743653 1284483444531 77.2
62.614881 29.743654 1284483445537 77.2
62.614918 29.743636 1284483447538 77.2
62.614894 29.743625 1284483447549 77.2
62.614909 29.743587 1284483448538 77.2
62.614923 29.743578 1284483449529 77.2
62.614927 29.743573 1284483450535 77.2
62.614942 29.743572 1284483452540 77.2
62.614943 29.743571 1284483453535 77.2
62.614978 29.743605 1284483454534 77.2
62.614954 29.743594 1284483454552 77.2
62.614958 29.7436 1284483455538 77.2
62.614965 29.743579 1284483457537 77.2
62.614974 29.743578 1284483458538 77.2
62.614979 29.743577 1284483459553 77.2
62.61498 29.743573 1284483460532 77.2
62.614996 29.743587 1284483462532 77.2
62.614997 29.743588 1284483463538 77.2
62.614999 29.743581 1284483464528 77.2
62.614999 29.743578 1284483465530 77.2
62.615 29.743579 1284483467532 77.2
62.615003 29.74357 1284483468535 77.2
62.615037 29.743576 1284483469528 77.2
62.615013 29.743564 1284483469539 77.2
62.615022 29.743562 1284483470528 77.2
62.615063 29.743522 1284483472529 77.2
62.615085 29.743513 1284483473534 77.2
62.615118 29.74352 1284483474526 77.2
62.615095 29.743509 1284483474544 77.2
62.615098 29.743506 1284483475528 77.2
62.615146 29.743453 1284483477524 77.2
62.615122 29.743441 1284483477542 77.2
62.615129 29.743433 1284483478526 77.2
62.615134 29.743425 1284483479523 77.2
62.615196 29.74343 1284483480521 77.2
62.615173 29.743419 1284483480533 77.2
62.615092 29.743702 1284483482522 77.2
62.615068 29.743691 1284483482534 77.2
62.615055 29.743717 1284483483526 77.2
62.61505 29.743727 1284483484525 77.2
62.615048 29.743733 1284483485528 77.2
62.615043 29.74373 1284483487519 77.2
62.615045 29.743732 1284483488527 77.2
62.615045 29.743733 1284483489521 77.2
62.615045 29.74373 1284483490527 77.2
62.615042 29.743726 1284483492522 77.2
62.615037 29.743721 1284483493529 77.2
62.615036 29.743718 1284483494527 77.2
62.615031 29.743697 1284483495523 77.2
62.615029 29.743683 1284483497524 77.2
62.615025 29.743677 1284483498522 77.2
62.615024 29.743677 1284483499518 77.2
62.615024 29.743677 1284483501521 77.2
62.615027 29.743677 1284483502516 77.2
62.615029 29.743672 1284483503522 77.2
62.615029 29.743671 1284483504519 77.2
62.615048 29.743674 1284483506523 77.2
62.61505 29.74367 1284483507519 77.2
62.615051 29.743666 1284483508524 77.2
62.615048 29.743662 1284483509516 77.2
62.615043 29.743644 1284483511519 77.2
62.615041 29.743636 1284483512512 77.2
62.615034 29.743633 1284483513515 77.2
62.615033 29.743632 1284483514510 77.2
62.615033 29.743626 1284483516515 77.2
62.615029 29.743626 1284483517515 77.2
62.615026 29.743624 1284483518509 77.2
62.615047 29.743615 1284483519522 77.2
62.615023 29.743604 1284483519536 77.2
62.615024 29.743594 1284483521506 77.2
62.615019 29.743593 1284483522507 77.2
62.614729 29.744339 1284483547508 77.2
62.614692 29.74442 1284483548518 77.2
62.614669 29.744409 1284483548527 77.1
62.614651 29.744433 1284483549502 77.0
62.614764 29.744423 1284483551505 77.0
62.61474 29.744412 1284483551522 76.8
62.614758 29.744412 1284483552505 76.8
62.614785 29.74441 1284483553496 76.8
62.614839 29.744407 1284483554495 76.8
62.614815 29.744396 1284483554507 76.7
62.61502 29.743895 1284483563512 76.7
62.615025 29.743888 1284483564500 76.7
62.615007 29.74388 1284483566496 76.7
62.614984 29.743895 1284483567496 76.7
62.61497 29.743893 1284483568496 76.7
62.614959 29.74389 1284483569494 76.7
62.614766 29.743917 1284483571494 76.7
62.614742 29.743906 1284483571511 76.6
62.614714 29.743912 1284483572498 76.6
62.61469 29.7439 1284483572539 76.6
62.614673 29.743892 1284483573499 76.6
62.614613 29.743913 1284483574496 76.6
62.614589 29.743902 1284483574507 76.6
62.614502 29.743894 1284483576489 76.6
62.614478 29.743883 1284483576501 76.6
62.614482 29.743866 1284483577492 76.6
62.614485 29.743855 1284483578495 76.6
62.614528 29.743842 1284483579500 76.6
62.614505 29.74383 1284483579512 76.6
62.614537 29.743792 1284483581486 76.5
62.614574 29.743787 1284483582483 76.5
62.61455 29.743776 1284483582495 76.5
62.614561 29.743761 1284483583484 76.5
62.614575 29.743749 1284483584490 76.5
62.614642 29.743744 1284483586481 76.5
62.614618 29.743733 1284483586499 76.5
62.614636 29.743728 1284483587484 76.5
62.614782 29.743488 1284483597475 76.5
62.614839 29.743437 1284483598460 76.5
62.614815 29.743425 1284483598468 76.5
62.614792 29.743568 1284483599479 76.5
62.614768 29.743556 1284483599492 76.7
62.614747 29.743557 1284483601478 76.7
62.614738 29.743548 1284483602486 76.7
62.614765 29.743599 1284483603485 76.7
62.614742 29.743587 1284483603497 76.7
62.614738 29.743594 1284483604502 76.7
62.614745 29.743591 1284483606492 76.8
62.614747 29.743587 1284483607495 76.8
62.614738 29.743582 1284483608488 76.8
62.614732 29.743577 1284483609484 76.8
62.614742 29.743553 1284483611483 76.8
62.614745 29.743544 1284483612475 76.8
62.614832 29.743603 1284483613485 76.8
62.614809 29.743592 1284483613497 76.9
62.614825 29.7436 1284483614478 76.9
62.614906 29.743682 1284483616489 76.9
62.614882 29.743671 1284483616501 77.0
62.614913 29.743704 1284483617521 77.0
62.614926 29.743715 1284483618486 77.1
62.614931 29.74372 1284483619479 77.1
62.614998 29.743786 1284483621481 77.1
62.614974 29.743774 1284483621500 77.1
62.614972 29.743788 1284483622486 77.1
62.614966 29.743796 1284483623478 77.1
62.614988 29.743844 1284483624475 77.1
62.614964 29.743833 1284483624487 77.2
62.614952 29.743846 1284483626475 77.2
62.614943 29.743852 1284483627485 77.2
62.614936 29.743873 1284483628480 77.2
62.614926 29.743864 1284483629482 77.2
62.614911 29.743848 1284483631486 77.2
62.614905 29.74385 1284483632487 77.2
62.614924 29.743815 1284483633479 77.2
62.614934 29.743784 1284483634478 77.2
62.614976 29.74375 1284483636475 77.2
62.614952 29.743738 1284483636493 77.2
62.614957 29.743722 1284483637494 77.1
62.614961 29.743705 1284483638473 77.1
62.614971 29.743694 1284483639490 77.1
62.614981 29.743675 1284483641480 77.1
62.614741 29.74425 1284483651476 77.2
62.614707 29.74426 1284483652467 77.3
62.614686 29.744244 1284483653485 77.3
62.614681 29.744242 1284483654464 77.3
62.615016 29.743778 1284483671456 76.8
62.614992 29.743767 1284483671474 76.7
62.614973 29.743765 1284483672464 76.7
62.615071 29.743739 1284483673464 76.7
62.615047 29.743728 1284483673476 76.6
62.615068 29.743717 1284483674462 76.6
62.615053 29.743708 1284483676444 76.6
62.615003 29.743924 1284483677460 76.6
62.61498 29.743912 1284483677472 76.6
62.614962 29.743952 1284483678464 76.6
62.614999 29.743911 1284483679458 76.6
62.615088 29.743907 1284483681460 76.6
62.615064 29.743896 1284483681477 76.6
62.615079 29.743897 1284483682468 76.6
62.615082 29.743901 1284483683461 76.6
62.615082 29.743904 1284483684459 76.6
62.615086 29.743891 1284483686464 76.6
62.615054 29.743861 1284483687459 76.6
62.615051 29.743854 1284483688460 76.6
62.615028 29.743843 1284483688472 76.6
62.615017 29.743807 1284483689504 76.9
62.615033 29.743746 1284483691462 76.9
62.615009 29.743735 1284483691474 76.3
62.614924 29.74382 1284483692465 76.3
62.6149 29.743809 1284483692477 76.6
62.614882 29.743805 1284483693468 75.0
62.614873 29.7438 1284483694461 74.6
62.614839 29.74379 1284483696461 73.9
62.614811 29.743827 1284483697460 73.3
62.614796 29.74385 1284483698467 72.9
62.614783 29.743855 1284483699477 72.2
62.614765 29.743906 1284483701461 72.2
62.614741 29.743895 1284483701473 71.3
62.614727 29.743985 1284483702459 71.3
62.614703 29.743974 1284483702468 70.4
62.614676 29.744017 1284483703459 70.2
62.614658 29.744045 1284483704458 70.1
62.614659 29.744094 1284483706455 70.1
62.614636 29.744083 1284483706473 69.7
62.614626 29.744096 1284483707456 69.6
62.614665 29.744042 1284483708467 69.6
62.614681 29.744027 1284483709457 69.2
62.614668 29.744024 1284483711451 69.2
62.614662 29.744024 1284483712455 69.3
62.614663 29.744033 1284483713460 69.2
62.614665 29.744027 1284483714456 69.2
62.614667 29.744017 1284483716458 69.2
62.614676 29.74403 1284483717460 69.1
62.614686 29.744 1284483718455 69.2
62.614717 29.743993 1284483719452 69.2
62.614693 29.743982 1284483719465 69.2
62.614708 29.743991 1284483721450 69.2
62.614713 29.744 1284483722456 69.2
62.614715 29.744004 1284483723449 69.3
62.614715 29.744004 1284483724450 69.3
62.614749 29.744046 1284483726447 69.3
62.614726 29.744035 1284483726459 69.3
62.614726 29.744038 1284483727474 69.3
62.614728 29.74404 1284483728459 69.3
62.614728 29.744052 1284483729450 69.3
62.614726 29.744061 1284483731452 69.3
62.614727 29.744063 1284483732445 69.3
62.61472 29.744065 1284483733459 69.3
62.614718 29.744073 1284483734445 69.3
62.614723 29.744082 1284483736448 69.3
62.614746 29.744104 1284483737458 69.3
62.614723 29.744093 1284483737478 69.3
62.614725 29.744101 1284483738466 69.3
62.614724 29.744103 1284483739460 69.3
62.614725 29.744106 1284483741450 69.3
62.614726 29.744107 1284483742450 69.3
62.614727 29.744107 1284483743444 69.3
62.614729 29.744108 1284483744449 69.3
62.614729 29.744099 1284483746444 69.3
62.614729 29.744097 1284483747443 69.3
62.614722 29.744088 1284483751447 69.3
62.61471 29.744067 1284483755446 69.3
62.614701 29.744056 1284483756440 69.3
62.615083 29.743501 1284483766481 69.2
62.615159 29.743551 1284483767440 69.2
62.615135 29.743539 1284483767449 69.2
62.61515 29.74354 1284483768440 69.2
62.615158 29.743544 1284483769439 69.2
62.615149 29.743522 1284483771436 69.2
62.615146 29.743517 1284483772438 69.2
62.615145 29.743515 1284483773468 69.2
62.615104 29.743574 1284483774467 69.2
62.615081 29.743594 1284483776442 69.2
62.615077 29.743597 1284483777449 69.2
62.61506 29.743573 1284483778442 69.2
62.615049 29.743557 1284483779443 69.2
62.615041 29.743546 1284483781449 69.2
62.615019 29.743501 1284483782439 69.2
62.615008 29.743476 1284483783443 69.2
62.615002 29.74346 1284483785438 69.2
62.615058 29.74337 1284483786442 69.2
62.615034 29.743358 1284483786456 69.2
62.615082 29.743291 1284483787438 69.2
62.615059 29.743279 1284483787454 69.2
62.615102 29.74323 1284483788467 69.2
62.615078 29.743218 1284483788481 69.2
62.615183 29.742997 1284483790441 69.2
62.615159 29.742986 1284483790454 69.2
62.61523 29.742858 1284483791454 69.2
62.615206 29.742847 1284483791467 69.2
62.615264 29.742752 1284483792437 69.2
62.61524 29.742741 1284483792457 69.2
62.61529 29.742671 1284483793439 69.2
62.615267 29.742659 1284483793455 69.2
62.615396 29.742969 1284483795435 69.2
62.615372 29.742957 1284483795447 69.2
62.614821 29.743758 1284483810458 69.4
62.61474 29.743802 1284483811441 69.4
62.614716 29.74379 1284483811458 69.4
62.614889 29.74393 1284483812438 69.4
62.614865 29.743919 1284483812458 69.7
62.61489 29.743947 1284483813441 69.8
62.614869 29.74393 1284483815444 69.9
62.614963 29.743984 1284483816438 69.9
62.614939 29.743973 1284483816458 70.2
62.614907 29.743944 1284483817443 70.4
62.614882 29.743927 1284483818462 70.7
62.614861 29.743943 1284483820454 70.7
62.614882 29.743921 1284483821446 70.6
62.614905 29.743908 1284483822441 70.6
62.614924 29.743908 1284483823456 70.5
62.614907 29.743905 1284483825444 70.3
62.614891 29.743898 1284483826447 70.3
62.614911 29.743892 1284483827439 70.3
62.614887 29.74388 1284483827451 70.3
62.614865 29.743892 1284483828461 70.3
62.614846 29.743896 1284483830441 70.2
62.614852 29.743879 1284483831440 70.2
62.61485 29.743872 1284483832441 70.2
62.614847 29.743869 1284483833442 70.2
62.614845 29.743846 1284483835440 70.2
62.614844 29.743838 1284483836439 70.2
62.614844 29.743836 1284483837439 70.2
62.614844 29.743835 1284483838441 70.2
62.614848 29.743828 1284483840444 70.2
62.614849 29.743828 1284483841448 70.2
62.614847 29.743825 1284483842439 70.2
62.614843 29.743822 1284483843457 70.2
62.614845 29.743822 1284483845445 70.2
62.614846 29.743823 1284483846445 70.2
62.614848 29.743827 1284483847439 70.2
62.614849 29.743839 1284483848441 70.2
62.614817 29.743873 1284483850455 70.2
62.61483 29.743915 1284483851446 70.2
62.614806 29.743904 1284483851458 70.2
62.614804 29.743906 1284483852484 70.2
62.614809 29.743911 1284483853459 70.2
62.614818 29.743929 1284483855440 70.2
62.614823 29.743856 1284483856441 70.2
62.6148 29.743845 1284483856453 70.2
62.614801 29.74382 1284483857448 70.2
62.614804 29.743799 1284483859441 70.2
62.614808 29.743817 1284483860441 70.2
62.614811 29.743817 1284483861442 70.2
62.614816 29.743821 1284483862459 70.2
62.614828 29.743831 1284483863444 70.2
62.614896 29.743852 1284483865438 70.2
62.614873 29.743841 1284483865451 70.2
62.614894 29.743831 1284483866443 70.2
62.614904 29.743827 1284483867443 70.2
62.61488 29.743795 1284483868447 70.2
62.614904 29.743735 1284483870438 70.2
62.61488 29.743724 1284483870451 70.2
62.614877 29.743708 1284483871445 70.2
62.614872 29.743683 1284483872442 70.2
62.614866 29.743669 1284483873447 70.2
62.614861 29.743655 1284483875440 70.2
62.614858 29.743649 1284483876449 70.2
62.614856 29.743646 1284483877443 70.2
62.614833 29.743638 1284483878446 70.2
62.614815 29.74367 1284483880441 70.2
62.614813 29.743686 1284483881464 70.2
62.614811 29.743692 1284483882506 70.2
62.614811 29.743695 1284483883508 70.2