62.614637 29.742949 1284450932560 9.6
62.614614 29.742937 1284450932761 9.6
62.614679 29.743242 1284450933463 9.6
62.614655 29.743231 1284450933510 8.0
62.614776 29.743025 1284450935439 8.0
62.614752 29.743014 1284450935488 1.1
62.614658 29.743096 1284450938366 -14.2
62.614634 29.743085 1284450938385 -14.2
62.614922 29.743107 1284450939355 -14.2
62.614898 29.743095 1284450939378 23.1
62.614922 29.742988 1284450940375 23.1
62.614898 29.742977 1284450940390 26.2
62.615213 29.743182 1284450942344 26.2
62.615189 29.743171 1284450942358 61.6
62.615091 29.743038 1284450943348 61.6
62.615068 29.743026 1284450943364 64.4
62.615039 29.742933 1284450944348 64.4
62.615016 29.742921 1284450944361 69.4
62.614956 29.742835 1284450945474 74.4
62.614848 29.742757 1284450947394 74.4
62.614824 29.742746 1284450947409 80.7
62.61479 29.742676 1284450948410 82.2
62.614788 29.742601 1284450949406 82.2
62.614764 29.74259 1284450949422 83.2
62.614798 29.742506 1284450950412 84.1
62.61482 29.742411 1284450952409 84.1
62.614797 29.7424 1284450952423 88.0
62.614797 29.742356 1284450953404 88.8
62.614799 29.742329 1284450954412 89.3
62.614831 29.742282 1284450955406 89.3
62.614807 29.742271 1284450955421 90.2
62.614829 29.742182 1284450957407 88.4
62.614841 29.74215 1284450958403 87.9
62.61497 29.742064 1284450959402 87.9
62.614946 29.742052 1284450959436 89.1
62.614952 29.742008 1284450960412 90.1
62.61494 29.741965 1284450962408 86.0
62.614943 29.74196 1284450963408 86.0
62.614919 29.741949 1284450963421 85.1
62.614903 29.741946 1284450964412 85.0
62.614892 29.741942 1284450965407 84.6
62.614877 29.741819 1284450967402 84.6
62.614853 29.741808 1284450967555 84.7
62.614824 29.741731 1284450968400 85.0
62.614804 29.741692 1284450969385 85.0
62.614781 29.741681 1284450969400 84.1
62.614735 29.741621 1284450970409 83.8
62.614731 29.741476 1284450972388 83.8
62.614708 29.741465 1284450972402 83.4
62.614684 29.741405 1284450973392 84.3
62.614685 29.741343 1284450974401 84.3
62.614661 29.741332 1284450974414 84.1
62.61464 29.741268 1284450975423 83.4
62.614639 29.74112 1284450977401 83.4
62.614615 29.741109 1284450977413 85.3
62.614578 29.741074 1284450978405 85.9
62.614542 29.74103 1284450979406 86.0
62.6145 29.740911 1284450981396 86.0
62.6145 29.740911 1284450981410 86.3
62.614476 29.740899 1284450981416 86.3
62.614453 29.740847 1284450982406 86.0
62.614448 29.740798 1284450983397 86.0
62.614425 29.740787 1284450983414 85.6
62.6144 29.740727 1284450984527 84.5
62.614375 29.740607 1284450986394 84.5
62.614351 29.740596 1284450986410 84.8
62.614312 29.740532 1284450987405 81.9
62.614304 29.740479 1284450988394 81.9
62.614281 29.740468 1284450988409 79.8
62.614262 29.740392 1284450989389 80.8
62.614252 29.740273 1284450991388 80.8
62.614229 29.740262 1284450991400 80.6
62.6142 29.740226 1284450992402 81.3
62.614196 29.740172 1284450993380 81.3
62.614172 29.740161 1284450993422 82.7
62.614144 29.740092 1284450994395 83.0
62.614118 29.74002 1284450996374 83.0
62.614094 29.740009 1284450996387 83.6
62.614065 29.73999 1284450997398 83.9
62.614035 29.739947 1284450998393 83.6
62.61405 29.739887 1284450999384 83.6
62.614026 29.739876 1284450999398 84.1
62.614029 29.739779 1284451001384 85.7
62.614022 29.739753 1284451002390 85.8
62.614032 29.739695 1284451003383 85.7
62.614028 29.739696 1284451004388 85.6
62.613986 29.739759 1284451006377 84.7
62.613955 29.739823 1284451007386 84.5
62.613955 29.739886 1284451008381 84.5
62.613931 29.739875 1284451008395 84.4
62.613919 29.739902 1284451009387 85.0
62.613896 29.739943 1284451011388 86.0
62.613887 29.739964 1284451012379 86.2
62.613901 29.740003 1284451013382 86.2
62.613877 29.739992 1284451013396 85.8
62.613867 29.740019 1284451014380 85.0
62.613822 29.740084 1284451016379 81.7
62.613835 29.740116 1284451017374 81.7
62.613811 29.740105 1284451017389 80.5
62.6138 29.740164 1284451018410 81.2
62.613804 29.740218 1284451019375 81.2
62.613781 29.740207 1284451019389 82.8
62.613756 29.740228 1284451021378 84.0
62.613747 29.740242 1284451022380 84.5
62.61372 29.740274 1284451023429 84.0
62.613682 29.740297 1284451024379 84.0
62.613607 29.740382 1284451026376 84.5
62.613577 29.740446 1284451027379 84.5
62.613553 29.740434 1284451027394 85.0
62.613511 29.740468 1284451028384 85.3
62.61348 29.740487 1284451029386 85.2
62.61341 29.740573 1284451031369 85.2
62.613387 29.740562 1284451031383 86.1
62.613316 29.740522 1284451032367 86.4
62.6133 29.74061 1284451033370 86.4
62.613276 29.740598 1284451033385 87.2
62.613234 29.740613 1284451034375 87.4
62.61319 29.740682 1284451036373 87.4
62.613166 29.74067 1284451036383 87.4
62.613148 29.74068 1284451037369 87.4
62.613128 29.740704 1284451038376 87.4
62.613134 29.740787 1284451039365 87.4
62.61311 29.740775 1284451039380 86.6
62.613027 29.740776 1284451041368 87.2
62.613011 29.740796 1284451042370 87.5
62.61302 29.740894 1284451043366 87.5
62.612996 29.740882 1284451043380 86.4
62.612989 29.740886 1284451044373 86.5
62.612985 29.740934 1284451046368 86.5
62.612996 29.741023 1284451047363 86.5
62.612972 29.741012 1284451047407 85.6
62.612966 29.741016 1284451048365 85.6
62.612952 29.741033 1284451049361 85.0
62.612896 29.741001 1284451051365 84.1
62.612893 29.740995 1284451052356 84.1
62.612869 29.740983 1284451052366 84.0
62.612854 29.740971 1284451053452 84.0
62.612843 29.740963 1284451054363 83.9
62.612763 29.740962 1284451056357 83.9
62.61274 29.740951 1284451056367 83.8
62.612708 29.740956 1284451057361 83.9
62.612686 29.740964 1284451058362 84.1
62.612657 29.741033 1284451059359 83.4
62.612572 29.74114 1284451061352 83.4
62.612549 29.741129 1284451061368 85.1
62.612524 29.741156 1284451062364 85.5
62.612471 29.741211 1284451063361 84.8
62.612437 29.741235 1284451064364 84.9
62.612359 29.741301 1284451066352 84.9
62.612335 29.74129 1284451066363 85.6
62.612322 29.741346 1284451067357 85.5
62.612316 29.741357 1284451068355 85.5
62.612328 29.741417 1284451069355 85.5
62.612305 29.741405 1284451069366 85.6
62.612281 29.741452 1284451071356 85.9
62.612282 29.741551 1284451072354 85.9
62.612259 29.74154 1284451072369 85.7
62.612231 29.741536 1284451073363 85.6
62.612218 29.741548 1284451074356 85.9
62.612203 29.741682 1284451076353 85.9
62.61218 29.741671 1284451076364 85.7
62.612166 29.741667 1284451077430 85.7
62.612148 29.741675 1284451078365 86.0
62.612133 29.741697 1284451079354 86.1
62.612089 29.741868 1284451081349 86.1
62.612066 29.741857 1284451081362 85.8
62.612038 29.741996 1284451082358 85.8
62.612015 29.741985 1284451082392 86.3
62.61198 29.742075 1284451083371 86.7
62.61197 29.742174 1284451084354 86.7
62.611946 29.742163 1284451084365 85.8
62.611894 29.742165 1284451086358 86.4
62.611882 29.742178 1284451087353 86.6
62.611854 29.7422 1284451088357 86.9
62.611839 29.742203 1284451089354 86.9
62.611785 29.742208 1284451091356 87.0
62.611729 29.742196 1284451092353 87.0
62.611705 29.742185 1284451092368 87.5
62.611661 29.74217 1284451093431 87.7
62.611587 29.742201 1284451095353 87.7
62.611563 29.74219 1284451095367 87.9
62.611489 29.742254 1284451096358 88.4
62.611426 29.74234 1284451097350 88.4
62.611402 29.742329 1284451097364 88.9
62.611365 29.742446 1284451098352 88.9
62.611341 29.742434 1284451098370 89.0
62.611298 29.742625 1284451100355 89.0
62.611274 29.742613 1284451100365 89.4
62.611274 29.742726 1284451101356 89.4
62.611251 29.742715 1284451101367 89.4
62.611246 29.742828 1284451102359 89.4
62.611223 29.742817 1284451102375 88.9
62.611206 29.742895 1284451103357 88.7
62.611162 29.743081 1284451105354 88.7
62.611138 29.74307 1284451105367 89.0
62.61109 29.743085 1284451106358 88.9
62.61108 29.743123 1284451107409 88.8
62.611048 29.74321 1284451108351 88.8
62.611025 29.743198 1284451108364 90.9
62.610963 29.743324 1284451110348 90.9
62.61094 29.743313 1284451110362 90.3
62.61091 29.743381 1284451111354 89.8
62.610876 29.743427 1284451112349 89.8
62.610852 29.743416 1284451112365 89.5
62.610813 29.743432 1284451113355 89.1
62.610795 29.743535 1284451115347 89.1
62.610772 29.743523 1284451115361 89.0
62.610748 29.743496 1284451116407 87.7
62.610714 29.743437 1284451117352 86.7
62.610719 29.743418 1284451118351 86.7
62.610695 29.743407 1284451118362 86.3
62.610675 29.743385 1284451120367 86.0
62.610648 29.743371 1284451121352 85.2
62.610618 29.74337 1284451122355 84.1
62.610599 29.743364 1284451123495 83.4
62.610572 29.743349 1284451125352 82.7
62.610578 29.743268 1284451126352 84.7
62.610579 29.743228 1284451127355 85.6
62.610602 29.743267 1284451128354 85.8
62.6106 29.743373 1284451130346 85.8
62.610577 29.743362 1284451130360 85.7
62.610573 29.743385 1284451131353 85.9
62.61057 29.743411 1284451132353 85.8
62.61056 29.743448 1284451133408 85.9
62.610578 29.743518 1284451135349 85.9
62.610554 29.743507 1284451135362 86.2
62.610544 29.743565 1284451136357 85.9
62.610532 29.743715 1284451137353 85.9
62.610508 29.743703 1284451137367 87.5
62.61044 29.74379 1284451138359 89.4
62.610352 29.743931 1284451140350 89.4
62.610329 29.74392 1284451140360 92.0
62.610212 29.743979 1284451141350 92.0
62.610188 29.743968 1284451141362 92.8
62.610147 29.743987 1284451142352 93.3
62.610112 29.74402 1284451143353 93.9
62.609981 29.744198 1284451145346 93.9
62.609958 29.744187 1284451145359 95.2
62.609911 29.744234 1284451146349 95.5
62.609881 29.744273 1284451147353 95.6
62.60982 29.744314 1284451148350 96.3
62.609729 29.744455 1284451150351 96.3
62.609705 29.744443 1284451150361 98.3
62.60968 29.744482 1284451151359 98.5
62.609581 29.744653 1284451154019 98.5
62.609557 29.744642 1284451154047 100.3
62.609423 29.744826 1284451156067 100.3
62.6094 29.744815 1284451156079 101.1
62.609363 29.744816 1284451157135 101.3
62.609348 29.74483 1284451158073 101.4
62.609322 29.744895 1284451159074 101.2
62.609218 29.745254 1284451161072 101.2
62.609195 29.745243 1284451161087 101.6
62.609166 29.745335 1284451162077 101.4
62.609141 29.745407 1284451163066 101.4
62.609118 29.745396 1284451163079 101.8
62.609074 29.745453 1284451164076 102.0
62.60905 29.745519 1284451166065 102.0
62.609026 29.745508 1284451166079 102.2
62.609005 29.745581 1284451167073 101.8
62.609014 29.74566 1284451168126 101.8
62.608991 29.745648 1284451168138 102.1
62.608981 29.745685 1284451169081 102.2
62.608867 29.745835 1284451171070 102.2
62.608843 29.745824 1284451171084 102.5
62.608794 29.745855 1284451172073 102.3
62.608757 29.745914 1284451173066 102.4
62.608732 29.745943 1284451174073 102.4
62.608625 29.746095 1284451176067 102.4
62.608601 29.746083 1284451176081 104.3
62.608501 29.746155 1284451177073 104.7
62.608434 29.746207 1284451178075 103.9
62.608401 29.746235 1284451179078 103.3
62.608365 29.746409 1284451181090 103.3
62.608341 29.746398 1284451181100 104.4
62.608315 29.746417 1284451182071 103.9
62.608292 29.746433 1284451183071 103.2
62.608261 29.746515 1284451184065 103.2
62.608237 29.746504 1284451184079 100.6
62.608175 29.746622 1284451186070 100.6
62.608152 29.746611 1284451186083 97.9
62.608122 29.746659 1284451187070 97.1
62.608102 29.746691 1284451188069 96.9
62.608112 29.746751 1284451189058 96.9
62.608089 29.746739 1284451189072 95.9
62.608029 29.746802 1284451191078 94.0
62.60801 29.746852 1284451192073 94.0
62.607986 29.746841 1284451192087 94.7
62.607945 29.746887 1284451193068 96.3
62.607889 29.746929 1284451194075 94.2
62.607847 29.746969 1284451196064 94.1
62.607833 29.747007 1284451197072 94.4
62.607805 29.747051 1284451198068 94.4
62.607781 29.74704 1284451198080 93.6
62.60775 29.74706 1284451199069 94.2
62.607675 29.747203 1284451201054 94.2
62.607651 29.747192 1284451201070 98.0
62.607556 29.747246 1284451202065 98.0
62.607532 29.747234 1284451202076 97.6
62.607488 29.747251 1284451203057 97.7
62.60746 29.747265 1284451204064 97.7
62.607408 29.74733 1284451206059 97.7
62.607385 29.747319 1284451206073 96.6
62.60736 29.747348 1284451207060 96.7
62.607339 29.747366 1284451208050 97.5
62.607325 29.747388 1284451209060 97.8
62.607325 29.747494 1284451211055 97.8
62.607301 29.747483 1284451211070 97.9
62.607292 29.747501 1284451212063 98.0
62.607279 29.747538 1284451213063 98.8
62.607252 29.747628 1284451214057 98.8
62.607228 29.747617 1284451214072 99.1
62.607149 29.747701 1284451216064 98.8
62.607121 29.747738 1284451217047 99.1
62.607104 29.747858 1284451218053 99.1
62.60708 29.747847 1284451218067 98.8
62.607028 29.747926 1284451219055 98.3
62.606952 29.748033 1284451221051 98.3
62.606928 29.748022 1284451221065 98.9
62.606896 29.748071 1284451222139 98.6
62.60688 29.748094 1284451223059 98.5
62.606888 29.748141 1284451224047 98.5
62.606865 29.74813 1284451224060 98.3
62.606791 29.748132 1284451226057 99.3
62.606786 29.748142 1284451227050 99.3
62.606762 29.748131 1284451227064 99.1
62.606741 29.748152 1284451228055 98.1
62.606725 29.748147 1284451229057 96.6
62.606684 29.748174 1284451231052 96.6
62.60666 29.748162 1284451231066 95.4
62.606645 29.748087 1284451232058 95.8
62.606626 29.748067 1284451233061 95.9
62.606603 29.748053 1284451234055 96.1
62.606573 29.748034 1284451236053 96.3
62.606471 29.748325 1284451237055 96.3
62.606448 29.748314 1284451237068 98.7
62.606433 29.748346 1284451238061 99.3
62.606424 29.74834 1284451239056 99.0
62.606382 29.748297 1284451241075 95.1
62.606336 29.748468 1284451242053 95.1
62.606312 29.748457 1284451242067 94.8
62.606279 29.748372 1284451243059 93.6
62.606283 29.748321 1284451244055 93.6
62.60626 29.74831 1284451244069 93.4
62.606169 29.74824 1284451246055 89.0
62.606129 29.748194 1284451247055 87.7
62.606104 29.748133 1284451248053 87.6
62.606055 29.748095 1284451249053 90.1
62.606014 29.747958 1284451251052 90.1
62.60599 29.747946 1284451251066 88.3
62.605973 29.747899 1284451252052 88.7
62.606001 29.747836 1284451253061 88.7
62.605977 29.747825 1284451253070 88.6
62.605978 29.747776 1284451254051 88.9
62.606 29.747683 1284451256048 88.9
62.605976 29.747671 1284451256061 90.3
62.60597 29.747633 1284451257044 91.2
62.605971 29.747608 1284451258050 91.7
62.605966 29.747589 1284451259054 92.1
62.605914 29.747545 1284451261049 92.1
62.605891 29.747534 1284451261061 97.4
62.605864 29.747507 1284451262059 97.4
62.605851 29.74749 1284451263050 97.2
62.605844 29.747483 1284451264050 97.2
62.605818 29.747425 1284451266048 97.2
62.605795 29.747414 1284451266062 97.4
62.605772 29.747389 1284451267049 97.3
62.605739 29.747371 1284451268041 95.6
62.605708 29.747321 1284451269040 95.6
62.60563 29.747138 1284451271038 95.6
62.605606 29.747127 1284451271052 95.3
62.60557 29.747066 1284451272047 94.9
62.605503 29.747024 1284451273043 94.9
62.605479 29.747013 1284451273053 95.4
62.60538 29.746985 1284451274047 95.1
62.605213 29.746934 1284451276035 95.1
62.605189 29.746923 1284451276049 94.4
62.605097 29.746929 1284451277043 95.3
62.60502 29.746901 1284451278032 95.2
62.604974 29.746889 1284451279036 95.2
62.60495 29.746878 1284451279051 95.7
62.604854 29.746834 1284451281101 96.0
62.604817 29.746777 1284451282039 93.4
62.604792 29.746674 1284451283029 93.4
62.604768 29.746663 1284451283042 92.4
62.604721 29.746546 1284451284039 92.4
62.604698 29.746535 1284451284049 92.3
62.604622 29.746433 1284451286030 92.3
62.604599 29.746422 1284451286045 92.4
62.60456 29.746399 1284451287031 92.7
62.604534 29.746366 1284451288038 92.6
62.604519 29.746326 1284451289038 92.2
62.60452 29.746216 1284451291034 92.2
62.604496 29.746205 1284451291048 91.2
62.604493 29.746176 1284451292033 90.7
62.604492 29.746156 1284451293035 90.5
62.604516 29.746091 1284451294024 90.5
62.604492 29.74608 1284451294035 88.1
62.604456 29.746056 1284451296034 86.2
62.604432 29.746061 1284451297035 86.1
62.604432 29.746034 1284451298037 86.1
62.604414 29.74601 1284451299033 85.9
62.604428 29.746004 1284451301049 85.5
62.604404 29.745993 1284451301091 85.5
62.604335 29.746121 1284451302028 85.5
62.604311 29.74611 1284451302045 83.6
62.604258 29.746166 1284451303037 81.8
62.604253 29.746138 1284451304033 81.1
62.604234 29.746058 1284451306031 81.1
62.604211 29.746047 1284451306045 80.8
62.604143 29.745985 1284451307033 82.0
62.604103 29.745812 1284451308028 82.0
62.604079 29.745801 1284451308042 82.0
62.604032 29.745588 1284451309034 82.0
62.604008 29.745577 1284451309048 84.1
62.603964 29.745392 1284451311029 84.1
62.603941 29.74538 1284451311040 84.8
62.603877 29.745343 1284451312036 85.1
62.603833 29.745282 1284451313032 85.1
62.60381 29.745271 1284451313042 85.8
62.603733 29.745195 1284451314029 86.6
62.60367 29.745085 1284451316026 86.6
62.603646 29.745073 1284451316039 87.2
62.603619 29.745015 1284451317030 87.2
62.603602 29.744983 1284451318023 87.2
62.603578 29.744971 1284451318038 87.2
62.603544 29.744945 1284451319029 87.0
62.603511 29.744974 1284451321025 86.5
62.603502 29.744976 1284451322025 86.4
62.603485 29.74498 1284451323028 86.2
62.603479 29.745024 1284451324027 85.8
62.603483 29.745 1284451326026 85.9
62.603413 29.744994 1284451328027 85.0
62.603412 29.744992 1284451329025 85.1
62.603406 29.74497 1284451331027 86.3
62.603414 29.744955 1284451332021 85.1
62.6034 29.744944 1284451333025 85.2
62.603394 29.74493 1284451334024 86.0
62.60336 29.744966 1284451336016 86.0
62.603337 29.744955 1284451336031 86.6
62.603317 29.744967 1284451337023 87.7
62.603307 29.744975 1284451338021 87.7
62.603292 29.744956 1284451339011 87.8
62.603249 29.744944 1284451341016 88.4
62.603239 29.744888 1284451342020 88.1
62.603226 29.744856 1284451343014 88.3
62.603213 29.744788 1284451345019 88.3
62.603189 29.744777 1284451345030 87.1
62.603139 29.744806 1284451346019 87.5
62.603106 29.74483 1284451347024 88.8
62.603078 29.744868 1284451348021 89.2
62.603039 29.744902 1284451350016 89.6
62.603061 29.744934 1284451351003 89.6
62.603037 29.744922 1284451351018 90.4
62.603014 29.745062 1284451352021 90.4
62.60299 29.74505 1284451352036 91.7
62.602977 29.74514 1284451353018 92.2
62.602972 29.745359 1284451355014 92.2
62.602949 29.745348 1284451355027 98.2
62.602964 29.745464 1284451356018 98.2
62.60294 29.745452 1284451356035 98.1
62.602949 29.74553 1284451357019 96.9
62.60297 29.745616 1284451358017 96.9
62.602946 29.745605 1284451358031 96.2
62.602922 29.74569 1284451360019 96.1
62.602939 29.745736 1284451361026 96.1
62.602915 29.745724 1284451361043 96.1
62.602912 29.745765 1284451362022 95.4
62.602908 29.745793 1284451363019 95.1
62.602873 29.745904 1284451365011 95.1
62.602849 29.745893 1284451365024 93.5
62.6028 29.745993 1284451366017 93.0
62.60279 29.746098 1284451367008 93.0
62.602766 29.746087 1284451367022 93.0
62.602742 29.746178 1284451368017 93.3
62.602746 29.74638 1284451370008 93.3
62.602723 29.746368 1284451370022 90.5
62.602712 29.746463 1284451371015 88.9
62.602713 29.746572 1284451372007 88.9
62.602689 29.74656 1284451372018 87.8
62.602671 29.746659 1284451373012 88.0
62.602662 29.74685 1284451375005 88.0
62.602639 29.746838 1284451375020 85.9
62.602634 29.746889 1284451376016 86.3
62.602629 29.746928 1284451377004 86.5
62.60264 29.747033 1284451378005 86.5
62.602616 29.747021 1284451378019 88.8
62.602618 29.747178 1284451380002 88.8
62.602594 29.747167 1284451380017 92.4
62.602584 29.747241 1284451381003 93.3
62.602608 29.747337 1284451381994 93.3
62.602584 29.747326 1284451382008 94.6
62.602596 29.747465 1284451382999 94.6
62.602572 29.747453 1284451383012 97.7
62.602567 29.747626 1284451384999 97.7
62.602543 29.747614 1284451385013 98.9
62.602518 29.747677 1284451386000 99.3
62.602522 29.747745 1284451386998 99.3
62.602498 29.747734 1284451387012 99.4
62.602483 29.747776 1284451388007 99.3
62.602476 29.747872 1284451390000 99.3
62.602452 29.74786 1284451390011 98.8
62.602494 29.747918 1284451391002 107.0
62.602483 29.747936 1284451392004 110.0
62.602457 29.74793 1284451393004 111.7
62.602436 29.747973 1284451394998 111.7
62.602412 29.747962 1284451395013 109.3
62.602388 29.747952 1284451396003 105.0
62.602366 29.747944 1284451397001 102.7
62.60235 29.747939 1284451398002 102.1
62.602291 29.747916 1284451399998 102.1
62.602267 29.747905 1284451400013 101.5
62.602239 29.747897 1284451401007 101.6
62.60221 29.747888 1284451402012 101.2
62.602197 29.747871 1284451403009 101.0
62.60215 29.747882 1284451405001 101.0
62.602127 29.747871 1284451405015 100.3
62.602092 29.747872 1284451406012 99.8
62.602065 29.747848 1284451407004 99.2
62.60204 29.747832 1284451408013 99.0
62.601984 29.747809 1284451410000 96.5
62.601951 29.747801 1284451410999 94.4
62.601929 29.747779 1284451411998 94.6
62.601912 29.74776 1284451413008 94.6
62.601821 29.747703 1284451415003 94.9
62.601773 29.747687 1284451416077 94.6
62.601725 29.747692 1284451416999 94.1
62.601688 29.74771 1284451418003 94.1
62.601664 29.747699 1284451418013 91.1
62.601598 29.747659 1284451420003 90.3
62.601572 29.747672 1284451421012 90.3
62.601548 29.747661 1284451421026 89.3
62.601515 29.747641 1284451422076 88.3
62.601495 29.747608 1284451422997 88.3
62.601485 29.747528 1284451424995 88.3
62.601461 29.747517 1284451425009 88.5
62.601439 29.747505 1284451425988 87.3
62.601396 29.747468 1284451426996 87.8
62.601382 29.747444 1284451427992 87.8
62.601358 29.747432 1284451428007 88.3
62.601286 29.747372 1284451429996 87.3
62.601266 29.747345 1284451430995 87.3
62.601242 29.747333 1284451431009 87.6
62.60121 29.747301 1284451431986 87.7
62.601195 29.747257 1284451432994 87.9
62.601152 29.747198 1284451434990 87.9
62.601128 29.747186 1284451435004 88.3
62.601092 29.747141 1284451435991 88.2
62.601053 29.747094 1284451436996 88.8
62.601006 29.747059 1284451437987 88.9
62.600915 29.747012 1284451439991 88.9
62.600892 29.747001 1284451440006 88.2
62.600854 29.746942 1284451440994 88.1
62.600807 29.746906 1284451441993 88.0
62.600747 29.746887 1284451442991 87.9
62.600689 29.746824 1284451444987 88.4
62.600663 29.746769 1284451445988 88.2
62.600624 29.746748 1284451446989 88.1
62.600568 29.746735 1284451447992 86.1
62.600508 29.746692 1284451449988 85.3
62.600488 29.746658 1284451450979 83.6
62.60047 29.746634 1284451451989 83.6
62.60046 29.746629 1284451453027 82.5
62.600399 29.74659 1284451454988 80.7
62.600365 29.746547 1284451455992 80.9
62.600332 29.746515 1284451456989 81.0
62.600299 29.746478 1284451457990 81.2
62.600253 29.746365 1284451459986 81.2
62.600229 29.746353 1284451460040 83.1
62.600198 29.746306 1284451461013 84.9
62.600165 29.746274 1284451461980 85.1
62.600161 29.746249 1284451462992 85.1
62.600137 29.746238 1284451463044 85.6
62.600087 29.746183 1284451465013 86.0
62.600061 29.746154 1284451466009 85.8
62.600056 29.746136 1284451467009 85.8
62.600032 29.746125 1284451467040 85.6
62.6 29.746104 1284451468003 85.7
62.599938 29.746042 1284451469974 85.7
62.599905 29.746011 1284451471001 85.9
62.599871 29.745987 1284451471974 85.5
62.599818 29.745938 1284451473981 85.1
62.599791 29.745913 1284451474983 85.2
62.599766 29.745887 1284451476011 84.9
62.599736 29.745863 1284451477006 85.5
62.599703 29.745819 1284451478973 85.5
62.59968 29.745808 1284451479026 85.7
62.599653 29.74578 1284451479997 85.9
62.599625 29.74575 1284451481007 86.2
62.599596 29.745729 1284451481977 86.2
62.599543 29.745678 1284451483976 87.3
62.599518 29.745651 1284451484971 87.7
62.599493 29.745625 1284451485988 88.1
62.599449 29.745575 1284451487975 88.9
62.599428 29.745555 1284451488981 89.3
62.599408 29.745537 1284451489985 89.5
62.599387 29.745516 1284451490981 89.9
62.599342 29.745476 1284451492978 90.6
62.599313 29.745457 1284451493982 90.3
62.599292 29.745434 1284451494980 91.8
62.599269 29.745415 1284451495974 91.8
62.599222 29.745369 1284451497976 91.3
62.5992 29.745345 1284451498985 91.3
62.599179 29.745333 1284451499981 91.2
62.599156 29.745317 1284451500979 90.9
62.599114 29.745276 1284451502976 90.1
62.599093 29.745256 1284451503990 89.6
62.599074 29.745235 1284451504990 89.2
62.599055 29.745216 1284451505990 88.6
62.599015 29.745173 1284451507975 87.8
62.598994 29.745154 1284451508980 87.3
62.598972 29.745133 1284451509982 87.1
62.598951 29.745113 1284451510978 87.0
62.598906 29.74507 1284451512973 86.9
62.598885 29.745051 1284451513977 86.8
62.598863 29.745031 1284451514976 86.6
62.598841 29.745014 1284451515974 86.4
62.5988 29.744979 1284451517973 86.3
62.598779 29.744965 1284451518979 86.0
62.59876 29.744947 1284451519977 85.8
62.598721 29.744906 1284451521973 85.7
62.598704 29.744895 1284451522973 85.7
62.598686 29.744866 1284451523975 85.8
62.598668 29.744859 1284451524968 85.8
62.598625 29.744827 1284451526973 86.0
62.598604 29.744809 1284451527971 86.2
62.598581 29.74477 1284451528974 86.2
62.598559 29.744734 1284451529975 86.5
62.598518 29.744705 1284451531973 87.1
62.598495 29.744714 1284451532989 87.2
62.598472 29.744704 1284451533988 87.7
62.598452 29.744698 1284451534986 88.2
62.598413 29.74468 1284451536971 88.6
62.598398 29.74467 1284451537975 88.4
62.598381 29.744663 1284451538988 87.9
62.59835 29.744626 1284451540988 86.7
62.598332 29.744608 1284451541988 86.3
62.598311 29.744589 1284451543123 86.5
62.598296 29.74456 1284451543976 86.5
62.598274 29.744501 1284451545974 86.1
62.598253 29.744509 1284451546974 84.8
62.598271 29.744483 1284451547970 84.8
62.598247 29.744472 1284451548013 82.8
62.59823 29.744454 1284451548976 82.1
62.598188 29.74442 1284451550975 81.7
62.598165 29.744409 1284451551969 80.5
62.598153 29.744391 1284451552990 79.6
62.598138 29.744381 1284451553966 79.8
62.598116 29.744363 1284451555959 78.8
62.59811 29.744352 1284451556990 78.8
62.598108 29.744337 1284451557961 78.2
62.598117 29.744345 1284451559974 77.6
62.598118 29.744346 1284451560974 77.6
62.598121 29.744359 1284451562309 77.4
62.598125 29.744372 1284451562968 77.4
62.59814 29.744362 1284451564960 77.6
62.598144 29.744349 1284451565968 77.1
62.598146 29.744349 1284451566961 77.0
62.598139 29.744355 1284451567963 78.2
62.598129 29.744363 1284451569957 78.3
62.598122 29.744362 1284451570959 78.5
62.598107 29.744357 1284451571957 79.9
62.598092 29.744358 1284451572953 80.1
62.598072 29.744346 1284451574951 81.0
62.598054 29.744354 1284451575954 83.1
62.598049 29.744348 1284451576956 83.3
62.598042 29.744359 1284451577954 82.0
62.598046 29.744342 1284451579955 82.4
62.598043 29.744329 1284451580951 83.0
62.598039 29.744329 1284451581952 82.0
62.598033 29.744324 1284451582954 82.2
62.598031 29.744324 1284451584949 82.1
62.598028 29.744321 1284451585942 81.9
62.598027 29.74432 1284451586940 81.8
62.598027 29.744322 1284451587942 81.7
62.598031 29.744306 1284451589940 81.7
62.598029 29.744305 1284451590942 82.0
62.598027 29.744313 1284451591940 82.2
62.598026 29.744316 1284451592941 82.3
62.598025 29.744295 1284451594945 82.5
62.598026 29.744292 1284451595941 82.5
62.598028 29.744285 1284451596943 80.8
62.598025 29.744297 1284451597942 81.0
62.59801 29.744309 1284451599940 81.4
62.598004 29.744311 1284451600957 81.4
62.598001 29.744314 1284451601945 81.6
62.598006 29.744319 1284451602941 82.2
62.598021 29.744327 1284451604943 83.1
62.598014 29.744325 1284451605939 83.4
62.59802 29.744314 1284451606939 84.5
62.59802 29.744303 1284451607941 84.8
62.598029 29.744331 1284451609928 83.8
62.598008 29.74438 1284451610937 84.0
62.598025 29.744351 1284451611944 84.3
62.598023 29.744352 1284451612963 84.6
62.598016 29.744341 1284451614963 84.4
62.59801 29.744338 1284451615964 84.6
62.598 29.744349 1284451616960 84.8
62.598009 29.744351 1284451617936 84.8
62.598015 29.744327 1284451619934 85.2
62.598009 29.7443 1284451620960 85.0
62.597988 29.744271 1284451621960 85.9
62.597984 29.744253 1284451622931 86.1