62.614783 29.742489 1284190499289 84.9
62.61478 29.742558 1284190503286 91.8
62.614715 29.742745 1284190507295 96.3
62.614622 29.74269 1284190511287 95.9
62.614438 29.742566 1284190515287 93.5
62.614305 29.742392 1284190519314 92.0
62.614231 29.742203 1284190523288 96.0
62.614161 29.742106 1284190527296 97.1
62.61408 29.74189 1284190531288 98.8
62.613929 29.74155 1284190535289 102.0
62.61384 29.741322 1284190539296 99.2
62.613801 29.741168 1284190543289 96.4
62.613708 29.740961 1284190547287 90.7
62.613623 29.740912 1284190551287 90.8
62.613474 29.741094 1284190555288 87.6
62.613348 29.741218 1284190559289 87.5
62.613174 29.74132 1284190563288 88.0
62.612995 29.741493 1284190567286 87.1
62.612903 29.741575 1284190571287 87.3
62.612712 29.74164 1284190575287 84.4
62.612548 29.741757 1284190579287 84.6
62.612396 29.741865 1284190583289 84.6
62.612206 29.742046 1284190587288 84.0
62.612009 29.742153 1284190591287 90.8
62.611786 29.742523 1284190595287 94.8
62.611587 29.742884 1284190599288 96.8
62.611411 29.743127 1284190603288 98.2
62.611231 29.74324 1284190607288 96.9
62.611091 29.74338 1284190611288 99.4
62.610877 29.743545 1284190615288 101.0
62.610746 29.743818 1284190619287 90.3
62.610544 29.744067 1284190623286 89.4
62.610288 29.744382 1284190627286 84.0
62.610175 29.744494 1284190631287 84.5
62.61007 29.744596 1284190635287 87.1
62.609959 29.744676 1284190639290 85.1
62.609664 29.745009 1284190643290 85.2
62.609517 29.745049 1284190647286 83.2
62.609398 29.744992 1284190651286 80.7
62.609146 29.745181 1284190655285 82.2
62.608925 29.745665 1284190659287 87.6
62.608703 29.746004 1284190663289 89.2
62.608474 29.746153 1284190667287 90.1
62.608302 29.746247 1284190671287 91.4
62.608058 29.746436 1284190675288 92.4
62.607935 29.746628 1284190679286 88.9
62.607807 29.746689 1284190683290 89.1
62.607526 29.74734 1284190687288 102.8
62.607284 29.7478 1284190691287 99.1
62.607077 29.74809 1284190695287 100.0
62.606943 29.748211 1284190699287 100.6
62.606859 29.748214 1284190703286 98.5
62.606626 29.748229 1284190707287 96.9
62.606527 29.748241 1284190711288 96.7
62.60633 29.748175 1284190715289 90.4
62.606119 29.748179 1284190719291 87.1
62.606001 29.747831 1284190723290 89.2
62.605877 29.747552 1284190727288 78.2
62.6058 29.747282 1284190731287 71.5
62.605777 29.747023 1284190735286 68.9
62.605478 29.746772 1284190739288 67.8
62.605262 29.746614 1284190743287 70.1
62.604974 29.74639 1284190747287 68.4
62.604692 29.746043 1284190751287 93.6
62.604535 29.745973 1284190755288 106.5
62.604324 29.746071 1284190759288 113.9
62.604126 29.746071 1284190763287 114.0
62.604002 29.745992 1284190767288 116.0
62.60386 29.745751 1284190771287 108.3
62.603689 29.745561 1284190775287 107.4
62.603433 29.745231 1284190779286 104.4
62.603285 29.744934 1284190783286 94.7
62.603134 29.744687 1284190787287 92.0
62.603033 29.744445 1284190791287 91.6
62.602977 29.744365 1284190795286 92.1
62.602713 29.744171 1284190799287 89.5
62.602556 29.743948 1284190803288 89.8
62.602501 29.74382 1284190807288 89.8
62.602332 29.743819 1284190811288 88.5
62.602182 29.743742 1284190815287 88.0
62.601912 29.743717 1284190819286 88.4
62.601665 29.743769 1284190823287 88.7
62.601473 29.743639 1284190827289 89.1
62.601296 29.743465 1284190831289 87.4
62.601155 29.743248 1284190835288 85.5
62.60091 29.743177 1284190839288 84.2
62.60069 29.743046 1284190843288 82.3
62.600543 29.742884 1284190847287 82.1
62.600413 29.742828 1284190851288 82.7
62.600289 29.742801 1284190855287 83.4
62.600068 29.74259 1284190859287 83.3
62.599894 29.742481 1284190863287 86.5
62.599706 29.742335 1284190868863 86.9
62.599583 29.742225 1284190871288 86.9
62.599412 29.742125 1284190875290 86.4
62.599208 29.742035 1284190879289 86.8
62.599148 29.742233 1284190883290 88.9
62.599009 29.742526 1284190887288 87.0
62.598913 29.742721 1284190891286 86.5
62.598757 29.743263 1284190895287 83.6
62.598592 29.743682 1284190899290 84.0
62.598501 29.744022 1284190903289 84.8
62.598423 29.744202 1284190907287 84.4
62.598346 29.744357 1284190911287 86.2
62.598202 29.744393 1284190915288 85.4
62.598153 29.744307 1284190919287 84.2
62.598112 29.744209 1284190923287 79.1
62.598081 29.744177 1284190927287 78.5