47.670902 26.266134 1285265626217 277.9
47.670854 26.26633 1285265630841 276.6
47.670835 26.266315 1285265634836 275.6
47.670835 26.2663 1285265638835 276.3
47.670811 26.266331 1285265642832 276.8
47.670877 26.266265 1285265646839 278.8
47.670937 26.266241 1285265650790 279.3
47.670949 26.266235 1285265654790 279.2
47.670903 26.26637 1285265658837 278.8
47.670862 26.2664 1285265662841 278.6
47.67089 26.266443 1285265665845 278.7
47.670833 26.266521 1285265670815 278.7
47.670671 26.266639 1285265674810 278.9
47.670533 26.26699 1285265679805 279.0
47.670487 26.26712 1285265682841 279.1
47.670509 26.267316 1285265687809 279.3
47.670522 26.267332 1285265691800 279.3
47.67054 26.26733 1285265694797 279.3
47.670535 26.267374 1285265699817 279.3
47.670514 26.267471 1285265703794 279.3
47.670512 26.2677 1285265707800 279.3
47.670541 26.268036 1285265711799 279.2
47.670556 26.268113 1285265713796 279.2
47.670897 26.270089 1285265733769 278.7
47.668918 26.27246 1285265751824 278.8
47.668452 26.272735 1285265755787 278.9
47.667861 26.272323 1285265758787 279.3
47.667585 26.272174 1285265763784 279.5
47.667403 26.272023 1285265767780 279.5
47.667296 26.271913 1285265771779 279.5
47.667147 26.271705 1285265775776 279.5
47.667045 26.271581 1285265778771 279.5
47.666829 26.271507 1285265783781 279.5
47.666788 26.271497 1285265787765 279.5
47.666727 26.271444 1285265791767 279.5
47.666548 26.271272 1285265795763 279.5
47.666482 26.271115 1285265798768 279.5
47.666342 26.270837 1285265803757 279.5
47.666239 26.270769 1285265807762 279.5
47.666065 26.270541 1285265811751 279.5
47.665987 26.270411 1285265815750 279.5
47.665911 26.270164 1285265819741 279.5
47.66545 26.269326 1285265823741 279.6
47.665114 26.268891 1285265827741 279.6
47.6649 26.268777 1285265831743 279.6
47.664192 26.268254 1285265839748 279.5
47.663538 26.267994 1285265842733 279.5
47.663033 26.267883 1285265847745 279.5
47.662786 26.267886 1285265851749 279.5
47.662487 26.267855 1285265855754 279.5
47.662197 26.267648 1285265859751 279.5
47.662069 26.267533 1285265862758 279.5
47.661528 26.266993 1285265867739 279.6
47.661415 26.26688 1285265871745 279.6
47.66136 26.266698 1285265875736 279.6
47.661308 26.266623 1285265879744 279.6
47.661099 26.266293 1285265887735 279.6
47.660961 26.266009 1285265891729 279.6
47.660852 26.265844 1285265895728 279.6
47.660658 26.265796 1285265899733 279.6
47.66052 26.265649 1285265902729 279.5
47.660355 26.265415 1285265907734 279.5
47.660229 26.26526 1285265911734 279.5
47.660022 26.264988 1285265915730 279.6
47.659779 26.264957 1285265919732 279.5
47.659565 26.264965 1285265922740 279.4
47.659432 26.264893 1285265927729 279.4
47.659302 26.264889 1285265931715 279.4
47.659164 26.264738 1285265935709 279.5
47.658952 26.264579 1285265939723 279.5
47.65873 26.264315 1285265943715 279.5
47.65859 26.264035 1285265946716 279.5
47.658437 26.263904 1285265951721 279.5
47.658273 26.263538 1285265955720 279.5
47.658102 26.26337 1285265959724 279.5
47.657456 26.262977 1285265963708 279.5
47.656519 26.262135 1285265967703 279.7
47.65578 26.261219 1285265971700 279.9
47.655623 26.260999 1285265975696 279.8
47.655266 26.260833 1285265979697 279.8
47.654836 26.260866 1285265983698 279.8
47.654625 26.260812 1285265986699 279.8
47.654462 26.260734 1285265991693 279.8
47.654359 26.260759 1285265995694 279.8
47.65415 26.260753 1285265999698 279.8
47.653562 26.26053 1285266003697 279.9
47.653247 26.260471 1285266006698 279.9
47.65285 26.260422 1285266011700 279.9
47.652718 26.260378 1285266015682 279.9
47.652601 26.260426 1285266019676 279.9
47.652574 26.260442 1285266021681 279.9
47.651135 26.259943 1285266026690 280.0
47.650474 26.260902 1285266031681 279.7
47.650129 26.261611 1285266035687 279.6
47.649783 26.262239 1285266039687 279.5
47.649423 26.26268 1285266043684 279.5
47.649256 26.262791 1285266046677 279.5
47.648911 26.262952 1285266051681 279.5
47.648796 26.262994 1285266054678 279.5
47.647679 26.264189 1285266059677 279.3
47.647436 26.264218 1285266063676 279.3
47.647231 26.264116 1285266066647 279.3
47.646707 26.264041 1285266074658 279.2
47.647553 26.262773 1285266095656 278.9
47.647502 26.262178 1285266099653 278.8
47.647723 26.261621 1285266103652 278.6
47.647788 26.261447 1285266106657 278.6
47.647913 26.261209 1285266111668 278.7
47.648037 26.260974 1285266115652 278.7
47.647788 26.259587 1285266119663 278.9
47.647659 26.259415 1285266121658 278.9
47.646657 26.257943 1285266126678 279.5
47.646566 26.257774 1285266131645 279.7
47.646447 26.257619 1285266135640 279.5
47.646371 26.257364 1285266139657 279.4
47.646374 26.257233 1285266143656 279.4
47.646379 26.257243 1285266146699 279.4
47.646376 26.257249 1285266149627 279.4
47.646429 26.251671 1285266175638 280.0
47.646433 26.251363 1285266179627 279.9
47.646474 26.251205 1285266183615 279.9
47.646447 26.250374 1285266187624 279.9
47.64645 26.25023 1285266190630 279.9
47.646466 26.250131 1285266195615 279.9
47.646485 26.250112 1285266198615 279.9
47.646565 26.250117 1285266203615 280.0
47.646713 26.249915 1285266209754 280.0
47.646524 26.248948 1285266215637 280.1
47.646364 26.249085 1285266219620 280.1
47.646172 26.249585 1285266223615 280.1
47.645968 26.249721 1285266227631 280.1
47.645872 26.249801 1285266230633 280.1
47.645741 26.249813 1285266235607 280.1
47.645677 26.249801 1285266239606 280.1
47.645539 26.24978 1285266243633 280.1
47.645465 26.249907 1285266247632 280.1
47.645374 26.249877 1285266250606 280.2
47.645333 26.249861 1285266255611 280.2
47.64533 26.249841 1285266259610 280.2
47.645277 26.249934 1285266263597 280.3
47.645199 26.249717 1285266270603 287.5
47.645236 26.249765 1285266275666 295.6
47.645126 26.249922 1285266279596 310.7
47.645226 26.249978 1285266283618 326.7
47.645288 26.249975 1285266287604 332.2
47.645316 26.249935 1285266290591 337.6
47.64538 26.249824 1285266295595 346.0
47.645423 26.249784 1285266299585 348.2
47.645426 26.249677 1285266303584 351.6
47.645446 26.249562 1285266307586 354.5
47.645462 26.249489 1285266310587 356.0
47.645417 26.249344 1285266315584 358.3
47.645414 26.249285 1285266319578 359.3
47.645406 26.24922 1285266323590 360.1
47.645407 26.249165 1285266327635 360.4
47.645416 26.249116 1285266330572 361.0
47.64542 26.249093 1285266335580 361.1
47.64542 26.248984 1285266339565 361.4
47.645464 26.248868 1285266343575 361.2
47.645454 26.248765 1285266347570 361.2
47.645494 26.248688 1285266350571 361.3
47.64549 26.248666 1285266353544 361.3