47.161678 27.58339 1287349371720 65.1
47.161673 27.583409 1287349374708 66.0
47.16167 27.583416 1287349376707 65.8
47.161541 27.583337 1287349404279 57.0
47.161583 27.58336 1287349407697 56.2
47.161615 27.583357 1287349411713 56.9
47.161626 27.58337 1287349415698 57.1
47.161644 27.583378 1287349419976 56.9
47.161651 27.583376 1287349423703 56.8
47.161661 27.58338 1287349427687 56.9
47.161667 27.583377 1287349431697 56.9
47.161667 27.583375 1287349432733 56.9
47.161663 27.583348 1287349439896 56.9
47.161661 27.583329 1287349444383 56.9
47.1617 27.583398 1287349447706 56.9
47.161702 27.583389 1287349451699 56.9
47.161702 27.58339 1287349454709 56.9
47.161709 27.583403 1287349458808 56.9
47.161703 27.583423 1287349462676 56.9
47.161704 27.583412 1287349467677 56.9
47.161684 27.583439 1287349472803 57.0
47.161681 27.583449 1287349475674 57.0
47.161684 27.583438 1287349476680 57.0
47.161521 27.583722 1287349496172 57.0
47.161504 27.583735 1287349499669 57.0
47.161616 27.583877 1287349511664 57.0
47.161601 27.583865 1287349515796 57.0
47.161599 27.583829 1287349519660 57.0
47.161472 27.583819 1287349523700 57.0
47.161402 27.583797 1287349527688 57.0
47.161397 27.583814 1287349530757 57.0
47.16139 27.583811 1287349534661 57.0
47.161353 27.583734 1287349539681 57.1
47.161314 27.583695 1287349543694 57.1
47.161279 27.583659 1287349547694 57.1
47.161256 27.583643 1287349551676 57.1
47.161199 27.583637 1287349555688 58.7
47.16111 27.58365 1287349563974 60.3
47.161066 27.583706 1287349567654 61.9
47.161057 27.58375 1287349571674 62.6
47.161073 27.583767 1287349575641 62.7
47.161047 27.583818 1287349582637 62.7
47.160984 27.583832 1287349587639 62.7
47.160861 27.583854 1287349591621 62.6
47.160795 27.583821 1287349594658 62.6
47.160772 27.583613 1287349599636 62.5
47.16045 27.583653 1287349606753 62.4
47.160544 27.584288 1287349611785 62.3
47.160479 27.584507 1287349615641 62.3
47.16042 27.584636 1287349619746 62.3
47.160388 27.584647 1287349623639 62.3
47.160375 27.58464 1287349626634 62.3
47.159879 27.585013 1287349695584 62.5
47.160092 27.585309 1287349715584 62.7
47.160118 27.585626 1287349718599 63.0
47.15999 27.585818 1287349723569 63.0
47.159801 27.585648 1287349727592 63.1
47.159369 27.586086 1287349743590 62.4
47.159317 27.586085 1287349747592 62.1
47.159278 27.586109 1287349750595 62.1
47.159216 27.58617 1287349755573 62.1
47.159195 27.586163 1287349759576 62.1
47.159193 27.586172 1287349763579 62.1
47.159198 27.586201 1287349767557 62.1
47.159211 27.586215 1287349770553 62.1
47.159214 27.586273 1287349775578 62.1
47.159222 27.586338 1287349779571 62.1
47.159232 27.586405 1287349783559 62.1
47.159253 27.586487 1287349787569 62.1
47.159271 27.586583 1287349790570 62.1
47.159253 27.586623 1287349795553 62.1
47.159258 27.586647 1287349799557 62.1
47.159282 27.586707 1287349803553 62.2
47.159333 27.586749 1287349807537 62.2
47.159367 27.586756 1287349810532 62.2
47.159388 27.58677 1287349815545 62.2
47.159388 27.586774 1287349818545 62.2
47.159455 27.586852 1287349825540 62.2
47.159572 27.587197 1287349835560 61.9
47.159511 27.587431 1287349839553 61.9
47.15948 27.587472 1287349843556 61.8
47.159483 27.587488 1287349846567 61.8
47.159478 27.587518 1287349850570 61.7
47.159479 27.587531 1287349855569 61.7
47.159478 27.587579 1287349859555 61.7
47.159482 27.587647 1287349863612 61.7
47.159527 27.587741 1287349867556 61.6
47.159562 27.587819 1287349871547 61.6
47.159586 27.587872 1287349875940 61.6
47.159586 27.587939 1287349879571 61.6
47.159589 27.588011 1287349882571 61.6
47.159601 27.588071 1287349887535 61.6
47.159599 27.588078 1287349890534 61.6
47.15977 27.590529 1287349999462 61.0
47.159902 27.590813 1287350010452 61.7
47.159985 27.590797 1287350014435 61.8
47.160092 27.590679 1287350018438 61.8
47.160409 27.590821 1287350026455 61.7
47.160452 27.590881 1287350030435 61.7
47.160469 27.591053 1287350051437 61.7
47.160443 27.591076 1287350055416 61.7
47.160528 27.591101 1287350058440 61.7
47.160628 27.593245 1287350131402 61.0
47.160633 27.593158 1287350133412 61.3
47.160669 27.593071 1287350140337 60.8
47.160767 27.593192 1287350143889 60.7
47.160897 27.59329 1287350147998 61.4
47.160846 27.59332 1287350151513 61.7
47.160877 27.593302 1287350155496 62.0
47.160887 27.593297 1287350159512 61.9
47.160883 27.593312 1287350163482 61.7
47.160908 27.593333 1287350167463 61.8
47.160922 27.59337 1287350171507 61.8
47.160943 27.593396 1287350174478 61.9
47.160952 27.593437 1287350178600 61.9
47.160889 27.593528 1287350182791 62.2
47.160882 27.593592 1287350186414 62.3
47.160896 27.593701 1287350191480 62.5
47.160887 27.593824 1287350195412 62.6
47.160831 27.593955 1287350199406 62.8
47.160815 27.593972 1287350203409 62.8
47.160807 27.59401 1287350206414 62.8
47.1608 27.594068 1287350211405 62.8
47.160781 27.594121 1287350215402 62.8
47.160757 27.594188 1287350219411 62.9
47.160767 27.594273 1287350223403 62.9
47.160769 27.594282 1287350226400 62.9
47.160806 27.594329 1287350231410 62.9
47.160846 27.594352 1287350235403 63.0
47.160898 27.594454 1287350239400 64.9
47.160942 27.594602 1287350243463 65.2
47.160984 27.594663 1287350247394 69.2
47.161074 27.594695 1287350255428 73.1
47.161072 27.594716 1287350258539 72.6
47.161082 27.594705 1287350263529 72.0
47.161107 27.594744 1287350267430 71.3
47.161111 27.594815 1287350271403 70.2
47.161169 27.59489 1287350275404 69.9
47.161197 27.59499 1287350279411 69.6
47.161189 27.595059 1287350282414 69.6
47.161176 27.595137 1287350287402 69.6
47.16117 27.595205 1287350291409 69.5
47.161152 27.595315 1287350295403 69.4
47.161139 27.595371 1287350299403 69.4
47.161143 27.595406 1287350302405 69.2
47.161125 27.595438 1287350307404 69.2
47.161121 27.595435 1287350311401 69.2
47.161092 27.595432 1287350319409 69.2
47.161084 27.595457 1287350322350 69.2
47.16111 27.595527 1287350327413 69.2
47.160999 27.595787 1287350339424 69.3
47.160946 27.595779 1287350342419 69.3
47.160941 27.596923 1287350382355 69.6
47.160706 27.596775 1287350387408 69.4
47.160747 27.596908 1287350391349 69.4
47.160755 27.59705 1287350395317 69.4
47.160754 27.597179 1287350399420 69.4
47.16068 27.597407 1287350402409 69.4
47.160637 27.597525 1287350407312 69.4
47.160495 27.597621 1287350411317 69.4
47.160421 27.597671 1287350415309 69.4
47.159965 27.598002 1287350439288 69.3
47.16 27.598147 1287350443322 69.4
47.16005 27.598214 1287350447319 69.4
47.159773 27.598589 1287350475323 69.2
47.160051 27.598568 1287350483320 69.2
47.159836 27.599003 1287350488441 68.3
47.159767 27.599031 1287350491294 67.7
47.159695 27.599059 1287350495302 67.8
47.159623 27.599127 1287350499282 68.3
47.15959 27.599059 1287350503293 68.5
47.159565 27.59912 1287350506291 68.5
47.159548 27.599235 1287350511295 67.8
47.159537 27.599311 1287350515286 68.1
47.159544 27.599346 1287350519290 68.6
47.159558 27.59935 1287350523282 69.6
47.159575 27.599379 1287350526275 70.5
47.159542 27.599376 1287350531284 70.8
47.159491 27.599416 1287350535273 71.6
47.1594 27.599523 1287350539277 72.7
47.159359 27.599646 1287350543297 72.5
47.159346 27.59989 1287350546289 67.3
47.159313 27.600012 1287350551275 62.5
47.159201 27.600055 1287350555284 48.7
47.159179 27.600167 1287350559271 48.7
47.159149 27.600214 1287350563271 50.1
47.159128 27.600245 1287350566274 49.0
47.159064 27.600274 1287350571272 47.1
47.159042 27.600323 1287350575267 46.0
47.158984 27.600344 1287350579276 45.7
47.158967 27.60039 1287350584255 42.9
47.159003 27.600498 1287350587262 40.2
47.158964 27.600796 1287350592256 39.1
47.158961 27.600854 1287350595262 40.0
47.158965 27.60093 1287350599254 38.6
47.158956 27.601021 1287350604242 38.2
47.158949 27.601055 1287350608238 38.5
47.158918 27.601108 1287350612256 39.1
47.15889 27.601152 1287350615256 38.2
47.158821 27.601242 1287350620247 40.0
47.158759 27.601337 1287350624257 39.6
47.158734 27.601416 1287350628243 40.9
47.15872 27.601514 1287350632244 41.3
47.158703 27.601547 1287350635238 40.0
47.158674 27.601573 1287350640237 41.0
47.158647 27.601595 1287350644230 41.2
47.158605 27.601627 1287350648238 40.9
47.158575 27.601664 1287350652219 40.7
47.158563 27.601708 1287350655219 40.8
47.158518 27.601741 1287350660223 41.0
47.158511 27.601783 1287350664218 41.0
47.158489 27.601831 1287350667223 41.0
47.158325 27.601883 1287350672241 40.9
47.158263 27.601908 1287350675239 40.8
47.158175 27.601836 1287350680213 40.7
47.15814 27.601833 1287350688211 40.6
47.158133 27.601818 1287350692209 40.6
47.158126 27.601821 1287350696239 40.6
47.158117 27.601834 1287350700220 40.5
47.158093 27.601856 1287350704303 40.5
47.158072 27.601895 1287350707233 40.5
47.158062 27.601916 1287350710216 40.5
47.157952 27.602082 1287350716224 40.5
47.157896 27.602201 1287350720211 40.5
47.157891 27.602207 1287350723183 40.5
47.157664 27.60233 1287350728210 40.5
47.157901 27.602543 1287350736196 40.4
47.157901 27.602555 1287350738202 40.4
47.157611 27.602725 1287350744200 40.6
47.157456 27.60286 1287350748181 40.8
47.157456 27.602853 1287350749177 40.8
47.157391 27.603156 1287350756175 41.0
47.157376 27.60304 1287350760191 41.0
47.157361 27.602992 1287350764176 41.0
47.157356 27.602909 1287350767172 41.0
47.157352 27.602849 1287350772191 41.0
47.15736 27.602803 1287350775187 41.0
47.157336 27.603172 1287350780174 41.0
47.157331 27.603354 1287350784192 41.0
47.156719 27.603322 1287350815136 40.7
47.156401 27.604053 1287350831134 40.6
47.156426 27.604044 1287350834149 40.4
47.156106 27.604038 1287350856167 40.2
47.15611 27.603939 1287350860147 40.8
47.156115 27.604121 1287350864141 41.0
47.156115 27.6042 1287350866144 41.0
47.15595 27.604428 1287350872137 40.9
47.155937 27.604531 1287350875138 40.9
47.155924 27.604461 1287350880143 40.9
47.155917 27.604447 1287350884132 40.9
47.155848 27.604773 1287350886143 41.0
47.15596 27.604901 1287350900137 41.1
47.155678 27.605187 1287350904133 42.5
47.155671 27.605209 1287350906118 42.6
47.156267 27.604549 1287350960096 42.8
47.15623 27.604345 1287350964097 42.8
47.156033 27.604351 1287350972096 42.7
47.155866 27.604191 1287350976097 42.7
47.155841 27.604211 1287350980085 42.7
47.155835 27.604281 1287350984078 42.7
47.155998 27.604971 1287351024084 42.7
47.155915 27.605089 1287351027092 42.6
47.156501 27.60564 1287351064026 42.8
47.156588 27.60559 1287351066032 42.8