47.15679 27.60384 1287562605233 43.4
47.156794 27.603768 1287562609229 44.6
47.156794 27.603759 1287562613224 44.8
47.156775 27.603731 1287562616223 43.4
47.156729 27.603666 1287562621227 42.3
47.156708 27.603615 1287562625224 38.1
47.156674 27.603552 1287562629223 39.7
47.156647 27.603504 1287562633218 42.1
47.156635 27.60349 1287562636237 41.9
47.156641 27.603526 1287562641221 42.2
47.156634 27.603561 1287562645214 42.8
47.156647 27.603546 1287562649215 43.7
47.156658 27.603498 1287562653217 44.2
47.156648 27.603515 1287562657214 44.5
47.156638 27.603525 1287562660209 45.0
47.156628 27.603487 1287562665211 45.1
47.156626 27.603455 1287562669210 45.8
47.156609 27.603448 1287562673205 46.6
47.156573 27.603367 1287562677196 52.9
47.156539 27.603353 1287562680206 61.7
47.15652 27.603305 1287562685205 64.2
47.156495 27.603245 1287562689237 65.7
47.156462 27.603225 1287562693207 62.8
47.156399 27.603212 1287562697204 61.9
47.156381 27.603204 1287562700192 59.6
47.156396 27.60314 1287562705199 57.6
47.156415 27.603094 1287562709197 58.6
47.156389 27.602978 1287562713188 61.0
47.156306 27.602903 1287562717204 61.5
47.156305 27.602893 1287562720190 60.3
47.156351 27.602795 1287562725188 59.3
47.156302 27.602692 1287562729191 58.1
47.156234 27.602616 1287562733211 55.8
47.156218 27.602548 1287562737185 55.5
47.156215 27.602514 1287562740183 54.1
47.15622 27.602389 1287562745181 50.3
47.156186 27.602273 1287562749178 46.7
47.156116 27.602147 1287562753179 44.8
47.156084 27.602068 1287562757175 44.8
47.156037 27.601994 1287562760168 45.9
47.155953 27.601985 1287562765172 46.3
47.155898 27.601986 1287562769178 48.3
47.155849 27.601905 1287562773173 51.9
47.15584 27.601881 1287562777172 52.7
47.15581 27.601824 1287562780204 51.4
47.155798 27.601756 1287562785168 43.1
47.155738 27.601652 1287562789156 41.5
47.155704 27.601575 1287562793183 40.6
47.155662 27.601513 1287562797162 41.0
47.155657 27.601462 1287562800159 41.1
47.155631 27.601331 1287562805411 40.4
47.155606 27.601258 1287562809162 40.8
47.155588 27.6012 1287562813160 40.9
47.155566 27.601124 1287562817162 40.0
47.15554 27.601043 1287562821150 39.5
47.155523 27.600966 1287562825165 38.1
47.155498 27.600914 1287562828159 37.4
47.155446 27.600867 1287562833153 37.4
47.155443 27.60078 1287562837149 38.9
47.155466 27.600694 1287562841142 38.9
47.155452 27.600576 1287562845139 39.8
47.155403 27.600484 1287562848147 40.6
47.155402 27.600405 1287562853141 40.9
47.155382 27.600344 1287562857142 40.9
47.155349 27.600245 1287562861131 40.5
47.155337 27.60012 1287562865140 40.3
47.155321 27.600016 1287562868137 40.3
47.155319 27.599925 1287562873136 40.5
47.155311 27.599837 1287562877136 40.7
47.15527 27.599707 1287562881136 41.3
47.155249 27.599638 1287562885139 40.6
47.155227 27.599564 1287562888134 41.9
47.155262 27.599534 1287562893135 41.5
47.155297 27.599504 1287562897130 41.4
47.155332 27.59946 1287562901136 39.9
47.155367 27.599437 1287562905129 39.9
47.15538 27.599416 1287562908124 39.6
47.155474 27.599389 1287562913150 38.9
47.155511 27.599355 1287562917119 39.3
47.155566 27.599295 1287562921120 40.3
47.155556 27.599222 1287562925117 41.6
47.155548 27.599182 1287562928112 41.6
47.155556 27.59904 1287562933118 41.6
47.15555 27.598964 1287562937119 42.0
47.155553 27.598905 1287562941103 40.7
47.155548 27.598816 1287562945125 39.6
47.155543 27.598765 1287562948104 38.5
47.155528 27.598718 1287562953115 37.5
47.155486 27.5986 1287562957098 38.4
47.155487 27.598529 1287562961106 37.9
47.15543 27.598419 1287562965105 38.0
47.155414 27.598327 1287562968101 38.9
47.155114 27.598107 1287562973099 38.2
47.155052 27.598062 1287562977095 36.9
47.155055 27.598043 1287562981094 36.9
47.155046 27.598018 1287562985099 36.0
47.155012 27.597988 1287562988089 35.7
47.154939 27.597885 1287562993090 35.5
47.154979 27.597763 1287562997092 35.3
47.155069 27.5977 1287563001090 35.3
47.155113 27.597441 1287563005093 35.9
47.155087 27.597318 1287563008079 35.9
47.155079 27.597235 1287563013083 35.9
47.155059 27.59717 1287563017074 36.0
47.155047 27.597091 1287563021075 35.9
47.155068 27.597006 1287563025079 35.9
47.155092 27.596898 1287563030247 34.3
47.155064 27.596824 1287563033078 33.9
47.155044 27.596756 1287563037111 34.8
47.155018 27.596653 1287563041082 41.6
47.155009 27.596578 1287563045237 43.4
47.154992 27.596498 1287563049066 43.7
47.155019 27.596414 1287563053073 44.9
47.154991 27.596348 1287563056058 46.1
47.15499 27.596299 1287563061063 45.1
47.154921 27.596161 1287563065063 44.4
47.154894 27.596119 1287563069063 43.1
47.154924 27.596151 1287563073060 42.9
47.1549 27.596028 1287563076064 41.7
47.154874 27.595848 1287563081067 42.3
47.154832 27.595719 1287563085066 43.9
47.154803 27.595619 1287563089055 43.1
47.154792 27.595532 1287563093057 43.5
47.154793 27.5955 1287563096198 42.4
47.154773 27.595427 1287563101059 41.3
47.154778 27.595432 1287563105079 41.1
47.154781 27.595427 1287563109050 40.9
47.154783 27.595395 1287563113050 40.8
47.154782 27.595342 1287563117044 40.7
47.154788 27.595267 1287563120038 40.7
47.154782 27.595076 1287563125040 40.7
47.154734 27.594916 1287563129035 40.6
47.154653 27.594838 1287563133036 40.6
47.154575 27.594752 1287563137040 40.7
47.154518 27.594674 1287563141278 40.8
47.154494 27.594615 1287563145086 41.8
47.154485 27.594579 1287563150574 41.7
47.15448 27.594552 1287563153086 41.8
47.154474 27.594535 1287563157028 41.8
47.15447 27.594456 1287563168614 41.9
47.154516 27.594387 1287563172126 41.8
47.154481 27.594357 1287563176166 41.8
47.154472 27.594304 1287563181119 41.5
47.154482 27.594289 1287563185154 41.4
47.154465 27.594269 1287563189475 41.5
47.154462 27.594274 1287563195038 41.4
47.154416 27.594208 1287563200026 41.5