47.154587 27.594721 1287589387196 105.6
47.154466 27.594241 1287589390029 74.1
47.154514 27.59438 1287589394691 71.0
47.154592 27.594318 1287589399005 69.6
47.154584 27.594345 1287589402995 66.6
47.15459 27.594354 1287589406991 65.7
47.154587 27.59444 1287589410999 62.6
47.154597 27.594513 1287589413989 59.7
47.154603 27.594595 1287589418990 60.2
47.154612 27.59465 1287589422987 60.2
47.15465 27.594742 1287589426984 60.2
47.154663 27.594799 1287589430982 59.2
47.154701 27.594841 1287589433979 58.7
47.154694 27.594979 1287589438978 57.6
47.154729 27.595103 1287589442979 56.3
47.154728 27.595205 1287589446970 55.4
47.154726 27.59531 1287589450976 53.5
47.154703 27.595401 1287589453997 50.7
47.154695 27.595491 1287589458976 47.2
47.154711 27.595553 1287589462968 46.6
47.154714 27.595638 1287589466969 44.9
47.154692 27.595708 1287589470976 43.9
47.154668 27.595756 1287589473969 43.4
47.154687 27.595835 1287589478967 44.9
47.154688 27.595901 1287589482976 45.6
47.1547 27.596026 1287589486966 46.4
47.154724 27.596088 1287589490958 47.2
47.154736 27.596125 1287589493957 46.8
47.154742 27.596238 1287589498949 43.2
47.154736 27.596339 1287589502968 42.6
47.154764 27.596413 1287589506954 42.7
47.154864 27.596539 1287589510956 43.6
47.154876 27.596653 1287589513954 45.0
47.15496 27.596745 1287589518950 43.9
47.155005 27.596799 1287589522954 43.2
47.154997 27.596833 1287589526949 41.5
47.155009 27.596903 1287589530946 40.8
47.155022 27.596953 1287589534957 41.2
47.155036 27.596975 1287589537945 41.0
47.155084 27.597065 1287589542949 36.7
47.155056 27.597248 1287589546939 40.7
47.155063 27.597284 1287589550940 39.5
47.155078 27.597357 1287589554938 38.7
47.15511 27.597471 1287589557943 39.1
47.155127 27.597637 1287589562963 39.8
47.155096 27.597718 1287589566949 37.2
47.155179 27.597829 1287589570955 36.2
47.155216 27.597886 1287589572935 37.9
47.155275 27.597989 1287589577930 40.0
47.155321 27.598104 1287589582925 41.1
47.155332 27.598169 1287589586921 39.5
47.155268 27.598266 1287589590926 37.8
47.155242 27.598337 1287589594920 37.9
47.155261 27.59839 1287589597921 37.5
47.155308 27.598466 1287589602921 36.4
47.155358 27.598499 1287589606918 37.3
47.155366 27.598555 1287589610916 36.9
47.15544 27.598683 1287589614914 41.9
47.15547 27.598754 1287589618909 43.9
47.155498 27.598795 1287589621919 43.8
47.155543 27.598873 1287589626908 40.3
47.155611 27.598944 1287589630906 39.1
47.155659 27.59901 1287589634901 38.4
47.155697 27.599075 1287589638901 39.2
47.155691 27.599098 1287589641901 39.1
47.155695 27.599121 1287589646901 39.3
47.155664 27.59917 1287589650906 39.4
47.155532 27.599275 1287589654909 39.0
47.155461 27.599307 1287589658894 39.1
47.155409 27.599329 1287589661903 39.2
47.155352 27.5994 1287589666899 39.9
47.155258 27.599385 1287589670900 39.4
47.155237 27.599391 1287589674883 39.8
47.155225 27.59944 1287589678893 40.3
47.155207 27.599583 1287589681887 42.9
47.155215 27.599763 1287589686889 45.9
47.15523 27.599888 1287589690890 46.4
47.155257 27.599941 1287589694884 46.6
47.155276 27.600013 1287589698896 46.9
47.155272 27.600058 1287589701890 47.4
47.15533 27.600122 1287589706885 45.5
47.155417 27.600151 1287589710882 45.6
47.155344 27.600336 1287589714879 45.8
47.155337 27.600481 1287589718882 44.4
47.155354 27.600575 1287589721887 43.5
47.155342 27.600697 1287589726869 44.7
47.155351 27.600788 1287589730872 43.5
47.15539 27.600857 1287589734876 43.0
47.15541 27.600987 1287589738873 42.1
47.155455 27.60103 1287589741871 42.4
47.155653 27.601124 1287589746873 47.2
47.155654 27.601163 1287589750866 47.3
47.155653 27.601224 1287589754863 48.3
47.155665 27.601263 1287589758866 49.1
47.155658 27.601295 1287589761864 50.2
47.155757 27.601436 1287589766860 52.3
47.155804 27.601529 1287589770857 53.1
47.155795 27.601592 1287589774862 52.8
47.15578 27.601635 1287589778856 52.2
47.155773 27.601678 1287589781857 51.4
47.155748 27.601749 1287589786853 49.7
47.155791 27.6018 1287589790846 49.5
47.155838 27.6018 1287589794848 49.6
47.155932 27.601801 1287589798849 49.7
47.156017 27.601839 1287589801849 49.8
47.156056 27.601962 1287589806850 50.3
47.156054 27.602022 1287589810859 50.0
47.1561 27.60214 1287589814836 49.7
47.156123 27.602215 1287589818844 49.5
47.156171 27.60223 1287589821841 49.3
47.156215 27.602356 1287589826836 49.2
47.156281 27.602411 1287589830839 49.7
47.15635 27.60248 1287589834835 52.5
47.156295 27.602617 1287589838832 53.1
47.156244 27.602665 1287589841843 52.6
47.156238 27.60278 1287589846831 52.0
47.156234 27.602898 1287589850824 51.8
47.156259 27.602988 1287589854828 51.9
47.156496 27.603061 1287589858839 67.1
47.156558 27.603111 1287589861830 72.9
47.156496 27.603183 1287589866823 71.8
47.15648 27.60328 1287589870825 72.2
47.156508 27.603291 1287589874823 70.5
47.156539 27.603292 1287589878822 70.9
47.156529 27.603301 1287589881818 70.3
47.156493 27.603287 1287589886816 70.5
47.156484 27.603339 1287589890813 67.9
47.156476 27.603379 1287589894850 66.5
47.156494 27.603396 1287589898836 66.2
47.156571 27.603589 1287589902818 64.1
47.156603 27.603653 1287589905807 63.9
47.156698 27.60377 1287589910814 62.5
47.156764 27.603813 1287589914816 56.9
47.156826 27.603866 1287589918802 55.8
47.156872 27.603909 1287589922797 54.3
47.156869 27.603924 1287589925806 55.2
47.156875 27.603965 1287589930806 50.8
47.156861 27.604014 1287589934802 49.1
47.15683 27.604125 1287589938801 47.8
47.156818 27.604201 1287589942796 47.2
47.156806 27.604232 1287589945799 48.8
47.156852 27.604245 1287589950897 50.2
47.156787 27.604289 1287589954795 49.6
47.156757 27.604297 1287589958770 49.7
47.156516 27.604493 1287589968791 49.7
47.156466 27.604489 1287589978787 49.8
47.156538 27.604579 1287589982786 49.8
47.156585 27.604591 1287589986826 49.7
47.156609 27.604602 1287589990777 49.7
47.156637 27.604621 1287589995804 49.7
47.156656 27.604644 1287589997815 49.7
47.156694 27.604695 1287590002788 49.7
47.156718 27.604712 1287590005824 49.7
47.156983 27.605586 1287590029810 49.7
47.157144 27.605655 1287590033753 49.8
47.157423 27.605549 1287590037801 49.8
47.157535 27.605443 1287590042765 49.8