47.683132 26.027831 1287054394522 342.8
47.683057 26.027762 1287054398555 342.8
47.683258 26.027854 1287054402526 342.6
47.683203 26.027789 1287054406496 342.6
47.683164 26.027784 1287054409503 342.6
47.683078 26.027816 1287054414508 342.5
47.683028 26.027993 1287054418537 342.5
47.683034 26.028074 1287054422500 342.4
47.683044 26.028092 1287054426500 342.4
47.683042 26.028088 1287054429482 342.4
47.682993 26.027978 1287054434516 342.4
47.682972 26.027959 1287054438610 342.4
47.682961 26.027956 1287054442505 342.4
47.682969 26.027933 1287054446484 342.4
47.682976 26.027938 1287054447488 342.4
47.682974 26.027939 1287054453511 342.4
47.682981 26.027917 1287054458538 342.4
47.683009 26.027868 1287054462505 341.8
47.683048 26.027843 1287054466531 341.6
47.683075 26.027821 1287054470507 341.2
47.683104 26.027773 1287054474514 341.4
47.683125 26.027744 1287054477493 342.1
47.683184 26.027701 1287054482492 341.8
47.683228 26.027717 1287054486486 343.3
47.683231 26.027725 1287054487497 343.4
47.683205 26.027761 1287054494523 343.0
47.6832 26.02777 1287054498483 342.2
47.683191 26.027765 1287054501486 341.7
47.683211 26.02776 1287054506477 341.1
47.683213 26.027771 1287054508478 340.8
47.683203 26.027829 1287054514473 340.1
47.683218 26.027879 1287054518476 340.2
47.683226 26.027966 1287054522467 340.0
47.683212 26.028014 1287054525486 339.9
47.683213 26.028016 1287054530512 339.8
47.683228 26.028033 1287054534464 339.7
47.68323 26.028039 1287054538466 339.7
47.683286 26.028054 1287054542470 339.7
47.683294 26.028012 1287054544464 339.7
47.683242 26.027971 1287054549475 339.8
47.683207 26.027976 1287054553467 339.9
47.683301 26.028084 1287054558472 339.8
47.683303 26.028082 1287054560461 339.8
47.683324 26.027993 1287054566485 339.8
47.683307 26.027951 1287054570453 339.8
47.683299 26.027959 1287054571455 339.8
47.68325 26.027982 1287054578449 339.8
47.683221 26.027924 1287054582608 339.7
47.683193 26.027863 1287054586456 339.7
47.683184 26.02783 1287054590474 339.7
47.683184 26.027803 1287054594451 339.7
47.683182 26.027797 1287054595457 339.7
47.683156 26.027763 1287054602459 339.7
47.683141 26.027769 1287054606472 339.7
47.683135 26.027783 1287054610506 339.7
47.683117 26.027811 1287054614461 339.7
47.683113 26.027863 1287054618458 339.7
47.683113 26.027869 1287054619445 339.7
47.683113 26.027904 1287054625443 339.7
47.683112 26.027908 1287054630471 339.7
47.683139 26.027899 1287054634444 339.7
47.683152 26.027925 1287054638431 339.7
47.683098 26.02793 1287054642433 339.7
47.68308 26.0279 1287054645428 339.7
47.683103 26.027872 1287054649434 339.7
47.683107 26.027882 1287054654426 339.7
47.683132 26.027931 1287054658427 339.7
47.683136 26.027942 1287054662429 339.7
47.683137 26.027942 1287054663436 339.7
47.683148 26.027955 1287054669502 339.7
47.683161 26.027999 1287054674428 339.7
47.683196 26.028016 1287054678419 339.7
47.68323 26.028064 1287054682424 339.7
47.683202 26.028151 1287054686449 339.6
47.683203 26.028151 1287054688423 339.6
47.683202 26.028144 1287054693424 339.6
47.683203 26.028097 1287054697415 339.6
47.683206 26.028042 1287054701487 339.6
47.683116 26.027817 1287054706411 339.6
47.683107 26.027831 1287054710407 339.5
47.683107 26.027874 1287054714408 339.4
47.683088 26.027865 1287054718407 339.3
47.683073 26.027877 1287054720446 339.3
47.683153 26.02795 1287054726522 339.0
47.683206 26.028005 1287054730424 336.1
47.683228 26.028036 1287054735709 335.0
47.68317 26.028072 1287054738704 332.4
47.683148 26.028067 1287054742609 331.1
47.68313 26.028025 1287054746426 330.0
47.683127 26.028014 1287054750400 329.9
47.683129 26.028022 1287054753399 329.9
47.683201 26.02802 1287054758404 331.1
47.683206 26.028017 1287054762654 329.9
47.683216 26.02801 1287054766415 329.5
47.683231 26.027993 1287054770409 329.4
47.683256 26.028004 1287054774396 327.9
47.683258 26.028005 1287054777396 327.9
47.683264 26.028015 1287054782391 328.0
47.683283 26.028011 1287054786386 328.0
47.683288 26.028003 1287054790391 328.0
47.683282 26.027996 1287054794402 328.0
47.683282 26.027987 1287054797363 328.0
47.683284 26.028034 1287054800380 328.0
47.683318 26.028101 1287054806373 328.0