47.683059 26.027807 1287118719137 322.3
47.683038 26.027794 1287118720971 322.0
47.683152 26.02776 1287118725968 315.0
47.683112 26.027743 1287118729989 318.9
47.683174 26.027582 1287118733968 327.1
47.683239 26.027514 1287118737968 332.8
47.683236 26.027524 1287118740961 336.5
47.683239 26.027561 1287118745962 333.7
47.683242 26.027607 1287118749963 328.3
47.683268 26.027609 1287118753951 333.5
47.683321 26.027672 1287118757964 332.3
47.683392 26.027807 1287118760958 333.2
47.683531 26.028197 1287118765954 335.8
47.683669 26.028531 1287118769965 336.0
47.683714 26.028762 1287118773954 334.0
47.683724 26.028938 1287118778021 334.0
47.683718 26.029006 1287118780995 334.9
47.683703 26.029121 1287118785091 334.6
47.683706 26.029228 1287118788956 333.0
47.68393 26.030159 1287118796946 339.1
47.684372 26.031649 1287118801952 332.7
47.68457 26.032815 1287118805951 331.3
47.68462 26.033153 1287118808943 331.8
47.684778 26.033855 1287118812953 332.6
47.685404 26.03564 1287118825945 333.1
47.686236 26.036578 1287118832931 333.0
47.687842 26.038255 1287118841924 332.8
47.68828 26.038714 1287118845921 332.8
47.688299 26.038766 1287118846916 332.8
47.688837 26.039534 1287118853928 332.8
47.689214 26.039781 1287118857919 332.8
47.693165 26.044363 1287118893566 332.3
47.693098 26.045601 1287118901796 331.4
47.69288 26.046968 1287118905903 331.4
47.693048 26.047598 1287118909906 331.4
47.69312 26.047794 1287118912903 331.4
47.694199 26.050553 1287118920978 330.9
47.694492 26.050871 1287118925903 330.9
47.694521 26.050991 1287118929883 330.9
47.696785 26.054597 1287118961895 330.5
47.697925 26.056068 1287118968862 330.4
47.698443 26.057636 1287118980863 330.4
47.699979 26.058977 1287119004889 329.8
47.701606 26.061242 1287119016871 330.4
47.701853 26.061385 1287119021874 330.8
47.702588 26.061126 1287119037863 330.7
47.703845 26.062224 1287119041083 330.8
47.704299 26.062277 1287119045847 330.6
47.707781 26.065118 1287119092868 330.4
47.711776 26.072119 1287119121890 329.7
47.713167 26.075205 1287119145089 328.5
47.712908 26.08528 1287119178575 329.0
47.712819 26.08549 1287119181889 329.0
47.712265 26.086304 1287119184925 327.5
47.712119 26.086739 1287119189836 327.6
47.711833 26.0868 1287119192856 327.4
47.711716 26.086927 1287119197829 327.3
47.708628 26.093718 1287119225823 327.2
47.708033 26.093805 1287119228844 327.2
47.703394 26.099862 1287119253807 328.8
47.703066 26.10348 1287119269805 328.8
47.702387 26.103642 1287119273889 329.1
47.701789 26.103455 1287119277808 329.2
47.700677 26.104869 1287119285806 329.0
47.699875 26.106011 1287119288819 329.2
47.698878 26.106514 1287119293788 329.3
47.698056 26.107057 1287119297856 329.3
47.697758 26.107196 1287119301798 329.3
47.69735 26.107492 1287119309890 329.2
47.697034 26.108134 1287119313799 329.2
47.696821 26.108781 1287119316794 329.2
47.696337 26.109899 1287119320779 329.1
47.693582 26.111148 1287119345784 329.3
47.693863 26.115089 1287119348765 329.0
47.693346 26.116905 1287119354315 328.4
47.693037 26.118057 1287119356869 327.9
47.693118 26.119742 1287119360879 327.4
47.69313 26.120751 1287119364926 327.5
47.693103 26.120982 1287119368749 327.5
47.693306 26.121226 1287119370795 327.5
47.69322 26.121726 1287119378336 327.5
47.69464 26.122699 1287119388921 326.8
47.696207 26.122433 1287119396917 326.3
47.698861 26.122934 1287119417755 325.1
47.699166 26.122889 1287119420752 324.6
47.699888 26.122844 1287119425753 323.9
47.700364 26.121016 1287119432743 324.1
47.700692 26.120835 1287119436950 324.0
47.701231 26.120777 1287119440737 323.9
47.701963 26.120506 1287119445728 323.9
47.703402 26.119936 1287119449735 323.8
47.704064 26.119931 1287119453735 323.8
47.704468 26.120082 1287119457726 323.8
47.707728 26.124498 1287119485787 323.2
47.708167 26.125069 1287119489746 321.7
47.70819 26.125165 1287119493721 321.5
47.708969 26.126185 1287119501732 321.2
47.709078 26.127018 1287119505720 321.2
47.709666 26.131807 1287119553942 321.2
47.714112 26.137705 1287119570674 320.5
47.714912 26.139489 1287119578700 320.5
47.714992 26.139548 1287119581729 320.4
47.715163 26.139592 1287119586678 320.4
47.715532 26.139571 1287119588694 320.3
47.71537 26.141428 1287119593734 320.2
47.7162 26.142677 1287119606680 320.0
47.717898 26.143816 1287119610666 319.9
47.718135 26.1439 1287119614775 319.8
47.718254 26.144007 1287119619306 319.8
47.718276 26.144061 1287119620683 319.8
47.720256 26.147575 1287119673674 319.5
47.719941 26.148409 1287119676780 319.5
47.71884 26.150639 1287119686658 317.3
47.71801 26.151801 1287119690701 319.9
47.717814 26.151966 1287119692667 321.1
47.715761 26.153751 1287119710652 319.8
47.71565 26.154953 1287119711647 320.2
47.714589 26.157286 1287119717788 321.3
47.714384 26.157902 1287119721643 321.2
47.714211 26.158061 1287119725642 321.2
47.713562 26.160525 1287119733644 321.3
47.712181 26.162596 1287119738694 320.1
47.71202 26.162872 1287119741671 320.0
47.711468 26.164225 1287119750631 320.0
47.707882 26.175789 1287119782659 318.1
47.707842 26.176027 1287119784625 317.9
47.706747 26.177538 1287119789624 318.0
47.706919 26.178221 1287119794612 317.8
47.706466 26.179732 1287119798624 317.6
47.706668 26.180451 1287119802593 317.6
47.705376 26.18402 1287119813613 318.0
47.704497 26.184181 1287119818603 318.4
47.703814 26.184418 1287119822610 318.4
47.703038 26.184859 1287119826611 318.5
47.702872 26.185567 1287119830612 318.5
47.702754 26.185938 1287119832603 318.6
47.701887 26.188861 1287119842627 318.7
47.70183 26.189958 1287119846633 318.7
47.701506 26.190572 1287119850603 318.6
47.7013 26.190744 1287119854623 318.5
47.701153 26.191744 1287119858625 318.5
47.699982 26.194977 1287119869701 318.1
47.699077 26.196489 1287119873612 317.9
47.697847 26.199634 1287119885602 317.7
47.696556 26.201421 1287119893611 316.0
47.696388 26.202006 1287119898589 316.3
47.69619 26.202561 1287119902583 316.1
47.695753 26.203202 1287119906619 315.6
47.695383 26.203731 1287119910605 315.4
47.691757 26.212822 1287119941604 314.0
47.691396 26.213407 1287119946605 316.7
47.69114 26.21363 1287119950604 316.5
47.691026 26.214194 1287119954619 316.2
47.69046 26.215675 1287119958592 316.3
47.690247 26.216441 1287119962579 316.4
47.69021 26.216641 1287119965598 316.5
47.690128 26.217116 1287119969579 315.9
47.689879 26.217205 1287119974575 316.9
47.689628 26.21723 1287119978572 317.2
47.689481 26.217255 1287119982568 317.2
47.689245 26.21733 1287119986577 317.3
47.689088 26.217737 1287119990569 317.3
47.688816 26.218942 1287119993560 317.4
47.688563 26.219775 1287119998590 317.5
47.688296 26.220202 1287120002563 317.5
47.688194 26.220262 1287120006568 317.5
47.687508 26.221307 1287120010603 317.5
47.686915 26.223469 1287120014563 317.7
47.686735 26.223809 1287120017583 317.9
47.686512 26.224432 1287120021556 318.1
47.685806 26.226644 1287120026702 318.3
47.68529 26.227076 1287120030575 318.5
47.685152 26.227487 1287120034565 318.5
47.684964 26.227789 1287120036664 318.6
47.684257 26.231134 1287120042658 318.6
47.683804 26.231699 1287120045588 318.7
47.683653 26.232492 1287120048550 318.7
47.683106 26.233293 1287120053914 318.6
47.682938 26.234057 1287120058556 316.7
47.682633 26.234343 1287120062648 311.2
47.682468 26.234509 1287120065576 310.3
47.682288 26.234648 1287120069689 312.3
47.682231 26.234726 1287120073542 313.1
47.682107 26.235244 1287120077568 313.7
47.680176 26.236988 1287120094533 312.1
47.680091 26.237152 1287120096531 312.2
47.677966 26.238514 1287120110542 310.1
47.677745 26.238567 1287120114527 310.2
47.677565 26.238696 1287120118545 310.4
47.677454 26.238886 1287120122607 310.8
47.677209 26.239386 1287120126532 311.3
47.677096 26.239462 1287120130522 311.3
47.676376 26.240439 1287120134539 311.5
47.676254 26.240515 1287120138555 311.5
47.676091 26.240522 1287120141520 311.4
47.675711 26.240873 1287120145547 310.9
47.675517 26.240963 1287120149523 310.7
47.675514 26.241102 1287120154259 310.7
47.675123 26.241183 1287120158523 310.7
47.674822 26.241679 1287120162571 310.6
47.674508 26.242093 1287120166527 310.8
47.673976 26.242291 1287120170655 310.9
47.672781 26.242135 1287120174520 310.9
47.672087 26.242378 1287120178513 310.9
47.671897 26.242428 1287120181873 310.9
47.671368 26.243243 1287120186754 311.1
47.671034 26.243282 1287120190523 311.2
47.669832 26.243169 1287120194522 310.9
47.669224 26.243263 1287120198523 310.9
47.668791 26.243515 1287120202533 309.6
47.668382 26.243744 1287120206510 307.3
47.66798 26.243999 1287120210505 305.5
47.667767 26.244201 1287120213532 300.4
47.667578 26.244382 1287120217503 296.4
47.667385 26.244591 1287120222506 291.8
47.66725 26.244748 1287120226512 290.6
47.667124 26.244805 1287120230525 288.7
47.667095 26.244774 1287120234497 289.9
47.667028 26.244767 1287120238508 289.1
47.667008 26.244781 1287120241492 289.6
47.666968 26.244804 1287120246493 290.4
47.666884 26.244899 1287120250492 290.5
47.666744 26.245003 1287120254492 291.0
47.666541 26.245043 1287120258493 291.5
47.666474 26.245073 1287120262492 291.7
47.666434 26.245092 1287120265509 291.7
47.666074 26.246637 1287120269507 291.5
47.665567 26.246949 1287120274481 291.4
47.664948 26.247077 1287120278480 291.4
47.664715 26.247121 1287120282492 291.4
47.664511 26.247137 1287120286488 291.4
47.664406 26.247342 1287120290498 291.4
47.664336 26.247502 1287120293494 291.4
47.664272 26.247787 1287120298475 291.4
47.664023 26.248625 1287120301476 291.3
47.663222 26.25018 1287120306472 291.5
47.662782 26.250249 1287120310483 291.5
47.662165 26.250383 1287120314468 291.6
47.66159 26.250354 1287120317471 291.6
47.661067 26.251482 1287120321469 291.7
47.659679 26.251946 1287120326470 291.8
47.658621 26.251832 1287120330467 292.2
47.658248 26.251817 1287120334468 292.4
47.658166 26.251857 1287120336468 292.4
47.657918 26.252204 1287120341474 292.5
47.657418 26.252707 1287120346460 292.6
47.65715 26.25307 1287120350457 292.8
47.656936 26.25332 1287120354471 292.8
47.65665 26.253657 1287120358505 292.8
47.6561 26.252272 1287120378444 293.1
47.655493 26.251718 1287120381461 293.2
47.655614 26.251513 1287120385440 293.2
47.65398 26.252918 1287120398437 294.4
47.653858 26.25314 1287120402433 294.5
47.653718 26.253346 1287120405444 294.8
47.653415 26.253546 1287120409421 295.0
47.652767 26.2534 1287120414430 295.4
47.652445 26.253618 1287120418430 295.6
47.652116 26.253901 1287120422429 295.9
47.651915 26.253906 1287120425427 296.0
47.651694 26.253793 1287120430422 296.0
47.651654 26.25379 1287120433429 296.1
47.651277 26.252802 1287120442420 296.0
47.651312 26.25219 1287120445416 296.3
47.651445 26.251839 1287120450412 296.4
47.651305 26.251428 1287120454406 296.6
47.650939 26.250769 1287120458427 296.7
47.650532 26.250445 1287120462412 296.8
47.65027 26.250399 1287120464410 296.8
47.649866 26.250255 1287120469363 296.8
47.649775 26.250227 1287120472407 296.8
47.650252 26.250386 1287120482400 296.7
47.650414 26.250959 1287120486422 296.7
47.650415 26.250952 1287120490424 296.7
47.650342 26.25097 1287120494393 296.8
47.650302 26.2509 1287120497398 296.8
47.65027 26.25086 1287120500412 296.8
47.65015 26.250747 1287120506231 296.8
47.649962 26.250703 1287120510366 296.8
47.649718 26.250675 1287120514795 296.8
47.649021 26.250659 1287120518718 296.8
47.648778 26.25058 1287120522961 296.8
47.648594 26.250369 1287120526585 296.8
47.648565 26.250355 1287120528383 296.8
47.648378 26.249951 1287120534608 296.9
47.648051 26.250012 1287120565616 296.9
47.646441 26.250339 1287120588324 296.8
47.646354 26.250403 1287120590385 297.2
47.646202 26.250376 1287120594801 299.3
47.646138 26.250368 1287120598693 299.6
47.646133 26.250105 1287120610366 299.6
47.646034 26.250015 1287120614385 299.6
47.645975 26.24995 1287120616377 299.6
47.645849 26.249979 1287120626379 299.5
47.645291 26.249847 1287120630361 299.6
47.645234 26.249757 1287120634361 299.6
47.645148 26.249682 1287120638360 299.6
47.645068 26.249676 1287120642366 299.6
47.645003 26.249638 1287120645346 299.6
47.644898 26.249664 1287120650362 299.6
47.644815 26.249663 1287120654363 299.6
47.644774 26.249648 1287120658362 299.6
47.645108 26.249083 1287120666364 299.7
47.645079 26.248987 1287120668369 299.7
47.645065 26.248996 1287120672327 299.7
47.645167 26.248743 1287120676325 299.6
47.645282 26.248766 1287120681320 299.6
47.645291 26.248834 1287120684320 299.6
47.645304 26.248168 1287120702343 299.7
47.645471 26.248144 1287120706339 299.8
47.645524 26.248213 1287120710333 299.8
47.645556 26.248336 1287120714353 299.8
47.645515 26.248477 1287120717355 300.0
47.645509 26.248679 1287120721327 299.8
47.645417 26.248849 1287120726358 299.9