47.167461 27.566814 1288877596467 59.1
47.16744 27.566804 1288877599462 59.1
47.167393 27.566755 1288877604461 59.1
47.167369 27.566692 1288877608451 59.1
47.167338 27.566471 1288877612483 59.1
47.1673 27.566374 1288877616494 59.1
47.16837 27.564482 1288877664443 57.0
47.168421 27.564437 1288877668439 57.0
47.168939 27.564065 1288877671433 56.6
47.169171 27.563749 1288877676436 57.3
47.169196 27.563716 1288877679436 57.3
47.169079 27.56356 1288877684426 57.2
47.169308 27.563197 1288877688435 57.1
47.16928 27.563147 1288877691432 57.1
47.16929 27.563105 1288877696439 57.1
47.169285 27.563078 1288877700438 57.1
47.169316 27.562992 1288877704434 57.1
47.169389 27.562838 1288877708436 57.0
47.16946 27.562584 1288877712434 57.0
47.169615 27.562319 1288877715431 57.0
47.169679 27.562082 1288877720428 57.0
47.169879 27.561736 1288877724427 57.0
47.169967 27.56161 1288877728419 57.0
47.170001 27.561493 1288877732423 57.0
47.170085 27.561377 1288877735425 57.0
47.170132 27.561278 1288877740431 56.9
47.170156 27.561266 1288877744418 56.9
47.170268 27.560587 1288877752414 56.7
47.170382 27.5605 1288877755410 56.6
47.170865 27.560061 1288877760412 56.5
47.170906 27.559797 1288877764412 56.5
47.171072 27.559395 1288877768415 56.5
47.171219 27.558846 1288877772417 56.5
47.171342 27.558606 1288877775413 56.4
47.171453 27.558185 1288877780415 56.3
47.171604 27.55783 1288877784417 56.3
47.171754 27.557552 1288877788405 56.3
47.171872 27.556889 1288877792409 56.3
47.171945 27.556542 1288877795400 56.2
47.171938 27.556276 1288877800402 56.1
47.171991 27.556072 1288877804404 56.0
47.171931 27.554808 1288877808401 56.0
47.172151 27.553957 1288877812399 55.9
47.172108 27.553584 1288877815397 56.0
47.172011 27.553336 1288877820405 55.8
47.172136 27.553098 1288877824397 55.7
47.172106 27.553026 1288877828393 55.7
47.171272 27.550617 1288877832397 55.9
47.171385 27.550079 1288877835404 55.8
47.171404 27.549596 1288877840443 55.8
47.171849 27.547441 1288877844392 55.7
47.171581 27.547041 1288877848388 55.7
47.17146 27.545922 1288877851394 56.0
47.171586 27.543386 1288877855385 56.4
47.171865 27.542125 1288877860375 52.8
47.171703 27.541865 1288877863385 53.9
47.172333 27.540413 1288877868377 53.2
47.172363 27.540374 1288877870372 53.1
47.17233 27.539369 1288877875370 53.0
47.172192 27.53828 1288877879374 52.8
47.172124 27.535253 1288877884373 52.8
47.171691 27.534167 1288877887374 52.8
47.172072 27.532725 1288877892366 52.4
47.171649 27.530084 1288877896365 52.4
47.171918 27.528652 1288877899365 52.6
47.172079 27.526702 1288877904360 52.7
47.172068 27.525341 1288877908366 52.7
47.172073 27.524071 1288877912368 53.7
47.172069 27.522607 1288877916364 54.5
47.17197 27.521988 1288877919367 54.1
47.171904 27.521242 1288877924371 54.8
47.172257 27.520666 1288877928370 55.2
47.172324 27.520516 1288877932364 55.0
47.171986 27.517377 1288877936361 50.2
47.172087 27.516459 1288877939362 48.5
47.172244 27.515745 1288877944363 47.7
47.172244 27.515533 1288877948350 47.6
47.172602 27.515067 1288877952352 47.3
47.172935 27.510641 1288877956354 46.7
47.173134 27.509714 1288877959346 46.3
47.173135 27.509208 1288877964346 46.3
47.173143 27.508969 1288877968343 46.2
47.1727 27.507262 1288877972342 46.3
47.172303 27.505049 1288877976341 46.4
47.172387 27.504332 1288877979339 46.4
47.172794 27.498087 1288877984333 45.9
47.172677 27.497731 1288877988352 46.0
47.172206 27.496153 1288877992347 46.1
47.1722 27.495719 1288877996339 46.0
47.171897 27.494432 1288877999344 46.1
47.171513 27.493375 1288878003335 46.2
47.171248 27.488065 1288878008330 46.5
47.171173 27.487537 1288878012332 46.5
47.171752 27.485171 1288878016332 46.3
47.172143 27.484059 1288878019331 46.3
47.172426 27.482684 1288878024332 47.0
47.172618 27.481892 1288878028334 47.0
47.173081 27.480849 1288878032332 47.1
47.173143 27.479839 1288878036333 47.0
47.173569 27.478649 1288878039325 46.5
47.173972 27.47761 1288878044323 46.4
47.174227 27.475856 1288878048312 46.3
47.174775 27.473999 1288878052324 46.2
47.17515 27.473026 1288878056319 46.2
47.17569 27.472333 1288878059317 46.1
47.175938 27.471846 1288878064315 46.1
47.176505 27.469209 1288878068315 46.0
47.176576 27.468593 1288878072314 46.0
47.177102 27.466121 1288878076313 46.0
47.17738 27.465145 1288878079309 46.0
47.177779 27.464062 1288878084314 45.9
47.177896 27.462109 1288878088314 45.9
47.178499 27.459999 1288878092310 45.8
47.179127 27.457895 1288878096311 45.8
47.179478 27.456642 1288878099310 45.8
47.179811 27.455831 1288878104297 45.7
47.179931 27.452803 1288878108303 45.7
47.180478 27.449966 1288878112292 58.1
47.181024 27.448239 1288878116295 49.0
47.181336 27.446844 1288878119290 43.6
47.181572 27.445754 1288878124293 41.3
47.181891 27.444559 1288878128298 41.4
47.18224 27.443857 1288878132294 41.1
47.182504 27.443172 1288878136286 40.9
47.182626 27.440388 1288878139291 41.2
47.183354 27.438539 1288878144295 41.1
47.183549 27.438063 1288878148286 41.1
47.18419 27.434601 1288878152289 41.2
47.184407 27.43404 1288878156282 41.1
47.184684 27.433702 1288878159286 41.1
47.184975 27.432608 1288878164276 41.1
47.185091 27.430911 1288878168279 41.1
47.185323 27.42957 1288878172280 41.0
47.185342 27.427843 1288878176264 40.8
47.185625 27.426307 1288878179279 38.7
47.18597 27.424757 1288878184266 36.9
47.186312 27.423905 1288878188273 34.6
47.186489 27.422955 1288878192259 35.2
47.18664 27.422761 1288878195808 34.9
47.187134 27.418322 1288878203252 34.2
47.187656 27.416491 1288878208248 33.9
47.188126 27.415768 1288878212252 33.7
47.188599 27.415133 1288878216251 33.7
47.188748 27.414964 1288878220249 33.7
47.188788 27.414896 1288878223249 33.7
47.188942 27.414703 1288878228249 33.7
47.189569 27.41069 1288878232242 33.5
47.189587 27.410215 1288878236238 33.6
47.189927 27.409095 1288878240242 33.6
47.190124 27.408365 1288878243245 33.6
47.190593 27.407101 1288878248236 33.6
47.19068 27.406497 1288878252240 33.7
47.190852 27.405734 1288878256233 33.7
47.190942 27.405289 1288878260229 33.7
47.191018 27.405031 1288878263229 33.6
47.191063 27.404728 1288878268231 33.6
47.191073 27.404605 1288878272235 33.6
47.191045 27.404441 1288878276229 33.6
47.1911 27.404248 1288878280229 33.7
47.191129 27.403782 1288878283228 33.7
47.191801 27.402318 1288878288222 33.7
47.191993 27.401728 1288878292228 33.7
47.192163 27.401338 1288878296226 33.6
47.192329 27.400994 1288878300220 33.7
47.192412 27.400704 1288878303221 33.7
47.192697 27.399892 1288878308215 34.5
47.192786 27.399502 1288878312214 40.4
47.192849 27.399123 1288878316221 46.2
47.192898 27.398801 1288878320212 45.5
47.192946 27.398469 1288878323218 43.7
47.19301 27.398008 1288878328208 46.0
47.193114 27.397488 1288878332210 48.2
47.193172 27.397041 1288878336212 49.9
47.193266 27.396629 1288878340212 51.2
47.193338 27.396215 1288878343200 46.1
47.193582 27.395403 1288878348202 49.8
47.193694 27.394591 1288878352200 47.7
47.193814 27.39404 1288878356196 48.4
47.194022 27.393192 1288878360200 48.7
47.194098 27.392567 1288878363200 48.3
47.19425 27.391741 1288878368187 48.0
47.194277 27.391399 1288878372216 48.1
47.194281 27.391284 1288878376190 48.1
47.194314 27.391243 1288878379183 48.1
47.194957 27.38783 1288878384188 47.6
47.194934 27.387623 1288878387186 47.7
47.194777 27.387328 1288878392193 47.8
47.194743 27.387231 1288878396186 47.8
47.194813 27.386633 1288878400189 47.8
47.195551 27.381772 1288878407181 48.2
47.195869 27.381313 1288878412181 47.8
47.195713 27.381017 1288878416178 47.8
47.195745 27.380852 1288878420180 47.7
47.197058 27.377107 1288878424171 49.8
47.197245 27.376494 1288878427174 50.5
47.197828 27.375324 1288878432172 50.6
47.198326 27.37325 1288878436167 48.2
47.198727 27.372027 1288878440167 47.5
47.199461 27.370141 1288878444164 47.8
47.199429 27.369364 1288878447162 47.8
47.199697 27.368327 1288878452165 47.7
47.19983 27.367995 1288878456163 47.7
47.200409 27.365514 1288878460156 47.7
47.200542 27.364836 1288878464163 47.5
47.200756 27.362912 1288878467164 42.2
47.201457 27.360783 1288878472165 37.4
47.20189 27.359929 1288878476161 37.3
47.202152 27.357906 1288878480151 37.0
47.202391 27.356669 1288878484158 36.7
47.202899 27.355081 1288878487154 36.1
47.203076 27.353364 1288878492151 35.5
47.20295 27.351701 1288878496152 35.0
47.203214 27.350339 1288878500150 35.5
47.203421 27.349859 1288878504145 35.5
47.203506 27.34983 1288878507142 35.4
47.20366 27.345552 1288878512142 35.4
47.203511 27.345043 1288878516137 35.4
47.204605 27.341461 1288878520140 35.2
47.205854 27.335907 1288878532138 35.0
47.206098 27.335815 1288878535128 35.0
47.206532 27.334423 1288878539125 34.9
47.20716 27.333063 1288878543123 34.8
47.207783 27.330042 1288878548138 34.8
47.208325 27.327857 1288878552128 34.6
47.209177 27.325259 1288878556142 34.3
47.209892 27.324093 1288878560139 34.0
47.210643 27.321841 1288878564142 33.9
47.210937 27.320935 1288878568129 33.9
47.210988 27.320418 1288878571136 34.0
47.211405 27.31947 1288878575118 34.1
47.211173 27.318116 1288878580108 34.3
47.211336 27.316918 1288878584117 34.1
47.211472 27.316028 1288878588115 34.0
47.211455 27.315382 1288878592108 34.1
47.212318 27.312643 1288878595113 34.5
47.212885 27.311303 1288878600111 34.9
47.212753 27.311155 1288878604110 34.5
47.213385 27.308157 1288878608108 34.0
47.213893 27.306928 1288878612110 34.7
47.214016 27.30663 1288878615103 34.4
47.214685 27.303946 1288878620109 34.1
47.214826 27.302242 1288878624111 34.0
47.214988 27.30122 1288878628109 33.8
47.215294 27.300565 1288878632110 33.4
47.215344 27.30037 1288878635108 33.3
47.215086 27.300149 1288878640100 33.2
47.214978 27.300011 1288878644098 33.1
47.214236 27.297837 1288878648096 33.4
47.214335 27.297613 1288878652095 33.4
47.213066 27.293301 1288878655096 33.0
47.212832 27.29288 1288878660092 32.6
47.212617 27.292751 1288878664093 32.5
47.211763 27.28977 1288878668096 32.3
47.210952 27.288743 1288878672089 31.2
47.210719 27.287683 1288878675091 30.8
47.210382 27.287306 1288878680088 30.7
47.210295 27.28702 1288878684086 30.6
47.20901 27.283224 1288878688084 30.5
47.208807 27.282838 1288878692083 30.0
47.208705 27.28242 1288878695073 29.8
47.207901 27.281532 1288878700084 29.5
47.207834 27.280374 1288878704075 29.0
47.20788 27.279678 1288878708091 29.0
47.207819 27.278195 1288878712082 28.8
47.207839 27.277802 1288878715081 28.8
47.208173 27.276603 1288878719079 28.6
47.207702 27.27331 1288878724076 27.9
47.207729 27.272829 1288878728077 27.4
47.207603 27.272448 1288878732436 27.1
47.207575 27.272259 1288878735075 27.0
47.207561 27.272185 1288878740029 27.0
47.207486 27.271932 1288878743019 26.9
47.207845 27.269779 1288878748029 26.4
47.208074 27.268732 1288878752029 26.4
47.208075 27.268266 1288878756023 26.4
47.208346 27.264597 1288878760026 26.3
47.208731 27.264363 1288878763015 26.2
47.209204 27.263861 1288878768023 26.1
47.209258 27.263446 1288878772022 26.0
47.20932 27.263041 1288878776012 26.0
47.209157 27.261253 1288878780020 26.1
47.209213 27.260949 1288878783021 26.0
47.208902 27.257574 1288878788018 26.2
47.209243 27.25649 1288878792018 25.7
47.209048 27.255998 1288878796012 25.5
47.20893 27.255597 1288878800015 25.5
47.208913 27.255317 1288878803014 25.5
47.208253 27.252922 1288878808020 21.6
47.208508 27.25225 1288878812015 21.1
47.208816 27.251786 1288878816017 21.1
47.209364 27.249345 1288878823006 20.8
47.209921 27.248812 1288878828012 21.0
47.210703 27.248104 1288878832009 21.3
47.21107 27.247745 1288878836011 21.6
47.211309 27.247343 1288878840006 21.8
47.211413 27.247134 1288878843006 21.7
47.211512 27.246967 1288878848002 21.7
47.212394 27.244565 1288878852008 21.8
47.212422 27.244308 1288878855995 21.8
47.2133 27.241721 1288878859991 21.8
47.213361 27.24115 1288878863998 21.8
47.213318 27.240836 1288878866992 21.8
47.213722 27.239287 1288878871992 21.8
47.214119 27.237432 1288878875990 21.9
47.213966 27.237113 1288878879984 21.9
47.213757 27.236593 1288878884002 21.9
47.214274 27.235361 1288878886994 21.9
47.21504 27.233108 1288878891991 17.6
47.21549 27.231306 1288878896041 19.4
47.215588 27.230677 1288878899993 19.0
47.215971 27.229181 1288878903991 19.3
47.216793 27.227027 1288878906992 27.9
47.217198 27.22601 1288878911995 13.4
47.217443 27.225498 1288878915990 8.0
47.217777 27.224909 1288878919987 5.6
47.218197 27.224252 1288878923989 4.3
47.218409 27.223884 1288878926994 4.1
47.218658 27.223292 1288878931983 3.7
47.218692 27.221492 1288878936040 4.3
47.218571 27.219554 1288878939983 4.1
47.218648 27.219016 1288878943994 3.2
47.218784 27.218598 1288878946984 2.8
47.218605 27.217763 1288878951982 2.4
47.218631 27.216765 1288878955978 2.1
47.218334 27.215876 1288878960039 2.0
47.217774 27.212882 1288878963975 2.3
47.217781 27.212768 1288878966972 2.2
47.217788 27.21073 1288878971991 2.2
47.21773 27.209621 1288878975975 2.2
47.217744 27.207722 1288878979986 2.0
47.21771 27.2062 1288878983993 1.9
47.217791 27.205375 1288878986983 1.8
47.218063 27.20341 1288878991978 1.7
47.216809 27.194992 1288878995979 89.0
47.216992 27.194338 1288878999979 94.3
47.216956 27.193867 1288879003995 72.7
47.217061 27.193579 1288879006975 87.2
47.21743 27.193083 1288879011974 69.5
47.217963 27.192553 1288879015976 63.6
47.218391 27.192118 1288879020039 58.0
47.21871 27.191648 1288879023969 64.6
47.219082 27.191125 1288879031972 62.1
47.21948 27.190859 1288879035974 57.8
47.219833 27.190736 1288879039975 55.7
47.220283 27.190384 1288879043981 55.3
47.220464 27.190223 1288879046973 55.1
47.220773 27.189471 1288879051976 54.9
47.222181 27.186929 1288879056019 53.6
47.222163 27.18562 1288879060031 57.5
47.222791 27.184479 1288879064029 52.6
47.22311 27.183482 1288879068000 52.9
47.223194 27.183301 1288879071017 51.7
47.222665 27.180945 1288879074972 51.5
47.222045 27.177226 1288879079974 50.4
47.222122 27.17689 1288879082975 50.1
47.222116 27.17618 1288879086437 50.2
47.221669 27.175093 1288879090980 50.1
47.221426 27.174746 1288879095979 49.9
47.221557 27.171656 1288879099979 49.9
47.221635 27.169559 1288879103979 49.9
47.220779 27.166206 1288879113158 50.3
47.220679 27.165374 1288879115980 52.4
47.220673 27.164367 1288879119981 53.7
47.220642 27.163342 1288879124012 54.2
47.220825 27.162587 1288879127977 55.5
47.220922 27.16179 1288879130976 57.0
47.220997 27.160729 1288879134977 63.8
47.221261 27.159405 1288879139977 64.8
47.221472 27.158437 1288879143975 66.6
47.22162 27.157678 1288879147971 68.8
47.221642 27.157051 1288879150978 73.5
47.221554 27.156198 1288879155022 72.9
47.221231 27.155193 1288879159980 75.9
47.220861 27.154531 1288879163998 75.6
47.22062 27.154122 1288879167974 76.2
47.220022 27.153623 1288879171974 70.0
47.219492 27.15303 1288879174999 81.1
47.218582 27.152381 1288879179977 83.2
47.218031 27.152163 1288879183992 80.3
47.217248 27.151934 1288879187981 79.7
47.216627 27.151767 1288879191976 81.1
47.21604 27.151688 1288879194995 83.3
47.215113 27.151611 1288879199977 83.3
47.214389 27.151524 1288879203976 81.5
47.213739 27.151398 1288879207984 80.8
47.212997 27.150896 1288879211974 88.8
47.212441 27.150448 1288879214971 92.3
47.211595 27.149736 1288879219973 94.7
47.210886 27.149164 1288879223967 95.5
47.210387 27.148748 1288879227973 94.3
47.20985 27.148142 1288879231974 96.6
47.20953 27.147739 1288879234975 100.2
47.209128 27.147151 1288879239967 108.7
47.209048 27.14685 1288879243987 105.7
47.208933 27.146405 1288879247974 101.0
47.20891 27.146244 1288879251973 100.2
47.20892 27.146109 1288879254973 100.0
47.208948 27.145815 1288879259966 99.8
47.208255 27.144094 1288879263971 99.8
47.208201 27.143612 1288879267975 100.0
47.208333 27.142751 1288879271975 100.1
47.208299 27.140229 1288879274977 99.8
47.208803 27.139353 1288879279980 100.3
47.209002 27.139081 1288879283973 100.1
47.209101 27.138985 1288879286975 100.0
47.210681 27.135765 1288879291982 100.3
47.210837 27.134696 1288879294979 100.2
47.211718 27.132253 1288879299994 100.1
47.211457 27.130624 1288879303990 94.5
47.211476 27.129938 1288879307975 96.2
47.211584 27.128969 1288879311982 101.9
47.211646 27.128379 1288879314982 105.3
47.211641 27.127885 1288879319981 87.3
47.21166 27.127738 1288879323987 78.7
47.211588 27.127654 1288879327980 77.5
47.211542 27.127443 1288879331973 74.7
47.211602 27.126132 1288879335973 74.3
47.21171 27.125283 1288879339976 74.8
47.211628 27.124517 1288879343974 76.0
47.211694 27.123216 1288879347975 76.7
47.212034 27.122048 1288879351977 82.7
47.212273 27.121159 1288879354977 81.0
47.21248 27.120578 1288879359974 79.0
47.21252 27.120477 1288879363988 78.6
47.212597 27.120381 1288879367973 77.3
47.21299 27.119729 1288879371975 75.4
47.213297 27.119228 1288879374974 73.4
47.213669 27.118283 1288879379975 73.8
47.213998 27.11763 1288879383975 80.2
47.214277 27.116757 1288879388005 80.3
47.214528 27.115847 1288879391976 80.2
47.214642 27.11519 1288879394977 79.6
47.21471 27.114406 1288879398973 80.2
47.214689 27.113584 1288879403978 90.0
47.214607 27.11251 1288879407978 81.5
47.214482 27.111692 1288879411934 80.3
47.214391 27.110711 1288879415972 82.4
47.214306 27.110125 1288879418979 80.5
47.214134 27.109048 1288879423990 87.2
47.213945 27.107849 1288879427976 92.4
47.213779 27.106902 1288879431990 91.0
47.213688 27.105934 1288879435969 76.6
47.213537 27.104863 1288879438977 91.4
47.213532 27.103133 1288879443978 99.8
47.213475 27.102296 1288879447978 103.3
47.213723 27.100475 1288879451976 105.8
47.214005 27.099231 1288879455978 105.5
47.214192 27.098325 1288879458977 100.2
47.214549 27.096866 1288879463976 87.5
47.214841 27.095829 1288879467976 91.2
47.215086 27.094808 1288879471976 88.2
47.215304 27.093726 1288879475993 98.0
47.215479 27.092793 1288879478970 102.9
47.215587 27.091475 1288879483986 107.9
47.215518 27.090204 1288879487974 110.1
47.21543 27.089301 1288879491977 106.4
47.215405 27.08837 1288879495981 101.5
47.215247 27.087572 1288879498980 98.7
47.214932 27.086178 1288879503980 86.8
47.214693 27.085058 1288879507977 87.0
47.214454 27.083986 1288879511978 86.1
47.214239 27.082872 1288879515977 84.8
47.214095 27.082102 1288879518976 86.0
47.213934 27.080879 1288879523982 81.4
47.213918 27.07995 1288879527976 82.0
47.214074 27.078509 1288879531979 79.2
47.214291 27.077193 1288879535976 79.7
47.214426 27.07642 1288879538978 77.5
47.214724 27.075065 1288879543989 72.7
47.214939 27.073889 1288879547976 73.9
47.215134 27.072714 1288879551980 77.0
47.215263 27.072069 1288879555971 83.8
47.215249 27.070985 1288879558979 77.7
47.215178 27.069105 1288879563978 75.2
47.215245 27.06805 1288879567978 78.7
47.214974 27.065891 1288879576010 78.2
47.214877 27.065444 1288879580003 78.0
47.214658 27.064855 1288879583964 84.2
47.214195 27.061257 1288879591974 83.7
47.214005 27.059905 1288879595977 82.9
47.213666 27.058768 1288879599976 83.1
47.213454 27.058143 1288879602975 83.1
47.213064 27.057395 1288879607970 84.5
47.212919 27.056875 1288879611976 83.8
47.21274 27.056447 1288879615975 81.6
47.212691 27.05639 1288879619980 81.4
47.212301 27.054949 1288879623897 81.8
47.212079 27.052077 1288879627960 82.5
47.211886 27.051686 1288879631915 82.5
47.211888 27.051397 1288879635890 82.3
47.212624 27.049313 1288879647961 82.4
47.213198 27.048524 1288879651898 82.5
47.213734 27.047637 1288879655893 82.4
47.213869 27.047412 1288879658891 82.4
47.214306 27.045746 1288879663976 82.6
47.214463 27.045162 1288879666884 82.5
47.215284 27.042268 1288879671892 82.5
47.215453 27.041542 1288879675884 82.5
47.215282 27.041109 1288879679892 82.5
47.214959 27.040799 1288879683885 82.5
47.215025 27.040674 1288879686885 82.5
47.215455 27.039651 1288879691888 82.5
47.215596 27.03935 1288879695890 82.5
47.215682 27.038957 1288879699886 82.5
47.215859 27.037866 1288879703888 82.5
47.215922 27.037104 1288879706892 82.5
47.215544 27.035239 1288879711887 82.4
47.215509 27.034845 1288879715889 82.4
47.215562 27.034579 1288879718885 82.4
47.214675 27.031484 1288879723969 81.4
47.214443 27.030969 1288879726884 81.2
47.213742 27.029785 1288879731880 80.5
47.213029 27.028957 1288879735880 80.4
47.212543 27.028013 1288879739878 79.7
47.211955 27.027013 1288879743879 75.2
47.211467 27.026075 1288879747876 82.5
47.211177 27.025691 1288879750877 85.2
47.210647 27.024904 1288879755876 92.1
47.210357 27.024609 1288879759871 96.1
47.210155 27.024298 1288879763875 98.5
47.209842 27.023905 1288879767872 100.8
47.209729 27.023725 1288879770880 102.4
47.209569 27.023553 1288879775874 105.4
47.209517 27.023448 1288879779867 97.8
47.209474 27.023404 1288879783881 93.0
47.20947 27.023323 1288879787865 94.3
47.2095 27.023287 1288879790860 93.8
47.209523 27.023282 1288879795858 91.5
47.209541 27.023243 1288879799857 90.1
47.20955 27.023236 1288879803853 90.4
47.209573 27.023237 1288879807859 90.8
47.20956 27.023229 1288879810847 88.9
47.209552 27.023226 1288879815849 89.5
47.209512 27.02323 1288879819847 90.0
47.209478 27.023234 1288879823843 91.8
47.209386 27.023177 1288879827841 95.3
47.209376 27.023191 1288879830840 97.7
47.209354 27.023237 1288879835844 97.7
47.209358 27.023282 1288879839846 97.5
47.20935 27.023315 1288879843858 97.4
47.209351 27.023301 1288879847843 97.4
47.209352 27.023289 1288879850846 98.0
47.209338 27.023285 1288879855847 98.0
47.209314 27.023279 1288879859844 97.3
47.209304 27.023272 1288879863849 97.7
47.20932 27.023266 1288879867841 98.3
47.209322 27.023263 1288879870843 98.6
47.209333 27.023297 1288879875845 99.1
47.209327 27.023267 1288879879846 99.2
47.209335 27.023217 1288879884837 99.6
47.209343 27.023218 1288879887843 100.1
47.209308 27.023171 1288879890844 100.1
47.209205 27.023043 1288879895845 99.4
47.209145 27.022953 1288879899844 99.9
47.209065 27.022709 1288879903851 102.9
47.208898 27.022472 1288879907848 105.2
47.208772 27.02227 1288879910843 105.7
47.208528 27.021974 1288879915832 102.5
47.208251 27.021726 1288879919843 97.1
47.208009 27.021367 1288879923842 97.6
47.207724 27.020869 1288879927842 101.4
47.207598 27.020558 1288879930834 101.4
47.207186 27.020018 1288879935839 106.5
47.206901 27.019459 1288879939844 109.2
47.206602 27.018731 1288879944847 109.4
47.206436 27.018244 1288879947836 105.9
47.206269 27.017715 1288879950838 106.3
47.205989 27.016906 1288879955834 100.8
47.205773 27.016161 1288879959840 98.4
47.205408 27.015061 1288879963853 97.3
47.205004 27.013874 1288879968827 93.9
47.204899 27.013548 1288879970833 92.8
47.204668 27.012772 1288879974828 92.3
47.204394 27.011841 1288879979836 88.0
47.204025 27.010651 1288879984830 87.1
47.20379 27.00984 1288879988840 84.8
47.203489 27.008815 1288879992831 86.4
47.203091 27.007448 1288879995975 89.1
47.202755 27.006369 1288879999975 90.2
47.202584 27.005707 1288880002981 91.2
47.202286 27.004642 1288880007982 89.9
47.201993 27.0037 1288880011978 90.7
47.201815 27.002937 1288880015984 101.6
47.201413 27.002106 1288880019985 100.4
47.201153 27.0017 1288880022988 100.8
47.200872 27.001291 1288880027983 100.1
47.200631 27.001101 1288880032015 98.1
47.200505 27.000926 1288880035981 94.8
47.200034 27.000395 1288880039982 94.0
47.199589 26.99984 1288880042983 93.6
47.198753 26.99878 1288880047984 94.2
47.198328 26.997725 1288880051980 93.9
47.197924 26.996789 1288880055984 93.9
47.197732 26.995909 1288880059982 94.0
47.197638 26.995154 1288880062986 94.0
47.197537 26.99459 1288880068662 94.2
47.197616 26.992762 1288880071982 94.3
47.197523 26.992022 1288880076272 94.3
47.197592 26.991644 1288880079983 94.4
47.197669 26.991222 1288880082936 94.6
47.197736 26.990854 1288880086981 94.6
47.197773 26.990583 1288880090980 94.8
47.19876 26.987606 1288880095976 95.0
47.199066 26.986666 1288880099985 95.3
47.199436 26.98594 1288880103984 95.4
47.199496 26.985772 1288880106982 95.7
47.199515 26.985455 1288880111975 95.9
47.199456 26.985397 1288880114979 95.9
47.200923 26.98259 1288880119979 96.0
47.201559 26.981191 1288880123979 95.8
47.201627 26.980677 1288880126978 95.9
47.201885 26.979904 1288880131979 95.9
47.202003 26.979426 1288880135981 95.9
47.202249 26.978331 1288880138976 95.9
47.202811 26.975684 1288880143979 96.6
47.202997 26.97521 1288880146985 96.4
47.203411 26.973791 1288880151982 96.3
47.203511 26.972828 1288880155979 96.4
47.203455 26.972107 1288880159985 96.5
47.203355 26.971666 1288880163989 96.5
47.203271 26.971361 1288880166995 96.5
47.203479 26.969113 1288880171984 96.6
47.203339 26.968758 1288880175979 96.7
47.204737 26.966782 1288880179979 96.9
47.204687 26.966484 1288880183986 97.0
47.204912 26.964901 1288880186979 97.0
47.205939 26.962238 1288880191981 97.7
47.206485 26.96049 1288880195984 100.4
47.206801 26.959051 1288880199979 106.0
47.207298 26.957814 1288880203973 124.7
47.207599 26.957205 1288880206983 131.6
47.207864 26.956588 1288880211981 135.7
47.208199 26.955672 1288880215976 128.1
47.208466 26.955025 1288880219974 139.1
47.208635 26.954557 1288880223973 136.9
47.208555 26.954213 1288880227976 139.9
47.208544 26.954118 1288880230890 140.7
47.208361 26.953741 1288880235917 141.2
47.208945 26.952126 1288880239976 141.4
47.209012 26.950289 1288880243973 141.8
47.209541 26.949099 1288880248903 142.4
47.20969 26.948706 1288880250895 142.5
47.210205 26.9474 1288880255894 142.6
47.210686 26.946256 1288880259894 142.6
47.210907 26.9459 1288880263890 142.6
47.211039 26.945633 1288880267889 142.7
47.211161 26.945455 1288880270892 142.7
47.212552 26.944102 1288880275884 143.1
47.213118 26.942658 1288880279890 143.0
47.213133 26.94235 1288880283885 143.1
47.213168 26.941805 1288880287884 143.1
47.213766 26.940432 1288880290881 143.1
47.214119 26.940193 1288880295881 143.2
47.214502 26.939965 1288880299876 143.3
47.216578 26.93404 1288880310883 143.9
47.217381 26.933367 1288880315881 144.5
47.217535 26.932944 1288880319871 144.7
47.218391 26.932616 1288880323876 144.9
47.218906 26.931915 1288880327878 145.1
47.220431 26.930368 1288880335860 146.4
47.220971 26.929846 1288880339875 147.2
47.222054 26.929307 1288880343860 149.3
47.222775 26.92894 1288880347864 150.8
47.223067 26.928765 1288880350862 151.2
47.223388 26.928465 1288880355863 153.6
47.224057 26.927921 1288880359860 157.8
47.224854 26.927296 1288880363866 158.9
47.225464 26.926799 1288880367861 160.9
47.225726 26.926484 1288880370864 164.3
47.225944 26.92614 1288880375854 164.6
47.226391 26.926042 1288880379858 164.9
47.227068 26.924922 1288880383857 165.9
47.2279 26.923895 1288880387862 166.9
47.228241 26.923226 1288880390863 167.6
47.229404 26.920867 1288880395862 171.6
47.229849 26.919468 1288880399856 189.3
47.230086 26.918134 1288880403861 205.4
47.230349 26.91698 1288880407866 212.4
47.230511 26.916339 1288880410857 239.2
47.230687 26.915827 1288880414856 238.7
47.231132 26.914314 1288880419861 261.1
47.231664 26.913164 1288880423889 265.5
47.232082 26.912196 1288880428877 266.2
47.232392 26.911598 1288880431853 260.1
47.232608 26.911197 1288880434867 258.7
47.233052 26.910339 1288880439850 266.4
47.233373 26.909706 1288880443844 273.8
47.234114 26.908742 1288880447846 275.6
47.234619 26.908049 1288880451850 278.7
47.234845 26.907686 1288880454878 277.6
47.235035 26.907401 1288880459847 276.4
47.235056 26.907222 1288880463844 278.4
47.235039 26.906987 1288880467841 280.4
47.236417 26.904408 1288880479839 282.3
47.236463 26.904041 1288880484841 282.4
47.23653 26.903844 1288880487844 282.4
47.237636 26.900938 1288880492866 265.2
47.238131 26.899942 1288880494845 248.9
47.238953 26.89872 1288880499847 238.2
47.239207 26.898051 1288880503847 232.4
47.239476 26.897799 1288880508847 231.9
47.239672 26.897611 1288880512833 231.6
47.239939 26.897465 1288880516831 231.6
47.23961 26.89401 1288880519835 232.6
47.240409 26.892473 1288880523853 232.6
47.240895 26.891122 1288880527839 232.5
47.24118 26.890114 1288880531838 232.5
47.241366 26.889779 1288880536846 232.5
47.241573 26.888689 1288880540831 228.7
47.241843 26.88642 1288880544840 226.2
47.242057 26.884405 1288880547836 225.8
47.242561 26.881859 1288880552836 225.8
47.242797 26.880777 1288880556827 228.0
47.243055 26.879779 1288880559826 228.6
47.243363 26.878583 1288880564820 229.4
47.243481 26.878117 1288880568823 228.8
47.243793 26.877071 1288880572825 230.2
47.243949 26.875925 1288880576826 234.4
47.244146 26.87465 1288880580826 242.3
47.244105 26.873458 1288880584823 267.6
47.244087 26.872305 1288880588819 283.5
47.244146 26.871093 1288880592826 289.2
47.244266 26.869977 1288880596822 280.9
47.244385 26.868951 1288880600823 277.0
47.244389 26.868203 1288880603822 294.5
47.244547 26.867093 1288880608820 297.5
47.244792 26.866179 1288880612820 300.4
47.245078 26.86534 1288880616820 299.6
47.245398 26.864509 1288880620812 299.2
47.245694 26.863697 1288880623817 297.8
47.246036 26.862727 1288880628805 297.2
47.246332 26.861925 1288880632809 296.6
47.24675 26.860662 1288880636802 295.2
47.246933 26.859864 1288880640810 298.5
47.247121 26.858928 1288880643814 288.3
47.247308 26.858156 1288880648808 280.2
47.247447 26.857703 1288880652806 275.0
47.247542 26.857116 1288880656806 264.3
47.247487 26.85699 1288880660809 262.4
47.247153 26.856404 1288880663804 259.9
47.246697 26.855396 1288880668802 249.7
47.246578 26.85511 1288880672799 247.2
47.246276 26.85447 1288880676797 246.4
47.246081 26.854183 1288880678796 246.4
47.245053 26.852244 1288880684795 246.1
47.243784 26.849928 1288880688794 254.3
47.243536 26.849028 1288880692799 254.7
47.243515 26.847743 1288880696800 254.4
47.242788 26.84652 1288880700792 253.6
47.242295 26.845594 1288880703794 253.3
47.242256 26.845232 1288880708787 253.3
47.242322 26.845006 1288880712792 253.3
47.242475 26.844709 1288880716788 253.4
47.242502 26.844352 1288880720793 253.4
47.242314 26.843448 1288880723786 253.5
47.241963 26.842259 1288880728781 253.5
47.241698 26.841499 1288880732780 253.6
47.241614 26.841272 1288880735775 253.6
47.240037 26.837796 1288880740778 254.1
47.237801 26.835537 1288880744790 254.8
47.23777 26.835316 1288880747788 254.6
47.236094 26.833371 1288880751789 255.4
47.234994 26.833122 1288880756785 256.2
47.23439 26.8332 1288880760782 254.8
47.23369 26.83311 1288880764775 253.9
47.233448 26.833073 1288880767774 253.5
47.231935 26.832943 1288880772799 254.2
47.231317 26.832855 1288880776774 254.6
47.230828 26.832851 1288880780776 256.2
47.230459 26.832961 1288880784773 255.3
47.230237 26.832716 1288880787776 255.0
47.229284 26.832378 1288880792773 254.2
47.228448 26.831286 1288880796769 252.7
47.228177 26.83114 1288880800760 252.3
47.227959 26.830935 1288880804909 252.2
47.227728 26.83081 1288880807761 252.3
47.227598 26.830683 1288880812763 252.2
47.2275 26.830457 1288880815767 252.2
47.224294 26.828623 1288880820766 251.8
47.222846 26.827194 1288880824762 252.3
47.222512 26.82717 1288880827762 252.4
47.221631 26.827349 1288880832768 252.9
47.221216 26.827631 1288880836772 253.2
47.220255 26.828114 1288880840757 253.3
47.219783 26.828657 1288880844768 253.2
47.219621 26.828828 1288880847756 253.2
47.218587 26.829249 1288880852755 253.4
47.217894 26.829517 1288880856752 253.5
47.217318 26.829663 1288880860748 253.6
47.216729 26.829918 1288880864750 253.7
47.216184 26.830326 1288880867755 253.6
47.215467 26.830754 1288880872742 253.5
47.214668 26.831287 1288880876744 253.4
47.213019 26.832943 1288880880748 253.4
47.212773 26.833238 1288880884759 253.5
47.212736 26.833235 1288880887742 253.5
47.211932 26.834248 1288880891743 253.2
47.211194 26.834289 1288880896752 253.0
47.211041 26.834172 1288880899741 253.1
47.209125 26.831037 1288880904737 252.2
47.209008 26.829496 1288880906739 252.3
47.208638 26.827455 1288880912815 252.2
47.208983 26.826522 1288880916741 253.0
47.209153 26.826012 1288880920734 253.0
47.209244 26.825791 1288880923726 253.0
47.209419 26.825427 1288880928733 253.1
47.209749 26.825637 1288880936726 253.4
47.211276 26.823951 1288880940731 254.5
47.21264 26.821666 1288880944736 253.7
47.213126 26.821166 1288880948730 253.3
47.213338 26.820743 1288880951720 253.8
47.21339 26.820104 1288880956732 253.7
47.214038 26.818677 1288880960731 253.0
47.214164 26.818377 1288880964726 253.0
47.214184 26.818096 1288880968725 252.9
47.21393 26.815661 1288880971724 252.9
47.214356 26.8153 1288880976721 252.8
47.214221 26.813434 1288880979729 252.8
47.214933 26.809648 1288880984721 253.6
47.215428 26.808261 1288880988717 253.9
47.21576 26.80724 1288880991712 253.4
47.216149 26.806104 1288880996709 258.6
47.216558 26.804801 1288881000710 247.0
47.216718 26.80422 1288881004721 243.5
47.217166 26.802981 1288881008715 247.4
47.217446 26.802445 1288881011703 254.6
47.217633 26.802039 1288881016712 248.6
47.217752 26.801883 1288881020773 243.3
47.22132 26.799484 1288881035704 246.7
47.22171 26.798658 1288881040684 246.4
47.2234 26.797064 1288881044706 244.8
47.224685 26.7958 1288881048713 245.1
47.225526 26.795138 1288881052721 246.0
47.225884 26.794887 1288881055711 244.8
47.226286 26.79459 1288881060709 242.0
47.226521 26.794287 1288881064707 239.1
47.226688 26.793839 1288881068711 238.9
47.226801 26.793661 1288881072704 237.1
47.227126 26.793169 1288881075708 234.5
47.227795 26.791948 1288881080708 233.4
47.228627 26.790969 1288881084708 231.9
47.228872 26.790062 1288881088705 231.3
47.229186 26.789405 1288881091710 230.9
47.230518 26.786424 1288881098990 229.3
47.230596 26.786177 1288881099995 229.1
47.231135 26.785134 1288881102988 228.6
47.232063 26.783218 1288881107979 228.4
47.233208 26.78131 1288881111994 228.2
47.23419 26.779569 1288881116006 227.9
47.234681 26.778425 1288881120011 227.9
47.23503 26.777688 1288881122989 228.1
47.235712 26.776495 1288881127990 227.9
47.236073 26.775724 1288881131991 227.5
47.236434 26.774969 1288881135991 227.5
47.23675 26.774393 1288881139989 227.4
47.23689 26.774114 1288881142990 227.4
47.237385 26.773311 1288881147991 227.2
47.237968 26.772339 1288881151989 227.2
47.238394 26.771556 1288881155990 227.1
47.238949 26.770668 1288881159989 226.9
47.2394 26.769592 1288881162987 226.9
47.239879 26.768453 1288881167988 226.6
47.240091 26.76807 1288881171984 226.5
47.240202 26.767818 1288881175906 226.5
47.241201 26.766311 1288881182903 225.9
47.242003 26.764685 1288881187984 225.1
47.242877 26.763202 1288881191981 224.7
47.243621 26.761804 1288881195892 224.6
47.244156 26.760743 1288881199890 224.5
47.244733 26.759675 1288881202890 224.4
47.24494 26.759007 1288881207879 224.4
47.245111 26.758603 1288881211887 224.4
47.24531 26.758299 1288881215892 224.3
47.245432 26.757915 1288881219883 224.3
47.246437 26.756694 1288881223897 223.7
47.24737 26.753984 1288881227884 223.3
47.247799 26.75316 1288881231885 223.2
47.248023 26.752609 1288881235882 223.2
47.248212 26.751909 1288881239878 223.1
47.248749 26.750215 1288881242888 223.2
47.249201 26.749761 1288881247886 223.2
47.249346 26.747922 1288881251883 223.4
47.249893 26.746787 1288881255875 223.5
47.250403 26.745276 1288881259875 223.2
47.250501 26.744873 1288881262871 223.1
47.25057 26.743834 1288881267863 222.9
47.250674 26.742576 1288881271868 222.5
47.25075 26.741608 1288881275874 222.4
47.250781 26.741183 1288881279859 222.3
47.250782 26.740571 1288881282870 222.3
47.2508 26.739576 1288881287860 222.2
47.250878 26.739107 1288881291863 222.2
47.250929 26.738673 1288881295863 222.1
47.250952 26.738557 1288881299864 222.1
47.251105 26.737146 1288881303857 222.2
47.250836 26.734892 1288881306856 222.1
47.250824 26.733535 1288881311856 221.9
47.25084 26.732804 1288881315851 222.1
47.250715 26.732283 1288881319851 222.6
47.250744 26.731817 1288881323853 222.8
47.250627 26.731579 1288881326858 222.9
47.250569 26.730722 1288881331848 223.1
47.250793 26.729916 1288881335856 221.3
47.251038 26.729294 1288881339853 219.1
47.251237 26.728931 1288881343863 218.3
47.251335 26.728798 1288881346844 218.0
47.251606 26.728509 1288881351839 216.9
47.25178 26.728365 1288881355843 216.9
47.251911 26.728232 1288881359840 216.8
47.252461 26.727416 1288881363848 216.4
47.252809 26.727207 1288881366849 215.8
47.253313 26.726824 1288881371848 216.3
47.25355 26.726705 1288881375842 216.6
47.253779 26.726649 1288881379873 218.3
47.254013 26.726449 1288881385873 216.1
47.254309 26.726202 1288881390090 215.8
47.254528 26.726026 1288881391849 216.2
47.255047 26.72582 1288881396837 210.2
47.255271 26.725708 1288881400850 213.1
47.255496 26.725547 1288881404836 215.8
47.255634 26.725482 1288881408838 219.3
47.255773 26.725249 1288881411847 217.8
47.256103 26.725116 1288881417366 220.0
47.256246 26.725005 1288881420837 220.2
47.256478 26.72487 1288881424833 218.8
47.256776 26.724713 1288881428844 217.7
47.256882 26.724658 1288881431827 218.4
47.257083 26.724469 1288881436829 216.5
47.257179 26.72438 1288881440825 218.0
47.257251 26.724223 1288881444816 218.4
47.257272 26.724183 1288881448346 219.9
47.25722 26.724257 1288881452829 232.5
47.257195 26.724315 1288881455820 234.8
47.25718 26.724372 1288881460821 239.5
47.257146 26.724408 1288881464822 241.9
47.257116 26.724441 1288881468815 244.2
47.257122 26.724455 1288881472823 246.7
47.257134 26.724468 1288881475811 248.4
47.25713 26.724485 1288881480876 241.2
47.257134 26.724495 1288881484807 238.7
47.257144 26.724536 1288881488800 238.8
47.257123 26.724545 1288881492808 234.6
47.257104 26.724578 1288881495808 233.6
47.257079 26.724612 1288881500806 233.0
47.257034 26.724657 1288881504800 232.3
47.257007 26.724649 1288881508802 232.0
47.256993 26.72465 1288881512797 231.9
47.256989 26.724651 1288881515792 231.9
47.257114 26.724754 1288881550761 231.6
47.257248 26.724729 1288881555751 231.5
47.257381 26.72468 1288881560774 232.4
47.257312 26.724653 1288881564812 232.3
47.257292 26.724653 1288881568351 232.2
47.257329 26.724336 1288881572772 232.1
47.257265 26.724327 1288881576766 232.0
47.257171 26.724449 1288881580863 232.0
47.257117 26.724506 1288881584761 232.0
47.257053 26.724534 1288881588771 232.0
47.257026 26.724558 1288881593996 232.0
47.257019 26.724562 1288881596771 232.0
47.257019 26.724564 1288881599775 232.0
47.257018 26.724577 1288881604761 232.0
47.257016 26.724576 1288881608765 232.0
47.256996 26.724574 1288881612761 232.0
47.256974 26.724566 1288881617213 232.0
47.256978 26.724569 1288881620755 232.0
47.256992 26.724581 1288881623749 232.0
47.257016 26.724626 1288881628755 232.0
47.257077 26.724637 1288881632755 232.0
47.257153 26.724641 1288881637117 232.0
47.257179 26.724599 1288881640760 232.0
47.257185 26.724562 1288881643766 232.0
47.257223 26.724458 1288881648754 232.0
47.257222 26.724434 1288881652752 232.0
47.257204 26.724484 1288881656750 232.0
47.25718 26.724553 1288881660749 232.0
47.257179 26.724563 1288881663777 232.0
47.257163 26.724599 1288881669811 232.0
47.257168 26.724637 1288881672791 231.9
47.257158 26.724646 1288881676739 231.9
47.257162 26.724668 1288881681158 231.9
47.257181 26.724672 1288881683747 231.9
47.257208 26.724542 1288881688766 231.9
47.257241 26.724495 1288881692848 231.9
47.25731 26.724446 1288881696728 231.9
47.257384 26.724419 1288881701815 231.9
47.257465 26.724441 1288881706756 231.9
47.257484 26.724444 1288881707807 231.9
47.257514 26.724465 1288881713730 231.9
47.257525 26.724477 1288881716870 231.9
47.257539 26.724485 1288881724829 231.9
47.257546 26.724476 1288881728718 231.9
47.258884 26.723532 1288881755950 232.5
47.259124 26.723305 1288881756705 232.5
47.25973 26.722694 1288881762313 232.7
47.260251 26.722503 1288881764722 232.7
47.260509 26.722584 1288881768846 232.7
47.26075 26.722479 1288881775320 232.7
47.260844 26.72244 1288881776710 232.7
47.26093 26.722264 1288881782727 232.8
47.262263 26.720816 1288881792747 233.7
47.264252 26.720069 1288881796066 234.5
47.265213 26.719722 1288881800499 234.9
47.265815 26.719448 1288881804493 235.0
47.266343 26.719372 1288881807501 234.9
47.266835 26.719105 1288881812501 235.0
47.267511 26.718547 1288881816501 235.2
47.268128 26.718288 1288881820503 235.4
47.268577 26.717824 1288881824493 235.5
47.268845 26.717766 1288881827496 235.5
47.268979 26.717563 1288881832491 235.5
47.269123 26.717294 1288881836489 235.5
47.270257 26.716652 1288881840503 235.5
47.271487 26.715906 1288881844502 235.6
47.274198 26.714811 1288881848498 235.5
47.274437 26.715041 1288881852487 235.6
47.274675 26.715222 1288881856491 235.7
47.274965 26.71555 1288881860488 235.8
47.277632 26.714105 1288881864496 235.7
47.278095 26.713873 1288881867487 235.8
47.279168 26.713822 1288881872480 235.3
47.281589 26.711467 1288881876487 235.0
47.28186 26.710617 1288881880476 235.3
47.282044 26.709825 1288881884474 235.1
47.282102 26.709685 1288881887473 235.0
47.282395 26.709552 1288881892470 234.7
47.282511 26.70952 1288881896475 234.8
47.28389 26.708075 1288881900468 234.5
47.285627 26.706466 1288881904468 234.5
47.285651 26.706275 1288881907468 234.4
47.287642 26.705179 1288881912481 234.8
47.28808 26.705162 1288881916470 234.5
47.288724 26.704969 1288881920466 234.1
47.28935 26.704934 1288881924514 234.2
47.289459 26.704899 1288881927465 234.2
47.29011 26.704922 1288881932463 234.4
47.291439 26.704389 1288881941513 234.4
47.293241 26.703035 1288881944485 234.4
47.294869 26.701996 1288881951487 234.2
47.2967 26.703095 1288881960459 234.2
47.300359 26.699056 1288881970436 233.6
47.304075 26.697828 1288881983458 232.4
47.304347 26.697252 1288881988459 233.4
47.304568 26.696543 1288881992448 234.2
47.305042 26.695138 1288881996460 234.0
47.306696 26.694758 1288882000452 233.4
47.306863 26.694147 1288882003459 233.5
47.307096 26.694212 1288882007453 233.5
47.309796 26.694462 1288882012455 234.0
47.310494 26.693786 1288882016450 234.7
47.31211 26.692886 1288882020454 254.1
47.312835 26.692108 1288882023454 264.4
47.313616 26.691881 1288882028485 272.7
47.31427 26.691097 1288882035581 269.3
47.314961 26.690754 1288882039575 269.1
47.317613 26.690925 1288882044574 269.2
47.319467 26.690284 1288882048572 268.0
47.320896 26.687216 1288882052570 267.3
47.322314 26.686505 1288882056570 268.6
47.323184 26.68623 1288882060570 269.3
47.324781 26.684793 1288882064558 268.5
47.325469 26.684389 1288882068565 267.6
47.32636 26.683751 1288882072570 267.3
47.326804 26.683417 1288882076571 267.7
47.326995 26.683291 1288882079556 268.0
47.328453 26.682927 1288882084563 264.0
47.330299 26.682587 1288882088570 260.1
47.331638 26.681481 1288882092569 256.6
47.332909 26.680428 1288882096569 250.9
47.333723 26.679694 1288882099553 250.9
47.334671 26.679174 1288882104564 242.5
47.335242 26.678601 1288882108558 247.7
47.335815 26.678294 1288882112559 256.1
47.337022 26.677526 1288882116547 246.1
47.337766 26.677111 1288882119558 245.7
47.338299 26.676743 1288882124557 244.3
47.339018 26.676362 1288882128563 244.4
47.340439 26.675799 1288882132548 244.8
47.341303 26.674879 1288882136557 243.5
47.341913 26.674435 1288882139554 244.0
47.342213 26.67388 1288882144555 243.5
47.342413 26.673655 1288882148552 243.4
47.343029 26.673484 1288882152555 243.4
47.343645 26.673438 1288882156553 243.4
47.344859 26.673678 1288882159550 243.4
47.345512 26.673256 1288882164543 243.4
47.346825 26.67286 1288882168543 243.4
47.348242 26.672467 1288882172549 232.1
47.348945 26.6721 1288882176556 235.5
47.349425 26.67176 1288882179546 235.1
47.350428 26.671058 1288882184533 237.1
47.351727 26.670301 1288882188553 231.3
47.35287 26.669705 1288882192535 231.5
47.354403 26.669288 1288882196538 231.1
47.355605 26.668338 1288882200528 230.4
47.356756 26.66673 1288882204526 230.9
47.357696 26.66591 1288882208519 230.3
47.358678 26.665095 1288882212520 229.2
47.359269 26.664765 1288882216512 229.0
47.359904 26.664656 1288882219512 228.1
47.360688 26.664463 1288882224506 227.5
47.361168 26.664811 1288882228522 227.6
47.361869 26.664878 1288882231515 228.0
47.362622 26.664772 1288882236516 228.5
47.362971 26.664101 1288882239513 228.8
47.363949 26.663161 1288882243518 228.2
47.365767 26.661514 1288882247517 227.9
47.366481 26.661641 1288882251508 228.0
47.368032 26.66124 1288882256517 227.4
47.368377 26.66109 1288882259516 227.5
47.368817 26.660891 1288882264502 227.6
47.37084 26.660571 1288882268508 227.7
47.371396 26.660655 1288882272502 227.8
47.37218 26.660301 1288882276510 227.5
47.372464 26.660271 1288882279507 227.4
47.372764 26.659818 1288882284506 227.4
47.373713 26.65972 1288882287505 227.5
47.375506 26.660452 1288882292513 227.6
47.376068 26.659602 1288882296515 227.4
47.376212 26.65957 1288882299510 227.5
47.376525 26.65862 1288882304508 227.6
47.377144 26.658003 1288882308498 227.8
47.377895 26.657714 1288882311505 227.9
47.380251 26.656738 1288882324493 225.8
47.38098 26.654807 1288882328485 224.8
47.381259 26.654194 1288882332490 224.5
47.381634 26.653524 1288882336485 224.3
47.38212 26.652051 1288882340486 224.7
47.382298 26.651625 1288882343487 224.8
47.382617 26.65109 1288882348482 224.9
47.384418 26.648179 1288882352495 225.1
47.384699 26.647482 1288882356485 224.9
47.384914 26.64691 1288882360488 224.7
47.385066 26.646551 1288882362486 224.5
47.385183 26.64623 1288882372479 224.9
47.385501 26.645547 1288882375487 225.5
47.386359 26.643754 1288882380509 226.8
47.387098 26.642183 1288882383479 226.8
47.38997 26.633486 1288882399468 227.6
47.392995 26.630619 1288882403478 226.5
47.393559 26.630637 1288882407570 225.9
47.394667 26.629789 1288882412467 225.3
47.395542 26.628639 1288882416468 225.4
47.395828 26.628623 1288882420463 225.5
47.396168 26.628526 1288882423473 225.4
47.396776 26.627915 1288882428468 225.4
47.396985 26.627968 1288882432467 225.4
47.397031 26.627985 1288882435465 225.3
47.398668 26.626949 1288882440469 225.3
47.399333 26.62612 1288882443527 225.3
47.400161 26.6258 1288882448471 225.2
47.402318 26.625626 1288882452496 225.4
47.403125 26.625399 1288882460472 226.0
47.403447 26.625123 1288882463469 226.2
47.404384 26.624064 1288882468466 226.3
47.404904 26.623382 1288882472472 226.4
47.406603 26.621829 1288882476479 226.4
47.407518 26.62046 1288882480465 226.2
47.408053 26.619771 1288882483470 226.0
47.408495 26.619286 1288882488462 225.8
47.408932 26.619057 1288882492461 225.7
47.40916 26.618902 1288882496457 225.8
47.409658 26.618675 1288882500460 225.6
47.409836 26.61859 1288882503458 225.6
47.410321 26.618399 1288882508457 225.8
47.41163 26.618242 1288882512458 223.8
47.412369 26.617844 1288882516456 223.9
47.412797 26.61772 1288882520461 223.3
47.413062 26.617646 1288882523463 223.0
47.413834 26.617601 1288882528451 220.6
47.414824 26.617631 1288882532454 217.6
47.41616 26.617472 1288882536463 217.7
47.41709 26.6169 1288882540456 219.5
47.418339 26.616354 1288882544453 220.3
47.41885 26.615958 1288882547439 220.3
47.419629 26.615439 1288882552445 220.0
47.420187 26.615289 1288882556439 220.3
47.420332 26.615363 1288882560437 220.4
47.420521 26.615492 1288882564433 220.4
47.420724 26.615555 1288882567437 220.5
47.422157 26.615415 1288882572443 219.5
47.422257 26.614952 1288882576431 219.4
47.4236 26.613211 1288882580435 219.0
47.424134 26.612292 1288882584429 218.2
47.424292 26.612084 1288882587431 218.1
47.424563 26.611696 1288882592431 217.3
47.424728 26.611692 1288882596430 217.6
47.424777 26.611649 1288882600427 217.6
47.424817 26.611687 1288882602427 217.6
47.425224 26.61143 1288882607431 217.9
47.425427 26.611332 1288882612425 218.1
47.426492 26.60967 1288882616426 218.3
47.426609 26.609304 1288882620427 218.5
47.426765 26.609047 1288882624425 220.2
47.426819 26.608925 1288882627419 221.1
47.42686 26.608765 1288882632427 221.5
47.426922 26.608623 1288882636416 222.2
47.426965 26.60855 1288882640413 222.4
47.426995 26.608503 1288882644404 222.4
47.426997 26.608499 1288882646401 222.4
47.427017 26.60828 1288882652415 222.3
47.427114 26.608595 1288882664403 222.3
47.427161 26.608741 1288882667408 222.2
47.427115 26.608712 1288882672422 222.2
47.42709 26.608628 1288882676405 222.2
47.427082 26.608582 1288882680419 222.2
47.427026 26.608571 1288882684400 222.2
47.426996 26.608561 1288882686401 222.2
47.427389 26.608485 1288882704415 222.3
47.427424 26.608478 1288882708387 222.3
47.427485 26.608569 1288882710407 222.4
47.427738 26.608146 1288882715390 222.6
47.427855 26.607914 1288882720388 222.7
47.427862 26.607887 1288882722395 222.7
47.428469 26.607526 1288882735382 223.1
47.428573 26.607369 1288882740387 223.8
47.42868 26.607321 1288882744386 224.0
47.428793 26.60731 1288882748378 224.2
47.428878 26.607055 1288882752379 224.3
47.429096 26.607064 1288882755380 224.6
47.429282 26.606741 1288882759371 224.8
47.429769 26.606386 1288882764387 225.3
47.430271 26.605598 1288882768381 225.4
47.430563 26.605396 1288882772376 225.5
47.430745 26.605226 1288882775381 225.5
47.431218 26.60505 1288882780379 225.5
47.431417 26.604884 1288882784373 225.7
47.432002 26.604354 1288882792370 225.9
47.432147 26.604183 1288882795372 226.0
47.43266 26.603456 1288882800369 226.2
47.432755 26.603326 1288882804372 226.2
47.433151 26.60207 1288882808379 226.6
47.433605 26.601465 1288882812367 226.9
47.433895 26.600877 1288882815359 226.8
47.434565 26.600144 1288882820373 226.7
47.435434 26.599808 1288882824369 226.7
47.43602 26.599264 1288882828366 226.7
47.436615 26.599385 1288882832366 226.8
47.438177 26.598678 1288882836367 227.8
47.438579 26.598258 1288882840366 227.7
47.438889 26.598062 1288882843378 227.6
47.439476 26.597235 1288882847377 227.8
47.440124 26.59581 1288882852363 227.8
47.442537 26.594454 1288882855368 228.4
47.44335 26.594265 1288882860376 228.3
47.443502 26.594245 1288882864354 228.2
47.443766 26.594216 1288882868354 228.2
47.444152 26.593811 1288882872352 228.4
47.444281 26.593826 1288882875351 228.3
47.445228 26.592648 1288882880354 228.3
47.445798 26.592494 1288882884348 228.1
47.447169 26.590773 1288882888345 228.0
47.447857 26.590503 1288882890372 227.8
47.449302 26.588947 1288882896348 228.3
47.449651 26.588512 1288882899348 228.2
47.450596 26.587283 1288882904359 228.4
47.451348 26.586858 1288882908348 228.7
47.451474 26.586625 1288882912352 228.6
47.452098 26.586428 1288882916353 228.6
47.452615 26.585385 1288882919349 228.6
47.453592 26.585245 1288882923347 228.8
47.454646 26.584675 1288882927346 229.4
47.455648 26.583128 1288882931344 230.4
47.457477 26.580934 1288882936342 230.9
47.458588 26.580345 1288882939337 231.7
47.459732 26.579355 1288882944335 231.7
47.460002 26.579334 1288882947337 231.6
47.460275 26.579087 1288882951343 231.4
47.461124 26.577679 1288882955341 231.8
47.461854 26.576193 1288882959327 231.9
47.463429 26.575435 1288882964330 231.9
47.464002 26.575382 1288882967331 231.9
47.464365 26.575328 1288882971328 232.0
47.464953 26.574853 1288882975318 232.4
47.46696 26.573353 1288882979322 232.9
47.46736 26.572822 1288882983325 233.2
47.467997 26.572146 1288882987317 233.4
47.468977 26.571169 1288882991310 233.7
47.471993 26.56743 1288883000323 234.1
47.4726 26.567346 1288883004321 234.2
47.473736 26.565699 1288883008319 233.7
47.473942 26.565663 1288883011294 233.7
47.474727 26.564769 1288883016308 233.7
47.475407 26.564184 1288883019316 234.0
47.477055 26.562659 1288883024321 233.6
47.477411 26.562459 1288883028317 233.5
47.478296 26.561368 1288883032313 234.0
47.479254 26.560566 1288883036314 234.2
47.48023 26.558432 1288883039312 234.6
47.480969 26.557635 1288883043311 234.1
47.481483 26.557718 1288883047312 234.0
47.483802 26.555358 1288883052311 234.8
47.484811 26.554904 1288883056307 235.9
47.485735 26.553128 1288883060312 238.3
47.486132 26.552591 1288883063308 238.2
47.486914 26.552031 1288883068301 238.6
47.487011 26.551797 1288883072307 237.8
47.487521 26.551948 1288883076307 237.5
47.48821 26.552026 1288883080296 237.2
47.488612 26.551836 1288883083310 237.0
47.48949 26.551372 1288883088305 237.2
47.49174 26.551299 1288883092304 237.2
47.493143 26.551183 1288883096310 237.2
47.495912 26.549948 1288883100301 238.4
47.496972 26.547809 1288883103298 237.8
47.497337 26.54782 1288883108295 237.3
47.499071 26.547522 1288883111295 237.9
47.50068 26.54698 1288883116298 238.5
47.501319 26.546474 1288883120298 238.7
47.501476 26.546646 1288883123280 238.6
47.50285 26.546057 1288883128290 239.0
47.503334 26.54602 1288883132288 238.6
47.503795 26.545815 1288883136282 238.5
47.506858 26.543771 1288883140289 239.3
47.507504 26.543048 1288883143316 239.4
47.508337 26.542324 1288883148290 239.8
47.509037 26.541803 1288883152283 239.7
47.509807 26.541059 1288883156289 239.9
47.510201 26.540621 1288883160286 239.8
47.510708 26.540387 1288883164289 239.7
47.511088 26.540554 1288883167280 239.5
47.51262 26.538676 1288883172283 240.6
47.513322 26.537277 1288883176281 241.1
47.514036 26.536522 1288883180283 241.4
47.514285 26.536327 1288883183282 241.7
47.51559 26.535969 1288883188286 242.1
47.51587 26.536022 1288883192272 241.8
47.516913 26.534806 1288883196279 242.3
47.517638 26.534348 1288883200285 241.7
47.517846 26.534117 1288883203294 241.6
47.518866 26.533007 1288883208274 241.5
47.520034 26.532241 1288883211280 241.5
47.521138 26.531189 1288883215274 242.0
47.522658 26.529755 1288883220268 242.3
47.522955 26.52971 1288883224269 242.8
47.523247 26.529774 1288883227264 242.6
47.524973 26.529074 1288883232273 243.2
47.525711 26.528762 1288883236274 243.2
47.526048 26.528493 1288883240272 243.1
47.526285 26.528471 1288883244269 243.0
47.526593 26.528447 1288883247262 242.9
47.526939 26.528144 1288883252267 242.8
47.527475 26.528049 1288883256262 242.8
47.527795 26.527886 1288883260268 242.8
47.52841 26.527585 1288883264261 242.7
47.52886 26.527467 1288883267263 242.7
47.530057 26.527358 1288883272266 242.7
47.531166 26.526944 1288883276262 242.8
47.53201 26.526592 1288883280257 242.9
47.53298 26.526169 1288883284260 243.1
47.537003 26.523349 1288883291268 245.8
47.539671 26.521765 1288883304257 244.9
47.541096 26.521705 1288883307250 244.9
47.541807 26.521345 1288883312254 245.0
47.542365 26.521446 1288883316250 245.3
47.542521 26.521639 1288883320246 245.4
47.5428 26.521672 1288883324250 245.3
47.543245 26.52142 1288883327244 245.3
47.544573 26.521948 1288883332248 245.5
47.544707 26.521623 1288883335240 245.4
47.546247 26.520279 1288883340242 244.6
47.547412 26.520141 1288883344243 244.4
47.547825 26.519745 1288883347241 244.5
47.548387 26.519382 1288883352243 244.3
47.54909 26.519219 1288883356244 244.3
47.550036 26.519375 1288883360323 244.3
47.550647 26.519325 1288883364232 244.3
47.552495 26.51881 1288883367233 244.8
47.55472 26.517433 1288883371234 246.2
47.556971 26.514776 1288883376232 248.2
47.557757 26.513838 1288883380227 248.5
47.558349 26.513302 1288883384221 247.9
47.558458 26.513083 1288883387227 249.0
47.558857 26.512727 1288883392226 249.2
47.55987 26.512115 1288883396226 249.8
47.560754 26.51167 1288883400222 249.3
47.561404 26.511225 1288883404228 248.5
47.563171 26.509014 1288883407223 249.0
47.565118 26.507261 1288883412222 249.0
47.565619 26.506091 1288883416228 250.8
47.566865 26.504787 1288883420220 251.2
47.567684 26.504354 1288883424224 250.8
47.567994 26.504144 1288883428213 250.7
47.568466 26.504 1288883432217 250.7
47.569397 26.503041 1288883436213 250.9
47.570081 26.502297 1288883440219 250.9
47.571633 26.500279 1288883444217 250.9
47.573092 26.498942 1288883448218 252.1
47.574079 26.498195 1288883451216 251.2
47.575499 26.497048 1288883456217 250.0
47.576071 26.496566 1288883460214 248.8
47.576675 26.496124 1288883464209 247.9
47.576874 26.49608 1288883467207 247.7
47.578129 26.494731 1288883471208 247.4
47.579944 26.492833 1288883476204 247.7
47.581035 26.491764 1288883480208 247.5
47.581913 26.490936 1288883484201 248.0
47.582762 26.490134 1288883488205 248.2
47.583511 26.489402 1288883491204 247.1
47.584648 26.488275 1288883496202 246.8
47.585463 26.487475 1288883500195 248.5
47.585861 26.486883 1288883504270 252.2
47.586066 26.486667 1288883508196 252.8
47.586488 26.485918 1288883511206 253.2
47.587525 26.484322 1288883516200 253.7
47.587949 26.483744 1288883519203 254.0
47.588903 26.481538 1288883524195 254.3
47.58946 26.481156 1288883528204 254.4
47.589684 26.48092 1288883531210 254.2
47.590045 26.47967 1288883536196 254.3
47.590916 26.47771 1288883540198 255.2
47.592213 26.475762 1288883544201 256.7
47.593366 26.474177 1288883548202 259.6
47.59397 26.473293 1288883551199 265.3
47.594688 26.471986 1288883556198 269.4
47.595248 26.470941 1288883560196 274.1
47.595633 26.47 1288883564195 278.6
47.596135 26.469015 1288883568197 277.9
47.596505 26.468312 1288883571193 277.5
47.596971 26.46733 1288883576191 279.6
47.597175 26.466808 1288883580217 280.2
47.597327 26.466394 1288883584189 280.9
47.597396 26.466125 1288883588186 281.0
47.597397 26.465989 1288883591184 280.8
47.597419 26.465633 1288883596054 280.6
47.59752 26.465366 1288883599056 280.4
47.597761 26.464164 1288883604066 280.5
47.599094 26.461154 1288883608052 281.4
47.600113 26.460132 1288883612098 282.0
47.600678 26.459215 1288883616060 282.0
47.600943 26.458778 1288883619050 282.1
47.601199 26.458193 1288883624053 282.1
47.601325 26.457851 1288883628048 282.1
47.601298 26.457715 1288883632047 282.2
47.601248 26.457464 1288883636051 282.2
47.601352 26.457043 1288883643129 282.2
47.606638 26.43988 1288883764010 288.6
47.606992 26.439496 1288883767004 288.5
47.607813 26.439057 1288883771997 290.6
47.607972 26.438931 1288883775999 291.4
47.608033 26.438884 1288883780011 291.2
47.607944 26.438908 1288883784009 291.1
47.607879 26.438925 1288883787006 291.0
47.607941 26.43885 1288883792002 290.8
47.607959 26.438767 1288883796011 290.6
47.60799 26.438758 1288883800008 290.6
47.608026 26.438754 1288883804006 290.6
47.608034 26.43872 1288883807001 290.6
47.608041 26.438691 1288883811999 290.5
47.608069 26.438644 1288883816014 291.5
47.60808 26.438565 1288883820000 289.4
47.608115 26.438528 1288883824008 288.8
47.608128 26.438487 1288883827004 288.5
47.608202 26.438296 1288883832010 290.2
47.608212 26.43816 1288883836012 291.5
47.608224 26.438011 1288883840036 291.9
47.608239 26.437859 1288883844008 290.6
47.60823 26.437609 1288883847009 288.0
47.608288 26.437265 1288883852107 286.2
47.608438 26.43697 1288883856004 285.9
47.608443 26.436804 1288883859004 286.1
47.608501 26.435641 1288883864007 287.3
47.608755 26.434863 1288883867011 290.3
47.609003 26.434129 1288883872005 287.9
47.609012 26.433664 1288883876000 288.0
47.608918 26.433016 1288883880021 290.1
47.608972 26.432586 1288883884003 289.8
47.609263 26.43237 1288883887007 289.5
47.609399 26.432146 1288883892004 289.8
47.609418 26.430773 1288883896021 290.1
47.609789 26.429758 1288883900011 288.9
47.610301 26.428941 1288883903995 286.1
47.610601 26.42855 1288883907008 284.1
47.610709 26.428275 1288883912000 282.8
47.61066 26.428147 1288883916020 282.3
47.61067 26.42807 1288883919996 282.2
47.610702 26.42799 1288883924001 282.2
47.610573 26.423774 1288883927012 281.8
47.610519 26.421347 1288883931019 281.5
47.610981 26.419345 1288883936006 281.7
47.610893 26.418064 1288883940016 281.7
47.611233 26.416796 1288883944005 281.7
47.612341 26.412501 1288883952007 282.5
47.6129 26.410828 1288883956009 279.4
47.61348 26.409395 1288883960025 271.5
47.613692 26.408494 1288883964016 279.9
47.613782 26.408274 1288883967004 286.4
47.614117 26.408035 1288883971006 288.4
47.614252 26.406397 1288883975993 288.0
47.614062 26.404826 1288883979995 286.5
47.614639 26.403835 1288883984002 287.3
47.614782 26.403531 1288883986990 287.4
47.61699 26.400509 1288883992005 286.9
47.617291 26.398221 1288883996025 287.5
47.617407 26.397636 1288884000004 287.6
47.618675 26.396246 1288884004006 287.0
47.619051 26.394943 1288884007007 286.9
47.619124 26.394484 1288884011006 287.0
47.620002 26.393509 1288884015003 287.3
47.620668 26.392234 1288884019008 287.7
47.621342 26.391084 1288884024006 287.8
47.622004 26.389793 1288884026996 287.7
47.622276 26.387354 1288884032011 288.1
47.622905 26.38525 1288884036008 288.4
47.623536 26.383859 1288884040013 288.2
47.623716 26.382413 1288884044009 288.3
47.623552 26.381313 1288884048008 288.4
47.623707 26.38032 1288884051007 288.4
47.624421 26.379089 1288884054999 288.5
47.625196 26.375839 1288884059977 287.8
47.625611 26.37368 1288884064008 288.1
47.626324 26.372247 1288884068003 287.4
47.627981 26.369405 1288884072010 286.2
47.628841 26.367265 1288884076006 285.6
47.628896 26.36648 1288884080043 285.9
47.628909 26.365875 1288884083007 285.5
47.629289 26.363396 1288884088007 286.5
47.630661 26.361665 1288884092009 285.0
47.631159 26.360162 1288884096009 284.9
47.631383 26.358564 1288884100007 285.2
47.631649 26.357458 1288884104010 285.1
47.631752 26.356467 1288884108008 285.1
47.631612 26.354947 1288884112007 285.4
47.632647 26.352809 1288884116009 284.8
47.633042 26.351424 1288884120008 285.2
47.633469 26.350492 1288884123007 284.8
47.633882 26.349525 1288884126998 284.4
47.634367 26.347716 1288884130967 284.0
47.634424 26.346773 1288884135999 283.6
47.635289 26.344979 1288884140027 283.1