47.683378 26.027555 1289631553241 327.6
47.683369 26.027559 1289631553797 323.8
47.683352 26.02759 1289631556781 327.2
47.683347 26.027614 1289631558810 329.9
47.683337 26.027655 1289631561817 329.7
47.683336 26.027654 1289631562808 329.4
47.683338 26.027648 1289631564781 329.4
47.683333 26.027654 1289631566794 330.1
47.683328 26.027651 1289631567796 330.3
47.683327 26.027652 1289631570815 330.0
47.683318 26.027651 1289631571805 329.8
47.683322 26.027654 1289631574778 329.4
47.683325 26.027656 1289631576783 329.0
47.683326 26.027652 1289631578774 329.3
47.683322 26.027658 1289631580774 330.3
47.683317 26.027663 1289631581771 330.1
47.683322 26.027624 1289631584768 330.7
47.683324 26.027616 1289631586781 331.6
47.683342 26.027616 1289631588765 331.6
47.683403 26.027724 1289631590777 331.1
47.683472 26.027856 1289631592868 331.3
47.683542 26.027972 1289631595427 329.5
47.683591 26.028091 1289631595771 329.7
47.683726 26.028486 1289631598943 331.8
47.683784 26.02876 1289631600775 333.0
47.683794 26.029056 1289631602810 333.7
47.683779 26.029383 1289631604820 334.6
47.683759 26.029573 1289631605806 335.1
47.683683 26.030211 1289631608810 334.7
47.68363 26.030672 1289631610768 334.8
47.683655 26.031141 1289631612771 335.0
47.683706 26.031364 1289631616735 335.1
47.684081 26.032496 1289631618767 335.6
47.684207 26.032788 1289631620783 335.6
47.684258 26.032888 1289631621770 335.7
47.684464 26.033143 1289631624826 336.7
47.684605 26.033429 1289631626781 338.0
47.684749 26.033796 1289631628761 337.8
47.684965 26.034381 1289631631871 334.3
47.685159 26.034828 1289631634767 334.9
47.685863 26.035697 1289631638762 323.2
47.686161 26.03609 1289631640761 317.2
47.686327 26.036278 1289631641765 319.6
47.686762 26.036836 1289631644807 324.0
47.68691 26.037019 1289631645838 324.4
47.687354 26.037586 1289631648781 324.4
47.687662 26.037922 1289631650778 324.8
47.688001 26.038296 1289631652769 331.0
47.688305 26.038675 1289631654804 338.2
47.688407 26.038802 1289631655764 338.8
47.688796 26.039579 1289631658767 338.4
47.688963 26.039827 1289631659981 337.1
47.689441 26.040457 1289631662848 332.7
47.689745 26.040864 1289631664778 331.4
47.689895 26.041065 1289631665828 329.9
47.690312 26.041622 1289631668761 327.8
47.690427 26.041843 1289631669760 327.9
47.690868 26.042362 1289631672754 330.7
47.691202 26.042741 1289631674751 331.0
47.691439 26.043055 1289631676747 332.1
47.691595 26.043245 1289631678756 333.0
47.691678 26.043322 1289631679739 334.6
47.691949 26.043676 1289631682745 335.1
47.692172 26.043981 1289631684791 335.6
47.692328 26.044211 1289631686742 336.2
47.692434 26.044412 1289631688741 336.7
47.692473 26.044481 1289631689749 336.6
47.692557 26.044669 1289631691743 338.3
47.693796 26.050108 1289631710377 340.1
47.694157 26.051048 1289631713372 340.6
47.69439 26.05158 1289631715378 340.2
47.69443 26.05179 1289631717382 338.0
47.694543 26.052119 1289631719378 334.1
47.694696 26.052179 1289631720372 336.4
47.694862 26.052503 1289631723382 338.6
47.694861 26.052816 1289631725380 336.7
47.694897 26.052915 1289631727386 338.1
47.695042 26.053199 1289631729375 340.7
47.695116 26.05333 1289631730379 337.4
47.695155 26.053442 1289631733368 334.9
47.695219 26.053582 1289631735367 333.7
47.695396 26.053623 1289631737429 336.9
47.695442 26.05367 1289631739381 335.9
47.695506 26.053799 1289631740698 333.4
47.695564 26.053899 1289631743390 331.8
47.695633 26.054172 1289631744396 329.9
47.695689 26.054307 1289631747389 328.8
47.696532 26.054972 1289631749375 328.9
47.696709 26.055368 1289631751394 329.7
47.697499 26.056486 1289631753394 328.2
47.697559 26.056757 1289631754373 328.2
47.697824 26.057628 1289631757390 328.6
47.697942 26.058215 1289631758380 328.9
47.69813 26.058833 1289631761390 329.0
47.698267 26.059081 1289631763385 329.0
47.698639 26.05973 1289631765413 329.6
47.698827 26.060008 1289631767380 329.6
47.699192 26.060545 1289631769363 329.9
47.699413 26.060842 1289631771366 329.9
47.699498 26.060924 1289631772388 329.8
47.699877 26.061111 1289631775448 331.7
47.700206 26.0612 1289631777358 331.8
47.700438 26.061301 1289631779378 331.9
47.700749 26.06138 1289631781373 331.6
47.700918 26.061411 1289631782372 331.5
47.701462 26.061499 1289631785364 331.1
47.701856 26.061553 1289631787371 331.1
47.7022 26.061612 1289631789386 331.0
47.702587 26.061694 1289631791368 331.0
47.702804 26.061741 1289631792365 330.9
47.703613 26.061878 1289631795371 331.7
47.703979 26.061959 1289631797384 332.0
47.704209 26.062011 1289631799360 332.1
47.704404 26.062073 1289631801356 332.0
47.704789 26.062224 1289631803361 331.5
47.705156 26.062409 1289631805361 330.9
47.705353 26.062502 1289631806410 330.8
47.705898 26.062863 1289631809361 330.9
47.706282 26.06309 1289631811982 331.2
47.706541 26.063317 1289631813367 331.3
47.706758 26.063832 1289631815352 328.6
47.706836 26.064046 1289631816358 328.9
47.707138 26.064598 1289631819355 329.4
47.707328 26.064964 1289631821355 328.3
47.707491 26.065348 1289631823358 326.1
47.707622 26.065834 1289631825362 326.4
47.707709 26.066014 1289631826351 327.9
47.707957 26.066541 1289631829353 330.8
47.708174 26.066896 1289631831363 334.4
47.70844 26.067237 1289631833362 334.6
47.708653 26.067464 1289631835358 337.0
47.708763 26.067627 1289631836365 337.4
47.709052 26.068128 1289631839361 339.8
47.70923 26.06842 1289631841363 338.8
47.709424 26.068663 1289631843358 336.0
47.709738 26.0689 1289631845344 332.4
47.709802 26.068979 1289631846355 333.3
47.709991 26.069134 1289631849349 332.1
47.71003 26.069194 1289631851356 331.6
47.71008 26.069303 1289631853350 331.4
47.710123 26.069383 1289631855357 331.2
47.710147 26.069416 1289631856349 331.1
47.710405 26.069695 1289631859341 331.3
47.710607 26.069907 1289631861352 331.3
47.710845 26.070128 1289631863340 332.6
47.711097 26.07036 1289631865343 331.0
47.711207 26.07048 1289631866367 331.2
47.711488 26.070849 1289631869352 331.7
47.711602 26.071181 1289631871342 329.7
47.711723 26.071707 1289631873342 329.5
47.711841 26.072236 1289631875349 326.4
47.711896 26.072494 1289631876344 326.5
47.712042 26.073219 1289631879345 326.5
47.71221 26.073674 1289631881347 326.9
47.712417 26.074142 1289631883359 327.5
47.7126 26.074594 1289631885356 328.6
47.712669 26.074811 1289631886347 329.4
47.712851 26.075421 1289631889352 330.2
47.712903 26.075761 1289631891350 330.8
47.712896 26.076086 1289631893351 330.5
47.712728 26.076727 1289631894114 330.4
47.712696 26.07743 1289631897116 335.2
47.712751 26.077878 1289631899116 336.5
47.712825 26.078312 1289631901103 336.9
47.712905 26.078734 1289631903100 336.5
47.712947 26.078947 1289631904111 336.8
47.71307 26.079598 1289631907105 337.0
47.713143 26.080024 1289631909102 335.5
47.713206 26.080483 1289631911106 334.3
47.713213 26.080957 1289631913103 334.2
47.71322 26.081204 1289631914117 334.2
47.713218 26.08193 1289631917111 333.7
47.713196 26.082389 1289631919109 332.1
47.713201 26.082856 1289631921104 330.6
47.713138 26.0833 1289631923102 330.2
47.713084 26.08353 1289631924107 329.9
47.712909 26.084242 1289631927105 326.6
47.712756 26.084722 1289631929103 323.9
47.712621 26.085184 1289631931106 323.0
47.712539 26.0855 1289631933152 322.0
47.71251 26.085614 1289631934092 321.9
47.712459 26.08582 1289631937095 322.4
47.712427 26.085908 1289631939101 322.3
47.712389 26.086024 1289631941106 322.1
47.712334 26.08618 1289631943103 321.9
47.712306 26.086229 1289631944102 321.5
47.712117 26.086472 1289631947103 320.2
47.711933 26.086712 1289631949110 320.5
47.711763 26.086912 1289631951102 319.9
47.711602 26.087088 1289631953098 320.1
47.711555 26.087167 1289631954102 320.3
47.711335 26.087381 1289631957106 320.0
47.711158 26.087539 1289631959105 321.4
47.710973 26.087718 1289631961090 320.6
47.710793 26.087903 1289631963095 318.2
47.710701 26.08799 1289631964093 318.5
47.710402 26.088302 1289631967089 317.2
47.71021 26.088537 1289631969086 317.0
47.710032 26.08882 1289631971108 316.0
47.709903 26.089035 1289631973089 316.1
47.709852 26.089114 1289631974087 316.7
47.709601 26.089542 1289631977095 318.2
47.709443 26.089839 1289631979086 318.7
47.709145 26.090417 1289631983092 319.7
47.709042 26.090597 1289631984092 319.9
47.708833 26.091004 1289631987100 319.2
47.708753 26.091159 1289631989089 319.0
47.708656 26.091437 1289631991089 319.0
47.70857 26.09171 1289631993097 318.5
47.708512 26.091839 1289631994081 319.1
47.708503 26.092097 1289631997083 319.1
47.708436 26.092177 1289631999083 320.3
47.708439 26.09228 1289632001083 319.3
47.708395 26.092444 1289632003079 319.1
47.708382 26.092533 1289632004106 317.3
47.708304 26.092789 1289632007091 316.6
47.708237 26.092933 1289632009082 314.9
47.708159 26.093098 1289632011083 314.9
47.708061 26.093227 1289632013081 314.8
47.708016 26.0933 1289632014084 315.4
47.707817 26.093541 1289632017083 315.6
47.707707 26.09366 1289632019092 313.3
47.707517 26.0939 1289632021084 309.8
47.707314 26.094295 1289632023083 309.0
47.707252 26.094397 1289632024081 310.2
47.706989 26.094936 1289632027078 312.0
47.706811 26.095315 1289632029083 313.7
47.70669 26.095527 1289632031079 311.2
47.70649 26.09581 1289632033078 313.8
47.706383 26.095997 1289632034077 311.9
47.706107 26.096523 1289632037077 301.8
47.705838 26.097051 1289632039082 293.9
47.705653 26.097466 1289632041081 287.1
47.705323 26.09802 1289632043074 294.9
47.705182 26.09821 1289632044084 298.4
47.704877 26.098685 1289632047085 296.0
47.70436 26.099342 1289632049083 306.3
47.703874 26.099992 1289632051142 323.1
47.703489 26.100406 1289632053080 320.3
47.703306 26.100599 1289632054073 320.6
47.702802 26.101143 1289632057070 319.7
47.702485 26.101502 1289632059068 317.8
47.702148 26.10188 1289632061069 318.5
47.701805 26.102255 1289632063068 320.7
47.701668 26.1024 1289632064073 320.9
47.701178 26.102994 1289632067069 319.2
47.700832 26.103368 1289632069066 320.7
47.700484 26.103764 1289632071066 321.5
47.700141 26.104144 1289632073062 321.1
47.7 26.104298 1289632074053 320.3
47.699519 26.104849 1289632077062 313.5
47.69914 26.105285 1289632079060 312.8
47.698781 26.105658 1289632081064 309.0
47.698412 26.106055 1289632083059 305.0
47.698241 26.106258 1289632084057 304.2
47.697762 26.106875 1289632087052 303.0
47.697454 26.107352 1289632089055 302.3
47.697149 26.107847 1289632091049 303.0
47.696934 26.108204 1289632093050 302.1
47.696795 26.108468 1289632094051 300.3
47.696317 26.10931 1289632097052 293.8
47.695976 26.10987 1289632099057 296.5
47.695644 26.110397 1289632101054 296.5
47.695317 26.110896 1289632103055 297.1
47.695161 26.111151 1289632104050 295.6
47.694682 26.111926 1289632107042 296.5
47.694379 26.112439 1289632109046 294.3
47.694081 26.112939 1289632111048 293.5
47.6938 26.113408 1289632113042 293.5
47.693678 26.113637 1289632114049 295.4
47.693359 26.114339 1289632117034 301.5
47.693267 26.114858 1289632119048 303.5
47.693189 26.115374 1289632121047 303.1
47.693103 26.115841 1289632123051 304.9
47.693061 26.116083 1289632124043 304.9
47.692879 26.116797 1289632127032 306.0
47.692793 26.11711 1289632129039 306.9
47.692754 26.117406 1289632131040 307.7
47.692759 26.117724 1289632133037 307.5
47.692821 26.117911 1289632134041 307.5
47.693008 26.118526 1289632137041 306.7
47.693087 26.118976 1289632139028 304.9
47.693122 26.11943 1289632141034 304.5
47.693074 26.119936 1289632143034 305.3
47.693039 26.120188 1289632144038 306.5
47.692984 26.120951 1289632147035 307.8
47.692939 26.121436 1289632149035 308.5
47.692888 26.121904 1289632151039 309.5
47.692879 26.122177 1289632153037 309.5
47.692795 26.122328 1289632154028 309.2
47.692932 26.122495 1289632157028 308.9
47.693042 26.122497 1289632159034 308.2
47.693128 26.122499 1289632161028 307.6
47.693333 26.122501 1289632163025 307.7
47.693399 26.122493 1289632164029 307.4
47.6936 26.12245 1289632167024 307.7
47.693879 26.122459 1289632169024 308.9
47.69425 26.122494 1289632171016 312.0
47.694483 26.122594 1289632173023 310.6
47.694577 26.122594 1289632174020 311.6
47.695096 26.122661 1289632177023 314.5
47.695423 26.122781 1289632179014 317.4
47.695643 26.122747 1289632181020 316.8
47.695738 26.122799 1289632183019 314.2
47.695755 26.122768 1289632184029 314.3
47.696153 26.123102 1289632187017 307.9
47.696653 26.123489 1289632189017 308.7
47.697081 26.123636 1289632191015 310.3
47.697409 26.123671 1289632193019 309.7
47.697695 26.123705 1289632194018 309.8
47.698367 26.123672 1289632197017 308.1
47.698712 26.12357 1289632199016 308.0
47.699148 26.123295 1289632201014 307.2
47.699544 26.123041 1289632203010 305.3
47.699737 26.122911 1289632203997 304.8
47.700324 26.122526 1289632207012 304.2
47.700696 26.122284 1289632209018 304.0
47.701084 26.122036 1289632211004 304.2
47.701468 26.12179 1289632212999 304.1
47.701662 26.121662 1289632214004 304.2
47.702248 26.121271 1289632217002 304.0
47.702632 26.121014 1289632219011 303.8
47.703008 26.120765 1289632221010 303.9
47.703355 26.120498 1289632223011 304.4
47.703495 26.120395 1289632224003 304.8
47.703942 26.120205 1289632226999 305.5
47.704137 26.120166 1289632229003 304.8
47.704265 26.120144 1289632230999 304.7
47.70437 26.120152 1289632232997 302.9
47.704529 26.120385 1289632233994 301.4
47.704893 26.120835 1289632236994 299.2
47.705253 26.121235 1289632238996 295.5
47.705471 26.121501 1289632240995 294.9
47.705724 26.121788 1289632242992 295.1
47.705829 26.121897 1289632243989 295.1
47.706168 26.122142 1289632246987 295.3
47.706241 26.122206 1289632247987 295.9
47.706393 26.122396 1289632250982 297.0
47.706467 26.122522 1289632252972 298.4
47.706541 26.122665 1289632254985 298.4
47.706675 26.122876 1289632256994 298.6
47.706835 26.12316 1289632258987 299.4
47.706974 26.123435 1289632260984 299.1
47.707129 26.12373 1289632262979 298.5
47.7073 26.124049 1289632264984 298.3
47.70747 26.124362 1289632266978 298.1
47.707546 26.124507 1289632267983 297.7
47.70778 26.124986 1289632270983 298.4
47.707912 26.125341 1289632272985 297.4
47.708024 26.125727 1289632274974 297.4
47.708144 26.126142 1289632276979 296.6
47.708191 26.126317 1289632277967 296.5
47.70829 26.126954 1289632280973 296.3
47.70833 26.127384 1289632282973 295.6
47.708309 26.127879 1289632284973 295.5
47.708266 26.128335 1289632286977 295.2
47.70824 26.128588 1289632287974 295.0
47.708096 26.129396 1289632290966 293.4
47.708073 26.129907 1289632292970 292.5
47.708082 26.130406 1289632294960 291.7
47.70808 26.130924 1289632296969 290.0
47.708114 26.131167 1289632297975 290.1
47.708277 26.131794 1289632300973 290.4
47.708475 26.132217 1289632302966 290.7
47.708683 26.132514 1289632304968 292.1
47.708919 26.13289 1289632306966 292.8
47.709081 26.133051 1289632307967 292.6
47.70952 26.133644 1289632310962 293.4
47.709821 26.134007 1289632312969 294.8
47.710132 26.134381 1289632314968 297.2
47.710439 26.13476 1289632316965 299.9
47.710593 26.134941 1289632317956 300.8
47.711008 26.135421 1289632320950 301.2
47.711276 26.13574 1289632322950 301.8
47.711534 26.136035 1289632324950 302.1
47.711787 26.136323 1289632326951 301.1
47.711909 26.136464 1289632327964 301.0
47.712261 26.13687 1289632330963 301.5
47.712486 26.137133 1289632332961 301.8
47.712708 26.137388 1289632334959 302.1
47.712925 26.13764 1289632336949 302.4
47.713028 26.13776 1289632337946 303.1
47.713324 26.13811 1289632340944 304.1
47.713511 26.138326 1289632342946 304.2
47.713679 26.138524 1289632344945 304.5
47.71377 26.138642 1289632346942 304.9
47.713806 26.138686 1289632347943 305.0
47.713862 26.138749 1289632350943 305.1
47.713865 26.138759 1289632352951 304.7
47.713871 26.138766 1289632354941 304.7
47.713903 26.138798 1289632356940 305.3
47.713928 26.138835 1289632357949 304.2
47.714025 26.138936 1289632360936 304.6
47.714122 26.139057 1289632362942 304.6
47.71429 26.139211 1289632364946 302.3
47.714427 26.139363 1289632366948 304.5
47.714513 26.13944 1289632367932 302.4
47.714767 26.139726 1289632370944 303.3
47.714968 26.139949 1289632372945 301.8
47.71518 26.140188 1289632374947 302.7
47.715412 26.140445 1289632376945 302.3
47.715535 26.140581 1289632377932 301.7
47.715907 26.141013 1289632380942 303.2
47.716184 26.141319 1289632382942 302.2
47.716472 26.141647 1289632384942 302.7
47.716756 26.141978 1289632386940 304.0
47.716899 26.142143 1289632387926 304.1
47.717327 26.142642 1289632390938 304.6
47.717631 26.142967 1289632392938 303.1
47.717932 26.143302 1289632394933 301.6
47.718225 26.143655 1289632396932 300.9
47.718361 26.143824 1289632397941 302.8
47.718761 26.144289 1289632400933 303.4
47.718996 26.144544 1289632402922 304.6
47.719234 26.144694 1289632404941 305.8
47.719401 26.144793 1289632406928 306.0
47.719462 26.144828 1289632407935 306.1
47.71959 26.144868 1289632410929 304.6
47.719642 26.144835 1289632412922 303.5
47.719683 26.144764 1289632414925 303.8
47.719747 26.144619 1289632416924 306.2
47.719786 26.144552 1289632417927 304.8
47.720285 26.144452 1289632420923 303.1
47.720701 26.144535 1289632422912 301.2
47.721067 26.144556 1289632424927 300.1
47.721376 26.14457 1289632426924 299.9
47.72156 26.144627 1289632427919 298.6
47.721886 26.144771 1289632430923 295.0
47.721983 26.144885 1289632432919 295.9
47.722062 26.144977 1289632434919 298.4
47.72209 26.145138 1289632436917 298.4
47.722027 26.145236 1289632437918 298.4
47.721873 26.145511 1289632440911 299.8
47.721756 26.145763 1289632442917 301.2
47.721572 26.14611 1289632444907 302.3
47.721405 26.146448 1289632446912 303.3
47.721299 26.146632 1289632447910 303.3
47.720952 26.147147 1289632450908 303.9
47.720728 26.14747 1289632452899 303.4
47.720502 26.147883 1289632454914 304.0
47.720279 26.14829 1289632456916 305.4
47.720151 26.148483 1289632457908 305.8
47.719797 26.149061 1289632460910 307.4
47.719666 26.149469 1289632462905 310.8
47.719406 26.149871 1289632464905 311.4
47.719173 26.15027 1289632466904 311.6
47.719027 26.150516 1289632467897 312.1
47.718671 26.151147 1289632470903 313.2
47.718373 26.151611 1289632472900 314.3
47.718008 26.152144 1289632474901 316.5
47.717708 26.152577 1289632476895 316.6
47.717559 26.152797 1289632477893 316.5
47.717216 26.15344 1289632480898 317.8
47.716935 26.153866 1289632482899 317.2
47.71668 26.154283 1289632484890 318.9
47.716388 26.154703 1289632486890 318.5
47.716258 26.154903 1289632487896 318.7
47.715828 26.155514 1289632490892 318.1
47.715545 26.155987 1289632492896 320.0
47.715274 26.156423 1289632494896 320.5
47.715011 26.1569 1289632496895 323.8
47.714893 26.157101 1289632497896 324.7
47.7145 26.157817 1289632500884 324.7
47.71424 26.158324 1289632502895 324.6
47.714044 26.158892 1289632504892 325.1
47.713818 26.159472 1289632506885 325.5
47.713699 26.159772 1289632507882 326.0
47.713327 26.160648 1289632510892 326.3
47.71305 26.16126 1289632512888 326.2
47.712766 26.161897 1289632514892 326.1
47.71248 26.162564 1289632516889 325.7
47.712337 26.162909 1289632517891 325.2
47.711892 26.163981 1289632520883 327.6
47.711588 26.16471 1289632522878 329.4
47.711283 26.165451 1289632524874 330.2
47.710977 26.16621 1289632526882 331.5
47.710827 26.166596 1289632527885 331.6
47.71035 26.167773 1289632530882 331.3
47.710025 26.168576 1289632532881 330.9
47.70969 26.169393 1289632534869 330.8
47.709349 26.170217 1289632536871 329.7
47.709177 26.17063 1289632537879 329.6
47.708673 26.171849 1289632540867 328.9
47.708342 26.172656 1289632542869 329.2
47.708018 26.173456 1289632544866 328.6
47.707694 26.174237 1289632546865 328.4
47.707535 26.174624 1289632547875 327.8
47.707068 26.175762 1289632550875 327.4
47.70677 26.176499 1289632552871 326.0
47.70647 26.177224 1289632554869 325.8
47.706174 26.177938 1289632556866 325.3
47.706029 26.178291 1289632557864 325.1
47.705603 26.179333 1289632560864 324.4
47.705325 26.180013 1289632562862 324.2
47.705054 26.180678 1289632564870 323.7
47.704787 26.181338 1289632566866 323.6
47.704654 26.181669 1289632567869 323.0
47.704244 26.182668 1289632570866 321.9
47.703976 26.183329 1289632572858 321.9
47.703714 26.183975 1289632574864 321.7
47.70345 26.184603 1289632576861 322.5
47.703322 26.184914 1289632577860 322.0
47.702945 26.185831 1289632580859 321.2
47.702702 26.186432 1289632582849 320.7
47.702456 26.187037 1289632584859 320.2
47.702208 26.187647 1289632586858 319.9
47.702081 26.187953 1289632587854 319.8
47.701694 26.188888 1289632590846 319.1
47.701431 26.189531 1289632592855 318.5
47.701161 26.19019 1289632594856 318.3
47.700889 26.19086 1289632596855 316.7
47.700752 26.191196 1289632597852 316.5
47.700333 26.192211 1289632600859 315.9
47.700056 26.192896 1289632602843 315.9
47.69978 26.193581 1289632604851 316.9
47.69953 26.194237 1289632606844 316.4
47.699408 26.19455 1289632607842 316.2
47.699043 26.195459 1289632610849 318.1
47.698804 26.196061 1289632612838 318.5
47.698565 26.196668 1289632614837 317.8
47.698321 26.197283 1289632616842 316.7
47.698193 26.197598 1289632617837 316.6
47.697804 26.198573 1289632620849 315.7
47.697532 26.199248 1289632622850 315.3
47.697251 26.199951 1289632624833 314.3
47.696974 26.200687 1289632626833 312.0
47.696829 26.201067 1289632627835 311.8
47.696371 26.202216 1289632630837 311.2
47.696065 26.202984 1289632632837 310.1
47.695749 26.203743 1289632634858 310.0
47.695442 26.204479 1289632636828 309.5
47.695291 26.204838 1289632637827 309.5
47.694861 26.20589 1289632640839 309.4
47.694595 26.206547 1289632642831 309.2
47.694335 26.207174 1289632644840 309.5
47.694086 26.207781 1289632646827 309.3
47.693967 26.208078 1289632647827 309.1
47.693614 26.208939 1289632650824 308.7
47.693376 26.209496 1289632652835 308.5
47.69315 26.210035 1289632654822 308.5
47.692937 26.21056 1289632656825 308.4
47.692835 26.210817 1289632657826 308.3
47.692533 26.211563 1289632660822 308.2
47.692335 26.212044 1289632662814 308.3
47.692145 26.212514 1289632664814 308.3
47.691959 26.212981 1289632666813 308.3
47.691866 26.213205 1289632667815 308.1
47.691608 26.21377 1289632670815 307.7
47.691428 26.21406 1289632672822 308.7
47.691149 26.214346 1289632674822 309.0
47.690889 26.214595 1289632676819 309.2
47.690766 26.214736 1289632677820 309.1
47.690506 26.215164 1289632680812 308.5
47.690374 26.215528 1289632682815 309.6
47.690378 26.215911 1289632684812 309.8
47.690363 26.216289 1289632686814 309.4
47.69035 26.216471 1289632687818 309.1
47.690293 26.217005 1289632690815 308.5
47.69015 26.217354 1289632692803 308.7
47.690015 26.217713 1289632694811 308.7
47.689869 26.218084 1289632696805 308.2
47.689786 26.218283 1289632697799 308.2
47.68954 26.218899 1289632700801 308.7
47.689379 26.219298 1289632702804 308.9
47.689221 26.219682 1289632704806 309.7
47.689064 26.220075 1289632706809 309.8
47.688978 26.220281 1289632707807 309.8
47.68871 26.22096 1289632710807 310.1
47.688546 26.221439 1289632712796 310.4
47.688343 26.221954 1289632714796 310.7
47.68818 26.22249 1289632716797 311.5
47.688117 26.222714 1289632717799 312.3
47.687865 26.223446 1289632720802 311.7
47.687636 26.224 1289632722802 311.3
47.687391 26.224567 1289632724791 310.9
47.687151 26.225121 1289632726800 310.3
47.68703 26.225404 1289632727790 310.0
47.686668 26.226286 1289632730792 310.9
47.686415 26.226867 1289632732788 309.9
47.68618 26.227444 1289632734795 309.5
47.685953 26.227999 1289632736787 308.8
47.685839 26.228274 1289632737784 308.7
47.685516 26.229069 1289632740783 307.5
47.685323 26.229546 1289632742789 307.4
47.685144 26.229996 1289632744786 306.5
47.684966 26.230417 1289632746791 306.3
47.684873 26.230625 1289632747793 306.2
47.684583 26.231179 1289632750792 305.2
47.684354 26.231516 1289632752790 306.3
47.684119 26.231812 1289632754790 307.4
47.683892 26.232066 1289632756781 307.1
47.683792 26.232199 1289632757786 307.3
47.68349 26.232586 1289632760779 307.2
47.683308 26.232831 1289632762786 307.2
47.683173 26.233009 1289632764768 307.1
47.683086 26.233137 1289632766778 306.8
47.683056 26.233189 1289632767782 306.5
47.682949 26.233322 1289632770776 306.7
47.682895 26.233399 1289632772781 306.6
47.682811 26.233505 1289632774774 306.5
47.682685 26.233649 1289632776766 306.3
47.68262 26.233726 1289632777772 306.2
47.682416 26.233994 1289632780778 306.2
47.682251 26.234181 1289632782778 306.1
47.682082 26.234375 1289632784768 306.4
47.681916 26.234577 1289632786777 306.2
47.681834 26.234678 1289632787782 305.5
47.681614 26.234998 1289632790770 305.4
47.681472 26.235198 1289632792767 305.3
47.681307 26.235388 1289632794768 305.4
47.68119 26.235581 1289632796773 305.5
47.681099 26.235666 1289632797771 305.5
47.680821 26.235926 1289632800771 305.5
47.680636 26.236093 1289632802773 304.6
47.680454 26.236243 1289632804768 304.1
47.680324 26.236371 1289632806759 304.1
47.680278 26.236414 1289632807768 304.0
47.680124 26.236583 1289632810757 305.2
47.679958 26.236716 1289632812766 305.9
47.679813 26.236834 1289632814770 305.5
47.679661 26.236907 1289632816762 305.5
47.679597 26.236955 1289632818751 305.0
47.679552 26.236981 1289632820759 304.7
47.679522 26.237023 1289632822761 303.3
47.679503 26.237061 1289632824761 303.0
47.679413 26.237185 1289632826767 302.9
47.679354 26.237254 1289632827760 303.0
47.679146 26.237477 1289632830761 300.9
47.679022 26.237581 1289632832755 301.2
47.67887 26.237694 1289632834748 301.3
47.678772 26.237776 1289632836758 301.0
47.678702 26.237831 1289632838753 300.7
47.67863 26.237919 1289632840756 300.5
47.678599 26.237954 1289632841753 300.5
47.67841 26.238089 1289632844744 300.0
47.678295 26.238173 1289632846750 299.8
47.678182 26.238255 1289632848749 302.1
47.678027 26.238322 1289632850752 285.5
47.677979 26.238349 1289632851775 282.0
47.677751 26.238513 1289632854756 271.6
47.677697 26.238555 1289632855788 270.0
47.67732 26.238933 1289632858752 271.1
47.677202 26.239127 1289632860747 288.7
47.677055 26.23925 1289632862753 293.5
47.676911 26.239492 1289632864750 293.5
47.676853 26.239562 1289632865760 295.8
47.676517 26.239833 1289632868738 309.4
47.676277 26.240004 1289632870742 314.9
47.676084 26.240138 1289632872737 317.3
47.675833 26.240334 1289632874743 320.5
47.675645 26.240473 1289632875741 316.8
47.675367 26.240792 1289632878753 319.5
47.675092 26.24105 1289632880749 315.2
47.674941 26.24125 1289632882754 315.9
47.67473 26.241464 1289632884757 313.0
47.674627 26.241552 1289632885750 314.8
47.674328 26.241821 1289632888745 317.5
47.674129 26.241946 1289632890748 319.6
47.673944 26.242099 1289632892737 316.8
47.673828 26.242202 1289632894748 316.0
47.673787 26.242233 1289632895742 317.5
47.673563 26.24228 1289632898739 314.8
47.673299 26.242371 1289632900736 302.7
47.673075 26.242425 1289632902740 299.6
47.672858 26.242481 1289632904744 293.1
47.672774 26.242491 1289632905741 290.6
47.672406 26.242549 1289632908740 280.9
47.672243 26.242573 1289632910734 279.2
47.672115 26.242537 1289632912738 283.0
47.67193 26.24248 1289632914759 285.7
47.671779 26.242465 1289632915734 287.9
47.671507 26.242481 1289632918733 288.0
47.671397 26.242454 1289632920732 285.7
47.671081 26.242485 1289632922735 282.6
47.670795 26.242538 1289632924737 281.1
47.67065 26.242585 1289632925737 276.2
47.670267 26.242688 1289632928733 269.3
47.670082 26.242747 1289632930727 265.3
47.669814 26.242858 1289632932735 261.5
47.669588 26.24295 1289632934732 262.7
47.669496 26.242999 1289632935735 261.9
47.669315 26.243078 1289632938730 258.7
47.668996 26.243256 1289632940734 257.5
47.668754 26.243458 1289632942730 259.7
47.668487 26.243642 1289632944731 268.8
47.66833 26.243779 1289632945731 273.9
47.668087 26.24401 1289632948728 274.3
47.667988 26.244114 1289632950729 275.1
47.667744 26.244288 1289632952729 278.6
47.66758 26.244419 1289632954732 279.3
47.667515 26.244464 1289632955736 278.0
47.667235 26.244627 1289632958728 295.8
47.667101 26.244758 1289632960728 302.1
47.666946 26.244894 1289632962727 296.8
47.666819 26.24497 1289632964728 289.0
47.66678 26.244981 1289632965730 288.5
47.666698 26.245021 1289632968725 284.8
47.666571 26.245108 1289632970728 278.5
47.666385 26.245225 1289632972728 276.5
47.666275 26.245286 1289632974725 277.1
47.666245 26.245311 1289632975735 276.6
47.665926 26.245566 1289632978726 281.3
47.665829 26.24566 1289632980736 280.1
47.665585 26.24584 1289632982727 272.7
47.66535 26.246027 1289632984732 269.7
47.665233 26.246116 1289632985730 271.4
47.664891 26.246273 1289632988726 270.5
47.664657 26.246407 1289632990733 269.0
47.664412 26.246623 1289632992726 265.8
47.664234 26.246683 1289632994732 262.4
47.664158 26.246695 1289632995735 260.4
47.66386 26.246627 1289632998727 266.9
47.663665 26.246966 1289633000727 271.3
47.663534 26.247306 1289633002744 276.9
47.663444 26.247504 1289633004727 277.6
47.663382 26.247576 1289633005729 278.8
47.663288 26.247757 1289633008733 283.5
47.663224 26.247877 1289633010731 286.2
47.663176 26.247989 1289633012732 287.3
47.663163 26.248074 1289633014728 288.2
47.663154 26.248101 1289633015728 288.0
47.663111 26.248248 1289633018730 286.0
47.662645 26.24892 1289633024728 285.0
47.662476 26.249179 1289633025736 284.7
47.662066 26.249827 1289633028726 284.3
47.661378 26.249872 1289633030725 283.8
47.660788 26.25016 1289633032730 283.5
47.660174 26.250432 1289633034725 284.7
47.659986 26.250525 1289633035736 285.1
47.659641 26.250743 1289633038732 285.2
47.659245 26.250974 1289633040732 286.3
47.658926 26.251232 1289633042725 286.0
47.658638 26.25149 1289633044732 287.1
47.658565 26.251567 1289633045764 287.0
47.658189 26.251854 1289633048733 286.2
47.658072 26.252019 1289633050726 285.8
47.657973 26.25213 1289633052732 286.3
47.657917 26.25222 1289633054731 286.4
47.657904 26.252247 1289633055731 286.4
47.657845 26.252332 1289633058727 286.7
47.657825 26.252361 1289633060726 286.7
47.657806 26.252389 1289633062731 286.7
47.657792 26.252435 1289633064727 286.6
47.657781 26.252459 1289633065731 286.6
47.657561 26.252703 1289633068729 287.6
47.657399 26.252912 1289633070727 287.7
47.657296 26.253073 1289633072745 288.2
47.657143 26.253248 1289633074728 288.5
47.657027 26.253375 1289633075734 288.9
47.656819 26.253641 1289633078730 289.0
47.656341 26.254183 1289633080730 295.4
47.656167 26.254396 1289633082732 295.2
47.655929 26.254593 1289633084739 297.1
47.65568 26.254793 1289633085753 298.6
47.655211 26.255417 1289633088735 298.8
47.654993 26.255642 1289633090730 298.4
47.654883 26.25588 1289633092909 298.3
47.654632 26.256141 1289633094737 298.3
47.654507 26.256234 1289633095730 297.8
47.654035 26.256623 1289633098745 291.2
47.653624 26.256919 1289633100733 287.4
47.653303 26.257126 1289633102729 287.6
47.653109 26.257255 1289633104748 287.6
47.653026 26.257313 1289633105733 288.1
47.652773 26.25743 1289633108727 292.3
47.652679 26.257495 1289633110726 293.2
47.652563 26.257572 1289633112734 291.8
47.652312 26.257836 1289633114727 293.7
47.652221 26.25795 1289633115736 294.8
47.652021 26.258188 1289633118728 298.5
47.65191 26.258393 1289633120733 298.4
47.651566 26.258662 1289633122728 297.0
47.65125 26.258976 1289633124734 292.2
47.651167 26.25911 1289633125756 291.8
47.650739 26.259795 1289633128729 308.9
47.650543 26.260137 1289633130728 311.2
47.650392 26.260378 1289633132730 310.7
47.650156 26.260747 1289633134733 313.9
47.650058 26.26089 1289633135729 311.7
47.64978 26.261351 1289633138729 313.6
47.64963 26.261614 1289633140733 314.2
47.649458 26.261847 1289633142730 315.0
47.649295 26.262063 1289633144743 315.9
47.649232 26.26215 1289633145729 316.1
47.648989 26.262485 1289633148727 316.4
47.648886 26.262626 1289633150727 316.4
47.648745 26.262841 1289633152732 317.4
47.648676 26.262943 1289633154732 317.5
47.648648 26.262984 1289633155732 317.5
47.648529 26.263137 1289633158728 316.2
47.648475 26.26321 1289633160729 315.3
47.648338 26.263348 1289633162730 317.9
47.648168 26.263547 1289633164731 317.4
47.648104 26.263626 1289633165729 316.3
47.647955 26.263791 1289633168726 316.6
47.64787 26.263848 1289633170728 314.8
47.647646 26.263941 1289633172727 313.4
47.647461 26.26399 1289633174729 314.9
47.647359 26.263998 1289633175734 317.3
47.647176 26.264021 1289633178725 322.7
47.647092 26.264041 1289633180730 321.8
47.647048 26.26402 1289633182726 325.2
47.647022 26.264003 1289633184731 323.6
47.647011 26.263986 1289633185734 323.3
47.646941 26.26398 1289633188728 323.6
47.646888 26.263996 1289633190727 322.9
47.64686 26.264003 1289633192728 324.2
47.646905 26.263983 1289633194732 324.9
47.6469 26.263985 1289633195733 324.8
47.646913 26.263988 1289633198731 324.3
47.646901 26.264004 1289633200732 325.4
47.646875 26.264028 1289633202727 325.8
47.646767 26.264033 1289633204755 327.0
47.646711 26.264046 1289633205731 326.3
47.646502 26.264044 1289633208729 325.5
47.646357 26.263989 1289633210730 325.2
47.646206 26.263923 1289633212729 325.6
47.646057 26.263824 1289633214728 325.5
47.645979 26.263763 1289633215730 325.5
47.645716 26.263561 1289633218729 324.7
47.645572 26.263415 1289633220752 325.5
47.645435 26.263235 1289633222728 326.3
47.645274 26.26287 1289633225718 327.6
47.645125 26.262621 1289633228754 327.5
47.645086 26.262553 1289633229764 327.1
47.644949 26.262344 1289633232753 325.5
47.644892 26.262189 1289633234671 325.4
47.64487 26.262097 1289633236672 322.9
47.644841 26.262042 1289633238723 322.4
47.64483 26.262027 1289633239693 322.2
47.644805 26.261966 1289633242694 320.8
47.644718 26.261895 1289633244689 319.8
47.644694 26.261853 1289633246694 319.5
47.644686 26.261847 1289633248669 320.6
47.644662 26.261895 1289633252574 321.2
47.644651 26.26193 1289633253956 321.3
47.644634 26.261977 1289633256694 321.3
47.644642 26.262019 1289633258684 321.8
47.644644 26.262017 1289633260684 321.6
47.644649 26.262013 1289633262684 321.8
47.64465 26.262013 1289633263689 321.8
47.644699 26.262004 1289633266692 322.3
47.644726 26.26204 1289633268694 322.4
47.644741 26.262024 1289633270689 321.9
47.64476 26.261996 1289633272685 322.9
47.644752 26.261978 1289633273684 323.3
47.644784 26.261931 1289633276685 324.3
47.644794 26.261923 1289633278685 324.4
47.644794 26.261915 1289633280692 324.4
47.644802 26.261875 1289633282687 323.8
47.644808 26.261821 1289633283694 323.9
47.644773 26.261735 1289633286689 324.0
47.644728 26.261657 1289633288685 324.1
47.644704 26.261632 1289633290683 324.1
47.644692 26.261618 1289633292689 324.1
47.644691 26.261613 1289633293678 324.1
47.644741 26.261337 1289633302620 324.1
47.644184 26.260042 1289633322617 324.0
47.643772 26.25988 1289633324625 323.9
47.642894 26.259545 1289633326635 324.9
47.642599 26.259345 1289633328630 325.3
47.642452 26.259136 1289633330630 324.8
47.642289 26.258925 1289633332634 325.1
47.642299 26.258864 1289633333632 325.6
47.642354 26.258726 1289633336641 326.3
47.642373 26.258674 1289633338632 327.0
47.642361 26.258604 1289633340630 327.4
47.642324 26.258494 1289633343832 327.6
47.642159 26.258429 1289633346644 325.9
47.642021 26.258284 1289633348631 329.2
47.641917 26.258153 1289633350630 329.9
47.641795 26.258024 1289633352636 329.3
47.64175 26.257933 1289633353622 329.0
47.641648 26.257709 1289633356625 328.3
47.641601 26.257607 1289633358629 328.3
47.641596 26.257439 1289633360625 329.2
47.641568 26.257415 1289633362628 330.2
47.64156 26.257391 1289633363624 330.4
47.641515 26.257294 1289633366621 332.6
47.641504 26.257247 1289633368635 333.4
47.641528 26.257154 1289633370626 334.3
47.641543 26.257063 1289633372623 335.0
47.641559 26.257025 1289633373622 335.6
47.641607 26.256972 1289633376622 337.1
47.6416 26.256976 1289633378624 337.6
47.641558 26.256993 1289633380626 338.6
47.641566 26.256992 1289633382620 339.1
47.641564 26.256997 1289633383619 339.9
47.641587 26.256995 1289633386626 341.7
47.641595 26.25699 1289633388620 342.1
47.641597 26.25698 1289633390618 342.3
47.641587 26.256992 1289633392613 342.3
47.641574 26.257024 1289633393617 342.8
47.641546 26.257016 1289633396613 343.0
47.641546 26.257 1289633398612 343.2
47.641531 26.256982 1289633400619 343.6
47.641482 26.256966 1289633402607 343.3
47.641445 26.25697 1289633403607 343.6
47.641403 26.256931 1289633406605 343.9
47.641384 26.256912 1289633408609 344.0
47.641492 26.256827 1289633410615 345.5
47.641613 26.256742 1289633412603 347.0
47.641647 26.256719 1289633413605 347.4
47.641646 26.256728 1289633416603 347.9
47.641675 26.256587 1289633497546 347.8
47.641577 26.256674 1289633499571 347.7
47.641712 26.256712 1289633501578 348.3
47.641689 26.256789 1289633502568 349.6
47.641691 26.256885 1289633505574 349.7
47.641675 26.25695 1289633507569 349.0
47.641645 26.256985 1289633509567 347.3
47.641634 26.256996 1289633511565 346.3
47.641636 26.256999 1289633512567 346.5
47.641614 26.257044 1289633515567 346.1
47.641609 26.257047 1289633517594 346.0
47.641565 26.257029 1289633518781 346.0
47.641544 26.256939 1289633521583 345.3
47.641521 26.256897 1289633522585 345.3
47.64141 26.256781 1289633525564 344.3
47.641311 26.256734 1289633527563 344.6
47.641258 26.256569 1289633529560 344.6
47.641166 26.256458 1289633531584 343.7
47.64107 26.256351 1289633533585 342.2
47.640997 26.256297 1289633535595 340.7
47.640946 26.256263 1289633536570 340.8
47.640891 26.256203 1289633539572 341.2
47.640906 26.256189 1289633540562 341.3
47.640916 26.256154 1289633543581 342.0
47.640905 26.25614 1289633545558 342.6
47.640881 26.256136 1289633547576 342.5
47.640864 26.255997 1289633549581 342.4
47.640843 26.255931 1289633550580 342.7
47.640803 26.255616 1289633553560 343.2
47.640787 26.255383 1289633555637 343.4
47.640769 26.255122 1289633557567 343.4
47.640749 26.254835 1289633559556 342.8
47.640739 26.254622 1289633561568 342.5
47.640732 26.254477 1289633563561 342.3
47.640729 26.254425 1289633564562 342.2
47.640704 26.254291 1289633567565 342.5
47.640699 26.254151 1289633569561 342.5
47.640739 26.253898 1289633571555 343.2
47.640762 26.253806 1289633573554 343.4
47.640765 26.253793 1289633574549 343.4
47.640768 26.253747 1289633577545 343.2
47.640762 26.253737 1289633578549 343.2
47.644623 26.248896 1289633699504 340.6
47.645026 26.248927 1289633701472 340.4
47.645178 26.249002 1289633703490 339.2
47.645202 26.248975 1289633704498 339.1
47.645225 26.248938 1289633707493 339.1
47.645183 26.248907 1289633709494 339.1
47.645156 26.248888 1289633711494 339.1
47.645132 26.248875 1289633713484 339.2
47.645177 26.248858 1289633715491 339.2
47.645156 26.248836 1289633717485 339.2
47.645145 26.24883 1289633718486 339.3
47.645139 26.248807 1289633721489 339.3
47.645131 26.248805 1289633723486 339.3
47.645141 26.248803 1289633725486 339.3
47.64516 26.248804 1289633727484 339.3
47.645164 26.248803 1289633728489 339.3
47.645254 26.248832 1289633731484 339.3
47.645265 26.248836 1289633733481 339.3
47.645287 26.248833 1289633735493 339.3
47.645296 26.248825 1289633737482 339.3
47.645298 26.248824 1289633738479 339.3
47.645314 26.248788 1289633741490 339.3
47.645312 26.248774 1289633743487 339.3
47.645327 26.248748 1289633745481 339.3
47.645325 26.248751 1289633747487 339.3
47.645318 26.248751 1289633748488 339.3
47.645333 26.248741 1289633751478 339.3
47.645324 26.248753 1289633753479 339.3
47.645309 26.248768 1289633755483 339.3
47.645308 26.248763 1289633757486 339.3
47.645308 26.248762 1289633758477 339.3
47.64531 26.248755 1289633761472 339.3
47.645309 26.248754 1289633762468 339.3
47.64529 26.248746 1289633765464 339.3
47.645286 26.248749 1289633767471 339.3
47.645276 26.248735 1289633768475 339.3
47.645178 26.248901 1289633771472 339.5
47.64518 26.248851 1289633773472 339.5
47.64515 26.248865 1289633775479 339.6
47.645246 26.248851 1289633777478 339.6
47.64528 26.248846 1289633778477 339.6
47.645313 26.248894 1289633781466 339.6
47.645305 26.248907 1289633783471 339.6
47.645369 26.248936 1289633785468 339.6
47.645402 26.248941 1289633787469 339.6
47.645434 26.248942 1289633788475 339.6
47.645455 26.248968 1289633791462 339.6
47.645471 26.248976 1289633793459 339.6
47.645497 26.248974 1289633795466 339.6
47.64549 26.249 1289633797467 339.6
47.645486 26.249016 1289633799466 339.6
47.645484 26.249013 1289633800462 339.6
47.645484 26.248988 1289633803460 339.6
47.645324 26.24879 1289633809462 339.7
47.645148 26.249012 1289633811454 339.8
47.645019 26.248933 1289633813461 339.8
47.644925 26.248971 1289633817456 339.9
47.644904 26.24898 1289633818455 339.9
47.644875 26.249087 1289633821452 340.0
47.64487 26.249084 1289633823429 340.0
47.644856 26.249059 1289633827460 340.0
47.644849 26.249086 1289633828457 340.0
47.644876 26.249076 1289633831444 339.9
47.644797 26.248978 1289633833446 340.0
47.644842 26.24897 1289633835436 340.0
47.644847 26.248962 1289633836436 340.0
47.644876 26.248951 1289633838434 340.0
47.644905 26.248823 1289633841435 340.0
47.644968 26.248794 1289633843443 340.0
47.644973 26.248777 1289633846427 340.0
47.645088 26.248622 1289633853433 339.9
47.645168 26.248697 1289633855417 339.8
47.645148 26.248775 1289633857430 340.0
47.645228 26.24877 1289633858438 340.0
47.645279 26.248791 1289633861441 340.0
47.645267 26.248791 1289633863410 340.0