47.668101 26.243516 1289736514970 164.5
47.668226 26.243383 1289736517006 166.8
47.668603 26.243343 1289736519627 189.7
47.668737 26.243296 1289736521526 194.6
47.668855 26.243295 1289736523268 205.6
47.669159 26.24285 1289736528771 207.4
47.669297 26.242783 1289736529332 206.9
47.669427 26.242724 1289736531826 214.2
47.669789 26.242562 1289736533322 219.5
47.669972 26.242542 1289736534616 222.8
47.6703 26.242537 1289736537328 224.8
47.670362 26.24253 1289736538332 225.1
47.670485 26.242511 1289736541314 224.8
47.670778 26.242567 1289736543331 227.3
47.670946 26.242592 1289736545332 230.4
47.67107 26.242573 1289736547333 232.3
47.671114 26.242586 1289736548321 234.6
47.671465 26.242548 1289736552576 240.1
47.671528 26.242543 1289736554181 239.8
47.671629 26.242538 1289736556193 241.0
47.671707 26.242559 1289736557324 244.6
47.671802 26.242525 1289736560410 248.4
47.671842 26.242522 1289736562019 251.2
47.671906 26.242486 1289736563323 255.8
47.672065 26.242375 1289736566323 262.3
47.672119 26.242355 1289736567319 264.3
47.672464 26.242421 1289736572506 255.8
47.672605 26.242214 1289736575313 255.9
47.672625 26.242147 1289736577643 255.8
47.672709 26.241951 1289736579323 255.5
47.672828 26.241876 1289736581324 256.3
47.672847 26.241869 1289736582315 256.2
47.672899 26.241883 1289736585334 255.8
47.673477 26.241644 1289736587323 262.7
47.673686 26.241425 1289736589326 258.8
47.673906 26.241108 1289736591318 254.2
47.674175 26.240819 1289736592322 250.6
47.674422 26.240551 1289736595319 248.8
47.674577 26.240454 1289736596323 248.7
47.674818 26.240303 1289736599317 248.3
47.675259 26.239987 1289736601313 249.4
47.675767 26.239527 1289736604326 248.7
47.676057 26.239136 1289736606320 249.7
47.676963 26.238476 1289736609319 252.3
47.677079 26.238381 1289736610318 252.1
47.677456 26.237962 1289736613314 255.5
47.677504 26.237941 1289736614318 255.6
47.67825 26.237616 1289736617326 256.3
47.678488 26.23744 1289736619316 258.9
47.678552 26.237389 1289736620318 259.6
47.678667 26.237208 1289736623307 260.9
47.678737 26.237056 1289736625298 261.2
47.678761 26.236983 1289736627301 261.1
47.67884 26.236929 1289736629296 260.3
47.678855 26.236906 1289736630300 260.1
47.679298 26.23649 1289736633297 258.7
47.679764 26.236176 1289736635298 257.6
47.680243 26.235956 1289736637328 260.6
47.680745 26.235715 1289736639300 264.2
47.680891 26.235564 1289736640298 263.4
47.681322 26.23511 1289736643299 260.8
47.681655 26.234787 1289736645298 254.4
47.682085 26.23448 1289736647296 261.4
47.682385 26.234218 1289736649296 252.8
47.682514 26.234099 1289736650296 253.8
47.682765 26.233818 1289736653299 254.1
47.683053 26.233573 1289736655294 257.7
47.683284 26.233332 1289736657289 260.9
47.683465 26.233227 1289736659295 267.1
47.683532 26.233197 1289736660288 267.6
47.683643 26.232983 1289736663295 267.9
47.683783 26.23291 1289736665291 272.2
47.683911 26.232639 1289736667315 274.8
47.684243 26.232462 1289736669285 295.5
47.684289 26.232119 1289736670289 290.9
47.684436 26.231165 1289736673287 256.6
47.684659 26.230474 1289736675288 264.6
47.684872 26.230048 1289736677285 272.3
47.685121 26.229788 1289736679285 283.3
47.685205 26.229591 1289736680287 284.9
47.685468 26.229051 1289736683283 285.2
47.685634 26.228672 1289736685287 287.5
47.685772 26.228228 1289736687281 291.7
47.685923 26.227884 1289736689280 292.9
47.685984 26.227727 1289736690283 295.4
47.68626 26.227111 1289736693284 297.1
47.686443 26.226595 1289736695276 296.2
47.686652 26.226171 1289736697281 296.9
47.686851 26.22576 1289736699278 297.7
47.687024 26.225303 1289736701313 297.5
47.687207 26.224895 1289736703278 298.2
47.687291 26.224656 1289736704298 298.3
47.687554 26.223935 1289736707277 298.3
47.687747 26.223516 1289736709282 298.4
47.687922 26.223055 1289736711277 299.9
47.688095 26.222569 1289736713278 300.5
47.68819 26.222342 1289736714273 300.3
47.688484 26.221634 1289736717279 301.1
47.688679 26.221166 1289736719282 301.6
47.688869 26.220666 1289736721281 301.9
47.689062 26.220177 1289736723266 302.3
47.689162 26.219943 1289736724265 302.7
47.689468 26.219259 1289736727269 302.9
47.689657 26.218771 1289736729270 303.2
47.689847 26.218314 1289736731262 303.5
47.690039 26.217894 1289736733258 303.6
47.69013 26.217685 1289736734275 303.7
47.690358 26.217093 1289736737269 303.9
47.690492 26.216716 1289736739271 303.6
47.690567 26.216448 1289736741263 303.0
47.690561 26.215905 1289736743262 300.5
47.690574 26.215649 1289736744263 300.4
47.690798 26.215189 1289736747267 301.4
47.69092 26.215059 1289736749268 300.6
47.691019 26.214789 1289736751273 299.2
47.691136 26.214546 1289736753269 297.8
47.691175 26.214505 1289736754263 297.7
47.691362 26.21411 1289736757269 295.5
47.691533 26.213728 1289736759307 295.3
47.691784 26.213299 1289736761270 295.7
47.692032 26.212758 1289736763257 295.5
47.692141 26.212522 1289736764262 295.6
47.692396 26.211647 1289736767260 295.4
47.692534 26.211347 1289736769260 294.8
47.692748 26.210824 1289736771260 289.5
47.692995 26.21027 1289736773262 279.9
47.69311 26.210001 1289736774257 277.7
47.69341 26.209176 1289736777257 263.8
47.693617 26.208633 1289736779261 263.4
47.693783 26.208163 1289736781254 264.5
47.693994 26.207697 1289736783259 269.5
47.694076 26.207458 1289736784255 273.6
47.694472 26.206792 1289736787257 286.7
47.694662 26.206274 1289736789258 291.7
47.694887 26.205838 1289736791257 292.7
47.695088 26.205282 1289736793253 294.6
47.695208 26.205022 1289736794261 295.6
47.695552 26.204108 1289736797255 298.4
47.695808 26.203529 1289736799253 299.2
47.69603 26.20292 1289736801252 300.6
47.696238 26.202456 1289736803252 301.1
47.696397 26.202151 1289736804251 301.5
47.696828 26.201307 1289736807248 300.3
47.697115 26.200604 1289736809249 297.9
47.697402 26.199916 1289736811238 296.8
47.697663 26.199294 1289736813245 297.2
47.697799 26.198956 1289736814245 297.4
47.698141 26.198144 1289736817246 296.3
47.698416 26.19752 1289736819242 297.0
47.69863 26.196967 1289736821248 295.0
47.698851 26.196265 1289736823242 290.6
47.69894 26.196002 1289736824238 289.7
47.699208 26.195149 1289736827242 292.1
47.69942 26.194641 1289736829242 289.4
47.699641 26.194098 1289736831240 286.0
47.699875 26.193616 1289736833243 285.9
47.700033 26.193295 1289736834241 286.3
47.700345 26.192576 1289736837240 287.4
47.700581 26.192044 1289736839245 288.8
47.700824 26.191528 1289736841241 290.7
47.701011 26.19083 1289736843241 286.9
47.701146 26.190493 1289736844239 288.6
47.701553 26.18966 1289736847244 292.2
47.701754 26.189152 1289736849240 291.2
47.701881 26.188721 1289736851238 298.4
47.702253 26.188068 1289736853238 300.5
47.702462 26.187709 1289736854242 302.0
47.702937 26.186491 1289736857242 316.5
47.703154 26.185805 1289736859233 313.4
47.703399 26.185086 1289736861232 311.9
47.703658 26.184458 1289736863232 313.5
47.703781 26.183951 1289736864236 309.7
47.704187 26.183141 1289736867231 311.2
47.704419 26.182211 1289736869230 306.2
47.704774 26.181547 1289736871229 308.4
47.70502 26.180662 1289736873228 312.1
47.705184 26.180308 1289736874230 313.0
47.705591 26.179203 1289736877223 312.3
47.705907 26.178502 1289736879224 315.7
47.706251 26.177837 1289736881231 312.7
47.706568 26.177248 1289736883219 318.4
47.706728 26.176864 1289736884222 316.6
47.707213 26.175765 1289736887218 325.8
47.707517 26.174944 1289736889218 317.8
47.707736 26.174426 1289736891220 318.1
47.708095 26.173718 1289736893223 324.0
47.708208 26.173486 1289736894221 324.3
47.708447 26.173007 1289736897221 317.6
47.708651 26.172733 1289736899220 323.9
47.708679 26.1725 1289736901221 324.7
47.708732 26.172415 1289736903215 322.6
47.70875 26.172328 1289736904217 319.8
47.708883 26.172244 1289736907211 315.1
47.708975 26.172254 1289736909217 313.3
47.709024 26.172227 1289736911209 312.4
47.709133 26.172207 1289736913209 312.8
47.709149 26.172204 1289736914212 312.8
47.710058 26.170554 1289736917219 319.3
47.710696 26.169228 1289736919216 321.9
47.711194 26.167749 1289736921213 323.5
47.711753 26.166982 1289736923254 323.6
47.711811 26.166687 1289736924213 323.5
47.711896 26.166011 1289736927210 323.4
47.711721 26.165433 1289736929211 323.3
47.711716 26.164922 1289736931206 323.4
47.712669 26.161845 1289736933206 316.7
47.712868 26.161298 1289736934206 316.0
47.713301 26.160465 1289736937204 315.2
47.713595 26.159811 1289736939203 321.9
47.713741 26.159349 1289736941212 330.2
47.713998 26.158766 1289736943235 334.9
47.714124 26.15853 1289736944200 337.6
47.714474 26.157863 1289736947205 338.8
47.714607 26.157547 1289736949204 337.2
47.714693 26.157322 1289736951199 336.3
47.715048 26.157009 1289736954239 345.7
47.715061 26.156637 1289736957205 339.0
47.715072 26.156562 1289736958204 338.3
47.715686 26.155218 1289736961194 334.9
47.715977 26.154327 1289736963205 327.6
47.71603 26.154144 1289736964203 325.6
47.71645 26.153208 1289736967200 318.1
47.7166 26.152683 1289736969199 316.4
47.716684 26.15249 1289736971196 316.9
47.716711 26.152448 1289736973192 316.7
47.716716 26.152437 1289736974190 316.7
47.716853 26.152285 1289736977189 316.7
47.716953 26.151805 1289736979181 317.0
47.71719 26.151597 1289736981184 317.6
47.717375 26.151667 1289736983184 317.7
47.718003 26.149819 1289736985183 318.0
47.719108 26.1479 1289736987183 318.1
47.719321 26.147643 1289736989179 317.9
47.720082 26.147044 1289736991175 318.1
47.72016 26.146792 1289736993186 318.3
47.720835 26.146505 1289736995179 318.5
47.721174 26.146046 1289736997181 318.0
47.721283 26.145834 1289736998184 318.0
47.721737 26.145457 1289737001181 318.3
47.722187 26.145422 1289737003175 319.0
47.722338 26.145419 1289737005176 319.1
47.722327 26.145355 1289737007175 319.0
47.722329 26.145341 1289737008172 319.0
47.722007 26.144996 1289737011176 317.1
47.721749 26.144804 1289737013175 317.8
47.721583 26.144669 1289737015172 318.3
47.721273 26.144591 1289737017170 318.4
47.721095 26.144551 1289737018176 316.7
47.720528 26.144425 1289737021169 316.8
47.72018 26.144464 1289737023162 319.0
47.719892 26.144543 1289737025170 319.9
47.71955 26.1446 1289737027166 318.4
47.719403 26.144565 1289737028172 318.1
47.719074 26.144495 1289737031166 316.7
47.718898 26.144318 1289737032161 314.3
47.718377 26.143788 1289737035175 313.7
47.718362 26.143772 1289737037174 308.5
47.718305 26.143731 1289737038172 308.1
47.717701 26.143129 1289737041158 307.0
47.717302 26.142643 1289737043158 303.8
47.716988 26.142231 1289737045156 302.2
47.716717 26.141878 1289737047155 301.8
47.716565 26.141705 1289737048158 301.4
47.716152 26.141256 1289737051151 300.4
47.715875 26.140937 1289737053153 300.6
47.715597 26.140623 1289737055155 298.1
47.71524 26.140242 1289737057152 298.5
47.715076 26.140077 1289737058150 298.4
47.714654 26.139596 1289737061157 297.9
47.714391 26.139336 1289737063150 297.0
47.714192 26.139109 1289737065146 296.7
47.714035 26.138938 1289737067147 296.0
47.713996 26.138879 1289737068151 295.4
47.713994 26.138821 1289737071145 293.5
47.714023 26.138835 1289737073143 293.4
47.714053 26.138829 1289737075145 293.7
47.714046 26.13884 1289737077145 293.9
47.714059 26.138842 1289737078147 294.3
47.714061 26.138873 1289737081143 295.4
47.714057 26.138888 1289737083179 295.5
47.714073 26.138891 1289737085141 296.1
47.714059 26.138901 1289737087141 296.7
47.714057 26.138903 1289737088143 297.3
47.714028 26.138914 1289737091141 296.8
47.714017 26.138931 1289737093140 297.2
47.714037 26.138941 1289737095140 297.2
47.714057 26.138951 1289737097143 297.4
47.714077 26.138954 1289737098139 297.5
47.714101 26.138938 1289737101135 298.8
47.71411 26.138906 1289737103136 303.4
47.714118 26.138904 1289737105139 303.5
47.714121 26.138885 1289737107134 304.8
47.714127 26.138877 1289737108136 304.8
47.714132 26.138864 1289737111130 304.6
47.714122 26.138857 1289737113131 304.3
47.714121 26.138856 1289737115126 303.9
47.714116 26.138855 1289737117128 303.8
47.714134 26.138858 1289737118129 303.9
47.714135 26.138868 1289737121129 304.0
47.714137 26.138861 1289737123118 303.8
47.714133 26.138857 1289737125126 303.6
47.714142 26.138852 1289737127121 303.2
47.714154 26.138851 1289737128127 303.2
47.714126 26.138857 1289737131122 302.7
47.714094 26.138889 1289737133123 302.8
47.714103 26.138925 1289737135124 302.3
47.71413 26.13894 1289737137118 302.0
47.714139 26.138943 1289737138119 301.9
47.71413 26.138966 1289737141120 300.9
47.714126 26.138966 1289737143119 300.5
47.71414 26.138956 1289737145119 300.1
47.714121 26.138973 1289737147120 299.6
47.714125 26.138968 1289737148118 299.3
47.714102 26.138974 1289737151115 298.7
47.714084 26.138992 1289737153115 298.7
47.714088 26.138996 1289737155117 298.6
47.714063 26.139019 1289737157114 298.1
47.714051 26.139029 1289737158114 298.1
47.714084 26.138996 1289737161112 297.5
47.714085 26.138982 1289737163116 297.4
47.714091 26.138978 1289737165110 297.2
47.714103 26.138963 1289737167107 297.2
47.714103 26.138961 1289737168113 297.1
47.714104 26.138953 1289737171108 297.2
47.714102 26.138954 1289737173108 297.2
47.71413 26.138935 1289737175107 297.3
47.714159 26.138925 1289737177109 297.1
47.714164 26.138923 1289737178107 297.2
47.714156 26.138918 1289737181110 296.8
47.714152 26.138918 1289737183102 296.8
47.714151 26.138914 1289737185101 296.9
47.714147 26.138921 1289737187103 296.9
47.714144 26.138927 1289737188103 296.9
47.714117 26.13896 1289737191102 296.7
47.714091 26.138996 1289737193103 296.6
47.714068 26.139019 1289737195104 296.4
47.714033 26.139038 1289737197101 296.4
47.714027 26.139042 1289737198107 296.2
47.714027 26.139046 1289737201099 296.0
47.71403 26.139053 1289737203099 295.8
47.714023 26.139062 1289737205096 295.3
47.71402 26.13907 1289737207096 295.3
47.714033 26.139059 1289737208097 295.9
47.714013 26.139068 1289737211098 296.0
47.714008 26.139059 1289737213096 295.8
47.714008 26.139046 1289737215094 296.0
47.71399 26.139057 1289737217102 296.2
47.713987 26.139049 1289737218093 296.4
47.713983 26.139036 1289737221093 297.1
47.713988 26.139039 1289737223094 297.6
47.71399 26.139048 1289737225086 298.1
47.713971 26.139054 1289737227088 296.7
47.713969 26.139046 1289737228090 297.0
47.713854 26.139007 1289737231087 297.9
47.713831 26.13898 1289737232091 298.7
47.713799 26.138859 1289737235090 299.3
47.713459 26.13846 1289737237090 295.4
47.713248 26.138267 1289737239092 293.2
47.712845 26.137842 1289737241092 290.2
47.7127 26.137697 1289737242089 291.1
47.712275 26.13715 1289737245088 289.0
47.712017 26.136899 1289737247084 291.0
47.711862 26.136731 1289737249085 291.2
47.711529 26.136301 1289737251084 286.4
47.711408 26.136161 1289737252089 288.2
47.711153 26.13588 1289737255082 283.9
47.711027 26.135732 1289737257083 277.7
47.710871 26.135648 1289737259077 277.7
47.710574 26.135451 1289737261077 274.0
47.710404 26.135261 1289737262087 270.2
47.709891 26.134669 1289737265077 249.7
47.709671 26.134369 1289737267075 244.8
47.709525 26.13378 1289737269083 301.3
47.709323 26.133525 1289737271083 300.1
47.709261 26.133504 1289737272076 302.5
47.709028 26.133231 1289737275082 314.2
47.70901 26.133175 1289737277085 315.2
47.708935 26.133108 1289737279082 319.8
47.708931 26.132953 1289737281082 321.5
47.70891 26.132917 1289737282072 320.8
47.708803 26.132827 1289737285071 318.0
47.708676 26.132761 1289737286121 321.8
47.708722 26.131952 1289737289067 322.1
47.708295 26.130279 1289737291079 321.2
47.707786 26.126731 1289737293076 320.2
47.707691 26.125793 1289737295067 315.7
47.707487 26.125222 1289737297067 315.1
47.70732 26.124781 1289737299070 313.1
47.707123 26.124423 1289737301074 310.4
47.70709 26.124299 1289737302111 309.4
47.706928 26.123695 1289737305072 307.8
47.706892 26.123553 1289737307067 307.0
47.706797 26.123109 1289737309062 322.2
47.706725 26.122986 1289737311065 325.7
47.706698 26.122912 1289737312075 327.8
47.706665 26.122779 1289737315065 327.4
47.706633 26.122728 1289737317059 323.0
47.706609 26.122707 1289737319072 323.1
47.706502 26.122622 1289737321064 321.5
47.706437 26.122559 1289737322069 320.9
47.706334 26.122346 1289737325064 318.4
47.706287 26.122268 1289737327057 317.4
47.706208 26.122151 1289737329062 314.8
47.706037 26.121921 1289737331058 314.9
47.705975 26.121902 1289737332066 314.3
47.705736 26.121612 1289737335057 307.2
47.705625 26.121552 1289737336061 304.2
47.704236 26.120456 1289737341050 301.3
47.703949 26.12048 1289737342052 300.7
47.702999 26.120623 1289737349052 301.4
47.701852 26.121674 1289737351048 300.8
47.701712 26.121636 1289737352048 300.4
47.700842 26.122077 1289737355048 299.8
47.700364 26.122329 1289737357046 299.6
47.699861 26.122698 1289737359053 299.3
47.699412 26.123041 1289737361053 298.6
47.699183 26.123176 1289737362053 298.7
47.698715 26.123517 1289737365042 297.7
47.698511 26.123594 1289737367050 298.3
47.698363 26.123619 1289737369036 296.7
47.698114 26.123571 1289737371044 295.1
47.698087 26.123595 1289737372042 294.7
47.697976 26.123609 1289737374044 293.8
47.697498 26.123734 1289737377041 294.0
47.697174 26.123369 1289737379038 292.6
47.696915 26.123027 1289737381029 291.7
47.696845 26.123016 1289737382045 291.5
47.69612 26.122833 1289737385034 287.6
47.695594 26.122585 1289737387036 286.1
47.69514 26.12255 1289737389045 286.1
47.69467 26.122477 1289737391039 285.8
47.694475 26.122432 1289737392034 285.5
47.693932 26.122411 1289737395037 285.8
47.693677 26.122461 1289737397040 286.5
47.693519 26.12248 1289737399030 287.2
47.693331 26.122459 1289737401028 293.6
47.693281 26.122465 1289737402033 293.7
47.693137 26.122452 1289737405028 295.4
47.693142 26.122122 1289737407030 296.0
47.693131 26.121738 1289737409030 296.4
47.693115 26.12137 1289737411019 297.3
47.693116 26.121158 1289737412029 297.5
47.693124 26.120584 1289737415029 298.0
47.69312 26.120256 1289737417027 298.5
47.69312 26.120004 1289737419027 298.7
47.693113 26.119758 1289737421030 298.8
47.693119 26.119639 1289737422027 298.9
47.693134 26.119369 1289737425024 299.4
47.693135 26.119229 1289737427020 299.7
47.693131 26.119115 1289737429022 299.7
47.693133 26.119047 1289737431022 299.8
47.693117 26.118919 1289737432021 300.4
47.693084 26.118797 1289737435021 300.6
47.693047 26.118745 1289737437020 300.3
47.692941 26.118459 1289737439019 300.0
47.69292 26.118017 1289737441021 300.3
47.692924 26.117866 1289737442021 300.1
47.693078 26.117082 1289737445013 300.0
47.693174 26.116555 1289737447017 300.0
47.693269 26.116086 1289737449020 300.0
47.693356 26.115616 1289737451016 299.9
47.693398 26.115319 1289737452025 299.8
47.693552 26.114511 1289737455021 299.6
47.693636 26.114151 1289737457063 299.7
47.693742 26.113612 1289737459016 300.8
47.693857 26.113064 1289737461021 301.6
47.693976 26.112756 1289737462019 301.2
47.694447 26.112034 1289737465019 302.1
47.694721 26.111612 1289737467019 302.6
47.694937 26.111294 1289737469012 303.1
47.695151 26.111017 1289737471011 303.6
47.695235 26.110903 1289737472018 304.3
47.695654 26.110578 1289737475014 307.7
47.696194 26.109989 1289737477019 306.9
47.696522 26.109566 1289737479020 307.6
47.696708 26.109309 1289737481025 307.3
47.696927 26.108933 1289737482018 304.3
47.697634 26.10801 1289737485017 299.2
47.697962 26.107352 1289737487013 301.4
47.698273 26.106721 1289737489015 303.7
47.698517 26.106282 1289737491001 315.4
47.698592 26.106135 1289737492013 317.8
47.698875 26.105669 1289737494999 303.8
47.698903 26.105474 1289737496011 303.1
47.699009 26.105261 1289737499006 303.6
47.699053 26.105189 1289737500995 303.8
47.699042 26.105012 1289737503001 304.7
47.699045 26.104916 1289737504996 305.1
47.69905 26.104904 1289737506000 305.2
47.699264 26.104681 1289737508999 304.2
47.699383 26.104501 1289737510997 302.0
47.699842 26.104064 1289737513003 302.2
47.700371 26.103733 1289737514998 303.0
47.701208 26.102728 1289737516990 302.9
47.702382 26.10154 1289737518988 302.7
47.702639 26.101237 1289737520990 303.7
47.702923 26.1011 1289737522994 303.7
47.702996 26.101038 1289737524990 303.7
47.703054 26.101018 1289737525991 303.8
47.703312 26.100975 1289737527989 304.0
47.704768 26.098816 1289737530991 303.7
47.704875 26.098622 1289737532988 303.6
47.706003 26.095708 1289737534994 303.4
47.7068 26.095443 1289737535991 303.7
47.707163 26.094648 1289737538992 303.9
47.70749 26.094287 1289737540999 304.0
47.70775 26.09384 1289737542993 304.0
47.707943 26.093507 1289737544988 304.0
47.708032 26.093374 1289737545991 304.0
47.708456 26.092758 1289737548988 302.5
47.708579 26.092085 1289737550988 301.5
47.708695 26.091463 1289737552985 301.3
47.708839 26.090919 1289737554990 301.2
47.708916 26.090683 1289737555988 301.3
47.709176 26.09008 1289737558987 302.4
47.70931 26.089709 1289737560982 303.2
47.709402 26.089426 1289737562980 303.4
47.709458 26.08926 1289737564981 303.6
47.709475 26.089204 1289737566033 303.6
47.709613 26.089095 1289737568980 303.6
47.70965 26.088942 1289737570988 300.4
47.709824 26.088653 1289737575027 303.6
47.71011 26.088467 1289737575989 303.1
47.710331 26.088186 1289737578991 304.2
47.7112 26.070943 1289737674970 287.6
47.711057 26.070758 1289737675962 283.1
47.7106 26.07025 1289737678968 274.3
47.710428 26.070067 1289737680961 262.4
47.710357 26.069952 1289737682962 260.4
47.710307 26.069904 1289737684967 261.3
47.710288 26.069867 1289737685969 261.5
47.710195 26.069732 1289737688961 265.1
47.710152 26.069621 1289737691009 266.7
47.710111 26.069543 1289737692963 268.1
47.710007 26.069324 1289737694966 272.5
47.709966 26.069259 1289737695963 274.2
47.709794 26.069131 1289737698964 278.8
47.709617 26.068934 1289737700964 279.2
47.709417 26.068668 1289737702963 277.9
47.709206 26.068383 1289737704965 277.0
47.709099 26.068223 1289737705965 277.4
47.708807 26.067766 1289737708963 276.4
47.708596 26.067436 1289737710965 277.1
47.708382 26.06711 1289737712963 278.9
47.708219 26.066846 1289737714964 279.7
47.708151 26.066733 1289737715962 280.3
47.707979 26.066441 1289737718967 279.6
47.707821 26.066156 1289737720976 280.0
47.707648 26.065826 1289737722964 281.1
47.707482 26.065491 1289737724963 281.2
47.707392 26.065307 1289737725963 280.8
47.707113 26.064704 1289737728961 283.8
47.706912 26.064271 1289737730969 287.9
47.706721 26.063863 1289737732968 293.0
47.706538 26.063492 1289737734967 294.1
47.706427 26.063357 1289737735964 294.4
47.706082 26.062993 1289737738968 293.1
47.705938 26.062848 1289737740959 293.4
47.705803 26.062697 1289737742964 296.6
47.705687 26.062647 1289737744964 299.9
47.705624 26.062586 1289737745963 301.9
47.705132 26.062214 1289737748964 305.7
47.704904 26.06202 1289737750973 308.4
47.704704 26.06188 1289737752962 310.2
47.704559 26.061865 1289737754961 309.0
47.704347 26.061856 1289737755962 308.7
47.703872 26.061712 1289737758961 329.7
47.703662 26.061716 1289737760957 340.1
47.703261 26.061632 1289737762962 350.8
47.702847 26.061653 1289737764966 372.5
47.702575 26.06166 1289737765968 378.1
47.701869 26.061559 1289737768955 381.5
47.701437 26.061481 1289737770963 386.3
47.701172 26.06146 1289737772961 387.7
47.700737 26.061252 1289737774967 379.5
47.700554 26.061235 1289737775963 378.6
47.700038 26.061047 1289737778956 370.2
47.699778 26.060811 1289737780974 363.7
47.69954 26.060632 1289737782963 356.9
47.69935 26.06033 1289737784962 348.7
47.699315 26.0603 1289737785960 348.3
47.698947 26.058975 1289737790965 345.3
47.698829 26.058388 1289737792962 347.3
47.698558 26.057854 1289737794963 344.4
47.698454 26.057592 1289737795961 343.2
47.698001 26.056551 1289737798962 340.7
47.697742 26.056115 1289737800982 340.3
47.697498 26.055685 1289737804755 340.2
47.697415 26.055488 1289737804969 340.3
47.697321 26.055274 1289737805975 340.3
47.696765 26.054253 1289737808967 345.5
47.696388 26.053717 1289737813954 345.1
47.69614 26.053505 1289737815422 344.4
47.695895 26.053317 1289737817425 342.3
47.695836 26.053251 1289737818424 342.0
47.695671 26.053116 1289737821424 342.4
47.695598 26.053079 1289737823428 341.4
47.695511 26.053002 1289737825423 340.3
47.695296 26.052796 1289737827425 339.1
47.695178 26.052683 1289737828411 338.8
47.694741 26.05221 1289737831489 338.2
47.694546 26.051994 1289737833417 338.4
47.694388 26.051717 1289737835414 338.4
47.694151 26.051226 1289737837410 343.6
47.694065 26.05107 1289737838414 342.6
47.693764 26.050289 1289737841418 349.3
47.693568 26.049784 1289737843427 345.9
47.693397 26.049245 1289737845415 345.5
47.693263 26.04871 1289737847452 342.8
47.693183 26.048428 1289737848419 341.1
47.692959 26.047682 1289737851429 336.2
47.692818 26.047149 1289737853423 337.8
47.692687 26.046751 1289737855409 332.0
47.692582 26.046313 1289737857419 330.7
47.692503 26.046108 1289737858419 327.2
47.692402 26.0455 1289737861408 321.3
47.692424 26.045028 1289737863418 326.0
47.692369 26.044643 1289737865418 324.7
47.692334 26.044276 1289737867418 316.6
47.692282 26.044138 1289737868414 315.2
47.69194 26.043694 1289737871422 311.8
47.69177 26.043253 1289737873413 268.2
47.691563 26.043038 1289737875420 258.5
47.691308 26.042701 1289737877410 256.4
47.691101 26.042468 1289737878411 249.6
47.690875 26.042149 1289737881402 247.3
47.690646 26.041842 1289737883409 240.0
47.690278 26.041302 1289737885411 253.1
47.689981 26.040946 1289737887405 252.8
47.689804 26.040765 1289737888410 256.8
47.689315 26.040122 1289737891408 257.0
47.689009 26.039719 1289737893400 255.4
47.688717 26.039319 1289737895407 252.6
47.688407 26.0389 1289737897409 240.6
47.688246 26.038696 1289737898405 236.9
47.687676 26.038089 1289737901402 271.4
47.687342 26.037667 1289737903403 272.1
47.687039 26.037276 1289737905398 271.6
47.6867 26.036834 1289737907407 271.3
47.686575 26.03666 1289737908406 272.0
47.686199 26.036292 1289737911456 283.6
47.685935 26.035915 1289737913553 348.5
47.685705 26.035646 1289737915411 346.3
47.685374 26.035164 1289737917407 341.1
47.685253 26.034959 1289737918406 340.2
47.684949 26.034362 1289737921406 337.3
47.684781 26.033931 1289737923398 336.1
47.68465 26.033494 1289737925401 335.3
47.684474 26.033326 1289737927398 335.0
47.68442 26.03317 1289737928407 335.2
47.684222 26.032443 1289737931399 333.5
47.684117 26.032164 1289737933427 332.1
47.68405 26.031963 1289737935396 332.0
47.683931 26.031675 1289737937423 332.6
47.68387 26.0315 1289737939402 334.1
47.683841 26.031372 1289737941400 329.4
47.683822 26.031315 1289737942412 327.5
47.683803 26.030943 1289737945393 330.7
47.683779 26.030795 1289737947395 334.8
47.683779 26.030644 1289737949411 333.0