47.657756 26.235822 1291477701386 0.0
47.658456 26.23463 1291477705406 0.0
47.658912 26.234253 1291477709436 0.0
47.659998 26.233635 1291477713456 0.0
47.660686 26.232552 1291477717477 0.0
47.661393 26.231573 1291477721510 0.0
47.662066 26.230758 1291477725529 0.0
47.662253 26.230312 1291477729552 0.0
47.662807 26.229856 1291477733590 0.0
47.662964 26.229718 1291477737616 0.0
47.66307 26.229492 1291477741639 0.0
47.663428 26.229364 1291477745660 0.0
47.663561 26.229293 1291477749682 0.0
47.663834 26.229107 1291477751693 0.0
47.664298 26.228639 1291477755837 0.0
47.664397 26.227984 1291477759861 0.0
47.664646 26.227627 1291477763888 0.0
47.665188 26.227495 1291477767935 0.0
47.66584 26.227426 1291477772036 0.0
47.666452 26.227302 1291477776082 0.0