47.65359 26.240532 1291475040712 0.0
47.656736 26.237952 1291475044742 0.0
47.657756 26.235822 1291475048843 0.0
47.658456 26.234631 1291475052877 0.0
47.658912 26.234253 1291475056907 0.0
47.659996 26.233637 1291475060970 0.0
47.660686 26.232553 1291475065030 0.0
47.661393 26.231574 1291475069076 0.0
47.662066 26.230759 1291475073131 0.0
47.662325 26.230251 1291475077186 0.0
47.662807 26.229856 1291475081235 0.0
47.662964 26.229718 1291475085296 0.0
47.66307 26.229492 1291475089324 0.0
47.663428 26.229364 1291475093372 0.0
47.663561 26.229293 1291475097525 0.0
47.664128 26.228906 1291475101582 0.0
47.664348 26.228311 1291475105670 0.0
47.664555 26.227758 1291475109841 0.0
47.66494 26.227509 1291475113943 0.0
47.665606 26.227471 1291475117969 0.0
47.66622 26.227349 1291475121997 0.0
47.666509 26.22728 1291475124031 0.0
47.666963 26.227037 1291475128243 0.0
47.667208 26.226759 1291475132273 0.0
47.667436 26.226469 1291475136321 0.0
47.667764 26.226205 1291475140363 0.0
47.667999 26.226116 1291475144408 0.0
47.668228 26.226068 1291475148465 0.0
47.668731 26.225744 1291475152568 0.0
47.669116 26.225412 1291475156653 0.0
47.669394 26.225029 1291475160907 0.0
47.669816 26.224696 1291475164949 0.0
47.670227 26.224375 1291475168977 0.0
47.670432 26.224117 1291475173056 0.0
47.670708 26.22379 1291475177092 0.0
47.671126 26.223328 1291475181165 0.0
47.671392 26.222836 1291475185248 0.0
47.671479 26.222419 1291475189278 0.0
47.671803 26.222121 1291475193314 0.0
47.672219 26.221871 1291475197344 0.0
47.672619 26.221757 1291475201479 0.0
47.673013 26.221685 1291475205543 0.0
47.673423 26.221579 1291475209577 0.0
47.673839 26.221463 1291475213610 0.0
47.674132 26.221219 1291475217647 0.0
47.674378 26.220924 1291475221704 0.0
47.674478 26.220787 1291475225769 0.0
47.674487 26.220755 1291475229790 0.0
47.674712 26.220729 1291475233813 0.0
47.675088 26.220705 1291475237839 0.0
47.675485 26.220548 1291475241886 0.0
47.675914 26.220183 1291475245915 0.0
47.676319 26.219853 1291475249957 0.0
47.676579 26.219732 1291475253987 0.0
47.676709 26.219672 1291475255997 0.0