62.614887 29.743079 1295514732163 -18.6
62.614887 29.743079 1295514734166 -18.6
62.614887 29.743079 1295514736164 -18.6
62.614887 29.743079 1295514738164 -18.6
62.614887 29.743079 1295514740161 -18.6
62.614796 29.743102 1295514742162 41.2
62.614839 29.74311 1295514744163 49.6
62.61486 29.743099 1295514746180 59.2
62.614879 29.743099 1295514748180 65.4
62.614879 29.743073 1295514750184 71.1
62.614883 29.743066 1295514752183 74.4
62.614888 29.743057 1295514754202 79.1
62.614886 29.743038 1295514756191 81.2
62.614894 29.74304 1295514758223 85.1
62.614884 29.743032 1295514760218 84.0
62.614863 29.743102 1295514762192 84.9
62.614849 29.743122 1295514764166 83.7
62.614838 29.743128 1295514766169 84.1
62.61484 29.743131 1295514768167 83.6
62.614838 29.743134 1295514770170 83.5
62.614844 29.743128 1295514772170 83.6
62.614848 29.743126 1295514774161 83.6
62.61485 29.743124 1295514776162 83.6
62.61485 29.743124 1295514778163 83.6
62.61485 29.743124 1295514780162 83.6
62.61485 29.743124 1295514783648 83.6
62.61485 29.743124 1295514784163 83.6
62.614829 29.74285 1295514786191 83.7
62.614822 29.742813 1295514788179 83.7
62.614846 29.742894 1295514790176 83.7
62.614862 29.742936 1295514792178 83.7
62.614878 29.74292 1295514794162 83.7
62.614892 29.742921 1295514796161 83.7
62.614888 29.742867 1295514798170 83.7
62.614883 29.742841 1295514800161 83.7
62.614883 29.742841 1295514802162 83.7
62.614883 29.742841 1295514805690 83.7
62.614882 29.7428 1295514806723 83.7
62.614885 29.7428 1295514808351 83.7
62.614917 29.742795 1295514810177 83.7
62.614984 29.742881 1295514812632 82.7
62.614967 29.742875 1295514814191 82.1
62.614961 29.742883 1295514816279 81.6
62.614958 29.742957 1295514818238 79.5
62.614943 29.742996 1295514820505 77.8
62.61495 29.743076 1295514822195 76.2
62.614949 29.743078 1295514824176 75.9
62.614962 29.743055 1295514826178 75.0
62.614966 29.743023 1295514828200 74.2
62.614968 29.743029 1295514830555 74.1
62.614949 29.743045 1295514832160 73.8
62.614931 29.743041 1295514834170 74.1
62.614928 29.743026 1295514836183 74.2
62.614934 29.743022 1295514838719 74.4
62.614929 29.743024 1295514840163 74.8
62.614928 29.743042 1295514842163 75.0
62.614938 29.743072 1295514845162 75.2
62.614961 29.743062 1295514846177 75.5
62.61496 29.743052 1295514848190 74.8
62.614962 29.743067 1295514850189 74.9
62.614962 29.743071 1295514852207 74.9
62.614962 29.74311 1295514854188 74.4
62.614964 29.743132 1295514856209 74.6
62.614967 29.743174 1295514858177 75.0
62.614963 29.743178 1295514860188 74.6
62.614959 29.743184 1295514862216 74.2
62.61496 29.743191 1295514864206 74.4
62.61496 29.743191 1295514866187 74.4
62.614965 29.743206 1295514868188 74.9
62.614966 29.743211 1295514870189 75.1
62.614974 29.74323 1295514872181 76.2
62.614978 29.743241 1295514874187 76.7
62.61498 29.743258 1295514876656 77.0
62.614981 29.743264 1295514879109 77.7
62.614984 29.743269 1295514880175 78.6
62.614984 29.743272 1295514882163 79.0
62.614974 29.74315 1295514884197 79.7
62.614977 29.743176 1295514886163 80.2
62.614972 29.743187 1295514888165 80.2
62.614963 29.74321 1295514890160 79.8
62.61495 29.743231 1295514892161 79.9
62.614937 29.743248 1295514894161 79.9
62.614931 29.743255 1295514896163 79.7
62.614929 29.743251 1295514898196 79.7
62.614918 29.743242 1295514900200 79.7
62.614916 29.743214 1295514902178 80.3
62.614906 29.743176 1295514904163 81.2
62.614905 29.743165 1295514906162 81.3
62.614904 29.743134 1295514908172 81.5
62.614904 29.743126 1295514910247 81.5
62.614897 29.743144 1295514912160 81.6
62.614898 29.743106 1295514914198 81.6
62.614888 29.743141 1295514916162 81.7
62.614872 29.743142 1295514918166 81.7
62.614874 29.7432 1295514920162 81.8
62.614873 29.743206 1295514922173 81.8
62.614876 29.743233 1295514924160 81.7
62.614877 29.743242 1295514926165 81.7
62.614884 29.743269 1295514928161 81.7
62.614886 29.743279 1295514930168 81.6
62.614893 29.743319 1295514932164 81.5
62.614894 29.743325 1295514934194 81.6
62.614906 29.743324 1295514936164 83.8
62.61491 29.74333 1295514938183 84.2
62.614913 29.743337 1295514940200 83.9
62.614911 29.743349 1295514942165 84.0
62.614908 29.743344 1295514944176 84.1
62.614902 29.743338 1295514946169 83.1
62.614902 29.743341 1295514948177 82.7
62.614918 29.743356 1295514950203 80.8
62.614925 29.743355 1295514952199 81.1
62.614934 29.743346 1295514954210 81.9
62.614943 29.743333 1295514956230 83.9
62.614948 29.74333 1295514958179 84.4
62.61495 29.743312 1295514960179 85.0
62.614949 29.743306 1295514962175 85.4
62.614939 29.743282 1295514964161 87.9
62.614905 29.743256 1295514966160 85.1
62.61489 29.743231 1295514968160 85.9
62.614832 29.743242 1295514970163 85.5
62.614811 29.743246 1295514972216 85.7
62.614813 29.743189 1295514974164 86.6
62.614812 29.743132 1295514976160 85.6
62.614832 29.743106 1295514978160 85.5
62.614846 29.743047 1295514980166 88.0
62.614852 29.743024 1295514982161 88.2
62.614878 29.74294 1295514984179 89.0
62.614893 29.742886 1295514986183 89.1
62.614901 29.742874 1295514988179 87.8
62.614889 29.742838 1295514990179 87.5
62.614888 29.742815 1295514992179 87.1
62.614899 29.742772 1295514994229 88.6
62.614905 29.742748 1295514996161 88.2
62.614882 29.742748 1295514998162 89.2
62.614864 29.742745 1295515000164 86.6
62.61483 29.742768 1295515002168 85.0
62.614819 29.742772 1295515004164 84.1
62.61482 29.742736 1295515006179 81.0
62.614831 29.742799 1295515008180 78.3