62.603394 29.745785 1296560260873 0.0
62.603458 29.745827 1296560268893 0.0
62.603523 29.745325 1296560276871 0.0
62.603493 29.745131 1296560284893 0.0
62.603489 29.744862 1296560292896 0.0
62.603428 29.744795 1296560300900 0.0
62.603058 29.744629 1296560308906 0.0
62.602577 29.744402 1296560316893 0.0
62.602253 29.744232 1296560324905 0.0
62.602043 29.744812 1296560332909 0.0
62.601864 29.745689 1296560340900 0.0
62.601891 29.746967 1296560348890 0.0
62.601582 29.747309 1296560356899 0.0
62.601242 29.747391 1296560364891 0.0
62.600983 29.747063 1296560372901 0.0
62.600464 29.74695 1296560380892 0.0
62.600067 29.74659 1296560388912 0.0
62.599709 29.746071 1296560396892 0.0
62.599369 29.745556 1296560404888 0.0
62.59914 29.745192 1296560412876 0.0
62.598793 29.744879 1296560420877 0.0
62.598412 29.744587 1296560428889 0.0
62.598202 29.744349 1296560436890 0.0
62.598228 29.74416 1296560444885 0.0
62.598286 29.744251 1296560452881 0.0
62.598129 29.74431 1296560460884 0.0