62.615058 29.742464 1302504617261 105.5
62.615058 29.742464 1302504626493 105.5
62.615058 29.742464 1302504628714 105.5
62.615058 29.742464 1302504630539 105.5
62.615058 29.742464 1302504632491 105.5
62.615058 29.742464 1302504634491 105.5
62.615058 29.742464 1302504636506 105.5
62.615053 29.742691 1302504638491 105.6
62.614957 29.743491 1302504642491 105.7
62.614776 29.743843 1302504644491 105.7
62.614731 29.743859 1302504646494 105.7
62.614742 29.743808 1302504648565 105.8
62.614748 29.743805 1302504650491 105.7
62.614726 29.743784 1302504652491 105.7
62.614721 29.743776 1302504654490 105.7
62.614728 29.743694 1302504658511 105.1
62.614728 29.743684 1302504660493 105.1
62.614742 29.743643 1302504662492 105.1
62.614745 29.743625 1302504664493 105.1
62.614756 29.743609 1302504666491 105.1
62.614763 29.7436 1302504668496 105.1
62.614768 29.743592 1302504670491 105.1
62.614792 29.743573 1302504674554 105.1
62.614802 29.743555 1302504676495 105.1