62.638792 29.844142 1302441840636 83.9
62.638822 29.844255 1302441842547 83.8
62.638822 29.844314 1302441844546 83.9
62.638818 29.844375 1302441846551 85.2
62.638807 29.844486 1302441848548 85.9
62.63882 29.844553 1302441850550 86.2
62.638805 29.844753 1302441852550 87.3
62.638794 29.84484 1302441854546 88.1
62.638782 29.844926 1302441856546 88.9
62.638787 29.844998 1302441858548 89.2
62.638766 29.845058 1302441860547 89.4
62.638755 29.845262 1302441862550 90.4
62.638747 29.845391 1302441864545 90.6
62.638732 29.845493 1302441866547 90.7
62.638751 29.845616 1302441870547 91.5
62.638722 29.84577 1302441872550 92.2
62.638734 29.845829 1302441874547 93.4
62.638698 29.845923 1302441876546 93.7
62.638715 29.845999 1302441878548 95.4
62.638714 29.84604 1302441880547 95.5
62.638691 29.846159 1302441882547 96.0
62.638647 29.846212 1302441884550 94.5
62.638641 29.846289 1302441886548 94.5
62.638624 29.846316 1302441888548 93.9
62.638609 29.846334 1302441890547 93.4
62.638594 29.846371 1302441892550 92.5
62.638582 29.84641 1302441894546 92.2
62.63858 29.846493 1302441896558 92.0
62.638566 29.846565 1302441900547 93.1
62.638522 29.84674 1302441902547 94.5
62.638501 29.846839 1302441904550 94.6
62.638483 29.846934 1302441906547 97.2
62.638458 29.847036 1302441908548 97.0
62.638433 29.847062 1302441910546 95.9
62.638419 29.847211 1302441912547 97.5
62.6384 29.847308 1302441914549 99.0
62.63838 29.847408 1302441916547 99.5
62.638396 29.847506 1302441918548 97.4
62.638383 29.847554 1302441920547 99.1
62.638347 29.847694 1302441922547 96.1
62.63834 29.847731 1302441924549 95.9
62.638318 29.847851 1302441926551 97.1
62.63829 29.847964 1302441930547 95.3
62.638297 29.848035 1302441932547 94.4
62.638302 29.848052 1302441934546 94.8
62.63828 29.84819 1302441936547 95.8
62.638248 29.848269 1302441938548 95.1
62.638294 29.848213 1302441940552 94.7
62.638284 29.848224 1302441942550 94.8
62.638317 29.848239 1302441944546 94.8
62.638321 29.848231 1302441946547 93.9
62.638296 29.848258 1302441948547 92.4
62.638264 29.848275 1302441950546 91.5
62.638248 29.848295 1302441952547 92.9
62.63824 29.84831 1302441954549 93.2
62.63822 29.848309 1302441956551 92.1
62.638224 29.848328 1302441960546 92.4
62.638226 29.848358 1302441962547 92.4
62.638228 29.848373 1302441964550 92.2
62.63822 29.848399 1302441966551 92.1
62.638243 29.848416 1302441968548 96.0
62.63824 29.848416 1302441970547 96.7
62.638237 29.848421 1302441972546 97.2
62.638227 29.848417 1302441974550 98.7
62.638229 29.848376 1302441976548 99.5
62.63824 29.84833 1302441978548 100.0
62.638254 29.848302 1302441980548 100.1
62.638266 29.848226 1302441982547 98.4
62.638256 29.848164 1302441984549 98.4
62.638268 29.848032 1302441986550 98.1
62.63827 29.847924 1302441990555 102.3
62.638314 29.847858 1302441992550 102.5
62.638324 29.847829 1302441994547 102.9
62.638334 29.847742 1302441996547 101.6
62.638347 29.84771 1302441998551 99.9
62.638357 29.847686 1302442000547 97.5
62.638344 29.847681 1302442002547 97.8
62.638349 29.847651 1302442004546 97.2
62.638411 29.847532 1302442006547 94.4
62.638416 29.847474 1302442008547 91.4
62.638392 29.847405 1302442010547 88.7
62.638376 29.847376 1302442012547 88.6
62.638352 29.847361 1302442014547 88.8
62.638316 29.847266 1302442016547 88.8
62.638404 29.847043 1302442020548 88.3
62.638429 29.846949 1302442022547 88.7
62.638444 29.846905 1302442024551 89.0
62.638492 29.846774 1302442026551 89.5
62.638515 29.846692 1302442028547 88.3
62.638504 29.846613 1302442030547 88.0
62.63843 29.846527 1302442032547 88.0
62.638398 29.846495 1302442034547 88.0
62.638345 29.846382 1302442036548 88.8
62.638266 29.846367 1302442038547 84.6
62.638208 29.84633 1302442040546 83.7
62.638144 29.846322 1302442042547 81.5
62.638122 29.846263 1302442044547 80.5
62.638014 29.846252 1302442046547 81.1
62.637904 29.846149 1302442050547 78.6
62.637845 29.846098 1302442052547 77.9
62.637823 29.846057 1302442054547 77.4
62.637746 29.846067 1302442056549 76.4
62.637701 29.846055 1302442058547 74.4
62.637651 29.845994 1302442060547 69.2
62.637586 29.845971 1302442062547 69.4
62.63757 29.845942 1302442064547 70.0
62.637546 29.845786 1302442066547 70.0
62.637526 29.845718 1302442068548 73.1
62.637492 29.845688 1302442070547 72.5
62.637504 29.845564 1302442072550 71.3
62.637501 29.845541 1302442074546 71.7
62.637538 29.845343 1302442076548 75.3
62.637548 29.845187 1302442080550 76.2
62.637488 29.84518 1302442082547 77.4
62.637469 29.845147 1302442084547 77.8
62.637392 29.845082 1302442086547 78.2
62.637359 29.844974 1302442088547 78.6
62.637341 29.844924 1302442090546 79.0
62.63729 29.844962 1302442092547 79.9
62.637271 29.844954 1302442094547 80.6
62.63722 29.844885 1302442096547 81.7
62.637156 29.844916 1302442098547 81.3
62.637111 29.844871 1302442100547 81.9
62.637055 29.844848 1302442102547 82.1
62.63703 29.844837 1302442104547 83.5
62.636973 29.844804 1302442106551 84.5
62.63689 29.844805 1302442110548 80.6
62.636855 29.844773 1302442112550 77.7
62.636835 29.844752 1302442114547 78.5
62.636773 29.844734 1302442116550 79.4
62.636749 29.844724 1302442118547 79.6
62.636762 29.844581 1302442120547 79.0
62.636731 29.844446 1302442122547 78.0
62.636698 29.844422 1302442124547 75.4
62.636654 29.844351 1302442126547 77.3
62.636617 29.844312 1302442128547 76.7
62.636588 29.844296 1302442130546 79.3
62.636563 29.844196 1302442132547 79.8
62.636524 29.844271 1302442134547 80.9
62.636489 29.844178 1302442136546 82.1
62.636402 29.844165 1302442140547 84.4
62.636348 29.844197 1302442142547 85.1
62.636324 29.844183 1302442144551 84.8
62.636259 29.844111 1302442146550 84.4
62.636246 29.844026 1302442148547 85.0
62.636215 29.843964 1302442150547 84.4
62.636161 29.843926 1302442152547 83.2
62.63615 29.84388 1302442154547 83.2
62.6361 29.843802 1302442156547 81.3
62.636053 29.8438 1302442158547 82.7
62.636016 29.843743 1302442160547 82.7
62.635972 29.843709 1302442162547 86.8
62.63594 29.843718 1302442164546 87.3
62.635868 29.843685 1302442166547 90.9
62.635812 29.843682 1302442170547 91.4
62.635799 29.843648 1302442172551 91.6
62.635774 29.843617 1302442174550 90.8
62.635722 29.843589 1302442176551 92.7
62.635697 29.843527 1302442178548 93.0
62.635645 29.843495 1302442180546 91.9
62.635609 29.843446 1302442182547 92.3
62.635596 29.843424 1302442184546 92.2
62.635546 29.843346 1302442186547 89.6
62.635559 29.84306 1302442188548 90.9
62.635574 29.84286 1302442190551 90.7
62.63557 29.842796 1302442192547 90.2
62.635558 29.842781 1302442194547 90.5
62.635539 29.842703 1302442196553 89.5
62.635453 29.842639 1302442200547 90.0
62.635405 29.842627 1302442202547 88.8
62.635389 29.84266 1302442204547 89.0
62.635316 29.842664 1302442206548 89.8
62.635274 29.842588 1302442208547 90.6
62.63522 29.84257 1302442210550 90.0
62.635181 29.842516 1302442212551 90.3
62.63516 29.842492 1302442214546 90.2
62.635118 29.8424 1302442216547 89.3
62.635076 29.842403 1302442218604 90.2
62.635041 29.842395 1302442220546 91.1
62.635016 29.842336 1302442222547 90.9
62.635002 29.842314 1302442224551 90.7
62.634951 29.842271 1302442226547 87.5
62.634877 29.842152 1302442230547 79.1
62.634838 29.842105 1302442232547 78.7
62.634809 29.842084 1302442234547 78.7
62.634759 29.842 1302442236548 77.1
62.634747 29.841944 1302442238547 82.3
62.634726 29.841913 1302442240547 83.9
62.634693 29.841862 1302442242547 84.1
62.634676 29.841823 1302442244546 83.2
62.634631 29.841792 1302442246547 86.8
62.634589 29.841756 1302442248563 88.0
62.634547 29.841741 1302442250551 88.9
62.634508 29.84172 1302442252547 90.4
62.634484 29.841681 1302442254547 90.4
62.634418 29.841671 1302442256546 92.6
62.634379 29.841457 1302442260546 92.4
62.634332 29.841418 1302442262547 93.6
62.634307 29.84144 1302442264551 94.4
62.634244 29.841401 1302442266547 95.2
62.634211 29.8414 1302442268548 96.1
62.634195 29.841316 1302442270546 94.0
62.634147 29.841323 1302442272547 91.9
62.634126 29.841325 1302442274547 93.2
62.63406 29.841329 1302442276547 95.5
62.63402 29.841306 1302442278547 95.8
62.633976 29.841276 1302442280547 96.4
62.633933 29.841247 1302442282547 97.1
62.633921 29.841244 1302442284556 98.6
62.633856 29.841186 1302442286547 100.5
62.633762 29.841173 1302442290547 96.3
62.633723 29.841113 1302442292547 95.8
62.633713 29.84108 1302442294547 95.8
62.633648 29.841102 1302442296548 97.3
62.633625 29.841067 1302442298547 99.0
62.633577 29.841004 1302442300546 101.1
62.633536 29.840924 1302442302547 102.5
62.633517 29.84091 1302442304546 103.8
62.633447 29.840848 1302442306551 104.0
62.633414 29.840803 1302442308548 103.9
62.633385 29.840764 1302442310546 110.1
62.633341 29.84075 1302442312547 113.9
62.633322 29.840726 1302442314551 114.2
62.633281 29.840676 1302442316551 114.4
62.633238 29.840664 1302442320547 113.7
62.63322 29.840652 1302442322551 113.5
62.633209 29.84066 1302442324547 113.1
62.633143 29.840643 1302442326547 111.1
62.633111 29.840618 1302442328548 110.0
62.63308 29.840618 1302442330548 108.8
62.633044 29.840594 1302442332546 108.3
62.633014 29.840609 1302442334546 107.4
62.632945 29.840608 1302442336547 106.6
62.632892 29.840562 1302442338548 103.9
62.632848 29.840553 1302442340555 101.2
62.632825 29.840544 1302442342552 101.1
62.632815 29.840558 1302442344550 102.1
62.632783 29.840578 1302442346547 102.6
62.632742 29.840571 1302442350546 103.0
62.632658 29.840613 1302442352547 101.4
62.632636 29.840607 1302442354547 101.5
62.632571 29.840549 1302442356547 101.2
62.632533 29.84051 1302442358547 101.3
62.632513 29.840467 1302442360547 101.8
62.632443 29.840396 1302442362551 99.8
62.632414 29.84036 1302442364546 98.4
62.632311 29.840372 1302442366547 95.0
62.632288 29.840341 1302442368548 93.4
62.63221 29.84032 1302442370546 94.8
62.632148 29.840285 1302442372551 92.5
62.632079 29.84026 1302442374546 91.2
62.632067 29.840123 1302442376550 93.1
62.631689 29.838604 1302442410546 103.5
62.631683 29.838405 1302442412547 99.0
62.631648 29.838316 1302442414547 97.1
62.631628 29.838238 1302442416548 96.4
62.631614 29.838199 1302442418568 97.4
62.63158 29.838072 1302442420552 97.1
62.631546 29.837986 1302442422546 97.6
62.631518 29.837893 1302442424547 96.9
62.631484 29.837808 1302442426552 94.3
62.631468 29.837762 1302442428547 94.2
62.631442 29.837632 1302442430547 95.0
62.631422 29.837519 1302442432546 92.4
62.631404 29.83743 1302442434546 91.1
62.631388 29.837402 1302442436547 93.3
62.631333 29.837291 1302442440547 89.7
62.631323 29.837193 1302442442546 94.8
62.631303 29.837083 1302442444549 95.1
62.63128 29.83696 1302442446547 94.1
62.631271 29.836915 1302442448547 94.1
62.631255 29.836833 1302442450552 92.9
62.631254 29.836762 1302442452546 92.2
62.631244 29.836634 1302442454547 95.1
62.631222 29.836478 1302442456621 94.6
62.631222 29.836478 1302442458547 94.3
62.631213 29.836297 1302442460547 93.7
62.631204 29.836198 1302442462546 93.6
62.63122 29.836115 1302442464551 93.1
62.63122 29.836048 1302442466547 93.4
62.631194 29.83593 1302442470547 94.1
62.63119 29.835868 1302442472546 93.4
62.631164 29.835711 1302442474547 88.9
62.631154 29.835626 1302442476547 88.0
62.631129 29.835558 1302442478547 85.4
62.631078 29.835415 1302442480547 82.3
62.631063 29.835332 1302442482551 81.5
62.63106 29.835252 1302442484547 83.9
62.631078 29.835151 1302442486547 86.3
62.631061 29.83501 1302442488578 84.8
62.63105 29.834904 1302442490547 83.2
62.631007 29.834836 1302442492546 80.8
62.630985 29.834706 1302442494547 80.4
62.630967 29.834584 1302442496547 77.1
62.630928 29.834295 1302442500553 80.7
62.6309 29.834192 1302442502552 81.7
62.63088 29.834123 1302442504560 81.7
62.63087 29.834062 1302442506552 81.2
62.630866 29.834037 1302442508548 80.8
62.630805 29.83386 1302442510547 82.4
62.630802 29.833772 1302442512546 82.2
62.630803 29.833739 1302442514547 81.8
62.6308 29.833688 1302442516547 82.3
62.630805 29.833668 1302442518556 82.3
62.630835 29.833472 1302442520547 81.7
62.63085 29.83338 1302442522546 81.6
62.630836 29.83324 1302442524578 81.7
62.630835 29.833166 1302442526552 81.1
62.6308 29.832938 1302442530546 74.4
62.630818 29.832855 1302442532546 72.3
62.630792 29.832758 1302442534547 73.1
62.630763 29.83261 1302442536554 72.8
62.630763 29.83261 1302442538548 73.7
62.630692 29.832524 1302442540547 73.4
62.630689 29.832449 1302442542546 72.7
62.630672 29.832341 1302442544547 71.8
62.630668 29.832206 1302442546547 73.4
62.630651 29.832185 1302442548547 73.7
62.630629 29.832096 1302442550548 72.6
62.630622 29.832014 1302442552555 74.6
62.6306 29.831941 1302442554554 75.3
62.630591 29.83193 1302442556546 75.4
62.630554 29.831779 1302442560546 76.1
62.630505 29.831591 1302442562551 76.7
62.6305 29.8315 1302442564547 77.4
62.630513 29.831332 1302442566558 78.7
62.630495 29.831268 1302442568556 80.3
62.63048 29.831185 1302442570554 81.0
62.63047 29.831153 1302442572549 81.7
62.630432 29.831072 1302442574554 79.9
62.630432 29.83096 1302442576555 79.2
62.630431 29.830778 1302442578552 79.0
62.630438 29.830666 1302442580547 81.7
62.630432 29.830636 1302442582547 83.2
62.63042 29.830471 1302442584553 85.0
62.630432 29.830337 1302442586551 84.3
62.630388 29.830251 1302442590548 87.1
62.63038 29.830204 1302442592550 87.0
62.630368 29.830098 1302442594547 87.9
62.630384 29.830023 1302442596546 87.8
62.630367 29.829896 1302442598548 86.9
62.63034 29.829789 1302442600545 86.9
62.630327 29.829789 1302442602546 86.9
62.630322 29.829536 1302442604545 86.2
62.630314 29.829479 1302442606546 86.1
62.630306 29.829436 1302442608546 85.5
62.630298 29.829307 1302442610547 84.5
62.630291 29.829252 1302442612550 84.2
62.630252 29.829109 1302442614546 82.3
62.63023 29.828946 1302442616547 80.7
62.630199 29.828715 1302442620547 80.2
62.630203 29.828657 1302442622552 80.0
62.6302 29.828563 1302442624546 80.1
62.630192 29.828408 1302442626552 79.2
62.63016 29.828298 1302442628547 78.9
62.63014 29.828162 1302442630545 77.4
62.630124 29.828095 1302442632551 77.0
62.630079 29.827931 1302442634545 78.0
62.630059 29.82782 1302442636546 76.8
62.630021 29.827748 1302442638546 75.2
62.629999 29.827666 1302442640548 75.0
62.629984 29.827625 1302442642546 75.2
62.629944 29.827537 1302442644546 80.6
62.629921 29.827451 1302442646547 80.1
62.629884 29.827279 1302442650548 80.6
62.629871 29.82725 1302442652546 80.8
62.629799 29.827143 1302442654547 82.5
62.629782 29.827032 1302442656546 82.5
62.62977 29.826885 1302442658548 80.9
62.629752 29.826812 1302442660547 81.2
62.629737 29.82676 1302442662550 79.2
62.629697 29.826612 1302442664546 78.2
62.629696 29.826452 1302442666546 76.0
62.62967 29.826382 1302442668546 75.2
62.629642 29.826302 1302442670546 72.5
62.629622 29.82622 1302442672547 71.5
62.629559 29.826207 1302442674550 69.7
62.62952 29.826257 1302442676552 69.4
62.629446 29.826386 1302442680547 69.0
62.629422 29.82644 1302442682551 69.2
62.629359 29.826542 1302442684547 70.1
62.629318 29.826587 1302442686550 70.1
62.62927 29.826629 1302442688548 71.4
62.629241 29.826662 1302442690545 71.3
62.629214 29.826672 1302442692547 71.7
62.629155 29.826662 1302442694546 73.3
62.6291 29.82664 1302442696546 73.6
62.629043 29.826566 1302442698546 71.6
62.629004 29.826494 1302442700546 72.2
62.628984 29.826457 1302442702551 72.5
62.628946 29.826375 1302442704933 72.6
62.628906 29.82628 1302442706546 72.2
62.628828 29.826117 1302442710546 73.4
62.628797 29.826033 1302442712547 73.4
62.628767 29.825938 1302442714553 72.0
62.628732 29.825908 1302442716547 71.4
62.628716 29.825872 1302442718547 71.6
62.62866 29.825745 1302442720546 69.1
62.628623 29.82567 1302442722551 70.7
62.628589 29.825592 1302442724547 71.4
62.628553 29.825513 1302442726546 72.5
62.628536 29.825483 1302442728547 74.1
62.628487 29.825346 1302442730546 72.2
62.628455 29.825264 1302442732546 74.1
62.628426 29.825195 1302442734547 78.1
62.628369 29.825138 1302442736546 81.6
62.628272 29.825051 1302442740548 84.1
62.62823 29.824934 1302442742547 82.5
62.628189 29.824884 1302442744552 82.1
62.628149 29.824839 1302442746551 80.7
62.628132 29.824795 1302442748551 81.0
62.628075 29.824676 1302442750552 77.5
62.628034 29.82461 1302442752552 78.4
62.628001 29.824521 1302442754546 78.6
62.627973 29.824433 1302442756546 80.3
62.627959 29.82437 1302442758547 79.5
62.627904 29.824239 1302442760547 78.6
62.627874 29.824158 1302442762547 81.5
62.627844 29.824079 1302442764577 84.3
62.627804 29.824022 1302442766546 87.7
62.627738 29.823872 1302442770548 88.7
62.627707 29.823808 1302442772547 88.3
62.627676 29.823684 1302442774751 87.6
62.627649 29.823598 1302442776547 86.8
62.627633 29.823559 1302442778547 87.7
62.627594 29.823426 1302442780547 85.0
62.627561 29.823348 1302442782552 82.8
62.627531 29.823258 1302442784547 83.7
62.627515 29.823181 1302442786546 84.0
62.627508 29.823144 1302442788547 83.9
62.627441 29.823088 1302442790547 84.6
62.627399 29.823007 1302442792546 83.8
62.627347 29.822938 1302442794587 81.9
62.627297 29.82286 1302442796551 81.9
62.627204 29.822715 1302442800547 82.5
62.627175 29.822644 1302442802547 82.6
62.627144 29.822633 1302442804548 83.1
62.627126 29.822634 1302442806546 83.6
62.627123 29.82262 1302442808547 83.1
62.627116 29.822551 1302442810546 82.9
62.627174 29.822531 1302442812552 81.9
62.627182 29.82248 1302442814546 81.8
62.627188 29.822369 1302442816546 78.2
62.627168 29.82232 1302442818546 77.1
62.627097 29.822309 1302442820546 75.6
62.627026 29.822372 1302442822551 77.7
62.627008 29.822541 1302442824547 82.8
62.626975 29.822629 1302442826549 83.3
62.626895 29.822748 1302442830547 85.8
62.626864 29.8228 1302442832547 84.9
62.626826 29.822814 1302442834548 87.9
62.626791 29.822881 1302442836550 83.1
62.626772 29.822912 1302442838547 82.8
62.62669 29.823 1302442840547 78.4
62.626674 29.823086 1302442842546 76.1
62.626649 29.823105 1302442844547 75.5
62.62662 29.823161 1302442846548 76.7
62.6266 29.823223 1302442848547 70.5
62.62651 29.823211 1302442850547 70.0
62.62648 29.823156 1302442852547 71.4
62.626512 29.823142 1302442854547 77.7
62.62652 29.822997 1302442856548 80.4
62.626488 29.822781 1302442860546 82.4
62.626459 29.822707 1302442862547 82.0
62.626409 29.822762 1302442864548 82.6
62.626381 29.822712 1302442866547 82.4
62.626366 29.822674 1302442868547 81.7
62.626334 29.82246 1302442870547 82.2
62.626344 29.822388 1302442872547 83.1
62.626328 29.822348 1302442874547 84.6
62.62633 29.822313 1302442876552 86.5
62.626318 29.822282 1302442878551 86.4
62.626282 29.822095 1302442880547 87.3
62.62627 29.821899 1302442882546 88.0
62.626252 29.821762 1302442884552 88.7
62.626246 29.821644 1302442886552 88.9
62.626169 29.821501 1302442890548 94.9
62.626126 29.821429 1302442892547 91.8
62.626104 29.821358 1302442894548 91.4
62.626082 29.821308 1302442896552 95.3
62.62606 29.821272 1302442898547 96.4
62.626023 29.821138 1302442900545 97.1
62.625986 29.821124 1302442902547 94.6
62.62591 29.821092 1302442904547 96.6
62.625876 29.821054 1302442906551 95.4
62.625836 29.821014 1302442908547 96.7
62.625817 29.820864 1302442910546 95.0
62.625815 29.820804 1302442912576 91.6
62.62578 29.820649 1302442914546 89.0
62.625761 29.820578 1302442916546 89.9
62.625686 29.82055 1302442920546 91.2
62.62566 29.820565 1302442922551 91.1
62.6256 29.820651 1302442924548 91.7
62.625562 29.82073 1302442926546 92.6
62.625522 29.820808 1302442928551 91.6
62.625493 29.820845 1302442930551 89.2
62.625477 29.820874 1302442932545 89.2
62.625442 29.82086 1302442934546 87.9
62.625418 29.820898 1302442936546 87.6
62.625388 29.820943 1302442938546 87.6
62.625361 29.82096 1302442940546 89.6
62.625348 29.820995 1302442942547 89.1
62.625311 29.821056 1302442944546 90.9
62.625285 29.821106 1302442946547 88.2
62.625252 29.82119 1302442950547 88.7
62.625222 29.821243 1302442952547 88.6
62.625161 29.821302 1302442954548 88.1
62.625129 29.821342 1302442956546 86.9
62.625099 29.821383 1302442958547 86.2
62.625079 29.821441 1302442960550 85.7
62.625048 29.821442 1302442962547 86.7
62.624985 29.821524 1302442964546 86.0
62.624944 29.821615 1302442966547 84.3
62.624924 29.821688 1302442968548 84.2
62.624895 29.82171 1302442970547 85.3
62.624886 29.821721 1302442972551 84.6
62.624842 29.82181 1302442974546 83.5
62.624816 29.821907 1302442976547 82.2
62.624726 29.822175 1302442980547 81.7
62.624701 29.822253 1302442982551 79.0
62.624657 29.822402 1302442984547 79.1
62.624626 29.822488 1302442986546 69.7
62.624593 29.822518 1302442988547 71.1
62.624541 29.822597 1302442990546 69.7
62.624522 29.822647 1302442992547 71.2
62.624501 29.82273 1302442994545 74.4
62.624485 29.822792 1302442996546 74.7
62.624464 29.822804 1302442998546 78.1
62.624431 29.822792 1302443000546 82.9
62.624414 29.822767 1302443002547 85.6
62.624348 29.822698 1302443004545 89.6
62.624271 29.822666 1302443006546 90.3
62.624103 29.822749 1302443010547 88.2
62.624063 29.822783 1302443012547 89.8
62.623999 29.822799 1302443014547 88.1
62.623961 29.82281 1302443016546 91.3
62.6239 29.822819 1302443018546 91.2
62.623834 29.822838 1302443020546 88.5
62.623816 29.822834 1302443022550 88.7
62.623721 29.822836 1302443024545 89.5
62.623665 29.822857 1302443026546 89.0
62.623611 29.822836 1302443028547 84.8
62.623553 29.82284 1302443030546 86.9
62.623522 29.822854 1302443032551 87.8
62.623439 29.822827 1302443034545 85.3
62.623384 29.822845 1302443036547 85.3
62.623394 29.822303 1302443040548 86.6
62.623364 29.822277 1302443042547 87.0
62.623274 29.822254 1302443044547 87.6
62.623241 29.82224 1302443046547 87.1
62.623182 29.822264 1302443048547 89.2
62.623114 29.822328 1302443050547 90.6
62.623087 29.822327 1302443052551 90.5
62.623 29.82235 1302443054550 90.5
62.622948 29.82237 1302443056552 89.5
62.622916 29.82235 1302443058551 89.8
62.622855 29.822342 1302443060546 90.1
62.622828 29.822355 1302443062547 90.1
62.622772 29.822342 1302443064550 91.4
62.622724 29.82239 1302443066551 91.3
62.622641 29.822328 1302443070546 90.1
62.622624 29.822321 1302443072547 89.4
62.622571 29.82231 1302443074547 88.0
62.622511 29.82233 1302443076551 88.3
62.622445 29.822364 1302443078547 88.6
62.622378 29.822437 1302443080546 89.0
62.622331 29.822437 1302443082547 88.9
62.622245 29.822421 1302443084547 87.4
62.622191 29.822448 1302443086547 87.4
62.622147 29.822382 1302443088547 86.4
62.622094 29.822442 1302443090546 85.4
62.622078 29.822427 1302443092547 85.5
62.622003 29.822469 1302443094550 81.7
62.62197 29.822452 1302443096546 78.0
62.621882 29.82236 1302443100546 74.6
62.621862 29.822324 1302443102547 74.4
62.621782 29.822354 1302443104547 73.8
62.621757 29.822299 1302443106546 72.1
62.621728 29.822236 1302443108547 70.6
62.62169 29.822236 1302443110547 70.9
62.621674 29.82223 1302443112546 71.0
62.621604 29.822282 1302443114545 69.8
62.621578 29.822253 1302443116547 69.1
62.621542 29.82232 1302443118546 71.5
62.621508 29.822378 1302443120546 73.4
62.621498 29.822412 1302443122551 73.5
62.621474 29.822394 1302443124546 77.6
62.621431 29.822422 1302443126551 78.0
62.621358 29.822375 1302443130548 79.1
62.621335 29.822382 1302443132547 78.9
62.621273 29.822439 1302443134547 79.0
62.621185 29.822446 1302443136546 78.2
62.621123 29.822484 1302443138547 79.0
62.621067 29.822504 1302443140546 79.0
62.621032 29.822548 1302443142550 78.8
62.620953 29.82247 1302443144555 80.1
62.620892 29.822526 1302443146552 87.2
62.620848 29.82246 1302443148551 89.5
62.620791 29.82252 1302443150546 89.3
62.620756 29.82253 1302443152547 89.7
62.620679 29.822479 1302443154550 91.4
62.620617 29.822459 1302443156552 90.6
62.620493 29.822526 1302443160546 86.6
62.620466 29.822504 1302443162547 86.3
62.620406 29.822437 1302443164547 86.4
62.620356 29.822444 1302443166547 88.5
62.620298 29.822434 1302443168547 88.5
62.620239 29.822411 1302443170546 88.2
62.620206 29.822403 1302443172547 88.2
62.620114 29.82241 1302443174550 88.3
62.620057 29.822406 1302443176546 85.9
62.620007 29.822408 1302443178546 84.2
62.619976 29.822394 1302443180551 83.8
62.619954 29.82243 1302443182547 83.7
62.619874 29.82241 1302443184545 81.0
62.619817 29.82242 1302443186547 76.9
62.619715 29.822434 1302443190548 75.8
62.619694 29.822436 1302443192552 75.8
62.619633 29.822391 1302443194547 75.8
62.6196 29.82237 1302443196552 76.7
62.619586 29.822374 1302443198547 77.9
62.619563 29.822383 1302443200546 79.3
62.619531 29.82242 1302443202546 79.6
62.619451 29.822444 1302443204550 80.9
62.619406 29.822462 1302443206552 81.3
62.61936 29.822504 1302443208551 82.0
62.619311 29.822504 1302443210546 83.9
62.619286 29.822493 1302443212547 85.4
62.61917 29.822429 1302443214550 85.9
62.619124 29.82241 1302443216551 85.5
62.61907 29.822446 1302443220547 85.1
62.619064 29.822449 1302443222547 85.2
62.619023 29.822507 1302443224546 85.5
62.61895 29.822586 1302443226545 86.4
62.618897 29.822744 1302443228552 87.0
62.618853 29.822816 1302443230546 85.7
62.61881 29.822824 1302443232547 85.8
62.618761 29.822976 1302443234545 86.2
62.618749 29.823056 1302443236547 86.6
62.618739 29.823081 1302443238547 86.2
62.618719 29.82305 1302443240546 87.8
62.618715 29.823066 1302443242547 87.7
62.61872 29.82318 1302443244545 88.0
62.618726 29.823191 1302443246552 86.0
62.618696 29.823474 1302443250547 85.3
62.618678 29.823534 1302443252547 85.3
62.618651 29.823677 1302443254547 83.5
62.618639 29.823777 1302443256547 83.6
62.618645 29.823871 1302443258552 85.0
62.618643 29.823954 1302443260551 83.8
62.618647 29.82398 1302443262547 83.7
62.618686 29.824106 1302443264547 83.9
62.618682 29.82422 1302443266550 81.8
62.618711 29.824316 1302443268546 80.6
62.618702 29.82445 1302443270547 77.8
62.618723 29.824491 1302443272548 79.1
62.618703 29.824625 1302443274547 76.3
62.618684 29.824748 1302443276546 76.7
62.618641 29.824967 1302443280547 73.9
62.618621 29.825018 1302443282547 72.5
62.61856 29.825204 1302443284547 69.9
62.618548 29.825312 1302443286551 69.8
62.618528 29.825443 1302443288547 68.7
62.618504 29.825547 1302443290547 68.1
62.618516 29.825594 1302443292547 68.2
62.618486 29.82575 1302443294551 68.0
62.618476 29.825843 1302443296552 69.8
62.618457 29.825962 1302443298551 72.0
62.618425 29.826044 1302443300547 74.9
62.618399 29.826042 1302443302551 75.1
62.618271 29.826064 1302443304545 76.1
62.61822 29.826016 1302443306547 77.5
62.618087 29.82608 1302443310552 85.3
62.618051 29.826106 1302443312547 88.2
62.617921 29.826189 1302443314547 92.3
62.617901 29.826194 1302443316547 92.6
62.617888 29.826204 1302443318547 92.5
62.617877 29.826207 1302443320547 92.4
62.617871 29.826207 1302443322546 92.4
62.61787 29.826283 1302443324546 91.5
62.617858 29.826293 1302443326547 90.3
62.617783 29.82623 1302443328546 84.4
62.617769 29.826224 1302443330547 83.3
62.617692 29.826192 1302443332546 78.3
62.617647 29.826166 1302443334551 76.1
62.617638 29.826157 1302443336552 76.8
62.617637 29.826107 1302443340548 79.2
62.61763 29.826123 1302443342566 79.2
62.617625 29.826129 1302443344547 78.8
62.617626 29.826135 1302443346546 78.8
62.617638 29.826133 1302443348551 78.3
62.617643 29.826139 1302443350552 79.7
62.61766 29.826134 1302443352546 80.6
62.617639 29.826141 1302443354546 80.9
62.617648 29.826132 1302443356547 81.5
62.617639 29.826141 1302443358546 82.8
62.617633 29.826148 1302443360546 83.0
62.617624 29.826151 1302443362546 85.8
62.617624 29.826161 1302443364547 86.2
62.617619 29.826163 1302443366546 86.7
62.617611 29.826183 1302443370547 88.1
62.61761 29.826178 1302443372547 88.4
62.617597 29.826188 1302443374547 91.0
62.617594 29.826196 1302443376547 91.3
62.617594 29.826164 1302443378547 91.5
62.61759 29.826135 1302443380547 91.4
62.617597 29.826137 1302443382551 90.8
62.617607 29.826142 1302443384545 89.5
62.617618 29.826139 1302443386548 87.9
62.617602 29.826076 1302443388551 88.1
62.617613 29.826042 1302443390546 89.7
62.617616 29.826058 1302443392547 88.6
62.617603 29.826072 1302443394550 85.7
62.617614 29.826111 1302443396552 86.3
62.617628 29.82618 1302443400547 85.1
62.617644 29.826147 1302443402551 85.2
62.617633 29.826156 1302443404547 84.6
62.617653 29.826095 1302443406552 86.2
62.617657 29.826045 1302443408547 85.6
62.617658 29.82603 1302443410547 85.3
62.61765 29.826062 1302443412551 85.3
62.617647 29.826039 1302443414545 85.4
62.61764 29.826048 1302443416552 85.3
62.617632 29.826086 1302443418551 86.8
62.617625 29.826092 1302443420633 87.5
62.617624 29.826085 1302443422929 87.4