62.615016 29.828127 1303409275907 90.5
62.615106 29.827988 1303409277211 91.7
62.615123 29.827926 1303409279456 91.9
62.61515 29.827921 1303409281180 89.6
62.615146 29.827921 1303409283180 90.0
62.615076 29.827967 1303409285181 92.9
62.61509 29.828022 1303409287182 93.1
62.615114 29.828038 1303409289239 92.9
62.615118 29.828033 1303409291318 92.9
62.615138 29.828028 1303409293186 92.1
62.615122 29.828178 1303409295182 91.7
62.615182 29.828124 1303409297188 91.6
62.615206 29.828079 1303409299187 92.0
62.615236 29.827972 1303409301182 93.1
62.615321 29.827625 1303409305181 95.4
62.615355 29.82743 1303409307182 97.3
62.615395 29.827291 1303409309186 96.8
62.615404 29.827093 1303409311185 99.1
62.615446 29.827015 1303409313181 98.3
62.615461 29.826769 1303409315180 101.3
62.615492 29.826437 1303409317187 99.6
62.615476 29.826253 1303409319182 99.0
62.615383 29.825853 1303409321181 96.1
62.61535 29.825713 1303409323181 95.5
62.615261 29.825264 1303409325183 97.3
62.615197 29.825012 1303409327180 97.9
62.615106 29.82463 1303409329186 101.4
62.615058 29.824437 1303409331188 101.5
62.614942 29.82403 1303409335185 102.9
62.614906 29.82381 1303409337182 103.7
62.614878 29.823574 1303409339181 105.3
62.614855 29.823323 1303409341186 104.9
62.614833 29.823226 1303409343183 106.0
62.614802 29.822965 1303409345180 109.0
62.614764 29.822695 1303409347186 108.2
62.614723 29.822517 1303409349181 109.7
62.614663 29.82228 1303409351186 112.9
62.614633 29.82217 1303409353181 115.2
62.614546 29.821733 1303409355182 111.2
62.614537 29.821589 1303409357182 110.2
62.614504 29.821283 1303409359179 108.2
62.614453 29.821037 1303409361182 105.5
62.614311 29.820797 1303409365181 105.6
62.6143 29.820724 1303409367181 104.9
62.614226 29.82044 1303409369181 104.2
62.61419 29.820252 1303409371181 103.0
62.614148 29.820116 1303409373180 104.0
62.614136 29.819885 1303409375186 100.6
62.614081 29.819716 1303409377179 99.7
62.613969 29.819302 1303409379185 98.2
62.613947 29.81896 1303409381181 96.9
62.613916 29.818781 1303409383179 97.5
62.613892 29.818504 1303409385186 100.7
62.61391 29.818384 1303409387181 100.8
62.613964 29.81813 1303409389180 99.7
62.613921 29.818081 1303409391180 103.3
62.614094 29.817798 1303409395180 103.7
62.614154 29.817701 1303409397182 103.4
62.61437 29.817464 1303409399181 102.2
62.61447 29.817286 1303409401181 101.2
62.614535 29.817188 1303409403180 101.0
62.614598 29.817137 1303409405180 101.2
62.614624 29.817122 1303409407179 100.9
62.614849 29.817006 1303409409181 98.0
62.614953 29.816885 1303409411181 96.8
62.615014 29.816772 1303409413180 97.9
62.615084 29.81669 1303409415181 97.8
62.61512 29.816656 1303409417182 97.9
62.615168 29.816456 1303409419181 101.0
62.615181 29.816316 1303409421185 99.7
62.615147 29.815883 1303409425181 109.0
62.615135 29.815781 1303409427182 108.8
62.615067 29.815439 1303409429182 108.6
62.615014 29.815119 1303409431180 105.9
62.614906 29.814769 1303409433180 105.1
62.614859 29.814543 1303409435181 105.8
62.61485 29.814453 1303409437180 105.4
62.614756 29.814142 1303409439186 102.9
62.614702 29.814002 1303409441182 102.4
62.614719 29.813891 1303409443180 112.0
62.614674 29.813747 1303409445181 111.8
62.614664 29.813652 1303409447182 111.6
62.61464 29.813142 1303409449180 103.5
62.61459 29.812841 1303409451182 99.9
62.614479 29.812233 1303409455180 93.8
62.614453 29.812085 1303409457182 92.9
62.614402 29.811629 1303409459181 91.1
62.614368 29.811329 1303409461180 93.2
62.614349 29.811138 1303409463181 92.8
62.614306 29.810809 1303409465180 94.5
62.61429 29.810697 1303409467180 94.4
62.61425 29.810449 1303409469181 97.4
62.614262 29.810313 1303409471181 100.1
62.614252 29.809895 1303409473180 102.9
62.614246 29.809624 1303409475185 105.7
62.614244 29.809396 1303409477185 104.3
62.614248 29.809149 1303409479187 104.0
62.614234 29.808989 1303409481181 105.4
62.614154 29.808384 1303409485181 105.5
62.614148 29.808235 1303409487181 104.9
62.61414 29.808111 1303409489182 105.0
62.614156 29.808038 1303409491187 104.4
62.614164 29.807904 1303409493180 105.1
62.614202 29.807704 1303409495181 108.0
62.614193 29.807414 1303409497187 110.4
62.614131 29.807073 1303409499181 110.3
62.6141 29.80694 1303409501180 109.8
62.613986 29.806578 1303409503179 112.3
62.613884 29.806125 1303409505181 94.6
62.613858 29.805897 1303409507181 89.4
62.613819 29.80562 1303409509180 77.1
62.613788 29.805446 1303409511186 69.6
62.613236 29.800749 1303409545185 85.9
62.613178 29.8005 1303409547187 86.1
62.613127 29.800324 1303409549181 85.6
62.613085 29.800222 1303409551181 85.7
62.612985 29.799938 1303409553188 87.3
62.612914 29.799784 1303409555188 86.1
62.612883 29.799638 1303409557181 84.0
62.612831 29.799532 1303409559180 81.0
62.61281 29.799507 1303409561180 78.4
62.612736 29.799334 1303409563182 76.9
62.612656 29.799134 1303409565181 76.3
62.612581 29.79889 1303409567181 76.5
62.612505 29.798734 1303409569180 77.9
62.612477 29.798695 1303409571181 78.0
62.612221 29.798407 1303409575181 76.5
62.612173 29.798296 1303409577182 77.0
62.612136 29.798208 1303409579187 77.0
62.612095 29.798111 1303409581181 76.3
62.611982 29.79795 1303409583181 78.0
62.61196 29.79788 1303409585181 77.2
62.611959 29.797828 1303409587182 78.1
62.611962 29.797778 1303409589181 78.2
62.611961 29.79776 1303409591186 78.2
62.612003 29.797556 1303409593180 80.6
62.611968 29.797464 1303409595185 80.7
62.611876 29.797351 1303409597181 80.5
62.611804 29.797198 1303409599180 81.4
62.611778 29.797159 1303409601186 81.6
62.61165 29.79671 1303409605181 84.2
62.611587 29.796551 1303409607182 87.3
62.611554 29.796422 1303409609182 88.7
62.611538 29.796227 1303409611181 82.1
62.611511 29.795716 1303409613180 80.5
62.611572 29.79547 1303409615186 83.3
62.611633 29.795227 1303409617181 85.1
62.611729 29.795086 1303409619180 87.5
62.611757 29.795008 1303409621181 87.6
62.611854 29.79472 1303409623185 87.9
62.611909 29.794538 1303409625186 90.8
62.611985 29.794345 1303409627181 92.1
62.612093 29.794131 1303409629186 91.7
62.612153 29.794038 1303409631180 92.0
62.612377 29.793704 1303409635181 92.1
62.612451 29.793551 1303409637181 93.0
62.612515 29.793424 1303409639181 92.3
62.612559 29.793383 1303409641187 93.9
62.612616 29.793277 1303409643186 93.0
62.612688 29.793221 1303409645187 94.3
62.612738 29.793007 1303409647181 94.0
62.612788 29.792662 1303409649186 89.0
62.61281 29.792569 1303409651181 88.8
62.613 29.792286 1303409653186 91.6
62.613025 29.792015 1303409655181 93.7
62.613013 29.791695 1303409657188 93.5
62.612876 29.79143 1303409659180 93.6
62.612829 29.791335 1303409661180 94.3
62.613715 29.787612 1303409695180 90.8
62.613672 29.787374 1303409697181 91.2
62.613661 29.787156 1303409699181 91.5
62.613657 29.787065 1303409701181 92.1
62.613632 29.786757 1303409703185 92.3
62.61365 29.786507 1303409705182 93.7
62.613681 29.786302 1303409707180 93.4
62.61369 29.786162 1303409709180 93.2
62.613714 29.786128 1303409711186 93.6
62.613632 29.785856 1303409713182 93.0
62.61358 29.785688 1303409715180 92.9
62.61354 29.78554 1303409717182 92.9
62.61351 29.785376 1303409719181 92.0
62.6135 29.785321 1303409721180 91.7
62.613461 29.784991 1303409725180 90.7
62.613458 29.784815 1303409727182 90.5
62.613494 29.784652 1303409729181 90.1
62.6135 29.78461 1303409731181 90.0
62.613491 29.784431 1303409733180 88.9
62.613472 29.784198 1303409735182 89.6
62.613561 29.783982 1303409737187 88.9
62.613627 29.783765 1303409739186 88.7
62.613672 29.783713 1303409741181 88.6
62.613817 29.783403 1303409743180 87.2
62.613909 29.783106 1303409745181 85.4
62.613986 29.782881 1303409747186 84.8
62.614048 29.782658 1303409749186 84.8
62.614078 29.782532 1303409751181 84.7
62.614156 29.782022 1303409755181 85.3
62.614192 29.781796 1303409757180 85.1
62.614241 29.781618 1303409759181 85.0
62.614261 29.781567 1303409761181 85.0
62.61431 29.781403 1303409763187 84.8
62.614366 29.781283 1303409765186 84.4
62.61442 29.781086 1303409767180 84.4
62.614452 29.780824 1303409769181 83.8
62.614462 29.780788 1303409771181 83.8
62.614589 29.780661 1303409773180 83.0
62.614581 29.780618 1303409775181 82.0
62.614721 29.780616 1303409777187 81.8
62.61485 29.780559 1303409779182 82.3
62.614898 29.780493 1303409781181 82.3
62.61506 29.780016 1303409785181 84.1
62.615095 29.779715 1303409787180 85.8
62.615095 29.779484 1303409789187 86.6
62.615095 29.779399 1303409791186 86.7
62.615102 29.779051 1303409793181 83.5
62.615135 29.778854 1303409795180 84.1
62.615198 29.778648 1303409797180 84.2
62.615268 29.77843 1303409799186 84.2
62.615301 29.778322 1303409801182 84.3
62.61542 29.77798 1303409803186 85.1
62.615469 29.77774 1303409805182 85.0
62.615543 29.777476 1303409807180 85.4
62.615593 29.777212 1303409809180 85.8
62.615553 29.7771 1303409811181 86.2
62.615793 29.776437 1303409815180 86.5
62.615858 29.776242 1303409817187 86.7
62.615935 29.776009 1303409819187 86.7
62.615982 29.775909 1303409821181 86.5
62.616101 29.77571 1303409823181 86.3
62.616195 29.775549 1303409825180 86.0
62.616326 29.775455 1303409827181 86.7
62.616435 29.775399 1303409829181 86.5
62.616467 29.775375 1303409831181 86.6
62.616543 29.775335 1303409833181 86.7
62.616572 29.775306 1303409835180 86.9
62.616702 29.775288 1303409837181 86.7
62.61681 29.775203 1303409839181 88.3
62.616845 29.775183 1303409841186 88.3
62.617103 29.775062 1303409845182 91.5
62.617218 29.774967 1303409847180 91.9
62.617304 29.774849 1303409849182 92.1
62.617339 29.774813 1303409851181 91.7
62.617425 29.774744 1303409853181 92.4
62.617485 29.774698 1303409855180 93.5
62.617521 29.774639 1303409857186 93.5
62.617602 29.774567 1303409859181 94.9
62.617643 29.774508 1303409861181 95.4
62.617758 29.774298 1303409863181 99.6
62.617841 29.774136 1303409865182 101.3
62.617909 29.773985 1303409867181 99.6
62.618051 29.773719 1303409869180 100.6
62.61811 29.773596 1303409871181 101.3
62.618186 29.772996 1303409875181 103.4
62.618186 29.772774 1303409877181 100.9
62.618194 29.772502 1303409879182 97.0
62.6182 29.772345 1303409881181 94.0
62.618227 29.772101 1303409883181 91.0
62.618239 29.772034 1303409885182 90.3
62.618382 29.771803 1303409887180 88.5
62.618452 29.771566 1303409889181 90.6
62.61862 29.771431 1303409891181 90.9
62.618784 29.771116 1303409893181 89.7
62.618916 29.770956 1303409895181 88.9
62.618999 29.770772 1303409897183 89.2
62.619101 29.770486 1303409899181 90.2
62.61917 29.770349 1303409901181 89.6
62.619325 29.769597 1303409905181 89.1
62.619344 29.769331 1303409907181 88.6
62.619331 29.769116 1303409909181 88.4
62.619306 29.769024 1303409911181 88.4
62.619278 29.7687 1303409913181 89.5
62.619285 29.768463 1303409915181 90.0
62.619313 29.768201 1303409917181 91.4
62.619287 29.767995 1303409919185 89.5
62.619264 29.767888 1303409921181 89.5
62.619198 29.767568 1303409923181 86.8
62.619184 29.767346 1303409925181 86.9
62.619174 29.767219 1303409927188 86.9
62.619204 29.767023 1303409929181 87.4
62.619214 29.766923 1303409931180 87.9
62.619132 29.766702 1303409935181 90.4
62.619068 29.766667 1303409937181 92.8
62.61904 29.766624 1303409939186 93.0
62.619014 29.766584 1303409941181 93.5
62.618865 29.766104 1303409943180 97.0
62.618812 29.765751 1303409945181 98.6
62.618744 29.765392 1303409947182 98.2
62.618682 29.764996 1303409949181 95.4
62.618662 29.764871 1303409951181 94.9
62.618562 29.764524 1303409953186 97.3
62.61847 29.764205 1303409955181 100.2
62.618444 29.764049 1303409957188 101.9
62.618429 29.763913 1303409959186 103.8
62.618437 29.76379 1303409961180 105.4
62.618306 29.763067 1303409965186 108.3
62.618285 29.762764 1303409967181 107.6
62.618274 29.762581 1303409969181 106.8
62.61827 29.762527 1303409971181 106.7
62.61828 29.762114 1303409973185 103.8
62.618218 29.761859 1303409975181 103.1
62.618211 29.761598 1303409977180 101.8
62.618203 29.761325 1303409979181 100.9
62.6182 29.761218 1303409981181 100.7
62.618224 29.760847 1303409983179 99.9
62.618197 29.760684 1303409985180 100.0
62.618209 29.760293 1303409987181 100.2
62.61827 29.760064 1303409989180 99.3
62.618251 29.759795 1303409991180 99.3
62.618268 29.759526 1303409995182 99.3
62.618308 29.759285 1303409997187 99.8
62.61837 29.758909 1303409999181 101.2
62.618349 29.758675 1303410001188 101.2
62.618392 29.758453 1303410003186 101.5
62.618417 29.758333 1303410005180 101.6
62.618404 29.758019 1303410007186 101.7
62.618409 29.757792 1303410009186 102.2
62.618442 29.757537 1303410011187 103.0
62.618504 29.75726 1303410013180 103.1
62.61852 29.757142 1303410015180 103.3
62.618544 29.756844 1303410017186 103.4
62.618568 29.756547 1303410019180 102.8
62.618575 29.756249 1303410021182 102.0
62.618547 29.755861 1303410025181 102.7
62.618403 29.755469 1303410027181 102.5
62.618359 29.755082 1303410029187 101.1
62.618354 29.754788 1303410031181 100.1
62.618364 29.754622 1303410033181 99.7
62.618382 29.754479 1303410035182 99.5
62.618416 29.754129 1303410037186 98.3
62.618422 29.753835 1303410039180 96.6
62.618444 29.753559 1303410041181 94.7
62.618455 29.753373 1303410043180 93.3
62.618433 29.753205 1303410045181 93.2
62.61839 29.752924 1303410047182 93.4
62.618365 29.752662 1303410049180 93.4
62.618375 29.752414 1303410051180 92.6
62.618402 29.752042 1303410055180 92.4
62.618398 29.751761 1303410057182 92.9
62.618398 29.751659 1303410059182 93.0
62.618378 29.751462 1303410061187 93.3
62.618384 29.751298 1303410063186 93.5
62.61839 29.751249 1303410065181 93.6
62.618362 29.751112 1303410067181 93.3
62.618312 29.751093 1303410069180 93.9
62.618258 29.751121 1303410071181 94.0
62.618197 29.751125 1303410073181 94.1
62.618178 29.751121 1303410075181 94.1
62.61813 29.751131 1303410077188 94.0
62.618089 29.751186 1303410079180 94.0
62.618048 29.751175 1303410081185 94.1
62.617886 29.751232 1303410085180 92.3
62.617693 29.751228 1303410087181 92.5
62.617634 29.751139 1303410089181 92.8
62.617441 29.751203 1303410091181 90.4
62.617407 29.751197 1303410093180 90.1
62.61731 29.75123 1303410095182 90.2
62.617062 29.751226 1303410097187 91.0
62.616786 29.751474 1303410099180 90.6
62.616642 29.751554 1303410101186 91.3
62.616436 29.751508 1303410103180 92.1
62.616388 29.751514 1303410105186 92.3
62.616222 29.751451 1303410107182 92.3
62.616161 29.751374 1303410109180 92.5
62.616114 29.751347 1303410111180 92.2
62.616063 29.75118 1303410115181 92.0
62.61606 29.751012 1303410117181 92.0
62.616052 29.75095 1303410119181 92.0
62.616044 29.750804 1303410121181 92.0
62.616001 29.750509 1303410123186 91.5
62.61596 29.750374 1303410125182 91.2
62.61591 29.750109 1303410127179 91.4
62.615887 29.749968 1303410129181 91.8
62.615908 29.749716 1303410131181 91.4
62.615879 29.749464 1303410133181 90.5
62.615871 29.749322 1303410135182 89.0
62.615812 29.748928 1303410137181 88.4
62.615735 29.748591 1303410139182 89.0
62.615712 29.748374 1303410141181 89.7
62.615738 29.748038 1303410145186 89.8
62.61568 29.747608 1303410147181 87.2
62.615645 29.747379 1303410149182 87.6
62.615627 29.747227 1303410151186 89.1
62.615596 29.747053 1303410153180 89.6
62.615577 29.746921 1303410155182 89.5
62.615568 29.746526 1303410157180 90.6
62.615555 29.746301 1303410159181 90.4
62.615542 29.74612 1303410161181 91.1
62.615527 29.745918 1303410163185 90.6
62.615516 29.745824 1303410165181 92.1
62.615482 29.745561 1303410167181 89.2
62.615439 29.745461 1303410169180 91.5
62.615411 29.745104 1303410171181 94.2
62.61533 29.7445 1303410175181 93.0
62.615319 29.744084 1303410177181 92.4
62.615295 29.743828 1303410179188 94.1
62.615268 29.743604 1303410181187 95.4
62.615264 29.743385 1303410183181 95.0
62.615289 29.743268 1303410185187 92.8
62.615259 29.743064 1303410187181 91.5
62.615152 29.74303 1303410189180 89.0
62.61506 29.743111 1303410191181 87.9
62.614993 29.743116 1303410193180 86.1
62.614978 29.743107 1303410195181 86.0
62.614881 29.742928 1303410197188 85.6
62.614865 29.742797 1303410199186 87.0
62.61483 29.742779 1303410201180 86.6
62.614823 29.742709 1303410205267 86.4
62.614823 29.742728 1303410207254 86.0
62.614828 29.742725 1303410210423 85.2