62.624948 29.844375 1303404512074 97.5
62.624958 29.844371 1303404513295 97.6
62.624966 29.844368 1303404515300 97.7
62.624905 29.844506 1303404517297 97.9
62.624885 29.844612 1303404519297 98.1
62.624964 29.8446 1303404521299 96.9
62.624972 29.844538 1303404523296 96.5
62.624976 29.844516 1303404525295 94.6
62.624988 29.844539 1303404527296 94.5
62.624994 29.844418 1303404529299 93.9
62.625094 29.844425 1303404531298 93.6
62.625172 29.844415 1303404533296 92.9
62.625213 29.844433 1303404535297 93.4
62.625336 29.844485 1303404537296 97.0
62.625477 29.844603 1303404541334 98.1
62.625552 29.844649 1303404543295 98.3
62.625604 29.844662 1303404545296 98.8
62.625648 29.844696 1303404547298 99.0
62.625668 29.844711 1303404549296 99.0
62.625724 29.844796 1303404551296 98.7
62.62578 29.844803 1303404553296 97.0
62.625839 29.844922 1303404555295 96.5
62.625873 29.845035 1303404557295 98.4
62.625885 29.84507 1303404559297 99.3
62.625942 29.845265 1303404561295 99.8
62.625949 29.845304 1303404563296 101.0
62.625942 29.845356 1303404565297 101.9
62.625941 29.845436 1303404567298 102.4
62.625958 29.845612 1303404571297 102.3
62.625987 29.845705 1303404573297 99.6
62.626005 29.845768 1303404575296 100.1
62.626014 29.845843 1303404577297 100.0
62.626015 29.845916 1303404579296 100.0
62.626001 29.846118 1303404581296 101.6
62.626001 29.846222 1303404583298 101.4
62.626008 29.846316 1303404585302 100.5
62.626018 29.84642 1303404587296 98.9
62.626009 29.846456 1303404589297 98.3
62.625988 29.846862 1303404591295 99.5
62.625985 29.846928 1303404593295 100.2
62.625979 29.846993 1303404595299 100.6
62.625994 29.847081 1303404597296 102.0
62.625942 29.847296 1303404601300 100.2
62.625952 29.847378 1303404603296 98.0
62.625969 29.847473 1303404605295 96.2
62.625951 29.847603 1303404607297 94.0
62.62595 29.847607 1303404609295 92.9
62.625984 29.847692 1303404611300 92.9
62.62599 29.847741 1303404613296 92.7
62.626034 29.847817 1303404615295 91.5
62.626024 29.847922 1303404617296 90.8
62.626018 29.847978 1303404619297 90.1
62.626011 29.848078 1303404621295 88.7
62.626 29.848174 1303404623296 87.2
62.625963 29.848258 1303404625296 87.0
62.625927 29.848343 1303404627299 87.1
62.625877 29.848484 1303404631299 87.2
62.625878 29.848541 1303404633295 86.9
62.625909 29.848592 1303404635296 88.5
62.625897 29.848668 1303404637297 87.9
62.625896 29.848701 1303404639298 87.9
62.625884 29.848781 1303404641296 88.0
62.625885 29.848819 1303404643295 88.3
62.625888 29.848852 1303404645296 88.2
62.625885 29.84889 1303404647296 87.8
62.62587 29.848968 1303404649296 87.5
62.625846 29.849153 1303404651295 87.7
62.625845 29.84929 1303404653295 87.0
62.625772 29.849461 1303404655296 86.2
62.625756 29.849672 1303404657360 86.1
62.625709 29.849831 1303404661296 86.2
62.625726 29.849953 1303404663296 89.2
62.625707 29.850025 1303404665296 89.9
62.625677 29.850106 1303404667296 90.4
62.625661 29.85015 1303404669295 90.5
62.625606 29.85022 1303404671297 89.2
62.625571 29.850307 1303404673296 89.0
62.625527 29.850312 1303404675297 89.2
62.625506 29.85032 1303404677295 88.0
62.625468 29.850329 1303404679295 87.7
62.625413 29.850396 1303404681297 85.1
62.62537 29.850467 1303404683297 83.5
62.625336 29.850516 1303404685298 83.2
62.625282 29.850593 1303404687296 80.3
62.625184 29.85062 1303404691298 77.8
62.625142 29.850572 1303404693300 75.6
62.62511 29.850613 1303404695299 72.1
62.62507 29.8506 1303404697299 71.7
62.625043 29.850622 1303404699295 71.2
62.624978 29.850616 1303404701295 71.2
62.624908 29.85066 1303404703296 71.2
62.624823 29.850721 1303404705297 73.1
62.624742 29.850805 1303404707295 75.6
62.624726 29.850821 1303404709297 75.9
62.624674 29.85087 1303404711297 76.5
62.624647 29.850886 1303404713300 76.6
62.62461 29.850897 1303404715296 76.6
62.62456 29.850998 1303404717296 77.5
62.624433 29.851265 1303404721299 76.8
62.624373 29.851348 1303404723300 77.6
62.624321 29.851368 1303404725296 78.0
62.624288 29.851364 1303404727298 78.3
62.62427 29.851365 1303404729295 78.4
62.624225 29.851382 1303404731297 78.4
62.624202 29.851387 1303404733296 78.7
62.624131 29.851271 1303404735300 78.2
62.624031 29.851226 1303404737298 78.7
62.623986 29.851198 1303404739295 78.7
62.623918 29.851095 1303404741299 78.3
62.62385 29.851104 1303404743297 78.6
62.623774 29.851103 1303404745295 78.7
62.62371 29.851098 1303404747301 79.0
62.623532 29.850901 1303404751297 79.9
62.623493 29.85085 1303404753296 80.2
62.623472 29.850839 1303404755296 80.1
62.623464 29.850872 1303404757296 80.0
62.623441 29.85088 1303404759296 79.7
62.623421 29.850791 1303404761298 79.0
62.62339 29.85076 1303404763296 78.7
62.62335 29.850714 1303404765299 78.6
62.623305 29.850826 1303404767294 77.5
62.623284 29.850869 1303404769299 77.0
62.623209 29.851013 1303404771299 76.8
62.623168 29.851136 1303404773299 76.8
62.623174 29.851296 1303404775296 75.7
62.623176 29.851571 1303404777299 76.5
62.623228 29.85183 1303404781297 76.8
62.623247 29.851947 1303404783296 78.2
62.623232 29.852095 1303404785296 81.8
62.623266 29.852164 1303404787296 81.4
62.623274 29.852227 1303404789296 79.6
62.623292 29.852468 1303404791295 79.7
62.623336 29.852568 1303404793298 78.1
62.623327 29.852664 1303404795296 78.4
62.623336 29.852809 1303404797295 78.8
62.623337 29.852882 1303404799299 79.9
62.623353 29.85307 1303404801296 80.9
62.623348 29.853201 1303404803296 82.3
62.62338 29.853334 1303404805297 82.8
62.623438 29.853541 1303404807328 83.3
62.623416 29.853687 1303404811297 83.3
62.623378 29.853841 1303404813296 82.0
62.62337 29.853917 1303404815296 82.2
62.623393 29.854002 1303404817296 81.8
62.623407 29.85404 1303404819296 81.3
62.62343 29.854155 1303404821308 81.9
62.623433 29.854196 1303404823296 81.9
62.623442 29.854272 1303404825296 84.8
62.623431 29.854336 1303404827295 86.1
62.623426 29.854387 1303404829300 86.3
62.62349 29.854572 1303404831296 91.7
62.623513 29.854658 1303404833297 93.5
62.623522 29.854658 1303404835295 92.9
62.623532 29.854768 1303404837297 92.7
62.623534 29.854725 1303404841300 96.3
62.623678 29.854757 1303404843297 96.1
62.623671 29.854843 1303404845296 95.4
62.62363 29.854912 1303404847295 94.4
62.623615 29.854938 1303404849295 93.8
62.623606 29.855002 1303404851295 92.8
62.623602 29.855114 1303404853316 92.4
62.623583 29.855337 1303404855311 91.7
62.62361 29.855452 1303404857308 93.3
62.623604 29.855498 1303404859316 93.3
62.62361 29.855527 1303404861297 93.5
62.623623 29.855562 1303404863297 93.8
62.623623 29.855603 1303404865300 93.2
62.623621 29.855652 1303404867296 92.5
62.62369 29.855895 1303404871315 93.4
62.623709 29.855942 1303404873297 94.1
62.623745 29.856166 1303404875308 96.6
62.623754 29.856273 1303404877314 96.4
62.623767 29.856364 1303404879295 95.5
62.62376 29.856458 1303404881296 93.0
62.623759 29.856508 1303404883296 91.1
62.623756 29.856641 1303404885299 85.6
62.623765 29.856702 1303404887299 84.9
62.623756 29.856792 1303404889301 85.0
62.623758 29.856879 1303404891299 85.5
62.623769 29.856924 1303404893297 86.1
62.62381 29.857049 1303404895299 86.4
62.62382 29.85717 1303404897302 86.7
62.623786 29.857211 1303404901308 87.4
62.62379 29.857311 1303404903297 88.2
62.623856 29.857398 1303404905299 90.2
62.623884 29.857486 1303404907300 91.3
62.623891 29.857542 1303404909295 91.4
62.623858 29.857641 1303404911294 92.2
62.62384 29.85767 1303404913296 92.1
62.623836 29.857809 1303404915296 91.7
62.623821 29.857958 1303404917295 92.0
62.623791 29.858072 1303404919298 90.2
62.623746 29.858241 1303404921296 89.8
62.623732 29.858272 1303404923297 89.8
62.623703 29.858314 1303404925299 89.7
62.623662 29.858394 1303404927297 91.0
62.62357 29.858508 1303404931301 92.7
62.623549 29.858536 1303404933297 92.9
62.623552 29.858624 1303404935298 94.8
62.623538 29.858693 1303404937297 94.6
62.623536 29.858744 1303404939294 94.4
62.62351 29.858835 1303404941298 96.3
62.623503 29.858897 1303404943299 96.2
62.623456 29.859034 1303404945296 96.0
62.623409 29.85922 1303404947294 99.7
62.623377 29.859261 1303404949295 100.8
62.623362 29.859305 1303404951296 104.8
62.62333 29.859291 1303404953297 105.0
62.623276 29.859317 1303404955295 104.6
62.623262 29.859322 1303404957296 105.0
62.623253 29.859365 1303404961296 104.7
62.623248 29.859386 1303404963299 104.9
62.623242 29.859491 1303404965296 103.6
62.623226 29.85959 1303404967295 103.2
62.623209 29.859715 1303404969340 103.4
62.623189 29.859958 1303404971299 105.5
62.623179 29.860019 1303404973296 105.7
62.623087 29.860214 1303404975299 111.7
62.623062 29.86035 1303404977295 112.2
62.623018 29.860496 1303404979295 112.5
62.623003 29.860646 1303404981297 112.3
62.623008 29.860736 1303404983297 109.8
62.623024 29.860967 1303404985295 104.0
62.62299 29.861074 1303404987298 102.5
62.622993 29.861208 1303404991296 101.1
62.622997 29.861237 1303404993297 101.3
62.623012 29.861389 1303404995296 100.6
62.62296 29.861546 1303404997295 99.5
62.622948 29.861671 1303404999295 99.9
62.622959 29.861818 1303405001294 99.8
62.622947 29.861866 1303405003296 97.9
62.622948 29.861969 1303405005295 97.0
62.622975 29.86205 1303405007298 96.7
62.62302 29.862107 1303405009299 97.4
62.623081 29.862138 1303405011300 97.5
62.623107 29.862171 1303405013297 98.6
62.623197 29.8622 1303405015296 93.9
62.623234 29.862308 1303405017296 91.0
62.623295 29.86265 1303405021298 90.7
62.62332 29.862655 1303405023297 90.9
62.623384 29.86275 1303405025299 91.6
62.623424 29.862772 1303405027295 90.8
62.623461 29.862821 1303405029299 89.8
62.623479 29.862898 1303405031295 88.8
62.623485 29.862938 1303405033296 88.3
62.623392 29.863138 1303405035295 91.7
62.623359 29.863256 1303405037295 91.0
62.623319 29.863441 1303405039296 92.2
62.62327 29.863549 1303405041297 90.6
62.623261 29.863578 1303405043300 89.8
62.623165 29.863734 1303405045296 85.1
62.623127 29.863807 1303405047295 85.3
62.62308 29.863991 1303405051296 86.1
62.623081 29.863999 1303405053296 85.8
62.623086 29.86406 1303405055296 85.8
62.623059 29.864093 1303405057296 84.8
62.623056 29.86416 1303405059295 85.9
62.623061 29.86424 1303405061294 84.4
62.623053 29.864302 1303405063296 85.0
62.622969 29.864512 1303405065295 82.1
62.62294 29.86463 1303405067294 82.2
62.622932 29.864719 1303405069296 81.8
62.622909 29.864786 1303405071297 82.3
62.6229 29.864807 1303405073297 82.4
62.622922 29.864888 1303405075296 83.0
62.622969 29.865017 1303405077295 85.7
62.623637 29.866026 1303405111297 92.3
62.623665 29.866126 1303405113296 91.1
62.623685 29.866188 1303405115299 90.8
62.623698 29.866227 1303405117308 90.3
62.623772 29.866353 1303405119296 88.6
62.623909 29.866515 1303405121295 86.2
62.623969 29.866591 1303405123297 86.1
62.624008 29.86663 1303405125295 86.0
62.624013 29.86668 1303405127295 86.2
62.624002 29.866653 1303405129297 87.8
62.624038 29.866664 1303405131295 88.2
62.624039 29.866794 1303405133299 88.5
62.62407 29.866922 1303405135297 88.2
62.624072 29.866985 1303405137295 88.8
62.624172 29.867062 1303405141298 91.1
62.624184 29.867058 1303405143296 91.0
62.624179 29.867106 1303405145296 90.8
62.624214 29.867122 1303405147296 90.7
62.624216 29.867213 1303405149296 89.2
62.624267 29.867224 1303405151296 86.5
62.624317 29.867288 1303405153296 86.3
62.624372 29.867326 1303405155298 87.4
62.624385 29.867356 1303405157296 87.5
62.624426 29.867445 1303405159297 89.0
62.624467 29.867485 1303405161298 87.7
62.624497 29.867515 1303405163298 90.2
62.624509 29.867532 1303405165296 90.4
62.624533 29.867556 1303405167296 90.4
62.624518 29.867674 1303405171299 92.1
62.62452 29.867709 1303405173296 91.1
62.624517 29.867703 1303405175298 91.7
62.62453 29.867716 1303405177300 90.9
62.624529 29.867709 1303405179296 90.8
62.624536 29.867711 1303405181299 90.9
62.624544 29.867698 1303405183296 92.1
62.624545 29.867691 1303405185294 92.1
62.624545 29.867688 1303405187372 92.1
62.624595 29.867664 1303405189297 90.9
62.62465 29.867698 1303405191296 91.7
62.624658 29.867685 1303405193297 91.7
62.62465 29.867685 1303405195296 91.6
62.624651 29.867675 1303405197296 91.0
62.624691 29.867639 1303405201296 91.2
62.624713 29.867659 1303405203298 91.9
62.624726 29.867682 1303405205301 92.2
62.624731 29.86768 1303405207297 92.2
62.62475 29.867672 1303405209295 92.0
62.624758 29.867673 1303405211296 92.0
62.624766 29.867681 1303405213296 92.0
62.624781 29.867694 1303405215295 92.7
62.624786 29.867708 1303405217296 92.6
62.624807 29.867684 1303405219299 94.3
62.62483 29.867692 1303405221294 94.9
62.624872 29.867714 1303405223295 97.1
62.624898 29.867674 1303405225297 98.3
62.624907 29.867648 1303405227296 99.2
62.624911 29.867626 1303405231297 99.3
62.624972 29.867548 1303405233295 98.3
62.625013 29.867535 1303405235297 98.5
62.625051 29.867504 1303405237300 98.0
62.625142 29.867468 1303405239298 98.0
62.625206 29.867465 1303405241296 97.3
62.625236 29.86747 1303405243296 96.8
62.625253 29.86743 1303405245295 96.4
62.625248 29.867448 1303405247296 95.9
62.625243 29.867488 1303405249299 92.5
62.625208 29.867538 1303405251295 88.9
62.625202 29.867647 1303405253296 84.7
62.625206 29.867616 1303405255297 84.1
62.625208 29.867609 1303405257296 84.0
62.625209 29.867508 1303405261297 85.6
62.625202 29.86749 1303405263295 86.5
62.62521 29.86749 1303405265297 86.9
62.625211 29.867492 1303405267300 87.1
62.625271 29.867461 1303405269298 88.0
62.625287 29.867466 1303405271296 88.2
62.625301 29.867483 1303405273296 87.6
62.625302 29.867465 1303405275296 86.8
62.625301 29.867483 1303405277299 86.6
62.625308 29.867523 1303405279299 85.6
62.62532 29.867514 1303405281298 84.3
62.625324 29.867513 1303405283295 83.6
62.625339 29.867513 1303405285297 83.7
62.625352 29.867511 1303405287296 84.2
62.625388 29.867498 1303405291297 84.4
62.625411 29.867507 1303405293295 83.0
62.625423 29.867507 1303405295297 81.9
62.625423 29.867516 1303405297297 82.1
62.625474 29.867603 1303405299295 82.3
62.62551 29.867604 1303405301299 84.1
62.625536 29.86759 1303405303296 87.4
62.62555 29.867602 1303405305296 86.7
62.625565 29.867626 1303405307296 88.4
62.625587 29.867586 1303405309299 88.3
62.625583 29.867605 1303405311295 88.5
62.625586 29.867604 1303405313299 87.8
62.625598 29.867675 1303405315297 86.8
62.625597 29.867679 1303405317299 88.2
62.625598 29.867692 1303405321297 87.0
62.625604 29.867682 1303405323299 87.1
62.625618 29.867667 1303405325478 85.3
62.625623 29.867662 1303405327296 84.9
62.625641 29.867635 1303405329296 85.3
62.625645 29.867628 1303405331296 86.2
62.625656 29.86762 1303405333297 86.3
62.625696 29.867551 1303405335295 88.3
62.625702 29.867542 1303405337296 88.5
62.625727 29.867531 1303405339296 89.5
62.625727 29.867549 1303405341295 89.6
62.625746 29.867539 1303405343416 90.1
62.625791 29.867494 1303405345369 90.7
62.625812 29.86753 1303405347392 92.1
62.625796 29.867553 1303405351495 96.1
62.625789 29.86756 1303405353360 97.3
62.625788 29.867571 1303405355610 97.2
62.625771 29.867638 1303405357296 100.2
62.625777 29.867644 1303405359295 101.8
62.62577 29.867686 1303405363114 102.9
62.625782 29.867704 1303405363402 104.2
62.625785 29.867715 1303405365300 103.9
62.625779 29.867733 1303405367299 104.3
62.62579 29.867711 1303405369296 103.8
62.625802 29.86773 1303405371295 104.1
62.625802 29.86773 1303405373295 104.1
62.625802 29.86773 1303405375653 104.1
62.625802 29.86773 1303405377940 104.1
62.625802 29.86773 1303405381334 104.1
62.625852 29.867825 1303405384096 104.0
62.625875 29.867925 1303405385353 103.9
62.625861 29.867979 1303405387372 103.8
62.625869 29.868042 1303405389321 103.7
62.625863 29.868052 1303405391386 103.7
62.625823 29.868075 1303405393389 103.9
62.625818 29.868067 1303405395538 103.9
62.625787 29.868082 1303405397539 104.0
62.625775 29.868064 1303405399674 104.0
62.625777 29.868048 1303405401296 104.1
62.625765 29.868031 1303405403295 103.5
62.625765 29.868031 1303405405312 103.4
62.625743 29.868036 1303405407398 102.9
62.625763 29.868019 1303405411368 102.3
62.625762 29.868004 1303405413297 102.2
62.625752 29.868004 1303405415296 102.0
62.625749 29.868009 1303405419194 101.7
62.625749 29.868009 1303405419296 101.7
62.625764 29.867964 1303405421396 101.9
62.625824 29.867956 1303405423376 103.7
62.625818 29.867938 1303405425296 103.3
62.625783 29.867953 1303405427378 102.9
62.625769 29.867934 1303405429446 102.8
62.625777 29.867882 1303405431426 102.7
62.62579 29.867841 1303405433412 102.4
62.625784 29.867827 1303405435297 102.2
62.62576 29.867791 1303405437408 101.6
62.62577 29.867832 1303405442886 101.6
62.62577 29.867832 1303405443457 101.6
62.625764 29.867866 1303405445392 101.2
62.62577 29.867917 1303405447573 101.3
62.625768 29.867926 1303405449300 101.2
62.625804 29.867915 1303405451383 102.2
62.625812 29.867928 1303405453350 102.0
62.625823 29.86793 1303405455348 102.1
62.625815 29.867914 1303405457348 102.1
62.62581 29.867903 1303405459296 102.1
62.625851 29.867812 1303405461335 101.7
62.625883 29.867804 1303405463337 102.0
62.625884 29.867813 1303405465295 102.0
62.625897 29.867817 1303405467296 102.1
62.625939 29.867752 1303405471295 102.1
62.625946 29.867733 1303405473299 101.8
62.625956 29.867728 1303405475296 101.8
62.625993 29.867653 1303405477299 101.0
62.626011 29.86763 1303405479297 100.8
62.626022 29.867579 1303405481295 100.7
62.62603 29.867562 1303405483298 100.7
62.626037 29.86755 1303405485295 100.7
62.626039 29.86755 1303405487296 100.9
62.626039 29.867552 1303405489299 101.0
62.626058 29.867575 1303405491299 101.0
62.626074 29.867593 1303405493294 100.9
62.626075 29.867592 1303405495295 100.9
62.626083 29.867605 1303405497331 100.8
62.62608 29.867616 1303405501295 101.0
62.626099 29.86766 1303405503296 101.1
62.626112 29.867686 1303405505296 101.2
62.626142 29.86775 1303405507299 101.4
62.626147 29.86775 1303405509296 101.4
62.626169 29.867734 1303405511296 101.6
62.62618 29.867694 1303405513298 101.5
62.626208 29.867661 1303405515296 101.5
62.626206 29.867672 1303405517297 100.2
62.626218 29.867667 1303405519296 101.0
62.626223 29.867696 1303405521296 100.6
62.626215 29.867719 1303405523294 100.2
62.626215 29.867772 1303405525297 98.9
62.626196 29.867792 1303405527297 97.7
62.626204 29.867848 1303405531297 96.4
62.626212 29.867847 1303405533299 95.8
62.626224 29.867885 1303405535296 95.4
62.626218 29.867926 1303405537298 95.0
62.626214 29.867971 1303405539296 94.8
62.626248 29.868113 1303405541300 94.6
62.626264 29.868149 1303405543295 94.7
62.626322 29.868273 1303405545296 95.0
62.626357 29.868293 1303405547296 95.0
62.626364 29.86834 1303405549296 95.0
62.626396 29.868351 1303405551299 94.9
62.626385 29.868457 1303405553295 95.9
62.626414 29.868415 1303405555296 96.0
62.626448 29.868374 1303405557301 96.1
62.62648 29.868313 1303405561295 95.8
62.62648 29.868296 1303405563299 95.9
62.626474 29.868198 1303405565296 92.8
62.62648 29.868161 1303405567296 92.2
62.626482 29.868154 1303405569297 92.1
62.626484 29.868098 1303405571296 91.6
62.626481 29.868081 1303405573296 91.4
62.626516 29.86798 1303405575294 91.1
62.626518 29.867959 1303405577295 90.9
62.626541 29.867955 1303405579296 90.8
62.626545 29.867936 1303405581296 90.8
62.626545 29.867934 1303405583299 90.8
62.62654 29.867923 1303405585298 90.9
62.626584 29.868081 1303405587301 90.6
62.626578 29.868255 1303405591350 90.6
62.62649 29.868322 1303405593296 90.6
62.626438 29.868331 1303405595345 90.6
62.62645 29.868293 1303405597350 90.7
62.626462 29.868243 1303405599335 89.5
62.626465 29.868246 1303405601539 90.1
62.626463 29.868288 1303405603433 90.2
62.626464 29.868294 1303405605371 90.3
62.626436 29.868359 1303405607348 91.1
62.626459 29.868399 1303405609299 95.0
62.626487 29.868369 1303405611355 95.2
62.626497 29.868331 1303405613316 95.3
62.62649 29.868335 1303405615335 95.6
62.626479 29.868316 1303405617345 95.1
62.626555 29.86828 1303405651820 101.7
62.626522 29.868338 1303405653298 102.8
62.626512 29.868355 1303405655318 102.9
62.626501 29.868353 1303405657296 102.5
62.626493 29.86835 1303405659295 102.1
62.626488 29.86833 1303405661296 101.4
62.626457 29.868343 1303405663296 101.4
62.626452 29.868329 1303405665295 101.4
62.626449 29.868303 1303405667296 101.3
62.626454 29.868312 1303405669296 101.2
62.626452 29.868321 1303405671296 101.2
62.626462 29.868301 1303405673299 101.0
62.626469 29.868258 1303405675295 101.6
62.626473 29.868241 1303405677295 102.2
62.626473 29.868159 1303405681295 102.5
62.626479 29.868137 1303405683295 102.6
62.626493 29.867976 1303405685296 103.7
62.626496 29.867925 1303405687296 103.9
62.626492 29.867845 1303405689296 104.3
62.626511 29.867826 1303405691297 104.5
62.626499 29.867815 1303405693295 105.0
62.626517 29.867784 1303405695299 107.0
62.626529 29.867721 1303405697296 106.4
62.626522 29.867699 1303405699296 107.6
62.626534 29.867652 1303405701298 111.2
62.626538 29.867636 1303405703295 112.3
62.626546 29.867612 1303405705358 115.8
62.626561 29.867485 1303405707294 124.1
62.626587 29.867457 1303405711296 122.6
62.626553 29.867472 1303405713295 123.1
62.626526 29.867472 1303405715297 119.7
62.626522 29.867478 1303405717295 117.6
62.626508 29.867522 1303405719297 117.0
62.626515 29.867486 1303405721296 116.5
62.626519 29.867468 1303405723295 116.4
62.626497 29.867338 1303405725299 117.5
62.626499 29.867343 1303405727297 118.9
62.626532 29.867334 1303405729296 118.3
62.626559 29.867302 1303405731295 116.7
62.626576 29.867296 1303405733295 118.3
62.626592 29.867274 1303405735295 117.2
62.626583 29.86736 1303405737294 117.5
62.626613 29.867363 1303405741296 118.7
62.626616 29.867354 1303405743299 118.7
62.62663 29.867288 1303405745297 116.8
62.626649 29.867261 1303405747296 118.0
62.626672 29.867257 1303405749296 117.4
62.626677 29.867227 1303405751465 117.2
62.626677 29.867246 1303405753295 116.4
62.62668 29.867202 1303405755294 115.4
62.626676 29.867252 1303405757297 115.0
62.626692 29.867202 1303405759295 114.5
62.626705 29.867222 1303405761294 114.1
62.626715 29.867227 1303405763296 114.1
62.626666 29.867179 1303405765299 114.4
62.626652 29.867161 1303405767295 114.2
62.626672 29.867035 1303405771298 109.8
62.626668 29.867009 1303405773295 109.6
62.626673 29.86693 1303405775300 108.9
62.62667 29.866905 1303405777295 108.2
62.626676 29.866896 1303405779296 107.3
62.626715 29.866879 1303405781300 106.7
62.626731 29.866872 1303405783295 106.4
62.626756 29.866816 1303405785300 106.2
62.626784 29.866774 1303405787296 106.5
62.626799 29.866726 1303405789297 106.3
62.62684 29.866685 1303405791295 106.5
62.626843 29.866674 1303405793295 104.4
62.626865 29.866654 1303405795296 100.0
62.626866 29.866646 1303405797295 99.1
62.626892 29.866613 1303405801296 96.0
62.626898 29.86661 1303405803295 95.8
62.626869 29.866608 1303405805296 95.4
62.626879 29.866613 1303405807299 95.4
62.626864 29.866559 1303405809296 95.7
62.62686 29.866504 1303405811297 96.1
62.626856 29.866481 1303405813299 96.1
62.62688 29.866436 1303405815296 97.9
62.626899 29.866398 1303405817297 98.8
62.626901 29.86635 1303405819295 99.0
62.626902 29.866342 1303405821298 99.4
62.626908 29.866327 1303405823295 99.3
62.62693 29.866282 1303405825298 98.8
62.626934 29.86627 1303405827295 96.7
62.626932 29.866217 1303405831299 95.9
62.626933 29.866193 1303405833295 94.8
62.626943 29.86617 1303405835297 94.3
62.62695 29.866142 1303405837295 93.1
62.626946 29.866131 1303405839296 92.9
62.626936 29.866095 1303405841297 92.7
62.626933 29.866087 1303405843295 92.6
62.626927 29.866086 1303405845296 92.4
62.626927 29.866098 1303405847300 92.8
62.626918 29.866061 1303405849296 94.1
62.626904 29.866068 1303405851295 94.2
62.626908 29.866054 1303405853295 92.9
62.626959 29.866065 1303405855299 92.0
62.627009 29.866047 1303405857294 91.8
62.627045 29.865971 1303405861295 91.8
62.627051 29.865953 1303405863299 91.8
62.62706 29.865912 1303405865296 92.2
62.627076 29.86589 1303405867296 92.6
62.627088 29.865859 1303405869296 94.1
62.627089 29.865875 1303405871297 94.2
62.627082 29.865872 1303405873296 94.0
62.627101 29.865874 1303405875297 96.1
62.627107 29.865816 1303405877296 98.5
62.627108 29.865806 1303405879296 98.8
62.627106 29.865806 1303405881298 99.2
62.627105 29.865795 1303405883295 98.6
62.627117 29.865831 1303405885296 99.3
62.627114 29.865816 1303405887321 99.2
62.627121 29.865816 1303405891296 99.2
62.627115 29.865824 1303405893298 99.4
62.627133 29.86578 1303405895297 99.9
62.627142 29.865844 1303405897295 99.5
62.627165 29.865891 1303405899300 98.6
62.627172 29.865926 1303405901297 99.3
62.627178 29.865937 1303405903294 99.1
62.627198 29.865906 1303405905295 99.4
62.627203 29.865866 1303405907302 99.8
62.62721 29.865802 1303405909297 99.7
62.627216 29.86576 1303405911295 99.8
62.627216 29.865722 1303405913298 99.5
62.627243 29.865632 1303405915299 99.3
62.627271 29.865602 1303405917295 100.0
62.627317 29.865556 1303405921297 99.3
62.627328 29.865562 1303405923300 99.4
62.627361 29.86552 1303405925297 100.1
62.627372 29.865493 1303405927295 100.1
62.627398 29.865448 1303405929296 100.2
62.627424 29.865344 1303405931300 100.1
62.627441 29.865288 1303405933295 99.9
62.627459 29.865237 1303405935299 100.1
62.627471 29.865141 1303405937297 100.1
62.62748 29.865098 1303405939297 100.1
62.627477 29.86508 1303405941300 100.2
62.627477 29.865075 1303405943296 100.2
62.627484 29.865067 1303405945295 100.0
62.627488 29.865092 1303405947296 99.9
62.627534 29.8651 1303405951299 99.5
62.627548 29.86511 1303405953295 99.5
62.627583 29.86511 1303405955297 99.2
62.627602 29.865079 1303405957295 99.0
62.627628 29.86508 1303405959296 98.8
62.627652 29.865064 1303405961297 99.1
62.627657 29.865061 1303405963295 99.1
62.627699 29.864984 1303405965299 99.1
62.627714 29.864965 1303405967296 99.1
62.627726 29.864929 1303405969295 99.1
62.62773 29.86494 1303405971296 99.2
62.627736 29.864946 1303405973295 99.2
62.627768 29.864974 1303405975294 98.9
62.627781 29.864978 1303405977295 98.7
62.627787 29.864986 1303405981297 98.5
62.627787 29.864983 1303405983299 98.6
62.62781 29.864923 1303405985297 98.3
62.627802 29.864884 1303405987295 98.1
62.627826 29.864889 1303405989296 97.9
62.627829 29.864882 1303405991301 97.8
62.627829 29.864867 1303405993299 97.7
62.62784 29.864886 1303405995300 97.5
62.627846 29.864916 1303405997296 97.4
62.627854 29.864931 1303405999296 97.3
62.627859 29.864908 1303406001296 97.5
62.627856 29.864886 1303406003295 97.6
62.627873 29.864881 1303406005294 97.6
62.627874 29.864881 1303406007297 97.5
62.627866 29.864743 1303406011297 97.2
62.627878 29.864791 1303406013295 94.8
62.627892 29.864762 1303406015297 96.0
62.627882 29.864745 1303406017295 96.2
62.627886 29.864716 1303406019297 94.9
62.627892 29.864721 1303406021297 94.5
62.627921 29.864701 1303406023295 94.8
62.627952 29.864668 1303406025296 95.3
62.627966 29.864664 1303406027296 95.3
62.628005 29.86474 1303406029295 95.3
62.628012 29.864752 1303406031295 96.2
62.628026 29.864747 1303406033295 96.9
62.62813 29.864588 1303406035299 96.7
62.628135 29.864614 1303406037295 95.3
62.628136 29.864683 1303406041298 95.3
62.628132 29.864703 1303406043296 95.3
62.628103 29.864748 1303406045297 92.8
62.628098 29.864762 1303406047295 91.9
62.628096 29.864767 1303406049299 91.5
62.628093 29.864773 1303406051297 91.2
62.628093 29.86479 1303406053296 91.1
62.628094 29.86479 1303406055410 91.4
62.628097 29.864812 1303406057461 91.0
62.628094 29.864792 1303406059329 90.9
62.628093 29.86478 1303406061300 90.9
62.628086 29.864755 1303406063546 88.7
62.628078 29.864759 1303406065541 86.5
62.628074 29.864767 1303406069342 85.0
62.628064 29.86476 1303406072293 84.1
62.628063 29.864762 1303406073441 83.8
62.628052 29.864624 1303406075461 85.7
62.628018 29.864491 1303406081887 89.2
62.628018 29.864491 1303406081888 89.9
62.628018 29.864491 1303406081889 89.9
62.628009 29.864447 1303406084010 90.9
62.628002 29.864443 1303406088776 91.0
62.628002 29.864443 1303406088777 91.0
62.628002 29.864443 1303406089481 91.0
62.628036 29.864527 1303406091305 92.0
62.628056 29.864563 1303406093297 91.8
62.628034 29.864555 1303406095412 92.1
62.628015 29.864567 1303406097713 92.3
62.628041 29.864592 1303406102490 92.3
62.628041 29.864592 1303406103991 92.3
62.628057 29.864612 1303406105297 92.2
62.628066 29.864616 1303406109051 92.4
62.628066 29.864616 1303406109496 92.4
62.628077 29.864602 1303406111488 92.2
62.628109 29.864656 1303406113357 91.9
62.628117 29.864669 1303406115694 92.0
62.628126 29.864696 1303406117624 92.1
62.62817 29.864756 1303406119325 92.4
62.628167 29.864789 1303406121628 92.4
62.628161 29.864748 1303406123445 92.3
62.628159 29.864697 1303406125313 92.7
62.628153 29.864705 1303406127325 92.9
62.628133 29.864719 1303406131318 93.6
62.628134 29.864719 1303406133296 93.5
62.628128 29.8647 1303406135665 93.7
62.628119 29.864686 1303406137687 93.9
62.628111 29.864666 1303406139307 93.7
62.62811 29.864664 1303406142026 93.6
62.628108 29.864643 1303406143640 93.4
62.628106 29.864659 1303406146527 92.6
62.628106 29.864659 1303406147298 92.6
62.628098 29.864686 1303406149313 93.0
62.628087 29.864702 1303406151601 93.3
62.628094 29.864682 1303406153392 93.1
62.628093 29.86472 1303406155551 92.8
62.628068 29.864688 1303406157301 92.4
62.628058 29.864669 1303406161297 92.3
62.628056 29.864687 1303406163302 92.3
62.628078 29.864748 1303406165302 92.2
62.628081 29.864717 1303406167297 92.0
62.628082 29.864708 1303406169295 92.1
62.628064 29.864688 1303406171296 91.7
62.628074 29.864697 1303406173296 91.5
62.628066 29.864673 1303406175296 91.5
62.628067 29.864659 1303406177297 91.4
62.62807 29.864656 1303406179301 91.4
62.628096 29.86468 1303406181299 91.0
62.628101 29.864703 1303406183299 91.0
62.628109 29.864756 1303406185296 90.7
62.628124 29.864749 1303406187301 90.8
62.628141 29.864742 1303406191295 91.0
62.62815 29.864693 1303406193300 91.3
62.628141 29.864625 1303406195301 91.8
62.628145 29.864615 1303406197296 92.1
62.628128 29.864572 1303406199296 92.3
62.628129 29.864591 1303406201300 92.3
62.628154 29.864614 1303406203297 92.2
62.628176 29.864645 1303406205296 92.2
62.628185 29.864674 1303406207300 91.8
62.628174 29.86469 1303406209296 91.6
62.628189 29.864789 1303406211299 91.5
62.628181 29.864805 1303406213296 91.6
62.628161 29.8648 1303406215299 91.7
62.628139 29.864793 1303406217296 91.5
62.628159 29.864816 1303406221296 91.2
62.62817 29.864823 1303406223300 91.6
62.628173 29.864825 1303406225296 91.8
62.628172 29.864805 1303406227297 92.1
62.62817 29.864801 1303406229299 92.3
62.628136 29.864751 1303406231296 90.8
62.62814 29.864787 1303406233300 90.3
62.628154 29.864843 1303406235300 89.6
62.628158 29.864875 1303406237296 88.9
62.628161 29.864894 1303406239295 88.6
62.628166 29.864925 1303406241299 88.0
62.62817 29.864923 1303406243296 88.0
62.628158 29.864927 1303406245296 87.9
62.62816 29.864929 1303406247296 87.5
62.628163 29.864921 1303406251296 87.1
62.628152 29.864922 1303406253300 87.0
62.628152 29.864923 1303406255300 86.9
62.62816 29.864934 1303406257296 86.5
62.628166 29.86494 1303406259295 86.2
62.62817 29.864936 1303406261296 86.5
62.62817 29.864921 1303406263296 86.3
62.628182 29.864923 1303406265296 86.7
62.628173 29.864916 1303406267296 86.5
62.628171 29.864915 1303406269296 86.5
62.628154 29.864895 1303406271295 86.2
62.628154 29.864895 1303406273296 86.2
62.628146 29.864889 1303406275296 86.0
62.628142 29.864884 1303406277295 85.9
62.628124 29.864915 1303406281295 85.0
62.628109 29.864902 1303406283296 85.0
62.62811 29.864898 1303406285296 85.0
62.628103 29.86487 1303406287296 85.8
62.628102 29.864864 1303406289295 85.8
62.628079 29.86487 1303406291296 86.1
62.628068 29.864888 1303406293296 86.0
62.628062 29.864896 1303406295296 86.1
62.628048 29.864901 1303406297296 86.1
62.628075 29.864938 1303406299300 87.5
62.628112 29.86496 1303406301299 87.2
62.628164 29.864946 1303406303296 88.3
62.628183 29.864941 1303406305299 88.9
62.628188 29.864926 1303406307298 89.2
62.628175 29.86482 1303406311296 92.3
62.628174 29.864749 1303406313296 93.8
62.628165 29.864722 1303406315296 94.0
62.628148 29.864697 1303406317297 94.4
62.628146 29.864695 1303406319295 94.3
62.628099 29.864676 1303406321296 94.8
62.628078 29.864672 1303406323295 94.9
62.628044 29.864648 1303406325296 94.4
62.628036 29.864643 1303406327295 94.4
62.628034 29.864636 1303406329296 94.4
62.628032 29.864668 1303406331295 94.4
62.62803 29.864682 1303406333296 94.4
62.628023 29.864713 1303406335296 94.2
62.628001 29.864747 1303406337300 94.0
62.627956 29.864692 1303406341297 94.5
62.627958 29.864679 1303406343301 94.6
62.627943 29.864659 1303406345296 94.7
62.627902 29.864671 1303406347295 94.7
62.627902 29.864672 1303406349300 94.7
62.627889 29.864688 1303406351296 94.4
62.627878 29.864704 1303406353295 94.5
62.627871 29.864728 1303406355296 94.4
62.627869 29.864752 1303406357296 94.3
62.627871 29.864768 1303406359296 94.1
62.627914 29.864739 1303406361299 94.5
62.627949 29.864715 1303406363295 95.1
62.62794 29.864722 1303406365296 95.6
62.627958 29.864725 1303406367300 95.7
62.627957 29.864726 1303406371297 94.8
62.627928 29.864725 1303406373296 94.4
62.627955 29.864724 1303406375300 92.9
62.627948 29.86474 1303406377296 92.5
62.62797 29.864735 1303406379296 92.0
62.627969 29.86478 1303406381300 91.4
62.627986 29.864785 1303406383295 90.5
62.627985 29.864803 1303406385296 90.3
62.628 29.86483 1303406387296 90.2
62.628022 29.864831 1303406389299 90.1
62.628066 29.864906 1303406391295 90.4
62.6281 29.864945 1303406393300 91.1
62.628091 29.864973 1303406395296 92.1
62.628072 29.864948 1303406397299 93.1
62.628096 29.86493 1303406401299 94.6
62.628081 29.864925 1303406403300 94.9
62.628093 29.864922 1303406405296 95.0
62.628121 29.864919 1303406407296 95.0
62.628131 29.864918 1303406409300 95.0
62.628114 29.864934 1303406411296 95.0
62.628113 29.864942 1303406413296 95.0
62.628094 29.86494 1303406415301 95.1
62.628087 29.864941 1303406417296 95.1
62.628085 29.86494 1303406419296 95.0
62.62809 29.864939 1303406421299 94.9
62.628076 29.864929 1303406423296 94.8
62.628069 29.864916 1303406425296 94.8
62.628049 29.864899 1303406427327 94.8
62.627996 29.86485 1303406431297 94.6
62.627984 29.86483 1303406433296 94.6
62.627932 29.864793 1303406435297 94.4
62.627897 29.864769 1303406437296 94.4
62.627882 29.864744 1303406439296 94.2
62.627865 29.864722 1303406441301 94.0
62.62791 29.864716 1303406443295 93.7
62.627898 29.864708 1303406445296 93.5
62.627927 29.864715 1303406447296 93.3
62.627945 29.864733 1303406449300 93.3
62.627958 29.864719 1303406451299 93.2
62.627974 29.864722 1303406453295 93.3
62.627994 29.864712 1303406455297 93.4
62.628002 29.864707 1303406457295 93.4
62.628011 29.864709 1303406461300 93.6
62.628034 29.864707 1303406463299 94.6
62.628044 29.864739 1303406465296 96.2
62.628047 29.86471 1303406467299 97.7
62.628055 29.864692 1303406469295 98.3
62.62805 29.864682 1303406471296 98.6
62.628075 29.864692 1303406473296 100.6
62.62812 29.864737 1303406475296 106.9
62.628153 29.864746 1303406477296 109.7
62.62816 29.864754 1303406479296 110.3
62.628187 29.864778 1303406481295 112.1
62.628187 29.864784 1303406483296 112.6
62.628188 29.864812 1303406485300 113.6
62.628196 29.864812 1303406487295 115.1
62.628191 29.864863 1303406491297 114.1
62.628203 29.864864 1303406493296 113.7
62.628203 29.864894 1303406495296 112.5
62.628224 29.864937 1303406497297 111.4
62.628215 29.864952 1303406499296 110.0
62.628195 29.864951 1303406501296 106.9
62.628146 29.864925 1303406503295 102.8
62.628089 29.864926 1303406505297 100.0
62.628063 29.864928 1303406507296 98.5
62.628106 29.864945 1303406509299 97.5
62.628056 29.864942 1303406511297 96.0
62.628045 29.864947 1303406513296 96.0
62.627941 29.86498 1303406515296 95.5
62.62794 29.864992 1303406517300 95.5
62.627903 29.864986 1303406521300 96.7
62.627905 29.864988 1303406523296 97.5
62.6279 29.865007 1303406525297 97.3
62.627906 29.864993 1303406527295 98.0
62.627882 29.864982 1303406529297 99.5
62.62788 29.864965 1303406531294 100.8
62.627866 29.864966 1303406533295 100.7
62.627843 29.864972 1303406535300 101.1
62.62778 29.864997 1303406537296 101.8
62.627761 29.864988 1303406539295 102.2
62.627746 29.864986 1303406541297 102.2
62.627742 29.864982 1303406543298 102.2
62.62771 29.864975 1303406545296 102.2
62.62771 29.864968 1303406547349 102.1
62.627674 29.864959 1303406551296 101.8
62.627666 29.864957 1303406553296 101.6
62.627638 29.864954 1303406555297 101.4
62.62763 29.86496 1303406557298 101.4
62.627609 29.864968 1303406559296 101.4
62.627595 29.864985 1303406561299 101.4
62.62759 29.864992 1303406563299 101.4
62.627616 29.865005 1303406565297 100.4
62.627647 29.865 1303406567295 99.8
62.627554 29.86504 1303406569295 99.8
62.627559 29.865038 1303406571297 99.5
62.627572 29.865033 1303406573296 99.4
62.627686 29.86496 1303406575300 99.5
62.627764 29.864899 1303406577296 99.4
62.627817 29.864851 1303406581296 99.2
62.627825 29.864844 1303406583300 99.1
62.62784 29.864848 1303406585297 99.0
62.627859 29.864852 1303406587295 98.6
62.627908 29.864861 1303406589296 98.0
62.627977 29.864877 1303406591295 96.8
62.627986 29.864872 1303406593295 96.7
62.628058 29.864842 1303406595296 96.3
62.628116 29.864823 1303406597295 96.4
62.628179 29.864805 1303406599300 96.4
62.6282 29.864794 1303406601301 96.4
62.628186 29.864798 1303406603296 96.6
62.628167 29.864819 1303406605296 96.9
62.62811 29.864894 1303406607296 97.3
62.628106 29.864907 1303406611297 97.6
62.628106 29.864904 1303406613296 97.6
62.628117 29.864912 1303406615296 97.7
62.628122 29.864911 1303406617295 97.8
62.628134 29.864898 1303406619296 97.7
62.628154 29.864901 1303406621301 97.9
62.628162 29.864891 1303406623296 97.9
62.628146 29.864907 1303406625296 98.0
62.62815 29.864913 1303406627296 98.0
62.628149 29.864907 1303406629296 98.0
62.628158 29.864864 1303406631297 97.8
62.628146 29.864828 1303406633296 97.8
62.628134 29.864753 1303406635300 99.1
62.628103 29.864763 1303406637301 99.9
62.628094 29.864774 1303406641296 100.8
62.628103 29.864775 1303406643300 100.9
62.628148 29.864869 1303406645296 103.2
62.628165 29.864891 1303406647296 103.3
62.628176 29.864929 1303406649299 103.6
62.628187 29.86494 1303406651295 103.4
62.62818 29.864947 1303406653296 103.4
62.628156 29.864948 1303406655295 103.3
62.628123 29.864931 1303406657296 103.2
62.628106 29.864925 1303406659296 103.2
62.628109 29.864927 1303406661296 103.2
62.628109 29.864901 1303406663296 103.6
62.628101 29.864884 1303406665295 103.8
62.628101 29.864886 1303406667301 103.6
62.628081 29.86489 1303406671297 102.9
62.628083 29.864882 1303406673296 103.0
62.628106 29.864861 1303406675297 102.8
62.628104 29.86485 1303406677297 102.9
62.628126 29.864829 1303406679296 102.5
62.628121 29.864774 1303406681296 101.5
62.628116 29.864745 1303406683299 100.5
62.628108 29.864741 1303406685300 100.1
62.62811 29.86473 1303406687301 99.9
62.628109 29.864693 1303406689295 100.4
62.62811 29.864701 1303406691295 99.6
62.62811 29.864704 1303406693299 99.5
62.628102 29.8647 1303406695301 98.5
62.628097 29.864699 1303406697297 98.3
62.628049 29.864708 1303406701301 97.8
62.628044 29.86472 1303406703297 98.2
62.62805 29.864764 1303406705297 96.9
62.628044 29.864769 1303406707295 97.3
62.62804 29.864766 1303406709301 96.8
62.628034 29.864762 1303406711295 96.0
62.62802 29.864775 1303406713295 95.2
62.628024 29.864752 1303406715300 93.3
62.628032 29.864738 1303406717296 92.7
62.628073 29.864713 1303406719296 92.3
62.62806 29.864712 1303406721300 91.9
62.628059 29.86471 1303406723299 92.1
62.628088 29.864693 1303406725296 92.0
62.628095 29.864682 1303406727302 92.2
62.628067 29.864694 1303406731296 94.9
62.628041 29.864822 1303406733296 91.3
62.627998 29.864844 1303406735297 93.1
62.627977 29.864853 1303406737295 93.7
62.627987 29.864827 1303406739296 95.6
62.627985 29.864829 1303406741295 97.4
62.62799 29.864781 1303406743295 99.6
62.627969 29.864774 1303406745296 101.6
62.627949 29.864796 1303406747301 101.9
62.627936 29.864856 1303406749295 101.1
62.627936 29.864895 1303406751297 100.7
62.627938 29.864894 1303406753301 100.5
62.627933 29.864893 1303406755301 101.0
62.627935 29.864888 1303406757303 101.1
62.627929 29.864848 1303406761296 101.8
62.627927 29.864847 1303406763296 101.7
62.627945 29.864856 1303406765297 101.1
62.627954 29.864875 1303406767295 101.2
62.627974 29.864879 1303406769301 101.0
62.627989 29.864916 1303406771295 100.5
62.627989 29.864927 1303406773300 100.3
62.627996 29.865009 1303406775301 98.9
62.628043 29.86499 1303406777296 98.3
62.628053 29.865087 1303406779300 97.0
62.62806 29.865097 1303406781295 96.8
62.628057 29.865107 1303406783296 96.8
62.628048 29.865116 1303406785296 96.9
62.628061 29.86514 1303406787295 96.9
62.628081 29.865193 1303406791300 96.5
62.628102 29.865204 1303406793296 96.1
62.628095 29.86525 1303406795297 97.4
62.62812 29.86526 1303406797295 96.6
62.628132 29.865321 1303406799296 94.9
62.628128 29.865362 1303406801300 94.2
62.628126 29.865412 1303406803295 92.2
62.628101 29.86547 1303406805301 91.4
62.628092 29.865493 1303406807296 91.1
62.628094 29.865531 1303406809296 90.2
62.628094 29.86556 1303406811295 89.4
62.628093 29.865566 1303406813299 89.0
62.628085 29.865586 1303406815301 88.1
62.628088 29.865596 1303406817296 87.2
62.628093 29.865627 1303406821297 86.5
62.628102 29.865635 1303406823296 86.2
62.628113 29.865671 1303406825297 85.6
62.62812 29.865717 1303406827296 84.4
62.628124 29.865747 1303406829301 84.6
62.628142 29.86579 1303406831296 84.0
62.628142 29.865812 1303406833296 84.0
62.628121 29.865889 1303406835294 84.5
62.628116 29.865929 1303406837295 84.9
62.628109 29.865951 1303406839296 84.9
62.628114 29.865996 1303406841315 85.6
62.628115 29.866002 1303406843300 85.6
62.628164 29.866024 1303406845300 85.3
62.628167 29.866022 1303406847295 85.4
62.628163 29.866006 1303406851297 83.6
62.628175 29.866016 1303406853296 82.4
62.628178 29.86603 1303406855296 82.4
62.62819 29.866066 1303406857295 81.5
62.628186 29.866104 1303406859295 81.8
62.628196 29.866177 1303406861296 77.9
62.628192 29.866195 1303406863296 77.5
62.628209 29.866192 1303406865296 78.8
62.628226 29.866146 1303406867300 79.0
62.628274 29.866172 1303406869296 79.4
62.628287 29.866215 1303406871295 79.8
62.628324 29.866235 1303406873299 80.2
62.628392 29.866316 1303406875300 79.2
62.628395 29.866329 1303406877297 79.6
62.628451 29.866398 1303406881297 81.9
62.628454 29.866431 1303406883296 81.8
62.628518 29.866634 1303406885301 81.9
62.628523 29.866728 1303406887296 82.0
62.628536 29.866781 1303406889296 82.4
62.628538 29.866847 1303406891300 81.1
62.628553 29.866896 1303406893295 79.9
62.628615 29.866932 1303406895296 80.6
62.628586 29.866969 1303406897300 83.4
62.628561 29.867051 1303406899295 85.8
62.628554 29.867098 1303406901295 85.0
62.628575 29.867076 1303406903297 85.4
62.628575 29.867052 1303406905295 86.3
62.628585 29.867022 1303406907295 86.0
62.628627 29.867118 1303406911297 85.7
62.628638 29.86712 1303406913299 86.2
62.628647 29.867113 1303406915301 86.8
62.628675 29.8671 1303406917295 86.2
62.628685 29.867096 1303406919300 87.1
62.628702 29.867071 1303406921296 87.1
62.628716 29.867066 1303406923295 88.9
62.628718 29.867108 1303406925297 88.2
62.628717 29.867111 1303406927300 88.3
62.628703 29.867156 1303406929296 88.6
62.628726 29.867193 1303406931294 90.1
62.628756 29.867218 1303406933295 90.9
62.628767 29.867238 1303406935301 90.4
62.628746 29.867274 1303406937300 90.5
62.628733 29.867297 1303406941296 91.3
62.628727 29.867305 1303406943299 91.4
62.628725 29.867375 1303406945296 91.1
62.628758 29.867377 1303406947296 92.0
62.62878 29.867374 1303406949296 93.5
62.628813 29.867404 1303406951296 95.3
62.628841 29.867445 1303406953303 94.6
62.628853 29.867474 1303406955301 94.0
62.628841 29.867484 1303406957297 92.6
62.62887 29.867503 1303406959295 93.5
62.62889 29.867522 1303406961296 93.6
62.628886 29.867546 1303406963299 92.6
62.62888 29.867598 1303406965300 90.2
62.628878 29.867674 1303406967295 89.4
62.628888 29.867745 1303406971300 90.3
62.628903 29.867742 1303406973296 90.3
62.628895 29.867796 1303406975300 90.7
62.628899 29.867806 1303406977298 90.6
62.628908 29.867853 1303406979298 90.4
62.628901 29.867876 1303406981297 90.5
62.62891 29.867926 1303406983296 92.0
62.628916 29.867891 1303406985296 92.2
62.628928 29.867916 1303406987735 93.9
62.628928 29.867916 1303406989296 93.9
62.628933 29.867952 1303406992423 91.1
62.628933 29.867952 1303406993321 91.1
62.628919 29.867998 1303406995301 87.2
62.62892 29.868009 1303406997511 87.0
62.628921 29.868033 1303407001346 85.4
62.628906 29.868032 1303407003544 87.2
62.628933 29.868029 1303407005301 87.2
62.628948 29.868011 1303407007296 90.3
62.628966 29.86804 1303407009296 89.4
62.628957 29.868083 1303407011710 89.5
62.62898 29.868063 1303407013914 89.3
62.628984 29.868065 1303407015297 89.4
62.629005 29.868072 1303407017296 88.1
62.62901 29.868086 1303407019666 88.0
62.629036 29.868092 1303407022208 88.4
62.629046 29.868094 1303407023302 88.4
62.629064 29.868096 1303407025628 88.9
62.629065 29.868099 1303407027299 88.9
62.629052 29.868165 1303407031296 92.5
62.629033 29.868141 1303407033300 93.6
62.629028 29.868152 1303407035297 95.2
62.629029 29.868133 1303407037295 96.6
62.629018 29.86813 1303407039296 96.9
62.629003 29.868138 1303407041296 98.3
62.62903 29.86814 1303407043298 98.3
62.628992 29.868191 1303407045301 98.4
62.628954 29.868216 1303407047297 98.5
62.628927 29.868232 1303407049296 98.5
62.62892 29.868231 1303407051296 98.7
62.628918 29.868225 1303407053296 98.8
62.628894 29.868188 1303407055299 98.6
62.6289 29.868179 1303407057654 99.6
62.62891 29.868167 1303407061544 99.5
62.628951 29.86809 1303407063296 100.6
62.628943 29.868093 1303407065301 100.1
62.628949 29.868086 1303407067301 100.3
62.628944 29.868092 1303407069299 100.0
62.628916 29.868112 1303407071295 100.1
62.62892 29.868098 1303407078441 101.3
62.62892 29.868098 1303407078448 101.3
62.628922 29.868091 1303407082201 101.7
62.628922 29.868091 1303407082203 101.7
62.628891 29.868038 1303407083296 99.7
62.628854 29.868 1303407085410 98.2
62.628854 29.868006 1303407089924 98.0
62.628889 29.86793 1303407093655 97.3
62.628891 29.86793 1303407095387 97.2
62.62889 29.867931 1303407099369 97.2
62.62889 29.867931 1303407099370 97.2
62.62888 29.867873 1303407102764 97.2
62.62888 29.867873 1303407103339 97.2
62.628873 29.867864 1303407105703 97.2
62.628944 29.867822 1303407107449 97.2
62.628984 29.867804 1303407109765 97.2
62.628987 29.8678 1303407111412 97.2
62.628958 29.867819 1303407114389 97.2
62.628948 29.867809 1303407115503 97.3
62.628924 29.86787 1303407117698 97.3
62.628935 29.867905 1303407119301 97.3
62.628938 29.868002 1303407123295 97.4
62.628944 29.867998 1303407125296 97.4
62.62904 29.867905 1303407127297 97.4
62.629034 29.867943 1303407129295 97.7
62.629001 29.86801 1303407131304 98.0
62.628987 29.868034 1303407133296 98.0
62.628949 29.868059 1303407135296 98.8
62.628942 29.868056 1303407137295 98.6
62.628932 29.868063 1303407139296 98.5
62.628924 29.868044 1303407141296 99.7
62.6289 29.868024 1303407143296 101.1
62.628901 29.868007 1303407145301 101.8
62.628894 29.868007 1303407147296 102.1
62.628894 29.867998 1303407149299 101.6
62.628886 29.867984 1303407153299 100.2
62.628886 29.867963 1303407155296 100.4
62.628896 29.867923 1303407157301 101.1
62.62889 29.867889 1303407159295 101.1
62.628896 29.86781 1303407161297 98.8
62.628868 29.86777 1303407163296 98.8
62.628893 29.867743 1303407165296 99.4
62.628883 29.86773 1303407167296 98.7
62.628894 29.867712 1303407169295 98.6
62.628911 29.867696 1303407171296 96.6
62.628895 29.867706 1303407173296 96.7
62.628883 29.867716 1303407175296 96.5
62.628878 29.867713 1303407177304 96.3
62.628878 29.867703 1303407179388 96.4
62.62887 29.867656 1303407183296 98.1
62.62887 29.867655 1303407185296 98.1
62.628856 29.867642 1303407187301 98.2
62.628848 29.867642 1303407189470 97.6
62.628824 29.867647 1303407191296 99.2
62.628828 29.867646 1303407193296 99.2
62.628805 29.867681 1303407195301 99.0
62.628813 29.867704 1303407197318 98.2
62.628822 29.867738 1303407199302 97.0
62.628817 29.867739 1303407201317 96.5
62.628804 29.867748 1303407203296 96.6
62.628781 29.867821 1303407205301 96.8
62.628761 29.86781 1303407207296 96.2
62.628754 29.867788 1303407209296 96.1
62.628754 29.867761 1303407213302 96.3
62.62875 29.867729 1303407215296 96.0
62.628746 29.867682 1303407217296 95.7
62.628755 29.867609 1303407219296 95.5
62.628749 29.86752 1303407221296 95.9
62.628744 29.867462 1303407223303 95.6
62.62874 29.867422 1303407225296 95.2
62.628715 29.867386 1303407227295 94.9
62.628668 29.867334 1303407229296 94.7
62.628665 29.867306 1303407231296 94.0
62.628663 29.867286 1303407233296 93.9
62.628638 29.867214 1303407235301 92.8
62.628627 29.867163 1303407237302 92.3
62.628621 29.867125 1303407239296 92.4
62.628618 29.86711 1303407243296 92.6
62.628592 29.867034 1303407245305 92.3
62.628576 29.866998 1303407247295 91.7
62.628567 29.866977 1303407249300 91.1
62.628582 29.866954 1303407251296 90.8
62.628586 29.866931 1303407253296 90.7
62.628589 29.866859 1303407255296 90.6
62.628603 29.866836 1303407257297 90.7
62.628606 29.866796 1303407259301 90.6
62.628588 29.866759 1303407261300 90.2
62.62859 29.866748 1303407263296 90.9
62.628524 29.866739 1303407265300 90.8
62.628496 29.866777 1303407267299 92.6
62.628459 29.866772 1303407269296 92.8
62.628437 29.86678 1303407273297 92.8
62.628437 29.866732 1303407275300 92.7
62.628424 29.866645 1303407277297 92.2
62.628444 29.866598 1303407279296 91.5
62.62846 29.866507 1303407281295 89.7
62.628462 29.866473 1303407283295 89.1
62.628467 29.86639 1303407285297 87.9
62.628462 29.866336 1303407287295 88.9
62.628459 29.866316 1303407289295 87.8
62.628482 29.866243 1303407291295 88.9
62.62847 29.8662 1303407293295 89.5
62.628436 29.866139 1303407295300 88.2
62.628426 29.866116 1303407297302 86.6
62.628402 29.866098 1303407299297 86.2
62.628432 29.866051 1303407303295 87.9
62.628442 29.866017 1303407305296 90.6
62.628441 29.866006 1303407307297 91.7
62.628451 29.865958 1303407309297 92.3
62.628443 29.865955 1303407311295 92.2
62.628448 29.865952 1303407313295 91.9
62.628438 29.865939 1303407315301 91.4
62.62843 29.86592 1303407317302 91.4
62.628422 29.865882 1303407319296 91.7
62.628417 29.865828 1303407321296 91.9
62.628407 29.865783 1303407323300 91.6
62.628366 29.865655 1303407325300 94.0
62.628358 29.86562 1303407327301 94.6
62.628352 29.865604 1303407329295 94.9
62.628347 29.865578 1303407333296 94.9
62.628324 29.865566 1303407335296 94.7
62.628369 29.865527 1303407337297 94.7
62.628385 29.86548 1303407339296 94.2
62.6284 29.865456 1303407341295 91.1
62.628405 29.865442 1303407343295 90.4
62.628406 29.865434 1303407345300 89.2
62.6284 29.865407 1303407347301 88.5
62.628416 29.865379 1303407349307 88.7
62.628391 29.865321 1303407351295 88.5
62.628371 29.865313 1303407353295 88.7
62.62834 29.865252 1303407355296 88.2
62.628318 29.86522 1303407357329 87.9
62.628292 29.865186 1303407359301 87.0
62.628275 29.865141 1303407363295 86.3
62.628241 29.865126 1303407365296 85.8
62.628214 29.865133 1303407367297 85.6
62.628204 29.865138 1303407369296 85.3
62.6282 29.865099 1303407371295 84.8
62.628195 29.865061 1303407373295 84.5
62.628151 29.86497 1303407375296 85.4
62.628135 29.86489 1303407377296 85.6
62.628128 29.864771 1303407379295 86.1
62.628134 29.864695 1303407381300 86.2
62.628136 29.864671 1303407383295 86.3
62.628138 29.864616 1303407385296 85.6
62.628119 29.864583 1303407387296 85.2
62.628095 29.864534 1303407389296 85.5
62.628067 29.864515 1303407393296 85.3
62.628025 29.864512 1303407395296 86.1
62.628014 29.864501 1303407397296 86.9
62.627997 29.864453 1303407399296 86.9
62.627987 29.864421 1303407401301 86.7
62.62797 29.864395 1303407403295 85.2
62.627983 29.86434 1303407405297 85.9
62.627984 29.864313 1303407407295 86.2
62.627976 29.864209 1303407409295 87.8
62.627979 29.864186 1303407411300 88.1
62.627987 29.864172 1303407413295 88.6
62.627982 29.864155 1303407415297 88.8
62.627978 29.864143 1303407417301 88.4
62.627938 29.864124 1303407419295 88.5
62.6279 29.864021 1303407423299 88.5
62.627886 29.863972 1303407425300 90.1
62.627885 29.863954 1303407427297 90.2
62.627887 29.863893 1303407429296 91.1
62.627881 29.863864 1303407431295 91.5
62.627892 29.863834 1303407433295 93.6
62.627888 29.863794 1303407435300 93.8
62.627882 29.863766 1303407437296 93.7
62.62788 29.863708 1303407439296 92.4
62.627881 29.863639 1303407441296 94.3
62.627884 29.863586 1303407443295 95.1
62.627876 29.863545 1303407445884 95.0
62.627876 29.863545 1303407447296 95.0
62.627873 29.86352 1303407449296 94.3
62.627858 29.863514 1303407453295 91.4
62.627874 29.863479 1303407455297 91.4
62.627876 29.863464 1303407457302 91.1
62.627706 29.863508 1303407459301 90.8
62.627646 29.86351 1303407461295 91.2
62.62763 29.863445 1303407463295 91.4
62.627608 29.863396 1303407465296 90.8
62.627606 29.863382 1303407467295 90.6
62.627626 29.863331 1303407469300 92.3
62.627625 29.863264 1303407471299 91.6
62.62761 29.863211 1303407473295 91.8
62.62759 29.863183 1303407475296 91.7
62.627557 29.863199 1303407477297 91.7
62.627521 29.863218 1303407479295 92.0
62.627497 29.863322 1303407483299 93.6
62.627481 29.863367 1303407485296 93.1
62.627509 29.86337 1303407487296 93.7
62.627429 29.8634 1303407489296 94.5
62.627418 29.863381 1303407491295 93.7
62.627441 29.863359 1303407493300 95.0
62.627456 29.863338 1303407495297 94.5
62.627458 29.863334 1303407497296 94.5
62.627432 29.863272 1303407499295 94.1
62.627421 29.863248 1303407501294 93.8
62.627411 29.86322 1303407503295 92.4
62.627424 29.863177 1303407505297 92.5
62.62744 29.863167 1303407507296 92.4
62.627449 29.863139 1303407509300 91.1
62.627485 29.863052 1303407513295 86.7
62.627522 29.862964 1303407515300 81.8
62.62752 29.862906 1303407517296 78.2
62.62756 29.862752 1303407519296 79.4
62.627542 29.862624 1303407521295 78.1
62.62754 29.862519 1303407523295 80.4
62.627534 29.86245 1303407525296 78.4
62.627506 29.862448 1303407527296 78.7
62.627454 29.862347 1303407529301 80.9
62.627429 29.862276 1303407531301 81.1
62.62739 29.86226 1303407533295 82.3
62.627402 29.862158 1303407535301 82.8
62.627408 29.862129 1303407537295 82.9
62.627344 29.862149 1303407539295 83.4
62.627288 29.862041 1303407543296 82.5
62.627257 29.861952 1303407545296 82.6
62.627252 29.861903 1303407547302 80.3
62.627253 29.861768 1303407549301 79.0
62.627252 29.861686 1303407551303 78.3
62.62724 29.861623 1303407553295 78.4
62.62723 29.861567 1303407555302 79.3
62.627228 29.861517 1303407557302 77.7
62.627209 29.861448 1303407559296 76.7
62.62723 29.861366 1303407561296 75.9
62.627222 29.861288 1303407563295 80.5
62.627201 29.861185 1303407565301 82.8
62.627141 29.861144 1303407567296 81.6
62.627047 29.861078 1303407569295 83.3
62.627066 29.861095 1303407573295 81.7
62.627067 29.861098 1303407575296 81.2
62.627056 29.861026 1303407577297 83.0
62.62706 29.861056 1303407579413 85.5
62.627059 29.861053 1303407581295 86.1
62.627085 29.861022 1303407583299 89.0
62.627092 29.861018 1303407585297 88.9
62.627084 29.861038 1303407589149 89.7
62.627084 29.861038 1303407589849 89.7
62.627123 29.861002 1303407592619 89.3
62.627123 29.861002 1303407593296 89.3
62.627123 29.860972 1303407595907 89.0
62.627123 29.860941 1303407597305 89.6
62.627184 29.860843 1303407599397 88.9
62.627236 29.860766 1303407603296 88.5
62.62725 29.860768 1303407605296 88.1
62.627282 29.860808 1303407607296 88.5
62.627279 29.860857 1303407609296 89.2
62.627274 29.860885 1303407611296 89.8
62.627272 29.860906 1303407613295 90.6
62.627286 29.860903 1303407615295 90.8
62.627294 29.860854 1303407617296 91.7
62.627302 29.860831 1303407619295 91.8
62.627288 29.860848 1303407621301 91.7
62.627235 29.860902 1303407623301 91.9
62.62721 29.860905 1303407625296 91.9
62.62712 29.860894 1303407627300 91.9
62.627083 29.860907 1303407629301 91.9
62.627017 29.86094 1303407633297 92.0
62.626993 29.860938 1303407635300 92.0
62.626969 29.860925 1303407637300 91.9
62.626961 29.860891 1303407639296 92.0
62.62695 29.860874 1303407641296 91.9
62.62692 29.860888 1303407643296 92.1
62.626911 29.860864 1303407645301 92.3
62.626899 29.860863 1303407647296 92.5
62.626895 29.860854 1303407649295 92.9
62.626888 29.86086 1303407651296 93.1
62.626873 29.860854 1303407653295 94.1
62.626862 29.860855 1303407655295 94.4
62.626846 29.860886 1303407657301 94.9
62.626837 29.860892 1303407659296 95.6
62.626779 29.860849 1303407663299 95.8
62.626773 29.860847 1303407665297 95.8
62.626742 29.860753 1303407667296 96.2
62.626716 29.860762 1303407669295 96.1
62.626665 29.860707 1303407671296 96.0
62.626532 29.860646 1303407673296 95.3
62.62647 29.860624 1303407675295 95.4
62.626331 29.86053 1303407677295 97.1
62.626234 29.860443 1303407679296 96.2
62.626152 29.860385 1303407681296 95.5
62.626076 29.860284 1303407683296 94.1
62.626038 29.860217 1303407685296 93.4
62.625825 29.860258 1303407687294 85.4
62.625736 29.860326 1303407689296 85.9
62.625627 29.860423 1303407693296 92.9
62.625597 29.860439 1303407695296 94.4
62.625524 29.860509 1303407697296 98.6
62.625513 29.860511 1303407699295 99.0
62.625486 29.86052 1303407701296 100.1
62.625414 29.860521 1303407703295 101.2
62.625381 29.860494 1303407705295 101.2
62.625265 29.86051 1303407707296 101.2
62.625214 29.860513 1303407709294 101.7
62.624984 29.860525 1303407711296 93.4
62.624939 29.860549 1303407713300 97.2
62.624899 29.860552 1303407715296 99.2
62.624812 29.860529 1303407717296 96.8
62.624774 29.86052 1303407719297 93.4
62.624556 29.860287 1303407723296 94.6
62.624522 29.860223 1303407725300 94.6
62.624454 29.860185 1303407727296 93.9
62.624438 29.860171 1303407729296 93.8
62.624421 29.860167 1303407731296 95.5
62.624412 29.860156 1303407733295 96.7
62.624362 29.860118 1303407735296 95.6
62.6243 29.860099 1303407737296 95.0
62.624298 29.860123 1303407739301 94.9
62.624264 29.86011 1303407741301 99.3
62.624264 29.860066 1303407743299 101.1
62.624217 29.860102 1303407745295 103.9
62.624156 29.86002 1303407747296 106.3
62.624082 29.859946 1303407749296 105.3
62.623955 29.859713 1303407753299 102.8
62.623919 29.859708 1303407755296 101.2
62.623901 29.859693 1303407757296 100.5
62.623896 29.859678 1303407759296 100.4
62.623822 29.859658 1303407761296 101.4
62.623804 29.859544 1303407763295 101.4
62.62371 29.859582 1303407765296 102.4
62.62369 29.859499 1303407767411 102.1
62.623642 29.859441 1303407769296 102.0
62.623507 29.859248 1303407771297 101.3
62.623461 29.859134 1303407773296 101.5
62.623419 29.859054 1303407775301 101.6
62.62336 29.85905 1303407777301 101.8
62.623337 29.859037 1303407779295 101.6
62.623097 29.858899 1303407783295 98.2
62.623013 29.858874 1303407785301 97.3
62.622932 29.85882 1303407787296 96.8
62.622911 29.85878 1303407789297 96.8
62.622854 29.858677 1303407791296 96.3
62.622755 29.858649 1303407793295 96.5
62.622721 29.858585 1303407795296 96.4
62.622633 29.858516 1303407797296 96.0
62.622613 29.858483 1303407799300 96.1
62.62254 29.858403 1303407801297 96.2
62.622505 29.858313 1303407803295 96.1
62.622465 29.858245 1303407805295 95.9
62.622456 29.858149 1303407807296 95.6
62.622434 29.858149 1303407809296 95.6
62.622246 29.857989 1303407813300 95.2
62.62219 29.857892 1303407815296 94.8
62.622161 29.857824 1303407817296 94.8
62.62215 29.857804 1303407819302 94.6
62.62211 29.857664 1303407821296 94.6
62.622098 29.85763 1303407823295 93.6
62.622051 29.857492 1303407825301 93.4
62.622029 29.857384 1303407827297 92.2
62.622019 29.857328 1303407829300 92.5
62.621972 29.857088 1303407831297 93.6
62.621947 29.856961 1303407833295 94.8
62.621943 29.856886 1303407835295 95.8
62.621918 29.856801 1303407837295 95.2
62.6219 29.85677 1303407839295 94.8
62.621832 29.85657 1303407843300 94.1
62.621797 29.856491 1303407845296 93.3
62.621748 29.856418 1303407847302 94.4
62.621724 29.856352 1303407849296 92.9
62.62169 29.856239 1303407851296 90.0
62.62167 29.856197 1303407853295 90.4
62.62166 29.856123 1303407855300 89.1
62.621634 29.856002 1303407857296 90.0
62.621616 29.855868 1303407859296 89.0
62.62159 29.855642 1303407861297 89.3
62.621578 29.855521 1303407863295 90.1
62.621562 29.855399 1303407865300 89.9
62.621537 29.855265 1303407867296 89.8
62.621538 29.855217 1303407869295 90.5
62.621573 29.854929 1303407873295 92.3
62.621603 29.854725 1303407875296 95.2
62.621591 29.854578 1303407877296 93.6
62.621574 29.854487 1303407879297 93.6
62.621544 29.854249 1303407881296 94.6
62.621496 29.854056 1303407883300 93.1
62.621525 29.853903 1303407885295 97.6
62.621496 29.853813 1303407887296 98.7
62.621514 29.853758 1303407889296 98.6
62.621503 29.853606 1303407891297 98.0
62.621478 29.8535 1303407893295 96.2
62.621438 29.853377 1303407895302 97.0
62.621396 29.85326 1303407897295 97.3
62.621373 29.853174 1303407899295 98.9
62.621294 29.852865 1303407903295 102.3
62.621263 29.852761 1303407905300 102.5
62.621238 29.852582 1303407907296 104.8
62.621216 29.852528 1303407909301 104.2
62.621205 29.852414 1303407911300 102.6
62.621206 29.852378 1303407913295 102.5
62.621196 29.852337 1303407915301 102.5
62.621161 29.852293 1303407917296 102.4
62.621156 29.852284 1303407919296 103.4
62.621134 29.852267 1303407921296 102.9
62.621113 29.852211 1303407923295 103.0
62.621092 29.852009 1303407925302 102.7
62.621079 29.851836 1303407927296 103.0
62.621076 29.851776 1303407929296 102.7
62.620966 29.8514 1303407933301 103.1
62.620953 29.851177 1303407935296 103.3
62.620933 29.851043 1303407937297 103.9
62.620952 29.851008 1303407939296 105.0
62.620918 29.850732 1303407941300 99.6
62.620939 29.85059 1303407943295 102.8
62.62089 29.850564 1303407945301 107.2
62.620866 29.85052 1303407947302 106.9
62.620849 29.850495 1303407949296 105.5
62.620682 29.850443 1303407951296 104.5
62.620608 29.850401 1303407953295 97.3
62.620563 29.850364 1303407955297 93.8
62.620514 29.850334 1303407957297 96.3
62.620463 29.850345 1303407959302 95.6
62.620232 29.850504 1303407963295 101.4
62.620116 29.850636 1303407965296 103.0
62.619986 29.850768 1303407967302 105.2
62.619924 29.850786 1303407969297 105.3
62.619796 29.850856 1303407971296 104.7
62.61972 29.850909 1303407973295 105.7
62.619654 29.850961 1303407975296 105.1
62.619579 29.851036 1303407977296 105.1
62.619548 29.851056 1303407979295 105.1
62.619488 29.8511 1303407981297 104.8
62.619456 29.851115 1303407983295 104.0
62.619432 29.851127 1303407985302 102.2
62.61941 29.851122 1303407987297 100.3
62.619392 29.851139 1303407989296 97.8
62.61932 29.851192 1303407993297 89.1
62.619297 29.851232 1303407995296 88.4
62.619255 29.851296 1303407997297 82.5
62.619221 29.851336 1303407999296 79.1
62.619129 29.851272 1303408001380 78.5
62.619066 29.851317 1303408003295 85.4
62.618866 29.851339 1303408005296 90.0
62.618744 29.851482 1303408007296 88.7
62.61868 29.85152 1303408009296 87.0
62.61858 29.85166 1303408011296 84.5
62.618516 29.851736 1303408013299 84.2
62.618436 29.851786 1303408015296 84.2
62.618398 29.851824 1303408017303 84.0
62.618377 29.8519 1303408019295 83.5
62.618301 29.851936 1303408023295 82.8
62.618277 29.851896 1303408025296 80.3
62.618242 29.851844 1303408027296 80.9
62.618224 29.851832 1303408029297 80.2
62.618263 29.851569 1303408031295 82.8
62.618263 29.851467 1303408033295 82.3
62.618243 29.851328 1303408035301 82.4
62.618231 29.85124 1303408037303 81.5
62.618216 29.851202 1303408039296 81.3
62.618204 29.85109 1303408041296 79.4
62.618201 29.85095 1303408043296 79.9
62.61816 29.850803 1303408045297 77.9
62.618069 29.850643 1303408047295 78.1
62.618039 29.85058 1303408049295 77.6
62.617933 29.85027 1303408053295 80.0
62.617918 29.850079 1303408055296 82.2
62.617881 29.849906 1303408057301 84.7
62.617863 29.849715 1303408059296 87.3
62.61785 29.849602 1303408061300 87.5
62.617841 29.849533 1303408063296 87.3
62.617795 29.849451 1303408065299 86.7
62.617826 29.84925 1303408067297 83.6
62.617823 29.849132 1303408069296 83.6
62.617795 29.849037 1303408071296 82.3
62.617796 29.84901 1303408073295 81.9
62.617782 29.848792 1303408075301 82.2
62.617762 29.848651 1303408077296 81.0
62.61775 29.848477 1303408079296 80.6
62.61774 29.848226 1303408083295 79.9
62.617688 29.848021 1303408085297 80.1
62.61763 29.847939 1303408087296 79.7
62.617594 29.847833 1303408089297 79.5
62.617536 29.847724 1303408091296 80.4
62.61752 29.84767 1303408093301 80.1
62.61741 29.847395 1303408095297 76.7
62.617376 29.847231 1303408097296 75.1
62.617354 29.847077 1303408099295 75.4
62.617295 29.846888 1303408101296 76.1
62.617271 29.846827 1303408103295 75.8
62.617198 29.846637 1303408105301 74.2
62.617167 29.84648 1303408107301 74.5
62.617135 29.846337 1303408109301 73.5
62.61708 29.846078 1303408113296 72.7
62.617049 29.845828 1303408115297 76.1
62.616996 29.845672 1303408117296 77.3
62.616968 29.845576 1303408119297 77.8
62.616949 29.84544 1303408121296 77.7
62.616954 29.845387 1303408123295 77.5
62.616884 29.845204 1303408125297 81.0
62.616866 29.845124 1303408127296 80.8
62.616849 29.845065 1303408129295 81.3
62.616839 29.845008 1303408131301 82.5
62.616835 29.84496 1303408133295 83.0
62.616807 29.844695 1303408135299 80.8
62.616812 29.844521 1303408137303 81.0
62.616842 29.844397 1303408139295 81.0
62.616848 29.844254 1303408143295 82.2
62.616838 29.844154 1303408145296 82.5
62.616846 29.844082 1303408147297 82.0
62.616851 29.844032 1303408149297 81.7
62.616853 29.84393 1303408151295 81.5
62.616852 29.843884 1303408153295 81.1
62.61684 29.843628 1303408155296 80.7
62.616824 29.843433 1303408157297 80.6
62.616839 29.843332 1303408159296 80.6
62.616877 29.843201 1303408161296 81.1
62.616882 29.843166 1303408163300 81.1
62.61685 29.842912 1303408165296 80.6
62.616827 29.842828 1303408167302 80.8
62.616821 29.842688 1303408169295 81.0
62.61682 29.842534 1303408173297 80.5
62.616736 29.84243 1303408175296 80.4
62.616707 29.842307 1303408177297 80.6
62.616667 29.842227 1303408179296 81.4
62.616644 29.84219 1303408181295 81.7
62.616659 29.842136 1303408183300 82.0
62.616576 29.842035 1303408185301 80.6
62.616571 29.842 1303408187297 81.0
62.616549 29.84198 1303408189296 81.6
62.61653 29.84197 1303408191296 81.9
62.616526 29.841899 1303408193300 81.9
62.616447 29.841707 1303408195302 81.9
62.616407 29.841656 1303408197301 82.2
62.616381 29.841622 1303408199295 82.4
62.616362 29.841513 1303408203295 82.2
62.616348 29.841384 1303408205296 81.6
62.616343 29.841218 1303408207296 81.5
62.616317 29.841031 1303408209297 81.9
62.616299 29.840847 1303408211295 81.8
62.616291 29.840755 1303408213295 81.8
62.616249 29.84057 1303408215296 82.2
62.616222 29.840466 1303408217297 82.4
62.616208 29.840439 1303408219294 82.4
62.616178 29.840327 1303408221301 83.6
62.616156 29.84027 1303408223295 83.7
62.616074 29.840055 1303408225297 83.8
62.616023 29.839934 1303408227296 84.0
62.615975 29.839776 1303408229295 85.4
62.615897 29.839572 1303408233295 85.8
62.615784 29.839382 1303408235296 82.7
62.615748 29.83925 1303408237297 82.0
62.615716 29.839136 1303408239302 81.3
62.615702 29.839056 1303408241295 81.3
62.615684 29.838978 1303408243300 80.5
62.615685 29.838863 1303408245296 78.6
62.615683 29.838822 1303408247302 78.1
62.61571 29.838804 1303408249296 77.1
62.615728 29.838623 1303408251302 77.6
62.615731 29.838586 1303408253295 77.0
62.615777 29.838425 1303408255297 75.9
62.615797 29.838368 1303408257297 75.5
62.615806 29.838322 1303408259301 77.3
62.615788 29.838333 1303408263295 80.5
62.615807 29.838281 1303408265301 81.9
62.615826 29.838236 1303408267297 82.7
62.615823 29.83813 1303408269296 83.0
62.615826 29.837998 1303408271295 82.5
62.615761 29.837823 1303408273295 86.7
62.615773 29.837689 1303408275301 87.1
62.615756 29.837597 1303408277297 88.7
62.615706 29.837531 1303408279296 91.2
62.615712 29.837491 1303408281296 90.8
62.615727 29.837481 1303408283301 89.8
62.615747 29.837386 1303408285302 87.6
62.615746 29.837371 1303408287303 87.3
62.615729 29.837345 1303408289295 86.7
62.615704 29.837299 1303408293295 85.6
62.615631 29.83719 1303408295296 86.7
62.615639 29.837146 1303408297296 85.6
62.615653 29.837091 1303408299297 83.9
62.61566 29.836988 1303408301295 82.5
62.61566 29.836956 1303408303295 82.3
62.615654 29.836851 1303408305296 82.4
62.615688 29.836621 1303408307302 86.1
62.615701 29.836491 1303408309302 86.8
62.615745 29.836385 1303408311301 86.4
62.615756 29.83626 1303408313295 85.4
62.61573 29.836014 1303408315303 83.5
62.61574 29.835907 1303408317297 81.2
62.615722 29.835743 1303408319295 83.5
62.615701 29.835572 1303408323295 79.5
62.615685 29.83538 1303408325296 76.7
62.615676 29.835242 1303408327297 75.7
62.615664 29.835034 1303408329296 73.1
62.615658 29.834884 1303408331295 74.9
62.61564 29.834676 1303408333315 73.1
62.61565 29.834663 1303408335296 75.9
62.615649 29.834624 1303408337302 75.6
62.61568 29.834622 1303408339296 77.6
62.61569 29.834601 1303408341296 77.8
62.615649 29.834432 1303408343295 80.2
62.615577 29.834208 1303408345297 82.0
62.615526 29.83404 1303408347305 86.2
62.615486 29.833896 1303408349310 84.4
62.61544 29.833723 1303408353303 77.8
62.615404 29.83355 1303408355310 80.8
62.615382 29.833491 1303408357297 82.4
62.615312 29.833292 1303408359312 82.1
62.615278 29.833135 1303408361307 83.2
62.615286 29.832936 1303408363317 83.2
62.615264 29.832788 1303408365300 87.8
62.615247 29.832696 1303408367302 88.1
62.615222 29.832512 1303408369298 88.6
62.615249 29.83224 1303408371298 90.9
62.615236 29.832099 1303408373294 89.0
62.61522 29.831969 1303408375312 86.5
62.615208 29.831886 1303408377296 86.9
62.61517 29.83165 1303408379295 91.2
62.615085 29.8314 1303408383298 92.6
62.615027 29.831305 1303408385298 89.5
62.615024 29.831284 1303408387304 90.3
62.61501 29.83129 1303408389296 93.9
62.615028 29.831308 1303408391301 96.1
62.615043 29.831294 1303408393302 95.0
62.615053 29.831283 1303408395302 93.6
62.61506 29.831297 1303408397296 93.5
62.61505 29.83134 1303408399306 92.1
62.615047 29.831368 1303408401295 92.7
62.61505 29.831367 1303408403294 91.8
62.614998 29.831369 1303408405301 89.6
62.615004 29.831303 1303408407301 89.7
62.614965 29.831199 1303408409301 90.2
62.61486 29.831161 1303408413297 82.0
62.614868 29.831019 1303408415297 82.3
62.614837 29.830947 1303408417296 84.7
62.61481 29.830781 1303408419296 85.8
62.614768 29.830686 1303408421304 83.4
62.614748 29.830591 1303408423294 82.6
62.614678 29.830574 1303408425304 84.9
62.614674 29.830537 1303408427296 85.8
62.614584 29.830525 1303408429296 91.1
62.614576 29.83043 1303408431295 88.7
62.614556 29.830302 1303408433300 89.1
62.614557 29.830212 1303408435296 89.1
62.61448 29.830245 1303408437366 91.5
62.614439 29.830142 1303408439301 91.3
62.614401 29.829929 1303408443300 91.3
62.614381 29.829866 1303408445297 91.7
62.614372 29.829857 1303408447295 91.8
62.61435 29.829758 1303408449296 91.6
62.614344 29.8297 1303408451301 92.8
62.61433 29.829637 1303408453302 92.6
62.614334 29.829583 1303408455303 92.3
62.614336 29.829567 1303408457296 92.2
62.614371 29.829506 1303408459295 93.1
62.614406 29.829478 1303408461295 92.3
62.614447 29.829408 1303408463294 91.9
62.614487 29.829378 1303408465296 92.5
62.614519 29.829362 1303408467301 92.5
62.614563 29.8293 1303408469295 93.8
62.614644 29.829236 1303408473300 95.7
62.614663 29.829239 1303408475302 96.2
62.614671 29.829241 1303408477297 96.5
62.614717 29.829178 1303408479296 97.3
62.614758 29.829176 1303408481301 98.2
62.614774 29.829139 1303408483295 99.8
62.614814 29.829072 1303408485296 100.3
62.614842 29.828932 1303408487296 104.9
62.614879 29.828868 1303408489295 103.5
62.614938 29.828794 1303408491295 103.6
62.614994 29.828743 1303408493300 105.1
62.615069 29.828724 1303408495296 103.9
62.6151 29.828712 1303408497296 105.2
62.615173 29.828666 1303408499294 103.9
62.615221 29.828616 1303408503294 101.7
62.615275 29.828583 1303408505297 105.3
62.615275 29.828595 1303408507296 105.4
62.615274 29.82862 1303408509302 105.2
62.615284 29.828721 1303408511301 104.3
62.615284 29.828833 1303408513295 101.5
62.615272 29.82889 1303408515296 101.9
62.615292 29.828974 1303408517301 99.4
62.615305 29.829004 1303408519295 100.5
62.61532 29.829186 1303408521301 95.7
62.615281 29.829213 1303408523294 96.3
62.615279 29.829191 1303408525301 94.5
62.615276 29.829182 1303408527296 94.5
62.615287 29.829197 1303408529296 94.5
62.61529 29.829248 1303408533300 95.3
62.615286 29.829264 1303408535296 95.1
62.615285 29.829274 1303408537297 95.1
62.615259 29.829378 1303408539296 91.8
62.615251 29.829583 1303408541295 89.5
62.615243 29.829662 1303408543301 88.5
62.615261 29.829744 1303408545301 87.3
62.615267 29.829766 1303408547297 87.0
62.615318 29.829955 1303408549300 89.2
62.615334 29.829976 1303408551296 90.3
62.615366 29.83011 1303408553295 91.6
62.615371 29.830133 1303408555295 91.6
62.615375 29.830158 1303408557297 91.5
62.615417 29.830214 1303408559294 93.1
62.615418 29.83025 1303408563298 93.7
62.615415 29.830296 1303408565296 94.0
62.615409 29.830381 1303408567297 94.4
62.615394 29.830497 1303408569296 94.8
62.6154 29.830546 1303408571301 95.1
62.615432 29.830601 1303408573295 95.9
62.615462 29.830641 1303408575296 96.1
62.615473 29.830644 1303408577301 96.2
62.61548 29.83072 1303408579301 96.4
62.615551 29.830857 1303408581301 96.1
62.615601 29.831139 1303408583294 96.7
62.615637 29.831325 1303408585301 99.8
62.615667 29.831424 1303408587297 98.3
62.615725 29.831684 1303408589297 101.6
62.615765 29.831934 1303408593295 107.5
62.615832 29.832153 1303408595295 110.7
62.615854 29.832234 1303408597297 111.9
62.615882 29.832341 1303408599296 111.3
62.615886 29.83237 1303408601295 110.9
62.615883 29.832502 1303408603295 112.1
62.6159 29.832658 1303408605301 109.9
62.615917 29.832728 1303408607297 106.3
62.615991 29.83275 1303408609297 99.9
62.616031 29.832759 1303408611296 101.6
62.616116 29.832765 1303408613294 98.7
62.616246 29.832814 1303408615297 89.9
62.616333 29.832832 1303408617295 90.1
62.61637 29.83284 1303408619294 85.4
62.616501 29.832903 1303408623297 83.2
62.616613 29.83301 1303408625295 82.8
62.616711 29.833036 1303408627297 87.6
62.616807 29.833022 1303408629296 86.1
62.61685 29.833026 1303408631294 88.0
62.6169 29.833031 1303408633295 88.2
62.616962 29.833004 1303408635296 88.7
62.617014 29.833035 1303408637296 87.3
62.617082 29.833123 1303408639297 86.3
62.617128 29.833104 1303408641296 86.1
62.61722 29.833254 1303408643294 84.6
62.617266 29.833254 1303408645302 84.2
62.617299 29.833226 1303408647305 83.8
62.617317 29.833222 1303408649296 84.3
62.617403 29.833231 1303408653295 86.1
62.617436 29.833239 1303408655300 86.5
62.617452 29.833269 1303408657303 86.9
62.617452 29.833294 1303408659297 86.5
62.617472 29.83331 1303408661295 84.5
62.617476 29.833329 1303408663295 90.2
62.617536 29.833303 1303408665295 86.8
62.617555 29.833351 1303408667296 89.4
62.617572 29.833341 1303408669297 88.3
62.617576 29.833334 1303408671301 87.3
62.617635 29.833294 1303408673300 88.6
62.617666 29.833289 1303408675303 88.9
62.617755 29.833308 1303408677301 88.2
62.617795 29.833338 1303408679301 86.8
62.617818 29.833403 1303408683295 84.1
62.617846 29.833472 1303408685296 82.9
62.617864 29.833472 1303408687297 81.1
62.617934 29.833475 1303408689302 79.2
62.617959 29.833461 1303408691295 78.7
62.61801 29.833457 1303408693295 72.6
62.61803 29.833438 1303408695296 71.7
62.618047 29.833424 1303408697297 71.7
62.618059 29.833414 1303408699297 71.6
62.618069 29.833373 1303408701296 69.5
62.618134 29.833486 1303408703294 66.5
62.618155 29.833538 1303408705297 65.6
62.618181 29.83358 1303408707301 65.8
62.618205 29.83363 1303408709302 65.4
62.61832 29.833566 1303408713301 66.7
62.618378 29.833602 1303408715301 66.9
62.618403 29.833642 1303408717297 68.7
62.618435 29.833585 1303408719296 72.1
62.61845 29.833583 1303408721295 72.6
62.618497 29.833472 1303408723295 74.7
62.61852 29.833474 1303408725296 75.5
62.618582 29.833433 1303408727297 77.2
62.618619 29.833458 1303408729303 79.3
62.618653 29.833443 1303408731296 81.0
62.618709 29.833468 1303408733294 83.4
62.618769 29.833474 1303408735297 83.4
62.618803 29.833487 1303408737296 83.5
62.618804 29.833539 1303408739294 84.1
62.618854 29.833585 1303408743296 84.7
62.618969 29.833527 1303408745296 85.3
62.61902 29.833487 1303408747297 84.5
62.619062 29.833447 1303408749297 85.8
62.61909 29.833418 1303408751295 85.8
62.619171 29.833296 1303408753295 84.7
62.619223 29.833206 1303408755296 85.0
62.619284 29.833086 1303408757296 83.6
62.619299 29.832989 1303408759296 84.0
62.619328 29.832923 1303408761296 84.6
62.61931 29.832632 1303408763294 83.4
62.619314 29.832503 1303408765302 83.3
62.619308 29.83243 1303408767297 85.4
62.619325 29.832416 1303408769297 85.3
62.619301 29.832263 1303408773295 84.4
62.619275 29.832206 1303408775296 85.8
62.619261 29.832118 1303408777304 86.3
62.619239 29.83202 1303408779301 86.0
62.61924 29.831938 1303408781295 85.3
62.619234 29.831775 1303408783295 86.2
62.619197 29.831659 1303408785295 86.3
62.619172 29.831567 1303408787297 86.4
62.619173 29.831514 1303408789296 87.2
62.619168 29.831488 1303408791301 87.3
62.619126 29.831354 1303408793294 85.8
62.619106 29.83125 1303408795302 82.5
62.619095 29.831142 1303408797296 81.6
62.619044 29.831052 1303408799295 81.1
62.61901 29.831017 1303408803296 82.7
62.618991 29.830915 1303408805303 83.7
62.618971 29.830796 1303408807297 83.4
62.618955 29.830661 1303408809295 83.6
62.618939 29.830598 1303408811295 83.6
62.618831 29.830407 1303408813295 86.2
62.61881 29.83033 1303408815295 85.9
62.61881 29.830177 1303408817303 85.8
62.618796 29.830055 1303408819296 85.8
62.61877 29.829971 1303408821296 85.8
62.618762 29.829826 1303408823296 86.4
62.618739 29.829786 1303408825295 86.9
62.618702 29.829723 1303408827302 86.8
62.618685 29.829609 1303408829302 86.5
62.618646 29.829335 1303408833296 85.9
62.618639 29.829173 1303408835296 85.1
62.618605 29.829064 1303408837297 84.8
62.618559 29.828956 1303408839295 84.4
62.618524 29.828892 1303408841295 84.1
62.618464 29.828783 1303408843300 83.7
62.618466 29.828662 1303408845296 84.0
62.618492 29.828573 1303408847304 84.1
62.618501 29.828524 1303408849295 83.9
62.618495 29.828512 1303408851301 83.9
62.618439 29.828432 1303408853294 84.3
62.61839 29.828426 1303408855297 84.5
62.61837 29.828344 1303408857295 84.5
62.618303 29.828357 1303408859298 88.4
62.618238 29.828317 1303408863295 88.4
62.61821 29.828328 1303408865301 87.1
62.618148 29.828322 1303408867297 86.5
62.618058 29.828314 1303408869295 81.4
62.617995 29.828312 1303408871295 80.1
62.617886 29.828335 1303408873296 82.6
62.61781 29.828309 1303408875300 82.2
62.617765 29.828301 1303408877297 83.6
62.617715 29.828294 1303408879296 83.5
62.617697 29.828293 1303408881296 83.3
62.617651 29.828286 1303408883294 83.4
62.6176 29.828245 1303408885297 84.2
62.617497 29.828234 1303408887297 84.0
62.61745 29.828215 1303408889302 82.2
62.617281 29.828268 1303408893296 80.2
62.617225 29.82833 1303408895301 79.7
62.61718 29.828362 1303408897296 79.6
62.617143 29.828396 1303408899301 79.7
62.617141 29.828401 1303408901296 80.0
62.617127 29.828414 1303408903295 80.8
62.617116 29.828405 1303408905296 80.8
62.617094 29.828401 1303408907296 81.4
62.617038 29.82838 1303408909300 81.5
62.617002 29.828364 1303408911296 81.9
62.61692 29.828312 1303408913301 82.5
62.616854 29.828285 1303408915295 83.7
62.616823 29.828232 1303408917296 84.7
62.616769 29.828226 1303408919295 85.4
62.616674 29.828228 1303408923300 87.2
62.616628 29.828231 1303408925302 88.3
62.616596 29.828264 1303408927296 90.5
62.616527 29.82825 1303408929301 91.3
62.616475 29.828226 1303408931296 91.8
62.616355 29.828234 1303408933295 91.8
62.616295 29.828214 1303408935302 91.6
62.616283 29.828134 1303408937295 91.8
62.616257 29.828088 1303408939295 91.7
62.61625 29.828091 1303408941301 91.4
62.616216 29.828145 1303408943294 93.1
62.616158 29.828183 1303408945296 94.5
62.616118 29.828161 1303408947296 95.6
62.616066 29.828154 1303408949296 95.3
62.61598 29.828151 1303408953295 95.8
62.615942 29.828167 1303408955302 95.8
62.615912 29.828164 1303408957302 94.6
62.615876 29.828159 1303408959301 95.1
62.615865 29.828168 1303408961296 94.9
62.615834 29.828196 1303408963295 96.0
62.61582 29.82819 1303408965295 97.0
62.615792 29.828201 1303408967306 98.2
62.615774 29.828154 1303408969296 99.9
62.615657 29.82817 1303408971296 93.4
62.615542 29.82816 1303408973294 91.6
62.615446 29.828182 1303408975296 88.8
62.615367 29.828163 1303408977295 87.8
62.615322 29.828128 1303408979300 87.8
62.615203 29.828046 1303408983295 85.8
62.615175 29.82804 1303408985296 85.5
62.615126 29.828003 1303408987297 84.9
62.615106 29.827934 1303408989295 83.9
62.615088 29.827901 1303408991296 83.8
62.615066 29.82786 1303408993295 83.8
62.61505 29.827861 1303408995296 83.7
62.61506 29.827848 1303408997296 83.7
62.615062 29.827835 1303408999296 83.4
62.615046 29.827843 1303409001296 83.3
62.614992 29.827728 1303409003296 85.4
62.614945 29.827683 1303409005301 85.6
62.614901 29.827599 1303409007301 86.0
62.614872 29.827552 1303409009300 85.5
62.614911 29.827483 1303409013295 85.6
62.614933 29.827484 1303409015296 85.7
62.614939 29.827565 1303409017297 85.3
62.614978 29.827554 1303409019295 85.4
62.614985 29.827583 1303409021296 85.0
62.61501 29.827581 1303409023295 85.0
62.615006 29.827582 1303409025296 85.1
62.615007 29.827578 1303409027297 85.2
62.615008 29.827554 1303409029296 85.5
62.61501 29.827562 1303409031296 85.6
62.614996 29.82751 1303409033294 86.3
62.61497 29.827596 1303409035296 86.4
62.614925 29.827593 1303409037297 87.0
62.614911 29.827634 1303409039296 87.0
62.614921 29.827732 1303409043295 87.1
62.614909 29.82777 1303409045295 87.0
62.614906 29.82778 1303409047296 87.0
62.614896 29.827798 1303409049295 87.0
62.614893 29.827782 1303409051296 86.9
62.614896 29.827716 1303409053296 86.9
62.614896 29.827698 1303409055645 86.9
62.614895 29.827695 1303409057296 86.9
62.614894 29.827686 1303409059301 86.9
62.614896 29.827668 1303409061300 86.9
62.614896 29.827666 1303409063311 86.9
62.614902 29.827651 1303409066619 86.9
62.614908 29.827655 1303409067453 86.9
62.614922 29.82767 1303409069303 86.9
62.614848 29.827521 1303409073829 86.9
62.614874 29.827358 1303409075350 86.8
62.614797 29.826948 1303409077359 87.0
62.6148 29.826931 1303409079338 87.0
62.614881 29.82687 1303409081480 86.9