47.683115 26.028033 1307204725005 319.0
47.683109 26.02804 1307204726921 316.9
47.683127 26.028038 1307204729008 318.7
47.683122 26.028035 1307204730846 317.9
47.683134 26.028029 1307204732844 315.5
47.683125 26.028028 1307204734847 315.2
47.683108 26.028028 1307204736850 316.7
47.683107 26.028023 1307204738845 318.4
47.683108 26.028019 1307204742498 320.2
47.683109 26.027994 1307204749465 323.5
47.683109 26.027994 1307204749468 323.5
47.683109 26.027994 1307204749475 323.5
47.683109 26.027994 1307204749479 323.5
47.68311 26.027989 1307204751132 324.0
47.683115 26.02799 1307204754845 324.4
47.683116 26.027992 1307204756845 324.6
47.683117 26.027992 1307204758922 324.6
47.683118 26.027993 1307204760845 324.6
47.683117 26.027995 1307204762852 324.8
47.683126 26.028012 1307204764851 324.6
47.683124 26.028007 1307204766849 325.1
47.683121 26.02801 1307204768849 325.3
47.68312 26.028 1307204770849 326.1
47.683131 26.027983 1307204772850 326.1
47.683152 26.027912 1307204774848 325.8
47.683162 26.027892 1307204776847 325.8
47.683185 26.027803 1307204778846 325.8
47.683205 26.027687 1307204780866 325.6
47.683187 26.027622 1307204784867 326.6
47.683189 26.027614 1307204786868 327.0
47.68319 26.027596 1307204788867 326.2
47.683218 26.027565 1307204790864 324.7
47.683232 26.027553 1307204792866 324.7
47.683245 26.027546 1307204794868 324.4
47.683245 26.027554 1307204796866 324.6
47.683288 26.027531 1307204798865 325.2
47.683294 26.027487 1307204800886 325.2
47.683261 26.02744 1307204802847 326.7
47.683222 26.027392 1307204804844 328.2
47.683199 26.027362 1307204806849 329.4
47.683116 26.02721 1307204808850 330.4
47.683063 26.027091 1307204810850 330.6
47.682987 26.026875 1307204814870 332.4
47.682965 26.026805 1307204816864 332.2
47.682897 26.026619 1307204818867 333.0
47.682877 26.026518 1307204820865 332.9
47.682855 26.026414 1307204823036 333.5
47.682853 26.026322 1307204824845 334.0
47.682852 26.026269 1307204826848 334.8
47.682817 26.026041 1307204828845 333.9
47.682782 26.025872 1307204830845 333.5
47.682731 26.025692 1307204832845 333.1
47.682657 26.02551 1307204834845 333.7
47.682618 26.025421 1307204836845 333.9
47.682492 26.025146 1307204838846 334.4
47.68241 26.02496 1307204840846 335.9
47.682192 26.024616 1307204844844 341.6
47.682132 26.024551 1307204846847 341.7
47.68193 26.024384 1307204848846 342.6
47.681793 26.024282 1307204850844 342.7
47.681678 26.02418 1307204852845 341.6
47.681571 26.024049 1307204854847 344.0
47.681523 26.023984 1307204856845 344.2
47.681392 26.023778 1307204858849 344.6
47.681315 26.023639 1307204860847 344.5
47.68124 26.023503 1307204862844 344.6
47.681168 26.023375 1307204864846 345.2
47.681133 26.023312 1307204866847 345.5
47.681037 26.023126 1307204868846 345.6
47.680978 26.023001 1307204870845 345.6
47.680862 26.022778 1307204874845 345.6
47.680826 26.022733 1307204876848 345.6
47.680749 26.022611 1307204878846 345.2
47.680712 26.02254 1307204880849 345.3
47.680675 26.022486 1307204882846 345.4
47.680634 26.02242 1307204884844 345.2
47.680615 26.02239 1307204886845 344.9
47.680542 26.022303 1307204888849 344.7
47.680488 26.022238 1307204890847 344.6
47.680442 26.022149 1307204892844 344.9
47.680376 26.022061 1307204894845 345.2
47.68034 26.022013 1307204896847 345.2
47.680228 26.021858 1307204898849 345.5
47.680155 26.021748 1307204900845 346.1
47.67999 26.021524 1307204904844 346.3
47.67995 26.021471 1307204906847 346.4
47.679832 26.021307 1307204908845 346.7
47.679754 26.021195 1307204910844 347.0
47.679672 26.021088 1307204912845 347.5
47.679591 26.020988 1307204914847 348.2
47.679544 26.020937 1307204916845 348.3
47.679432 26.020803 1307204918845 348.4
47.67936 26.020717 1307204920847 347.7
47.679288 26.020635 1307204922848 346.7
47.679212 26.020566 1307204924844 346.7
47.679169 26.02053 1307204926868 346.6
47.679064 26.020404 1307204928845 347.0
47.678974 26.020313 1307204930845 346.3
47.678799 26.020153 1307204934844 345.3
47.678743 26.020116 1307204936845 345.2
47.678605 26.020024 1307204940470 343.6
47.678605 26.020024 1307204940845 343.6
47.678517 26.019949 1307204942844 343.8
47.678407 26.01988 1307204944845 342.7
47.678274 26.019801 1307204946844 343.9
47.67821 26.019763 1307204948848 344.3
47.678 26.019628 1307204950874 347.2
47.677867 26.019556 1307204952844 347.7
47.677748 26.01951 1307204954846 346.9
47.677645 26.019494 1307204956845 344.8
47.677626 26.019494 1307204958845 343.6
47.677579 26.01949 1307204960845 342.5
47.677585 26.019489 1307204964845 343.2
47.677587 26.019489 1307204966845 343.3
47.677586 26.01949 1307204968849 343.3
47.677587 26.019491 1307204970847 343.2
47.677588 26.019491 1307204972845 343.2
47.677589 26.019492 1307204974845 343.3
47.677585 26.019485 1307204976846 343.3
47.677584 26.019486 1307204978845 343.4
47.677592 26.01949 1307204980844 343.7
47.677601 26.019506 1307204982845 342.2
47.677601 26.019509 1307204984846 342.0
47.677602 26.01951 1307204986845 341.9
47.677601 26.01951 1307204988845 341.9
47.677602 26.019511 1307204990848 341.9
47.677566 26.019524 1307204994845 342.6
47.67752 26.01953 1307204996846 342.6
47.677499 26.019534 1307204998845 342.8
47.677396 26.019517 1307205000849 343.2
47.677297 26.01951 1307205002848 343.4
47.677183 26.019501 1307205004846 343.1
47.677071 26.019507 1307205006844 342.8
47.677017 26.019513 1307205008845 343.0
47.67686 26.019525 1307205010846 343.0
47.676757 26.019534 1307205012848 343.1
47.676659 26.01954 1307205014847 343.1
47.676568 26.019552 1307205016861 343.0
47.676519 26.019557 1307205018845 342.5
47.676374 26.019556 1307205020846 342.7
47.67615 26.019567 1307205024844 342.1
47.676037 26.019573 1307205026847 342.4
47.675989 26.019575 1307205028845 342.5
47.675854 26.019595 1307205030846 342.6
47.67574 26.019594 1307205032845 342.2
47.675622 26.019592 1307205034845 342.3
47.675504 26.019564 1307205036844 342.1
47.675396 26.019532 1307205038845 342.6
47.675177 26.019364 1307205040846 340.7
47.675039 26.019188 1307205042846 338.6
47.674894 26.018986 1307205044844 339.5
47.674738 26.018796 1307205046846 339.5
47.674658 26.018703 1307205048845 339.2
47.674449 26.018457 1307205050845 337.7
47.674169 26.018174 1307205054846 338.0
47.674021 26.018039 1307205056847 336.8
47.67386 26.017924 1307205058845 336.4
47.673672 26.01781 1307205060847 337.3
47.67358 26.017754 1307205062845 338.6
47.673361 26.017603 1307205064845 340.5
47.673219 26.017526 1307205066845 340.7
47.673103 26.017446 1307205068847 341.6
47.672956 26.017383 1307205070845 341.8
47.672902 26.017354 1307205072845 342.5
47.672721 26.01728 1307205074846 342.9
47.672602 26.01723 1307205076845 343.2
47.672502 26.017184 1307205078845 343.4
47.672376 26.017139 1307205080845 343.1
47.672078 26.017039 1307205084845 341.9
47.671954 26.016985 1307205086844 341.7
47.671804 26.016927 1307205088845 340.8
47.671665 26.016867 1307205090845 339.9
47.671595 26.016834 1307205092846 339.8
47.671345 26.016743 1307205094848 339.6
47.671198 26.016687 1307205096848 338.2
47.671036 26.016625 1307205098846 337.1
47.670896 26.016571 1307205100845 334.5
47.670829 26.016539 1307205102845 334.0
47.670628 26.01645 1307205104848 332.2
47.670494 26.016379 1307205106849 331.5
47.670348 26.0163 1307205108846 331.6
47.670208 26.016215 1307205110848 331.6
47.669924 26.016018 1307205114846 333.7
47.669781 26.015902 1307205116844 335.1
47.669668 26.015781 1307205118845 335.7
47.669542 26.015667 1307205120845 336.1
47.669478 26.015608 1307205122845 336.3
47.669308 26.015431 1307205124848 336.5
47.669216 26.0153 1307205126847 336.7
47.66913 26.015156 1307205128844 337.3
47.669055 26.014986 1307205130845 338.6
47.66904 26.014892 1307205132845 338.9
47.668991 26.014604 1307205134848 339.6
47.668924 26.014468 1307205136848 339.0
47.66881 26.014307 1307205138844 339.1
47.668696 26.014227 1307205140848 338.9
47.668462 26.014158 1307205144845 340.2
47.668348 26.014173 1307205146847 340.3
47.668233 26.014224 1307205148846 341.2
47.668089 26.014272 1307205150845 342.2
47.668015 26.014289 1307205152845 342.8
47.667821 26.014317 1307205154848 344.0
47.667679 26.014303 1307205156847 344.6
47.667588 26.014299 1307205158845 344.5
47.667397 26.014191 1307205160845 344.0
47.667364 26.01419 1307205162844 343.6
47.667283 26.014091 1307205164849 343.7
47.667217 26.013988 1307205166847 343.8
47.667149 26.013879 1307205168845 343.5
47.66708 26.013759 1307205170849 343.3
47.666947 26.013488 1307205174845 342.6
47.666885 26.013336 1307205176845 342.0
47.666824 26.013186 1307205178845 341.4
47.666765 26.013039 1307205180845 340.9
47.66672 26.012964 1307205182847 340.5
47.666588 26.012736 1307205184846 340.4
47.666505 26.012591 1307205186845 339.9
47.666419 26.012447 1307205188844 339.9
47.666328 26.012291 1307205190844 341.9
47.66629 26.01222 1307205192848 342.0
47.666166 26.011993 1307205194845 342.5
47.666116 26.011815 1307205196845 342.6
47.666112 26.011635 1307205198846 342.6
47.666108 26.011454 1307205200845 342.7
47.666108 26.011085 1307205204847 342.1
47.666089 26.010912 1307205206845 342.6
47.666072 26.010785 1307205208848 342.8
47.666071 26.010649 1307205210845 342.8
47.666078 26.01058 1307205212844 342.9
47.666106 26.010292 1307205214845 345.3
47.666116 26.010078 1307205216845 346.2
47.666093 26.009809 1307205218844 348.3
47.666069 26.009567 1307205220847 348.6
47.666048 26.009452 1307205222844 348.9
47.665972 26.009159 1307205224848 348.2
47.665917 26.008964 1307205226844 348.3
47.66586 26.008775 1307205228845 347.9
47.665798 26.008579 1307205230844 348.1
47.665692 26.00819 1307205234848 348.1
47.66566 26.008031 1307205236846 346.3
47.665609 26.00786 1307205238845 345.9
47.665549 26.007681 1307205240844 346.5
47.66553 26.007613 1307205242845 345.1
47.665469 26.007383 1307205244844 342.3
47.66542 26.007232 1307205246845 339.9
47.665363 26.007067 1307205248844 339.9
47.665309 26.006902 1307205250844 339.8
47.665281 26.006826 1307205252845 339.8
47.665172 26.006596 1307205254845 341.2
47.665082 26.00648 1307205256847 341.5
47.664989 26.00637 1307205258845 342.3
47.664891 26.006248 1307205260846 342.4
47.664708 26.005954 1307205264846 342.4
47.664627 26.005792 1307205266844 342.0
47.664537 26.005619 1307205268845 342.7
47.664444 26.005482 1307205270846 342.7
47.664389 26.005423 1307205272845 342.4
47.664243 26.00524 1307205274844 342.3
47.664138 26.005115 1307205276844 342.5
47.664034 26.005002 1307205278844 342.2
47.663929 26.00489 1307205280845 342.0
47.663882 26.004833 1307205282845 341.8
47.663747 26.004657 1307205284845 341.1
47.663671 26.004534 1307205286847 340.6
47.663576 26.004411 1307205288845 340.7
47.663481 26.00429 1307205290845 340.6
47.663285 26.004036 1307205294845 340.5
47.663236 26.003885 1307205296845 340.6
47.663184 26.003713 1307205298845 340.6
47.663158 26.003543 1307205300845 340.4
47.663144 26.003456 1307205302845 340.3
47.663104 26.003241 1307205304844 340.3
47.6631 26.003061 1307205306844 340.0
47.663087 26.002899 1307205308845 339.8
47.663069 26.002706 1307205310845 339.7
47.663055 26.002597 1307205312845 340.4
47.663022 26.002321 1307205314848 340.7
47.66301 26.002137 1307205316847 338.7
47.663 26.001965 1307205318845 338.8
47.662978 26.00182 1307205320858 338.5
47.662838 26.001566 1307205324847 337.3
47.662743 26.001444 1307205326846 338.2
47.662647 26.001323 1307205328845 337.5
47.662578 26.00123 1307205330845 337.6
47.662555 26.001152 1307205332845 337.2
47.662455 26.000904 1307205334844 336.6
47.66243 26.000772 1307205336844 336.3
47.662395 26.0006 1307205338845 336.3
47.662364 26.000478 1307205340848 336.2
47.66234 26.000408 1307205342845 337.3
47.66228 26.00017 1307205344844 337.7
47.662241 26.00001 1307205346844 337.8
47.662212 25.99986 1307205348845 338.0
47.662189 25.999732 1307205350846 338.1
47.662139 25.999544 1307205354848 338.7
47.662125 25.999464 1307205356844 338.8
47.662125 25.999349 1307205358845 339.3
47.662119 25.999234 1307205360846 339.3
47.662103 25.999168 1307205362845 339.2
47.662058 25.99895 1307205364848 338.6
47.662015 25.998845 1307205366847 339.5
47.66199 25.998741 1307205368844 339.5
47.661963 25.99864 1307205370846 340.9
47.661956 25.998584 1307205372845 340.9
47.661935 25.998426 1307205374845 342.2
47.661912 25.99831 1307205376844 343.0
47.661884 25.998191 1307205378845 343.5
47.661861 25.99808 1307205380846 344.4
47.661827 25.997883 1307205384845 344.8
47.661809 25.997808 1307205386844 345.5
47.661781 25.997725 1307205388845 346.2
47.661748 25.997656 1307205390846 347.8
47.661733 25.997616 1307205392845 348.9
47.661701 25.9975 1307205394844 350.6
47.661679 25.997433 1307205396844 350.9
47.661648 25.997358 1307205398844 353.3
47.661623 25.997287 1307205400845 354.5
47.661611 25.997257 1307205402845 354.8
47.66157 25.997177 1307205404845 356.3
47.661573 25.99713 1307205406844 356.8
47.661553 25.997078 1307205408845 357.4
47.661523 25.997025 1307205410849 358.1
47.661456 25.996915 1307205414845 358.7
47.661439 25.996863 1307205416847 358.8
47.661429 25.996816 1307205418844 358.4
47.661419 25.996766 1307205420849 358.4
47.661409 25.99674 1307205422845 358.5
47.661366 25.996662 1307205424846 358.8
47.66133 25.996595 1307205426844 360.5
47.661312 25.996537 1307205428845 360.0
47.661279 25.996474 1307205430846 361.9
47.661272 25.99645 1307205432845 362.0
47.661238 25.996355 1307205434845 361.9
47.661209 25.99628 1307205436844 362.4
47.661188 25.996203 1307205438845 362.7
47.661165 25.99613 1307205440845 362.9
47.661115 25.995974 1307205444845 363.8
47.661094 25.995893 1307205446845 364.5
47.661082 25.995826 1307205448845 364.6
47.661048 25.995747 1307205450849 366.3
47.661027 25.995703 1307205452844 367.8
47.660976 25.995588 1307205454845 371.4
47.66095 25.995514 1307205456844 372.0
47.660918 25.995438 1307205458844 372.8
47.660888 25.995379 1307205460849 373.1
47.660873 25.995353 1307205462845 372.9
47.660834 25.995276 1307205464845 372.7
47.660804 25.995208 1307205466845 372.6
47.660777 25.995146 1307205468845 372.9
47.660749 25.995082 1307205470846 372.5
47.660695 25.994992 1307205474848 372.7
47.660678 25.994949 1307205476846 372.0
47.660662 25.994917 1307205478845 371.7
47.66064 25.994855 1307205480846 369.2
47.660635 25.994844 1307205482845 369.1
47.660584 25.994783 1307205484845 368.3
47.660564 25.994753 1307205486846 369.0
47.660562 25.994731 1307205488845 369.3
47.660524 25.994685 1307205490845 369.7
47.660507 25.994666 1307205492845 369.6
47.66048 25.994601 1307205494845 369.9
47.660447 25.994547 1307205496845 370.9
47.660411 25.994496 1307205498845 371.4
47.660382 25.994453 1307205500849 371.4
47.659717 25.992032 1307205564846 380.5
47.659687 25.991965 1307205566845 381.6
47.659662 25.991904 1307205568843 384.0
47.659643 25.991835 1307205570845 384.5
47.659632 25.991799 1307205572845 384.9
47.659581 25.991704 1307205574845 384.3
47.659571 25.991656 1307205576849 383.1
47.659564 25.991604 1307205578844 379.7
47.659556 25.991549 1307205580846 379.4
47.659543 25.991514 1307205582845 379.4
47.659517 25.991418 1307205584845 379.2
47.659487 25.991371 1307205586848 377.7
47.659466 25.991324 1307205588846 381.4
47.659457 25.991244 1307205590845 381.1
47.659424 25.991099 1307205594845 383.5
47.659398 25.991022 1307205596845 383.6
47.659368 25.990949 1307205598845 385.0
47.659341 25.990875 1307205600846 385.1
47.659328 25.99083 1307205602845 385.1
47.659281 25.990718 1307205604846 385.9
47.65925 25.990631 1307205606849 387.7
47.659214 25.990549 1307205608845 389.8
47.659175 25.990472 1307205610845 392.1
47.659158 25.990432 1307205612845 392.2
47.659104 25.990286 1307205614845 393.6
47.659081 25.990179 1307205616845 393.6
47.659068 25.990081 1307205618849 393.8
47.659048 25.989998 1307205620846 395.8
47.659029 25.989858 1307205624845 396.5
47.659012 25.989801 1307205626845 396.1
47.65898 25.989744 1307205628846 398.5
47.658955 25.989684 1307205630908 398.7
47.658946 25.989656 1307205632845 398.7
47.658886 25.98958 1307205634845 399.2
47.658852 25.989509 1307205636847 399.8
47.658845 25.989453 1307205638845 400.1
47.65882 25.989412 1307205640845 400.2
47.658811 25.989375 1307205642848 401.3
47.658783 25.989247 1307205644845 402.3
47.658749 25.98918 1307205646844 402.4
47.658748 25.989152 1307205648846 403.4
47.658724 25.989086 1307205650845 404.3
47.658724 25.988951 1307205654848 406.7
47.658724 25.988903 1307205656844 407.1
47.658714 25.988837 1307205658845 408.7
47.658677 25.988769 1307205660845 411.9
47.65866 25.988734 1307205662845 412.3
47.658609 25.98863 1307205664849 414.2
47.658582 25.988545 1307205666844 414.8
47.658554 25.988454 1307205668845 415.4
47.658528 25.988372 1307205670845 415.3
47.658516 25.988338 1307205672845 415.5
47.658472 25.988213 1307205674848 415.6
47.658438 25.988139 1307205676860 414.7
47.658402 25.988062 1307205678845 414.4
47.658358 25.987976 1307205680846 414.9
47.658268 25.987824 1307205684846 414.4
47.658232 25.987762 1307205686844 412.6
47.658175 25.987704 1307205688845 413.6
47.658131 25.98765 1307205690844 413.3
47.65811 25.98762 1307205692848 413.0
47.658037 25.987524 1307205694845 413.5
47.657996 25.987467 1307205696844 413.9
47.657943 25.987415 1307205698845 413.8
47.657896 25.987355 1307205700846 414.2
47.657874 25.987311 1307205702845 413.7
47.657787 25.987242 1307205704846 414.2
47.657762 25.987219 1307205706844 413.9
47.657679 25.98718 1307205708845 414.1
47.657622 25.987159 1307205710845 412.3
47.657524 25.987132 1307205714858 409.6
47.657498 25.987138 1307205716847 409.0
47.65746 25.98715 1307205718844 407.1
47.657411 25.987165 1307205720845 406.4
47.657374 25.98717 1307205722846 406.4
47.657267 25.987229 1307205724847 405.4
47.657232 25.987228 1307205726847 405.4
47.6572 25.987239 1307205728845 405.4
47.657144 25.987245 1307205730845 405.1
47.657134 25.987259 1307205732845 405.2
47.657086 25.98729 1307205734846 405.5
47.657028 25.987293 1307205736844 405.7
47.656934 25.987281 1307205738845 405.9
47.656866 25.987278 1307205740845 405.9
47.656676 25.987273 1307205744846 405.8
47.656608 25.987284 1307205746849 405.5
47.656533 25.98727 1307205748844 405.5
47.65642 25.987252 1307205750845 405.5
47.656394 25.98725 1307205752845 405.4
47.65627 25.987227 1307205754848 404.8
47.656206 25.987211 1307205756844 405.0
47.656155 25.987182 1307205758845 405.2
47.656068 25.987146 1307205760845 404.9
47.656019 25.987131 1307205762845 404.6
47.655884 25.98708 1307205764846 404.9
47.65578 25.987026 1307205766844 405.1
47.655686 25.98698 1307205768845 404.8
47.655574 25.986927 1307205770845 406.0
47.655356 25.986852 1307205774845 406.3
47.655248 25.986802 1307205776846 406.5
47.655127 25.986734 1307205778845 408.0
47.655007 25.986656 1307205780845 409.5
47.65496 25.986644 1307205782845 409.6
47.654787 25.986595 1307205784845 410.6
47.65466 25.986565 1307205786844 410.7
47.654546 25.986546 1307205788848 411.0
47.654426 25.986524 1307205790845 411.1
47.654343 25.986498 1307205792845 411.2
47.654159 25.986459 1307205794844 410.4
47.654033 25.986452 1307205796861 410.4
47.653895 25.986432 1307205798845 410.3
47.653739 25.986404 1307205800846 410.2
47.653523 25.986454 1307205804845 404.9
47.65343 25.986441 1307205806846 400.4
47.653322 25.98641 1307205808845 399.2
47.653232 25.986336 1307205810845 399.5
47.653177 25.986302 1307205812845 399.9
47.65305 25.98622 1307205814846 400.2
47.652985 25.986172 1307205816848 400.1
47.65292 25.986124 1307205818845 399.6
47.652857 25.986066 1307205820845 399.5
47.652824 25.986034 1307205822845 399.4
47.652713 25.985919 1307205824848 399.5
47.652622 25.985825 1307205826845 400.6
47.652549 25.985738 1307205828845 400.9
47.652455 25.985656 1307205830855 401.6
47.652296 25.985536 1307205834845 402.1
47.652195 25.985454 1307205836845 403.0
47.652094 25.985368 1307205838845 404.5
47.651992 25.985292 1307205840846 404.9
47.651944 25.985249 1307205842845 404.8
47.651839 25.985005 1307205844849 404.5
47.651778 25.984819 1307205846845 404.0
47.651686 25.984651 1307205848844 404.2
47.65159 25.984531 1307205850849 404.1
47.651487 25.984498 1307205852845 404.0
47.651286 25.984521 1307205854844 403.9
47.65116 25.984559 1307205856845 404.4
47.650992 25.984636 1307205858845 404.8
47.650837 25.984694 1307205860846 404.9
47.650518 25.984781 1307205864849 404.6
47.650341 25.98485 1307205866846 404.1
47.650182 25.98489 1307205868848 404.0
47.650027 25.984902 1307205870845 403.6
47.649961 25.984904 1307205872845 403.7
47.649842 25.984857 1307205874849 403.6
47.649752 25.984779 1307205876848 402.8
47.649681 25.984724 1307205878843 403.1
47.649596 25.984665 1307205880845 402.9
47.649577 25.984642 1307205882845 402.7
47.649468 25.984581 1307205884845 400.1
47.649417 25.984552 1307205886845 399.1
47.649409 25.984545 1307205888847 397.9
47.649374 25.984535 1307205890845 396.9
47.649373 25.984521 1307205894844 397.3
47.649377 25.984514 1307205896846 397.5
47.649378 25.98451 1307205898848 397.8
47.649378 25.984512 1307205900844 397.7
47.649413 25.984524 1307205902845 397.5
47.64942 25.984548 1307205904845 398.3
47.649472 25.984556 1307205906846 398.3
47.649468 25.984549 1307205908845 398.4
47.649519 25.984527 1307205910844 398.5
47.649493 25.984516 1307205912845 398.9
47.649506 25.984508 1307205914845 398.9
47.649488 25.984513 1307205916846 398.9
47.649508 25.98448 1307205918845 398.5
47.649482 25.984478 1307205920849 398.1
47.649491 25.984464 1307205924847 397.6
47.649494 25.984463 1307205926845 397.7
47.649478 25.984456 1307205928845 398.0
47.649467 25.984456 1307205930845 398.3
47.64945 25.984454 1307205932942 398.8
47.649413 25.984462 1307205934846 399.3
47.649428 25.984484 1307205936844 399.3
47.64938 25.984482 1307205938845 399.4
47.649369 25.984472 1307205940844 399.4
47.649334 25.98446 1307205942845 399.2
47.649294 25.984456 1307205944844 398.9
47.64928 25.98445 1307205946845 398.1
47.649258 25.984434 1307205948845 396.2
47.649233 25.984441 1307205950850 395.7
47.649241 25.984444 1307205954846 393.6
47.649246 25.984448 1307205956845 393.0
47.649208 25.984447 1307205958844 391.7
47.649201 25.984447 1307205960844 391.7
47.64919 25.984448 1307205962845 391.9
47.649189 25.984451 1307205964846 392.1
47.649183 25.984452 1307205966845 392.1
47.649308 25.984454 1307205968845 392.3
47.649275 25.984472 1307205970849 392.3
47.64926 25.984478 1307205972844 392.3
47.649236 25.984481 1307205974846 392.3
47.649216 25.984483 1307205976845 392.3
47.649243 25.984474 1307205978845 393.8
47.649202 25.984476 1307205980846 394.2
47.649163 25.984493 1307205984845 361.6
47.64916 25.984494 1307205986845 357.0
47.649184 25.984481 1307205988845 358.2
47.649209 25.984473 1307205990844 364.7
47.649215 25.984471 1307205992845 365.1
47.649157 25.984461 1307205994848 368.7
47.649163 25.984458 1307205996845 369.0
47.649173 25.984461 1307205998844 370.1
47.649174 25.984475 1307206000845 372.4
47.649186 25.984486 1307206002845 373.3
47.649192 25.984488 1307206004845 375.3
47.649205 25.984491 1307206006845 375.8
47.649263 25.984524 1307206008845 381.1
47.649288 25.984516 1307206010846 383.9
47.649358 25.984501 1307206014846 388.3
47.649366 25.984501 1307206016848 388.6
47.649405 25.984502 1307206018845 391.2
47.649383 25.984493 1307206020848 391.4
47.64938 25.984492 1307206022845 390.9
47.649364 25.984483 1307206024845 390.1
47.649342 25.984478 1307206026845 389.9
47.649253 25.984465 1307206028844 389.0
47.649186 25.984456 1307206030849 388.6
47.649098 25.984434 1307206032845 388.2
47.648986 25.9844 1307206034846 387.9
47.648928 25.984391 1307206036848 387.9
47.648744 25.984361 1307206038848 387.4
47.648618 25.984343 1307206040844 387.4
47.648379 25.984319 1307206044848 387.3
47.648326 25.984311 1307206046846 387.4
47.648171 25.984294 1307206048845 388.0
47.648067 25.984294 1307206050845 388.3
47.647958 25.984284 1307206052845 388.8
47.647852 25.984272 1307206054844 388.9
47.647798 25.984268 1307206056846 388.9
47.647626 25.984286 1307206058845 389.0
47.647518 25.984295 1307206060844 389.0
47.647418 25.984321 1307206062845 389.0
47.647315 25.984347 1307206064843 388.6
47.647264 25.98436 1307206066846 388.6
47.6471 25.984414 1307206068845 388.8
47.647006 25.984457 1307206070845 387.6
47.646773 25.984521 1307206074848 386.3
47.646709 25.984533 1307206076846 386.3
47.646458 25.984567 1307206078845 386.4
47.6463 25.98459 1307206080845 386.5
47.646144 25.984596 1307206082845 385.9
47.646003 25.984603 1307206084845 386.3
47.645932 25.98461 1307206086846 386.6
47.645725 25.984632 1307206088844 387.6
47.645584 25.984662 1307206090848 387.6
47.645483 25.984676 1307206092845 387.4
47.645335 25.984684 1307206094844 387.1
47.645261 25.984695 1307206096849 387.1
47.645048 25.984754 1307206098848 385.5
47.64491 25.984776 1307206100845 385.3
47.644669 25.984794 1307206104844 384.5
47.64462 25.984775 1307206106845 384.6
47.644538 25.984645 1307206108845 384.1
47.644528 25.984499 1307206110845 383.7
47.644544 25.984348 1307206112845 383.8
47.644553 25.984197 1307206114848 383.8
47.644556 25.984119 1307206116846 383.7
47.644558 25.983896 1307206118846 384.2
47.644558 25.983749 1307206120844 384.2
47.644563 25.983605 1307206122848 384.0
47.644559 25.983459 1307206124845 383.6
47.644557 25.983385 1307206126846 383.5
47.644556 25.983154 1307206128845 383.4
47.644556 25.982998 1307206130845 383.4
47.644554 25.98269 1307206134847 383.0
47.644554 25.982613 1307206136846 383.1
47.644544 25.982386 1307206138846 383.0
47.644542 25.982236 1307206140845 383.3
47.64454 25.982086 1307206142845 383.5
47.644537 25.981936 1307206144844 383.5
47.644534 25.981863 1307206146846 383.4
47.644527 25.981652 1307206148845 383.3
47.644524 25.981517 1307206150844 382.9
47.644521 25.981384 1307206152844 383.0
47.644518 25.981249 1307206154845 382.9
47.644516 25.981184 1307206156846 383.0
47.64451 25.980992 1307206158848 383.0
47.644499 25.980874 1307206160845 382.9
47.644457 25.980634 1307206164848 383.2
47.644445 25.980572 1307206166846 383.1
47.644404 25.98037 1307206168845 383.5
47.644373 25.980228 1307206170844 384.1
47.644348 25.980086 1307206172845 384.0
47.644324 25.979938 1307206174844 384.4
47.644314 25.979862 1307206176846 384.5
47.64429 25.979617 1307206178845 384.7
47.644292 25.97945 1307206180843 385.0
47.644305 25.979281 1307206182845 385.1
47.644318 25.979106 1307206184848 385.2
47.644328 25.97901 1307206186846 385.2
47.64437 25.978713 1307206188845 385.2
47.644417 25.978503 1307206190845 385.5
47.644507 25.978119 1307206194844 381.9
47.644517 25.978018 1307206196846 381.9
47.644517 25.97772 1307206198845 381.5
47.644527 25.977532 1307206200843 381.0
47.644536 25.977348 1307206202845 379.6
47.644538 25.97716 1307206204848 380.2
47.644538 25.977061 1307206206846 380.9
47.644545 25.97676 1307206208845 380.9
47.644547 25.976558 1307206210843 381.4
47.644546 25.97635 1307206212845 381.4
47.644545 25.976148 1307206214845 381.4
47.644546 25.976046 1307206216846 381.6
47.644548 25.975734 1307206218848 381.7
47.644543 25.975528 1307206220844 382.5
47.644543 25.975136 1307206224845 382.8
47.644544 25.975044 1307206226846 382.9
47.644537 25.974779 1307206228848 385.1
47.644537 25.974621 1307206230888 385.7
47.644542 25.974463 1307206232845 386.4
47.644547 25.974298 1307206234845 386.2
47.644548 25.974216 1307206236846 386.8
47.644549 25.973968 1307206238845 387.1
47.644552 25.97381 1307206240843 386.2
47.64455 25.973651 1307206242845 387.0
47.644552 25.973498 1307206244848 386.8
47.644557 25.973422 1307206246846 386.8
47.644568 25.973192 1307206248845 385.5
47.644575 25.973033 1307206250845 383.2
47.644573 25.972689 1307206254845 382.4
47.644574 25.972596 1307206256846 382.0
47.644575 25.972308 1307206258845 381.3
47.644574 25.972102 1307206260844 381.0
47.644578 25.971892 1307206262845 379.8
47.64458 25.971676 1307206264844 379.8
47.644578 25.971566 1307206266846 379.7
47.644578 25.971234 1307206268845 379.1
47.644578 25.971011 1307206270844 378.8
47.644579 25.970796 1307206272845 379.0
47.644583 25.970586 1307206274848 378.5
47.644584 25.970486 1307206276846 378.1
47.644584 25.970188 1307206278845 378.0
47.644578 25.970002 1307206280845 378.7
47.644579 25.969647 1307206284845 379.1
47.644584 25.969561 1307206286846 378.0
47.64459 25.96931 1307206288845 376.7
47.644593 25.969143 1307206290844 376.4
47.644593 25.968978 1307206292845 376.6
47.644591 25.968816 1307206294844 376.8
47.644589 25.968736 1307206296846 377.4
47.644592 25.968495 1307206298845 378.1
47.644592 25.968335 1307206300844 377.9
47.644586 25.968173 1307206302845 378.0
47.644583 25.968019 1307206304847 377.8
47.644583 25.967941 1307206306846 377.3
47.644588 25.967703 1307206308845 375.8
47.644598 25.967545 1307206310844 374.8
47.644609 25.967208 1307206314847 375.8
47.64461 25.967124 1307206316845 375.9
47.644607 25.966886 1307206318845 376.2
47.644605 25.966739 1307206320890 376.1
47.644608 25.966593 1307206322845 375.7
47.644617 25.966447 1307206324845 373.8
47.644619 25.966379 1307206326846 373.7
47.644629 25.96618 1307206328847 370.8
47.644638 25.966061 1307206330844 369.8
47.644644 25.965939 1307206332845 369.8
47.644646 25.965816 1307206334849 369.6
47.644645 25.96576 1307206336846 369.1
47.644639 25.965608 1307206338846 369.2
47.644641 25.965529 1307206340845 368.4
47.644652 25.965343 1307206344848 368.3
47.644653 25.965291 1307206346845 368.4
47.644651 25.96514 1307206348845 369.3
47.644652 25.965038 1307206350845 369.4
47.644657 25.964936 1307206352845 369.3
47.644653 25.964824 1307206354844 369.7
47.64465 25.964765 1307206356846 369.7
47.64465 25.964582 1307206358846 369.5
47.644653 25.964493 1307206360844 369.5
47.644652 25.964367 1307206362845 369.9
47.644637 25.96423 1307206364845 373.4
47.644638 25.964166 1307206366846 373.3
47.64464 25.963966 1307206368845 374.4
47.644644 25.963831 1307206370848 375.0
47.644648 25.963546 1307206374846 375.3
47.644651 25.963474 1307206376846 374.6
47.644643 25.963261 1307206378845 375.7
47.644643 25.963118 1307206380845 375.8
47.644636 25.962964 1307206382845 377.8
47.644638 25.962822 1307206384844 378.4
47.644642 25.962754 1307206386846 377.7
47.64464 25.962539 1307206388844 378.1
47.644642 25.962407 1307206390844 378.1
47.644647 25.962278 1307206392845 378.4
47.64465 25.962148 1307206394845 378.5
47.644652 25.962082 1307206396851 378.4
47.644658 25.961889 1307206398844 377.3
47.644655 25.961757 1307206400846 377.8
47.644667 25.961494 1307206404849 377.4
47.644669 25.961423 1307206406846 377.4
47.644678 25.961198 1307206408845 377.8
47.644679 25.961048 1307206410844 377.9
47.644678 25.9609 1307206412845 376.9
47.644677 25.960754 1307206414845 376.5
47.644679 25.96068 1307206416893 375.9
47.644678 25.960471 1307206418845 375.3
47.644677 25.96034 1307206420844 375.6
47.644676 25.960212 1307206422845 376.4
47.644678 25.960093 1307206424849 376.4
47.644676 25.960032 1307206426845 377.1
47.644671 25.959836 1307206428845 378.9
47.644677 25.95971 1307206430845 378.6
47.644685 25.959438 1307206434847 377.5
47.644684 25.959372 1307206436846 377.5
47.64469 25.959167 1307206438845 377.3
47.644688 25.959025 1307206440845 378.2
47.644689 25.958888 1307206442845 378.2
47.644682 25.958745 1307206444844 379.3
47.644682 25.958697 1307206446893 378.8
47.644681 25.958514 1307206448845 378.6
47.644685 25.958378 1307206450844 377.8
47.644696 25.958234 1307206452845 377.4
47.6447 25.958086 1307206454847 377.4
47.644701 25.958014 1307206456846 377.3
47.644719 25.957797 1307206458845 377.4
47.644729 25.957647 1307206460846 377.1
47.644714 25.957335 1307206464848 377.6
47.644707 25.957259 1307206466845 378.2
47.644695 25.957015 1307206468845 379.6
47.644694 25.956856 1307206470845 380.2
47.64469 25.956698 1307206472845 380.3
47.644671 25.956543 1307206474844 381.4
47.644664 25.956473 1307206476849 381.5
47.644644 25.956279 1307206478845 381.7
47.644618 25.956153 1307206480848 381.9
47.64457 25.956019 1307206482844 381.8
47.644515 25.955884 1307206484844 380.8
47.644483 25.955808 1307206486845 380.2
47.644399 25.955551 1307206488846 379.3
47.644334 25.955373 1307206490846 378.9
47.644202 25.954992 1307206494847 378.7
47.644156 25.954885 1307206496845 378.9
47.644052 25.954587 1307206498845 377.8
47.643973 25.954396 1307206500845 377.7
47.6439 25.954202 1307206502845 377.4
47.64384 25.954003 1307206504845 377.0
47.643818 25.95392 1307206506845 376.7
47.643714 25.953645 1307206508845 376.5
47.643642 25.953485 1307206510844 376.4
47.643565 25.953342 1307206512845 376.3
47.643507 25.953167 1307206514845 375.3
47.643472 25.953082 1307206516845 375.1
47.643356 25.952818 1307206518845 374.7
47.64329 25.95266 1307206520847 374.7
47.643178 25.952344 1307206524849 373.4
47.643153 25.95227 1307206526846 373.3
47.643068 25.952056 1307206528845 372.0
47.643001 25.951912 1307206530845 372.1
47.642941 25.951776 1307206532845 371.8
47.642875 25.951643 1307206534845 371.6
47.642841 25.951577 1307206536849 371.3
47.642712 25.951386 1307206538849 371.1
47.642626 25.951266 1307206540848 371.7
47.642538 25.951156 1307206542845 372.3
47.642453 25.951049 1307206544845 372.2
47.642406 25.951015 1307206546846 372.0
47.642278 25.950871 1307206548845 372.5
47.64219 25.950769 1307206550846 372.1
47.642038 25.950555 1307206554848 372.1
47.641995 25.950501 1307206556846 372.2
47.641853 25.950342 1307206558845 372.7
47.641768 25.950244 1307206560844 372.6
47.64169 25.950146 1307206562845 372.4
47.641619 25.950056 1307206564846 372.7
47.641583 25.950009 1307206566848 372.5
47.641474 25.949876 1307206568844 372.2
47.641403 25.949792 1307206570849 372.1
47.641334 25.949705 1307206572845 372.9
47.64126 25.94961 1307206574846 373.7
47.641223 25.94956 1307206576845 373.8
47.641109 25.949421 1307206578845 374.2
47.641039 25.949335 1307206580846 374.5
47.640894 25.949145 1307206584848 374.5
47.640858 25.949098 1307206586845 374.6
47.640742 25.948957 1307206588845 374.8
47.640672 25.948872 1307206590843 374.6
47.640606 25.948785 1307206592844 374.3
47.64054 25.948696 1307206594844 374.0
47.640504 25.948649 1307206596844 373.6
47.640418 25.948508 1307206598845 373.7
47.64037 25.948417 1307206600849 374.1
47.640341 25.948358 1307206602844 372.9
47.640278 25.948366 1307206604845 373.7
47.64025 25.948382 1307206606845 373.4
47.640215 25.948491 1307206608845 373.9
47.640227 25.948581 1307206610845 373.8
47.640334 25.948614 1307206614848 372.3
47.640366 25.948597 1307206616844 372.1
47.640481 25.94865 1307206618845 373.1
47.640541 25.948752 1307206620843 375.0
47.64061 25.94886 1307206622844 374.7
47.64068 25.948951 1307206624844 375.2
47.640717 25.948999 1307206626844 375.2
47.640825 25.949128 1307206628844 375.5
47.640917 25.949225 1307206630849 374.8
47.641 25.949331 1307206632844 374.2
47.641079 25.94943 1307206634844 373.7
47.641119 25.949478 1307206636845 373.5
47.641236 25.949625 1307206638845 372.9
47.641316 25.949728 1307206640844 372.3
47.64148 25.949931 1307206644845 371.2
47.641522 25.94998 1307206646849 370.9
47.641628 25.950119 1307206648844 372.2
47.641711 25.950218 1307206650844 372.0
47.641793 25.950313 1307206652849 372.4
47.641871 25.950407 1307206654845 372.8
47.641912 25.950458 1307206656844 372.8
47.642047 25.950611 1307206658849 372.0
47.642127 25.95071 1307206660845 371.3
47.642225 25.950822 1307206662844 369.1
47.642317 25.95093 1307206664849 368.0
47.642359 25.950984 1307206666844 367.8
47.642488 25.951143 1307206668844 367.5
47.64257 25.951254 1307206670849 367.6
47.642756 25.951492 1307206674849 366.4
47.642801 25.951556 1307206676844 366.0
47.642926 25.951729 1307206678844 366.4
47.642994 25.951852 1307206680844 366.8
47.64305 25.951985 1307206682844 366.1
47.643096 25.952108 1307206684844 366.2
47.643121 25.952172 1307206686844 365.6
47.643182 25.952372 1307206688844 365.9
47.643242 25.952504 1307206690844 364.7
47.643296 25.952649 1307206692844 364.2
47.64335 25.952796 1307206694844 364.1
47.643377 25.95287 1307206696845 364.2
47.643453 25.953088 1307206698844 364.5
47.643506 25.95323 1307206700844 364.8
47.643599 25.953495 1307206704849 367.8
47.643626 25.953566 1307206706845 367.7
47.643705 25.953777 1307206708844 367.3
47.643756 25.953911 1307206710843 367.9
47.643792 25.954037 1307206712844 371.9
47.643848 25.954184 1307206714844 372.0
47.643874 25.954254 1307206716845 372.0
47.643959 25.954451 1307206718845 371.9
47.644024 25.954578 1307206720844 373.0
47.644068 25.95469 1307206722852 373.2
47.644108 25.954796 1307206724851 373.8
47.64413 25.954852 1307206726844 373.9
47.64419 25.954999 1307206728849 373.0
47.644228 25.955099 1307206730844 372.0
47.644292 25.955284 1307206734846 373.0
47.644302 25.955324 1307206736849 373.8
47.64436 25.955457 1307206738845 373.7
47.644408 25.955547 1307206740910 371.9
47.644443 25.955641 1307206742847 372.4
47.644479 25.955733 1307206744844 371.9
47.644497 25.95578 1307206746844 372.1
47.644546 25.95593 1307206748844 370.7
47.644581 25.95603 1307206750844 370.4
47.644612 25.956121 1307206752844 371.5
47.644638 25.956218 1307206754844 371.2
47.644646 25.956263 1307206756845 371.3
47.644673 25.956416 1307206758844 372.4
47.644667 25.956526 1307206760844 373.7
47.64467 25.956767 1307206764846 374.7
47.644673 25.956833 1307206766845 374.7
47.644672 25.957043 1307206768845 374.7
47.644673 25.957187 1307206770844 375.6
47.644655 25.957333 1307206772844 375.6
47.644668 25.957475 1307206774848 374.5
47.644669 25.957547 1307206776845 374.5
47.644663 25.957754 1307206778844 373.8
47.644676 25.957896 1307206780844 374.3
47.64468 25.958041 1307206782844 373.7
47.644681 25.958175 1307206784845 374.2
47.644681 25.958246 1307206786849 374.5
47.644677 25.958465 1307206788844 375.6
47.644676 25.9586 1307206790844 375.6
47.64468 25.958874 1307206794848 375.4
47.644682 25.958944 1307206796843 375.0
47.64468 25.959156 1307206798844 374.8
47.644681 25.959297 1307206800844 373.9
47.644684 25.959444 1307206802844 373.5
47.644676 25.959576 1307206804844 375.5
47.644674 25.959643 1307206806844 376.4
47.644674 25.959858 1307206808844 377.2
47.644672 25.959996 1307206810844 377.8
47.644658 25.960133 1307206812844 377.2
47.644654 25.960275 1307206814845 377.4
47.644663 25.960352 1307206816844 377.2
47.644652 25.960566 1307206818844 377.3
47.644674 25.96072 1307206820844 376.5
47.644647 25.961036 1307206824848 377.0
47.644643 25.96112 1307206826844 377.2
47.644583 25.961386 1307206828844 378.1
47.644592 25.961594 1307206830844 377.8
47.644594 25.96181 1307206832844 377.1
47.64462 25.962028 1307206834844 377.6
47.644621 25.962138 1307206836844 378.2
47.64461 25.962468 1307206838844 377.9
47.644601 25.962688 1307206840844 375.5
47.644579 25.962884 1307206842844 377.5
47.644572 25.963088 1307206844845 377.7
47.644566 25.963184 1307206846844 379.2
47.64457 25.963468 1307206848843 379.3
47.644573 25.963648 1307206850845 378.3
47.644568 25.963989 1307206854848 378.3
47.644563 25.964069 1307206856843 379.0
47.644588 25.964317 1307206858844 377.4
47.644573 25.964471 1307206860883 377.1
47.644578 25.964633 1307206862844 375.8
47.644598 25.964798 1307206864845 373.5
47.644601 25.964876 1307206866845 373.1
47.644602 25.965103 1307206868844 373.2
47.644598 25.965254 1307206870845 373.4
47.644599 25.965416 1307206872848 372.4
47.644619 25.965589 1307206874848 371.9
47.644618 25.965675 1307206876844 371.6
47.644606 25.965922 1307206878845 373.3
47.644623 25.966111 1307206880845 371.6
47.644612 25.966476 1307206884848 373.4
47.644598 25.966565 1307206886845 374.0
47.644593 25.966859 1307206888844 373.3
47.644584 25.967044 1307206890844 374.6
47.644574 25.967234 1307206892844 374.8
47.644567 25.967418 1307206894844 375.4
47.64457 25.967515 1307206896845 374.5
47.644569 25.967761 1307206898844 375.9
47.644572 25.967922 1307206900843 376.9
47.644576 25.968083 1307206902848 377.0
47.644572 25.968231 1307206904844 378.5
47.644571 25.968308 1307206906845 378.6
47.644559 25.968528 1307206908844 379.0
47.644548 25.968681 1307206910844 379.7
47.644549 25.968998 1307206914848 378.9
47.644548 25.969147 1307206916845 378.8
47.644559 25.969284 1307206918844 378.5
47.644542 25.969345 1307206920843 378.3
47.644543 25.969537 1307206922844 377.9
47.644542 25.969655 1307206924845 379.3
47.644565 25.969777 1307206926845 379.8
47.644578 25.969893 1307206928844 380.1
47.644577 25.969934 1307206930848 382.6
47.644564 25.970067 1307206932848 385.1
47.644541 25.97016 1307206934849 387.1
47.644527 25.970274 1307206936845 387.9
47.644551 25.970405 1307206938845 387.5
47.644552 25.970468 1307206940844 387.3
47.644548 25.970783 1307206944851 388.0
47.644543 25.970913 1307206946844 386.9
47.644564 25.971065 1307206948844 380.5
47.644573 25.971138 1307206950843 378.3
47.644573 25.971331 1307206952844 375.0
47.644572 25.971454 1307206954844 374.5
47.644565 25.971571 1307206956845 374.9
47.644551 25.971698 1307206958844 374.7
47.644576 25.971777 1307206960843 374.6
47.644578 25.971968 1307206962845 375.6
47.644591 25.972096 1307206964844 374.1
47.644611 25.972204 1307206966849 375.1
47.644604 25.972303 1307206968845 376.1
47.644598 25.972347 1307206970843 376.1
47.644595 25.972597 1307206974847 374.7
47.644587 25.972702 1307206976844 375.6
47.64458 25.972814 1307206978844 376.8
47.644575 25.972869 1307206980843 377.5
47.644573 25.97305 1307206982844 376.0
47.644573 25.973172 1307206984844 375.4
47.644569 25.973277 1307206986845 375.6
47.644559 25.973389 1307206988844 374.5
47.644557 25.97344 1307206990848 374.5
47.644579 25.973602 1307206992844 373.7
47.644568 25.973704 1307206994849 374.6
47.644581 25.973829 1307206996845 371.9
47.644594 25.973946 1307206998844 371.7
47.644598 25.974 1307207000843 372.3
47.64459 25.974266 1307207004845 373.5
47.64458 25.974369 1307207006844 374.7
47.644577 25.97448 1307207008845 375.2
47.644573 25.974537 1307207010843 375.4
47.644581 25.97473 1307207012844 377.0
47.644576 25.974849 1307207014844 378.5
47.644569 25.974966 1307207016845 378.4
47.644563 25.975089 1307207018844 377.9
47.644569 25.975154 1307207020843 377.3
47.64457 25.97534 1307207022844 376.2
47.644573 25.975453 1307207024849 375.8
47.644572 25.97555 1307207026845 375.6
47.64459 25.97566 1307207028844 376.3
47.644601 25.975715 1307207030844 376.0
47.644631 25.97601 1307207034845 376.3
47.644662 25.976146 1307207036845 376.7
47.644665 25.97627 1307207038845 375.0
47.644659 25.976325 1307207040845 376.2
47.644658 25.976516 1307207042844 376.3
47.644656 25.976631 1307207044844 377.4
47.644648 25.97675 1307207046845 377.3
47.644637 25.976882 1307207048844 377.5
47.644629 25.976954 1307207050843 378.0
47.644568 25.977118 1307207052845 379.0
47.644589 25.977222 1307207054845 379.4
47.644601 25.977329 1307207056845 379.9
47.644588 25.977419 1307207058844 380.8
47.644578 25.977468 1307207060844 382.1
47.644555 25.977725 1307207064851 387.0
47.64455 25.97784 1307207066845 387.6
47.644544 25.977959 1307207068844 387.3
47.644538 25.978005 1307207070843 387.4
47.644491 25.978175 1307207072844 388.8
47.644448 25.978307 1307207074844 389.5
47.644421 25.978422 1307207076850 390.2
47.644396 25.978543 1307207078848 389.4
47.644386 25.978606 1307207080843 388.8
47.644348 25.978794 1307207082846 388.9
47.644321 25.978912 1307207084844 389.0
47.644308 25.979045 1307207086846 389.3
47.64429 25.979178 1307207088844 389.9
47.644278 25.979244 1307207090843 390.6
47.644272 25.97958 1307207094845 387.9
47.644275 25.97971 1307207096844 387.0
47.644291 25.979838 1307207098845 386.1
47.644299 25.979904 1307207100848 385.6
47.644333 25.980112 1307207102844 384.2
47.644365 25.980253 1307207104844 383.2
47.644397 25.980387 1307207106844 382.6
47.644434 25.980525 1307207108844 381.5
47.644448 25.980593 1307207110844 382.0
47.644478 25.98081 1307207112844 381.7
47.64449 25.980966 1307207114845 381.6
47.644496 25.981135 1307207116844 380.7
47.644516 25.981314 1307207118844 379.1
47.644519 25.981404 1307207120844 378.5
47.644544 25.98186 1307207124850 375.8
47.644562 25.982049 1307207126844 373.2
47.644567 25.982237 1307207128844 371.9
47.644574 25.982328 1307207130843 372.0
47.644579 25.982602 1307207132844 371.1
47.644596 25.98279 1307207134844 370.0
47.644588 25.982971 1307207136844 371.1
47.644586 25.983158 1307207138844 371.4
47.644584 25.983248 1307207140849 371.6
47.644578 25.983515 1307207142844 371.2
47.64458 25.98369 1307207144845 370.6
47.644582 25.983857 1307207146844 370.4
47.644609 25.984034 1307207148843 368.5
47.64461 25.984118 1307207150843 368.4
47.644605 25.984512 1307207154845 369.4
47.644609 25.98466 1307207156844 368.9
47.644646 25.984774 1307207158844 369.8
47.644662 25.9848 1307207160844 369.9
47.64478 25.984823 1307207162844 370.8
47.644858 25.98481 1307207164844 372.0
47.644935 25.984794 1307207166844 374.2
47.645012 25.984778 1307207168844 376.4
47.645056 25.984773 1307207170844 376.6
47.645183 25.984751 1307207172844 378.1
47.645269 25.98474 1307207174850 379.3
47.645352 25.984726 1307207176844 379.4
47.645431 25.984728 1307207178844 378.7
47.645471 25.984727 1307207180844 378.4
47.645661 25.984684 1307207184846 380.2
47.645732 25.984674 1307207186845 381.8
47.64581 25.984665 1307207188845 381.8
47.645848 25.984664 1307207190844 382.6
47.645978 25.984648 1307207192844 383.4
47.646068 25.984645 1307207194844 384.5
47.64615 25.984638 1307207196845 384.9
47.646232 25.984633 1307207198844 384.1
47.64627 25.984627 1307207200844 384.8
47.646392 25.9846 1307207202844 385.9
47.646479 25.984584 1307207204850 386.1
47.646547 25.98457 1307207206844 388.0
47.646619 25.984553 1307207208845 389.1
47.646663 25.98455 1307207210844 387.8
47.646862 25.984502 1307207214850 389.0
47.646926 25.984486 1307207216845 388.9
47.646993 25.984455 1307207218844 389.2
47.647026 25.984444 1307207220844 389.6
47.647134 25.984408 1307207222844 391.3
47.647218 25.984388 1307207224844 391.1
47.647285 25.984382 1307207226844 391.6
47.647355 25.984364 1307207228844 392.0
47.647388 25.984351 1307207230849 393.1
47.647494 25.984326 1307207232845 394.5
47.647561 25.984312 1307207234849 393.1
47.647624 25.984294 1307207236844 392.9
47.647692 25.984296 1307207238844 394.0
47.647723 25.984297 1307207240843 394.0
47.647888 25.984286 1307207244848 396.3
47.647958 25.98429 1307207246843 394.5
47.648022 25.9843 1307207248844 395.5
47.648061 25.984308 1307207250843 394.6
47.648171 25.984316 1307207252844 394.5
47.648248 25.984335 1307207254844 391.8
47.64833 25.984356 1307207256844 388.5
47.648412 25.984367 1307207258844 386.7
47.648451 25.984367 1307207260849 386.5
47.648546 25.984367 1307207262844 386.3
47.648603 25.984386 1307207264849 385.6
47.648671 25.984409 1307207266844 385.0
47.64875 25.984417 1307207268845 386.6
47.648788 25.984425 1307207270843 386.6
47.648974 25.984469 1307207274845 386.9
47.649043 25.984481 1307207276844 387.3
47.649111 25.9845 1307207278848 389.0
47.649152 25.984513 1307207280843 388.7
47.649255 25.984523 1307207282844 397.2
47.649333 25.984538 1307207284845 400.3
47.649412 25.984564 1307207286844 400.7
47.649488 25.984594 1307207288849 399.8
47.649521 25.984606 1307207290844 400.1
47.649624 25.984676 1307207292849 397.7
47.649691 25.984725 1307207294850 398.0
47.649762 25.984786 1307207296844 397.9
47.649846 25.984851 1307207298844 396.9
47.649889 25.984888 1307207300844 396.8
47.650092 25.984941 1307207304845 396.8
47.650208 25.984888 1307207306844 397.8
47.65033 25.984825 1307207308845 399.8
47.650392 25.984799 1307207310844 399.9
47.65057 25.984734 1307207312844 400.7
47.650658 25.984708 1307207314844 401.8
47.650752 25.984686 1307207316844 401.7
47.650833 25.98466 1307207318849 401.0
47.65088 25.984653 1307207320844 401.1
47.651026 25.984601 1307207322846 401.6
47.651116 25.984575 1307207324844 402.2
47.651208 25.984563 1307207326844 402.4
47.651304 25.984552 1307207328845 401.1
47.651359 25.984558 1307207330844 399.2
47.651551 25.984604 1307207334845 400.3
47.651614 25.984656 1307207336845 400.4
47.651685 25.984709 1307207338845 400.5
47.651712 25.984729 1307207340848 400.5
47.65178 25.984904 1307207342843 400.7
47.651857 25.985038 1307207344849 401.1
47.651914 25.98516 1307207346844 401.1
47.651972 25.985272 1307207348844 401.1
47.652011 25.985316 1307207350844 401.2
47.652124 25.985425 1307207352844 403.1
47.6522 25.985489 1307207354846 402.5
47.652268 25.985544 1307207356849 402.6
47.652345 25.985609 1307207358845 401.8
47.652376 25.98564 1307207360844 403.5
47.652526 25.985778 1307207364848 404.4
47.652586 25.98584 1307207366844 404.5
47.652643 25.985907 1307207368845 404.8
47.652675 25.985944 1307207370844 405.4
47.652781 25.98605 1307207372844 405.4
47.652851 25.98611 1307207374844 407.3
47.652931 25.986178 1307207376844 406.7
47.653025 25.986251 1307207378844 404.2
47.653069 25.986282 1307207380844 404.7
47.653218 25.986379 1307207382845 402.3
47.653323 25.986434 1307207384845 402.5
47.653424 25.986466 1307207386845 402.0
47.65355 25.986502 1307207388901 401.9
47.653606 25.986516 1307207390849 401.9
47.653904 25.986555 1307207394845 402.0
47.654021 25.986564 1307207396844 402.6
47.654138 25.986565 1307207398844 405.2
47.654198 25.986568 1307207400845 405.4
47.654377 25.98657 1307207402844 406.4
47.654485 25.986572 1307207404849 407.0
47.654587 25.986596 1307207406844 408.9
47.654682 25.986637 1307207408844 410.2
47.654722 25.986658 1307207410844 411.1
47.654821 25.986706 1307207412845 412.6
47.654914 25.986746 1307207414850 410.7
47.654994 25.986778 1307207416844 411.7
47.655066 25.986814 1307207418845 411.3
47.655099 25.986827 1307207420845 411.0
47.655278 25.98689 1307207424845 411.8
47.655364 25.986924 1307207426846 411.5
47.655444 25.986956 1307207428845 411.1
47.655477 25.98697 1307207430844 410.9
47.65561 25.98703 1307207432844 410.2
47.655703 25.987069 1307207434844 410.8
47.655801 25.98711 1307207436844 410.3
47.655886 25.987135 1307207438844 409.5
47.655933 25.987153 1307207440844 408.3
47.656043 25.987193 1307207442845 407.4
47.656111 25.987209 1307207444845 407.5
47.65618 25.987228 1307207446845 407.0
47.656259 25.987251 1307207448843 406.7
47.656292 25.98726 1307207450844 406.7
47.656472 25.987275 1307207454845 406.7
47.656537 25.987284 1307207456844 406.7
47.656604 25.987284 1307207458844 406.8
47.656642 25.98728 1307207460844 406.3
47.656754 25.987266 1307207462844 406.9
47.656826 25.987243 1307207464844 406.6
47.656893 25.98723 1307207466844 406.1
47.656963 25.987219 1307207468844 406.2
47.656999 25.987214 1307207470844 406.7
47.657111 25.987195 1307207472849 405.0
47.657189 25.987177 1307207474850 404.9
47.657275 25.987164 1307207476844 404.4
47.657362 25.987154 1307207478844 403.2
47.6574 25.98715 1307207480845 403.2
47.657592 25.987169 1307207484845 403.0
47.657674 25.987199 1307207486845 403.4
47.657753 25.987239 1307207488844 403.5
47.65779 25.98727 1307207490844 403.6
47.657903 25.987374 1307207492845 402.6
47.657973 25.987449 1307207494845 403.2
47.658047 25.987532 1307207496849 404.1
47.658108 25.987621 1307207498849 404.8
47.658138 25.98767 1307207500844 405.6
47.658252 25.987814 1307207502845 406.0
47.658322 25.987907 1307207504845 407.7
47.658389 25.988008 1307207506844 407.4
47.658452 25.98812 1307207508844 407.9
47.658479 25.988185 1307207510845 408.3
47.658589 25.98854 1307207514845 410.1
47.658621 25.988691 1307207516845 410.9
47.658654 25.988856 1307207518844 411.0
47.658671 25.988941 1307207520845 411.0
47.658715 25.989191 1307207522844 411.1
47.658759 25.989377 1307207524844 411.1
47.65884 25.989551 1307207526844 410.6
47.658897 25.989749 1307207528844 411.4
47.658928 25.989853 1307207530845 411.4
47.659034 25.990175 1307207532845 412.1
47.659102 25.990404 1307207534849 412.6
47.659141 25.990595 1307207536844 413.0
47.659202 25.990786 1307207538845 411.0
47.659229 25.990882 1307207540844 411.0
47.659428 25.991388 1307207544845 408.9
47.659503 25.991607 1307207546845 408.6
47.659586 25.991835 1307207548845 408.0
47.65963 25.991949 1307207550844 408.0
47.659777 25.992319 1307207552843 404.2
47.65987 25.992568 1307207554845 403.3
47.659959 25.992838 1307207556844 402.5
47.660022 25.993118 1307207558844 401.4
47.66005 25.993255 1307207560844 401.3
47.660116 25.993656 1307207562844 398.2
47.66015 25.993903 1307207564846 397.3
47.660183 25.994118 1307207566845 396.9
47.660206 25.994305 1307207568845 396.6
47.660246 25.9944 1307207570844 395.6
47.66052 25.99486 1307207574845 393.1
47.660622 25.995045 1307207576845 392.8
47.660734 25.995248 1307207578844 391.8
47.660778 25.995352 1307207580845 391.7
47.660938 25.995723 1307207582845 388.4
47.661019 25.995984 1307207584845 387.6
47.661129 25.996256 1307207586844 386.8
47.661223 25.996513 1307207588849 385.9
47.661259 25.996618 1307207590844 385.5
47.661399 25.996971 1307207592844 384.6
47.661506 25.997216 1307207594846 381.8
47.661588 25.997447 1307207596845 378.6
47.661632 25.997708 1307207598845 378.1
47.66166 25.997861 1307207600844 378.0
47.661837 25.998734 1307207604846 375.1
47.661928 25.999105 1307207606844 373.5
47.662004 25.999426 1307207608849 373.2
47.662042 25.999597 1307207610846 373.1
47.662153 26.000061 1307207612845 371.9
47.662218 26.000378 1307207614845 370.5
47.662268 26.00068 1307207616844 369.8
47.66237 26.000961 1307207618844 365.2
47.6624 26.001072 1307207620844 364.7
47.662574 26.001336 1307207622844 362.9
47.66269 26.001474 1307207624845 361.5
47.66279 26.001615 1307207626843 362.4
47.662852 26.001778 1307207628845 361.5
47.662857 26.001839 1307207630845 361.2
47.662841 26.002238 1307207634845 360.1
47.662858 26.002449 1307207636844 359.9
47.662893 26.002652 1307207638865 360.4
47.662906 26.002742 1307207640850 360.5
47.662934 26.002991 1307207642845 359.1
47.662974 26.003163 1307207644844 357.8
47.662987 26.003331 1307207646843 358.3
47.66301 26.003496 1307207648844 358.8
47.663033 26.003576 1307207650846 358.4
47.66311 26.003808 1307207652844 356.4
47.663163 26.003947 1307207654845 356.3
47.663227 26.004069 1307207656844 356.3
47.663294 26.004182 1307207658844 357.7
47.663333 26.004242 1307207660844 357.8
47.663535 26.004544 1307207664846 358.4
47.663639 26.004672 1307207666845 358.6
47.663729 26.004791 1307207668844 358.5
47.663784 26.004854 1307207670845 358.3
47.663918 26.005028 1307207672845 357.4
47.664002 26.005133 1307207674844 356.9
47.664098 26.005234 1307207676843 356.9
47.664195 26.005337 1307207678844 355.9
47.66425 26.00539 1307207680845 355.5
47.664378 26.005563 1307207682849 353.8
47.664477 26.005727 1307207684850 353.1
47.664566 26.005886 1307207686843 352.7
47.664659 26.006027 1307207688845 351.8
47.664703 26.006086 1307207690846 351.7
47.664924 26.006365 1307207694845 353.1
47.665003 26.006476 1307207696844 352.0
47.665084 26.006585 1307207698844 351.0
47.665125 26.006641 1307207700845 350.5
47.665239 26.00683 1307207702845 350.7
47.665307 26.006962 1307207704844 350.0
47.665375 26.0071 1307207706843 350.6
47.665437 26.007246 1307207708844 350.1
47.665457 26.00732 1307207710845 350.2
47.665519 26.007565 1307207712851 350.8
47.665552 26.007734 1307207714850 351.9
47.665603 26.0079 1307207716843 352.0
47.665674 26.008073 1307207718845 352.0
47.665695 26.008154 1307207720846 351.9
47.665814 26.008552 1307207724845 351.7
47.665856 26.008725 1307207726845 352.1
47.665888 26.00887 1307207728845 352.0
47.665912 26.00895 1307207730850 351.9
47.665991 26.009202 1307207732849 350.5
47.666035 26.009366 1307207734845 349.4
47.666062 26.009522 1307207736843 349.1
47.666072 26.009676 1307207738844 348.8
47.666079 26.009764 1307207740845 348.1
47.666086 26.010032 1307207742845 347.0
47.666061 26.010204 1307207744846 346.9
47.666038 26.010353 1307207746845 344.6
47.666042 26.010516 1307207748845 342.4
47.666039 26.010596 1307207750846 342.4
47.666047 26.010976 1307207754845 342.2
47.666093 26.011141 1307207756845 340.0
47.666118 26.011306 1307207758845 338.6
47.66612 26.011385 1307207760844 338.6
47.666108 26.01163 1307207762845 337.3
47.666144 26.011804 1307207764844 336.8
47.66619 26.01197 1307207766844 337.5
47.666237 26.012133 1307207768844 337.0
47.66629 26.012224 1307207770844 337.2
47.666384 26.012455 1307207772845 337.1
47.666479 26.0126 1307207774845 337.4
47.66653 26.012734 1307207776844 336.7
47.666607 26.012882 1307207778844 335.5
47.666628 26.01295 1307207780845 334.9
47.666834 26.01329 1307207784845 333.1
47.666895 26.013415 1307207786844 333.3
47.666985 26.013567 1307207788845 333.0
47.667014 26.013627 1307207790845 332.9
47.6671 26.013822 1307207792845 332.8
47.667216 26.013956 1307207794844 331.9
47.667296 26.014072 1307207796844 331.7
47.66738 26.014187 1307207798845 333.0
47.667412 26.014233 1307207800844 334.5
47.667586 26.014351 1307207802845 335.9
47.667718 26.014384 1307207804845 334.6
47.667851 26.014397 1307207806850 335.0
47.667976 26.014386 1307207808845 335.9
47.668159 26.01434 1307207810859 335.1
47.668324 26.01428 1307207814845 336.0
47.66843 26.014246 1307207816846 336.9
47.668537 26.014227 1307207818845 337.4
47.668589 26.014224 1307207820845 338.7
47.668746 26.014279 1307207822844 341.2
47.668818 26.014352 1307207824844 343.9
47.668903 26.014477 1307207826844 345.3
47.669096 26.014625 1307207828850 346.1
47.669143 26.014674 1307207830844 345.8
47.669158 26.014954 1307207832853 343.4
47.669178 26.015025 1307207834845 343.2
47.669215 26.015147 1307207836845 342.2
47.669291 26.015321 1307207838852 340.4
47.669291 26.015321 1307207840845 339.8
47.669497 26.015575 1307207844845 337.7
47.669567 26.015651 1307207846845 337.3
47.669667 26.015751 1307207848853 336.9
47.669822 26.015902 1307207850858 336.6
47.669861 26.015937 1307207852845 335.3
47.669925 26.016006 1307207854846 336.6
47.670052 26.016122 1307207856855 335.5
47.670142 26.016195 1307207858852 335.6
47.670234 26.016257 1307207860849 336.1
47.67032 26.016315 1307207862850 336.9
47.670369 26.016346 1307207864844 337.0
47.670471 26.016408 1307207866845 337.1
47.670576 26.016468 1307207868845 337.1
47.670727 26.016539 1307207870853 338.0
47.670892 26.016617 1307207874844 337.9
47.670997 26.01667 1307207876846 338.4
47.671112 26.016724 1307207878845 336.8
47.671163 26.016742 1307207880845 337.1
47.671315 26.016813 1307207882845 337.7
47.671425 26.016869 1307207884844 337.1
47.671541 26.01692 1307207886845 336.5
47.67166 26.016969 1307207888845 335.4
47.671722 26.016989 1307207890844 334.5
47.671878 26.017058 1307207892858 335.5
47.671984 26.0171 1307207894850 335.6
47.672144 26.017157 1307207896883 336.9
47.6722 26.017179 1307207898850 336.9
47.672373 26.017231 1307207900863 337.1
47.672542 26.017286 1307207904847 336.4
47.672724 26.01735 1307207906852 334.8
47.672862 26.017407 1307207908850 332.4
47.672979 26.017454 1307207910851 333.3
47.673071 26.017499 1307207912849 333.2
47.673115 26.017521 1307207914846 333.6
47.673242 26.017587 1307207916844 335.4
47.673338 26.017643 1307207918849 335.5
47.673408 26.017699 1307207920848 336.8
47.673507 26.017762 1307207922844 337.6
47.67356 26.017799 1307207924845 337.8
47.673732 26.017928 1307207926849 337.5
47.673855 26.018031 1307207928850 337.6
47.673984 26.018142 1307207930844 337.4
47.674171 26.018324 1307207934845 337.0
47.674338 26.018486 1307207936849 337.6
47.674452 26.018601 1307207938846 338.0
47.674538 26.018715 1307207940845 338.6
47.674639 26.018838 1307207942844 339.6
47.674685 26.018898 1307207944844 339.6
47.674819 26.019073 1307207946844 339.8
47.674899 26.019176 1307207948849 341.1
47.674968 26.01927 1307207950844 342.6
47.675039 26.019358 1307207952846 343.9
47.675078 26.019402 1307207954845 343.9
47.67519 26.019505 1307207956844 344.3
47.675265 26.019558 1307207958849 344.2
47.675346 26.019603 1307207960850 344.0
47.675511 26.019671 1307207964844 343.5
47.675606 26.019692 1307207966844 341.3
47.675658 26.019704 1307207968845 338.1
47.675772 26.019698 1307207970844 339.0
47.675848 26.0197 1307207972844 338.2
47.675924 26.019695 1307207974844 337.9
47.675999 26.019684 1307207976844 337.0
47.676032 26.019678 1307207978844 337.3
47.676126 26.019664 1307207980850 338.8
47.676199 26.019667 1307207982851 338.0
47.676268 26.019666 1307207984844 338.1
47.676342 26.019657 1307207986843 338.1
47.676376 26.019654 1307207988845 338.4
47.676495 26.019647 1307207990844 337.4
47.676666 26.019608 1307207994844 338.8
47.676755 26.019605 1307207996843 339.2
47.676802 26.019603 1307207998845 339.1
47.676967 26.019606 1307208000846 338.4
47.677073 26.019602 1307208002845 336.9
47.677176 26.019602 1307208004844 335.9
47.677275 26.019598 1307208006843 335.6
47.677325 26.019593 1307208008844 336.5
47.677478 26.019583 1307208010850 338.9
47.677575 26.019584 1307208012849 340.0
47.67767 26.019592 1307208014844 340.9
47.677763 26.019615 1307208016843 342.6
47.677804 26.019628 1307208018845 342.8
47.677944 26.019677 1307208020847 342.3
47.678136 26.019781 1307208024844 340.2
47.678234 26.019824 1307208026868 340.1
47.678277 26.019856 1307208028845 340.2
47.678417 26.019944 1307208030844 340.8
47.678514 26.02001 1307208032845 341.1
47.678618 26.020081 1307208034844 340.4
47.678714 26.02015 1307208036844 340.8
47.678758 26.020184 1307208038844 341.2
47.678892 26.020291 1307208040844 340.9
47.678974 26.020356 1307208042844 341.6
47.679051 26.020427 1307208044843 342.7
47.679133 26.020486 1307208046844 343.2
47.679168 26.020523 1307208048844 343.4
47.679277 26.02065 1307208050844 342.7
47.679414 26.020808 1307208054845 342.7
47.67954 26.020923 1307208056844 341.4
47.679591 26.020984 1307208058845 341.5
47.679713 26.02117 1307208060844 341.8
47.67982 26.021284 1307208062844 341.0
47.67995 26.021434 1307208064844 340.6
47.680052 26.021608 1307208066844 340.5
47.680103 26.021699 1307208068845 340.6
47.680263 26.021956 1307208070844 340.5
47.680369 26.022108 1307208072844 340.3
47.680472 26.022258 1307208074844 340.7
47.68058 26.022406 1307208076844 339.5
47.680631 26.022479 1307208078844 339.2
47.680777 26.0227 1307208080844 337.8
47.680934 26.02301 1307208084843 337.5
47.681014 26.023173 1307208086844 337.5
47.681068 26.023258 1307208088845 336.3
47.68121 26.023505 1307208090844 335.6
47.6813 26.023669 1307208092844 334.4
47.681392 26.023818 1307208094844 335.8
47.681487 26.023964 1307208096844 335.9
47.681534 26.024034 1307208098845 336.1
47.681697 26.024232 1307208100844 336.5
47.681824 26.024345 1307208102844 337.4
47.681959 26.024451 1307208104872 338.2
47.682086 26.024576 1307208106844 337.7
47.682145 26.024646 1307208108844 337.5
47.682295 26.024883 1307208110844 335.9
47.68247 26.025206 1307208114845 335.4
47.682542 26.025348 1307208116844 335.7
47.682608 26.02543 1307208118845 335.1
47.682738 26.025674 1307208120844 336.0
47.682771 26.025824 1307208122844 336.6
47.682793 26.025952 1307208124844 337.9
47.682816 26.026064 1307208126844 338.5
47.682827 26.026118 1307208128849 338.5
47.682865 26.026282 1307208130844 339.1
47.682886 26.026404 1307208132844 339.1
47.682906 26.026541 1307208134844 339.3
47.682928 26.026672 1307208136844 338.8
47.682934 26.026735 1307208138845 338.7
47.682975 26.026904 1307208140844 336.6
47.683087 26.027129 1307208144845 335.5
47.683138 26.027243 1307208146850 334.9
47.683158 26.027299 1307208148845 334.8
47.683232 26.027454 1307208150844 334.1
47.683274 26.02755 1307208152844 334.3
47.683288 26.027601 1307208154844 333.5
47.68328 26.027627 1307208156844 333.4
47.683268 26.027632 1307208158844 333.9
47.683251 26.027641 1307208160844 332.3
47.683247 26.02765 1307208162844 332.2
47.68325 26.027643 1307208164844 332.3
47.683237 26.027685 1307208166844 332.9
47.683237 26.027689 1307208168845 333.0
47.683232 26.027699 1307208170845 333.4
47.683234 26.027731 1307208174844 335.1
47.683245 26.027705 1307208176850 334.5
47.683247 26.027708 1307208178844 334.5
47.683235 26.027702 1307208180845 335.3
47.683242 26.027758 1307208182844 332.5
47.683225 26.027837 1307208184844 330.5
47.683198 26.027909 1307208186844 329.8
47.683186 26.027937 1307208188844 330.4
47.683174 26.027966 1307208190844 330.4
47.683161 26.028005 1307208192844 330.0
47.683151 26.028031 1307208194844 329.9
47.683144 26.028068 1307208196844 330.0
47.683141 26.02808 1307208198849 330.0
47.683134 26.028104 1307208200844 330.0
47.683128 26.028127 1307208204845 330.1
47.68313 26.02811 1307208207089 330.1
47.683132 26.028093 1307208209929 330.0
47.683144 26.028064 1307208210847 330.0
47.683152 26.028024 1307208212913 330.0
47.683155 26.027983 1307208214848 330.0
47.683149 26.027965 1307208218214 330.1
47.683149 26.027965 1307208218915 330.1
47.683142 26.027961 1307208221128 330.3
47.683142 26.027965 1307208222912 330.3
47.683142 26.027969 1307208224861 330.4