47.154705 27.603518 1308397733112 6.0
47.154757 27.600711 1308397741113 1.5
47.154496 27.600349 1308397743111 1.0
47.154444 27.600262 1308397745111 1.0
47.154259 27.600044 1308397747128 1.5
47.15433 27.599621 1308397749127 1.5
47.154041 27.599037 1308397751130 2.5
47.15388 27.59874 1308397753129 3.5
47.153748 27.598372 1308397755131 4.0
47.153659 27.597996 1308397757128 4.5
47.153639 27.597838 1308397759128 4.0
47.153471 27.597338 1308397761132 4.0
47.153294 27.59688 1308397763132 4.0
47.153185 27.596322 1308397765128 4.0
47.153146 27.596064 1308397767127 4.0
47.153114 27.595854 1308397769129 4.5
47.153039 27.595484 1308397771130 4.5
47.152985 27.595208 1308397773129 4.5
47.152946 27.594978 1308397775122 4.5
47.152897 27.594688 1308397777130 3.5
47.15279 27.59419 1308397779128 10.5
47.152768 27.59392 1308397781133 12.0
47.152753 27.593416 1308397783130 29.0
47.152739 27.593203 1308397785119 30.5
47.15262 27.592759 1308397787121 39.0
47.15258 27.592535 1308397789125 39.5
47.152504 27.592233 1308397791125 38.5
47.152445 27.591982 1308397793120 37.0
47.152404 27.591822 1308397795113 35.5
47.152364 27.591679 1308397797115 39.5
47.152368 27.591464 1308397800111 44.5
47.15218 27.591013 1308397802114 52.0
47.152074 27.590632 1308397804110 58.5
47.151997 27.590273 1308397806111 88.0
47.15196 27.590058 1308397808115 90.5
47.151872 27.589888 1308397810104 89.0
47.151755 27.58976 1308397812108 98.5
47.151773 27.589607 1308397814107 103.0
47.151778 27.589548 1308397816103 104.5
47.151816 27.589463 1308397818113 103.5
47.151782 27.589397 1308397820099 102.5
47.151813 27.5893 1308397822103 100.5
47.151774 27.589253 1308397824098 100.0
47.151706 27.589071 1308397828099 100.0
47.15186 27.588704 1308397830089 99.0
47.151794 27.588639 1308397832094 99.0
47.151785 27.588611 1308397834090 99.0
47.151739 27.588578 1308397836089 99.0
47.151728 27.588588 1308397838088 99.0
47.151651 27.588523 1308397840087 99.0
47.151627 27.58851 1308397842086 99.0
47.151625 27.58851 1308397844093 99.0
47.151621 27.588523 1308397846085 99.0
47.15162 27.588539 1308397848089 99.0
47.151616 27.588554 1308397850087 99.0
47.151618 27.588558 1308397852090 99.0
47.151619 27.588565 1308397854086 99.0
47.151621 27.58857 1308397856087 99.0
47.151624 27.588569 1308397858091 99.0
47.151626 27.588571 1308397860089 99.0
47.151636 27.588565 1308397862089 99.0
47.151641 27.588567 1308397864088 99.0
47.151685 27.588545 1308397866088 99.0
47.151699 27.588537 1308397868088 99.0
47.151718 27.588517 1308397870079 99.0
47.151731 27.588522 1308397872078 99.0
47.151754 27.5885 1308397874077 99.0
47.151765 27.5885 1308397876076 99.0
47.151759 27.588477 1308397878094 99.0
47.151756 27.588476 1308397880116 99.0
47.151817 27.5888 1308397886081 98.5
47.151812 27.588807 1308397887097 98.5
47.151822 27.588821 1308397890057 98.5
47.151806 27.588864 1308397892074 98.5
47.151786 27.588922 1308397894075 98.5
47.15178 27.588931 1308397896066 98.5
47.151705 27.588847 1308397900073 98.5
47.151691 27.588817 1308397902139 98.5
47.151886 27.588137 1308397904065 98.5
47.151957 27.587901 1308397906071 99.0
47.151938 27.587742 1308397908078 99.0
47.151964 27.587593 1308397910072 99.0
47.152002 27.587479 1308397912108 99.0
47.152117 27.58733 1308397915070 99.0
47.152375 27.585457 1308397917069 99.0
47.152437 27.585054 1308397919073 99.0
47.152425 27.584754 1308397921065 99.0
47.152946 27.584468 1308397923063 99.0
47.152986 27.584415 1308397925077 99.0
47.153134 27.584487 1308397945032 99.0
47.153154 27.584307 1308397948032 99.0
47.152903 27.583075 1308397950030 98.5
47.1536 27.582869 1308397952033 99.0
47.153644 27.582302 1308397954053 99.5
47.153775 27.582156 1308397956052 99.5
47.153831 27.582022 1308397958053 99.5
47.153948 27.581969 1308397960048 99.5
47.154008 27.581935 1308397962048 99.5
47.154069 27.581907 1308397964051 99.5
47.154087 27.58178 1308397966047 99.5
47.154175 27.581707 1308397968046 99.5
47.154249 27.581611 1308397970044 99.5
47.154336 27.581541 1308397972045 99.5
47.154412 27.581469 1308397974045 99.5
47.15455 27.581359 1308397976050 99.5
47.15467 27.581078 1308397978048 99.5
47.154796 27.580725 1308397980050 99.5
47.154935 27.580525 1308397982045 99.5
47.155025 27.580404 1308397984042 99.5
47.155218 27.579968 1308397986039 98.5
47.155401 27.579686 1308397988042 97.5
47.155442 27.579606 1308397989113 97.5
47.155724 27.579102 1308397992041 101.5
47.155914 27.578734 1308397994044 101.5
47.156045 27.578508 1308397996036 101.5
47.156246 27.578276 1308397998045 101.5
47.156383 27.578069 1308398000042 101.5
47.15658 27.577779 1308398002041 99.5
47.156715 27.577518 1308398004040 97.5
47.1568 27.577347 1308398006047 97.5
47.156853 27.577243 1308398008035 98.0
47.156955 27.577091 1308398010036 98.5
47.157116 27.576878 1308398012033 101.0
47.157265 27.576694 1308398014033 100.0
47.157317 27.576632 1308398016032 100.5
47.15731 27.576618 1308398018031 101.5
47.157309 27.576652 1308398020031 100.0
47.157309 27.57668 1308398022031 95.5
47.157302 27.57669 1308398024031 94.5
47.1573 27.576701 1308398026025 94.0
47.157299 27.576707 1308398028026 94.0
47.157307 27.576699 1308398030025 92.0
47.157315 27.57669 1308398032025 91.5
47.157331 27.576668 1308398034023 90.5
47.157339 27.576657 1308398036022 90.0
47.157354 27.576635 1308398038019 89.5
47.157326 27.576677 1308398040024 89.0
47.157313 27.576633 1308398043018 89.0
47.157309 27.576608 1308398044019 88.5
47.157322 27.576548 1308398047012 88.5
47.157313 27.576512 1308398049014 88.5
47.157325 27.576511 1308398050016 88.0
47.157403 27.576464 1308398055016 88.0
47.157338 27.576408 1308398057017 88.0
47.157341 27.576419 1308398059016 87.5
47.157331 27.576398 1308398061016 87.5
47.157379 27.576401 1308398063013 87.5
47.157371 27.576414 1308398065011 87.5
47.157423 27.576421 1308398067007 87.5
47.157433 27.576445 1308398068990 87.5
47.157426 27.576453 1308398071007 87.5
47.157402 27.576486 1308398073005 87.5
47.157402 27.576502 1308398074997 87.5
47.157398 27.576534 1308398077001 87.5
47.157426 27.57654 1308398079006 87.5
47.157438 27.576543 1308398080997 87.5
47.157439 27.576545 1308398082998 87.5
47.157441 27.576541 1308398084995 87.5
47.157447 27.57651 1308398090992 87.5
47.157575 27.576855 1308398092994 87.5
47.157576 27.576857 1308398094992 87.5
47.157565 27.576824 1308398096994 87.5
47.157559 27.576816 1308398098992 87.5
47.157478 27.576895 1308398100989 87.5
47.157467 27.576894 1308398102992 87.5
47.157451 27.576844 1308398104989 87.5
47.157444 27.576827 1308398106988 87.5
47.157439 27.576771 1308398108988 87.5
47.157433 27.57676 1308398110993 87.5
47.157437 27.576751 1308398112993 87.5
47.157429 27.576748 1308398114989 87.5
47.15743 27.576752 1308398116990 87.5
47.157432 27.576753 1308398118985 87.5
47.157435 27.576746 1308398120980 87.5
47.15744 27.57674 1308398122988 87.5
47.157454 27.576642 1308398124984 87.5
47.157461 27.576628 1308398125983 87.5
47.157466 27.576596 1308398128984 87.5
47.157399 27.576605 1308398130989 87.5
47.157387 27.576586 1308398132003 87.0
47.157345 27.576524 1308398134988 86.5
47.157339 27.576476 1308398137984 86.5
47.157346 27.576465 1308398139979 86.5
47.157356 27.576435 1308398142978 86.5
47.157364 27.576416 1308398144975 86.5
47.157379 27.576398 1308398146969 86.5
47.157216 27.576333 1308398154973 86.5
47.157187 27.576334 1308398155971 86.5
47.157145 27.576343 1308398158968 86.5
47.157118 27.576338 1308398159970 86.5
47.157284 27.576552 1308398180972 86.5
47.157336 27.576724 1308398181964 87.0
47.157346 27.576892 1308398185951 87.0
47.157438 27.576634 1308398196948 87.0
47.157446 27.576554 1308398198948 87.0
47.157338 27.576979 1308398200947 87.0
47.15721 27.577104 1308398202948 87.0
47.157209 27.577147 1308398203947 87.0
47.157218 27.577137 1308398205985 87.0
47.157407 27.576793 1308398212942 87.0
47.157472 27.576717 1308398214941 87.0
47.15749 27.57671 1308398216939 87.0
47.157449 27.576698 1308398217939 87.0
47.157493 27.576598 1308398220937 87.0
47.157476 27.576529 1308398222937 87.0
47.157531 27.576422 1308398224936 87.0
47.157548 27.576367 1308398226932 87.0
47.157703 27.575977 1308398242937 87.0
47.157694 27.57606 1308398244930 87.0
47.15767 27.576173 1308398245928 87.0
47.157659 27.576297 1308398248918 87.0
47.15766 27.576515 1308398250917 87.0
47.157629 27.576733 1308398252919 87.0
47.157629 27.576744 1308398254919 87.0
47.157636 27.576754 1308398256918 87.0
47.157649 27.576758 1308398258917 87.0
47.157646 27.576742 1308398260917 87.0
47.157656 27.576733 1308398262916 87.0
47.157657 27.576717 1308398264915 87.0
47.157679 27.576717 1308398266914 86.5
47.157683 27.576697 1308398268908 86.5
47.157704 27.576685 1308398270912 86.5
47.15772 27.576663 1308398272910 86.5
47.15772 27.576647 1308398274910 86.5
47.157712 27.576643 1308398276917 86.5
47.157702 27.576643 1308398278915 86.5
47.15772 27.57661 1308398280912 86.5
47.157725 27.576593 1308398282918 86.5
47.157724 27.576585 1308398284919 86.5
47.157732 27.576592 1308398287911 86.5
47.157731 27.576605 1308398289912 86.5
47.157719 27.576599 1308398291909 86.5
47.157707 27.576614 1308398293906 86.5
47.157702 27.576617 1308398295903 86.5
47.157687 27.576643 1308398297915 86.5
47.157683 27.576649 1308398299903 86.5
47.157663 27.576664 1308398301903 86.5
47.157668 27.576657 1308398303902 86.5
47.157669 27.576621 1308398305906 86.5
47.157708 27.576616 1308398307902 86.5
47.157732 27.576606 1308398309902 86.5
47.157743 27.576597 1308398311903 86.5
47.157733 27.576589 1308398313901 86.5
47.157733 27.576585 1308398315902 86.5
47.15773 27.576579 1308398317900 86.5
47.157729 27.576566 1308398319902 86.5
47.157721 27.576548 1308398321895 86.5
47.157719 27.576538 1308398323901 86.5
47.157713 27.576527 1308398325896 86.5
47.157717 27.576521 1308398327897 86.5
47.157724 27.576504 1308398329893 86.5
47.157725 27.576493 1308398331895 86.0
47.15773 27.576473 1308398333890 86.0
47.157729 27.576463 1308398335890 86.0
47.157727 27.576441 1308398337888 86.0
47.157723 27.576435 1308398339891 86.0
47.157723 27.576434 1308398341888 86.0
47.157713 27.576435 1308398343889 86.0
47.157712 27.576426 1308398345891 86.0
47.157677 27.57644 1308398347894 86.0
47.157651 27.576556 1308398349887 86.0
47.157662 27.576546 1308398351884 86.0
47.157678 27.576537 1308398353887 86.0
47.157701 27.57653 1308398355883 86.0
47.15772 27.576519 1308398357888 86.0
47.157726 27.57651 1308398359879 86.0
47.157708 27.576584 1308398361878 86.0
47.157694 27.576594 1308398363883 86.0
47.157697 27.57658 1308398365877 86.0
47.157753 27.576557 1308398367880 86.0
47.157824 27.576552 1308398369877 86.0
47.157837 27.576552 1308398371883 86.0
47.157837 27.576562 1308398373883 86.0
47.157839 27.576566 1308398375878 86.0
47.157834 27.57659 1308398377877 86.0
47.157814 27.576566 1308398379872 86.0
47.157775 27.576562 1308398381873 86.0
47.157774 27.576515 1308398383873 86.0
47.157742 27.576506 1308398385873 86.0
47.157691 27.576506 1308398387872 86.0
47.15773 27.576494 1308398389871 85.5
47.157744 27.576511 1308398391868 85.5
47.157765 27.576508 1308398393872 85.5
47.157742 27.576526 1308398395871 85.5
47.157743 27.576525 1308398397866 85.5
47.157685 27.576538 1308398399866 85.5
47.157678 27.576551 1308398401869 85.5
47.157672 27.576556 1308398403862 85.5
47.157668 27.576557 1308398405864 85.5
47.157661 27.576569 1308398407858 85.5
47.157658 27.576577 1308398409862 85.5
47.157657 27.576583 1308398411867 85.5
47.157664 27.576585 1308398413857 85.5
47.157661 27.576593 1308398415851 85.5
47.157652 27.576589 1308398417860 85.5
47.157651 27.576584 1308398419846 85.5
47.15765 27.576582 1308398421852 85.5
47.157638 27.576582 1308398425849 85.5
47.157708 27.576626 1308398433851 85.5
47.157734 27.576632 1308398435853 85.5
47.157757 27.576627 1308398437849 85.5
47.157747 27.576628 1308398439836 85.5
47.157776 27.576627 1308398441838 85.5
47.15773 27.576672 1308398443837 85.5
47.157703 27.576677 1308398445834 85.5
47.157691 27.576678 1308398447815 85.5
47.157673 27.57667 1308398449818 85.5
47.15762 27.576533 1308398451839 85.5
47.157557 27.576562 1308398453846 85.5
47.157534 27.576506 1308398455845 85.5
47.15756 27.576516 1308398456842 85.5
47.15759 27.576484 1308398459842 85.5
47.157415 27.576581 1308398461835 85.5
47.157401 27.576565 1308398463836 85.5
47.157459 27.57657 1308398465836 85.5
47.157452 27.576507 1308398467831 85.5
47.157412 27.576505 1308398469833 85.5
47.157398 27.576509 1308398471830 85.5
47.157345 27.576534 1308398473831 85.5
47.157353 27.576532 1308398475829 85.5
47.157382 27.576535 1308398477837 85.5
47.157398 27.576546 1308398479823 85.5
47.15743 27.576542 1308398481823 85.5
47.157449 27.576557 1308398483823 85.5
47.157485 27.576548 1308398485823 85.5
47.157504 27.57655 1308398487826 85.5
47.157538 27.576538 1308398489820 85.5
47.15755 27.576543 1308398491822 85.5
47.157554 27.576548 1308398493820 85.5
47.157559 27.576554 1308398495822 85.5
47.15757 27.576559 1308398497819 85.5
47.157573 27.57656 1308398499821 85.5
47.157595 27.576571 1308398501821 85.5
47.157602 27.576575 1308398503815 85.5
47.157606 27.576575 1308398505811 85.5
47.157609 27.576567 1308398507813 85.5
47.157624 27.576573 1308398509811 85.5
47.157629 27.576567 1308398511808 85.5
47.157641 27.576567 1308398513809 85.5
47.157645 27.576563 1308398515812 85.5
47.157651 27.576566 1308398517814 85.5
47.157651 27.576572 1308398519809 85.5
47.157649 27.576578 1308398521812 85.5
47.157658 27.576587 1308398523810 85.5
47.157661 27.576591 1308398525811 85.5
47.157661 27.576588 1308398527807 85.5
47.157667 27.576592 1308398529802 85.5
47.157683 27.576598 1308398531802 85.5
47.157685 27.5766 1308398533803 85.5
47.157688 27.576599 1308398535798 85.5
47.157686 27.576596 1308398537867 85.5
47.157687 27.576567 1308398540160 85.5
47.157685 27.576548 1308398542807 85.5
47.157685 27.576512 1308398544804 85.5
47.157694 27.576466 1308398547811 85.5
47.15771 27.576389 1308398549808 85.5
47.15773 27.576339 1308398551804 85.5
47.157759 27.576213 1308398553807 85.5
47.15779 27.57615 1308398555807 85.5
47.157831 27.576108 1308398557803 85.5
47.157863 27.576046 1308398559799 85.5
47.157884 27.576037 1308398560799 85.5
47.158165 27.575683 1308398562801 85.5
47.158577 27.575375 1308398565818 85.5
47.158868 27.574993 1308398567801 85.5
47.158922 27.574858 1308398570824 85.5
47.158966 27.574833 1308398572803 85.5
47.159007 27.574788 1308398574794 85.5
47.158991 27.574717 1308398576796 85.5
47.158983 27.574483 1308398578795 85.5
47.158926 27.574186 1308398580778 85.5
47.158944 27.573963 1308398582782 85.5
47.158979 27.57393 1308398584777 85.5
47.159025 27.573871 1308398586775 85.5
47.159108 27.57381 1308398588772 85.5
47.159332 27.57378 1308398596769 85.5
47.160137 27.573439 1308398599849 86.0
47.160958 27.573503 1308398609801 86.0
47.161135 27.573623 1308398610738 86.0
47.161494 27.573038 1308398613747 85.5
47.161802 27.572889 1308398615740 85.5
47.161908 27.572911 1308398617739 85.5
47.162056 27.572981 1308398619739 85.5
47.162447 27.572753 1308398621758 85.5
47.162575 27.57273 1308398623762 85.5
47.162798 27.572854 1308398625742 85.5
47.163048 27.572926 1308398628755 85.5
47.163249 27.572999 1308398629754 85.5
47.163368 27.57298 1308398632752 85.5
47.163683 27.573097 1308398634745 85.5
47.1638 27.573011 1308398636748 85.5
47.164132 27.57293 1308398638757 85.5
47.164238 27.572834 1308398640748 85.5
47.164415 27.572479 1308398642744 85.5
47.165222 27.571242 1308398656743 85.5
47.165349 27.570807 1308398658741 85.0
47.165336 27.570671 1308398660742 85.0
47.165306 27.570448 1308398662736 84.5
47.165284 27.570462 1308398663739 84.5
47.165202 27.57039 1308398665736 84.5
47.164861 27.570166 1308398673794 85.0
47.164801 27.570019 1308398675734 85.0
47.164845 27.570023 1308398677739 85.0
47.165196 27.570705 1308398690710 85.0
47.167376 27.569207 1308398712710 85.0
47.167548 27.568971 1308398714703 85.0
47.168058 27.568956 1308398716714 85.0
47.169328 27.565688 1308398727683 84.5
47.169408 27.565615 1308398729697 84.5
47.169498 27.565622 1308398731691 84.5
47.169571 27.565642 1308398733701 84.5
47.169588 27.565647 1308398734677 84.5
47.170294 27.565473 1308398742670 84.5
47.170393 27.565416 1308398743667 84.5
47.171152 27.561997 1308398750668 84.5
47.171348 27.561445 1308398752692 84.5
47.171432 27.561249 1308398754682 84.5
47.171566 27.560867 1308398756669 84.5
47.171726 27.560369 1308398758683 84.5
47.171818 27.560097 1308398760682 84.5
47.171866 27.559971 1308398762679 84.5
47.171882 27.559876 1308398764674 84.5
47.171883 27.559833 1308398765657 84.5
47.171933 27.559632 1308398768675 84.5
47.171959 27.559492 1308398770675 84.5
47.171964 27.559467 1308398771656 84.5
47.172228 27.55642 1308398800638 84.5
47.173083 27.553047 1308398812627 85.0
47.173249 27.552933 1308398814625 85.0
47.173351 27.552529 1308398820623 85.0
47.173359 27.552465 1308398821622 85.0
47.173489 27.5525 1308398838612 85.0
47.173494 27.552446 1308398840628 85.0
47.173495 27.552419 1308398842611 85.0
47.173496 27.55241 1308398843610 85.0
47.173716 27.552442 1308398846609 85.0
47.173622 27.552539 1308398848609 85.0
47.173601 27.552584 1308398849608 85.0
47.173607 27.552538 1308398856617 85.0
47.173508 27.552147 1308398858617 85.0
47.173517 27.552063 1308398860600 85.0
47.173652 27.551185 1308398862611 85.0
47.17356 27.551163 1308398864619 85.5
47.173547 27.550632 1308398866622 85.5
47.173633 27.550221 1308398868621 85.0
47.173686 27.549927 1308398870649 85.0
47.173826 27.549536 1308398873629 85.0
47.173946 27.54932 1308398875621 85.0
47.173961 27.549081 1308398877623 85.0
47.173935 27.548531 1308398879623 85.0
47.173824 27.548145 1308398881613 85.0
47.17375 27.547771 1308398883621 85.0
47.173681 27.547502 1308398885618 85.5
47.173669 27.547294 1308398887624 85.5
47.173663 27.547153 1308398889623 85.5
47.173609 27.547021 1308398891622 85.5
47.173614 27.546916 1308398893616 85.5
47.17353 27.546603 1308398895615 85.5
47.173509 27.546438 1308398897622 85.5
47.173424 27.546182 1308398899619 85.5
47.173406 27.546092 1308398901613 85.5
47.17327 27.545746 1308398903606 85.5
47.173223 27.545564 1308398905615 85.5
47.173121 27.544861 1308398907614 85.5
47.173093 27.544731 1308398909612 85.5
47.173031 27.54454 1308398911611 85.5
47.173026 27.544495 1308398913612 85.5
47.172974 27.544201 1308398915607 85.5
47.172955 27.544087 1308398917602 85.5
47.172818 27.543868 1308398919614 85.5
47.172851 27.543695 1308398921613 85.5
47.172894 27.542991 1308398923613 85.5
47.172896 27.542901 1308398925604 85.5
47.172794 27.540332 1308398927604 86.0
47.173001 27.539211 1308398929609 80.0
47.172967 27.538765 1308398931606 78.5
47.172977 27.538379 1308398933606 78.0
47.172884 27.538061 1308398935608 76.0
47.17281 27.53774 1308398937599 75.5
47.172765 27.53752 1308398939600 78.5
47.172745 27.537372 1308398941603 78.5
47.172735 27.537264 1308398943605 79.0
47.172691 27.537156 1308398945595 81.0
47.172651 27.537036 1308398947596 82.5
47.172602 27.536878 1308398949595 82.0
47.172515 27.536652 1308398951596 82.5
47.172462 27.536467 1308398953592 84.5
47.172399 27.536395 1308398955595 87.0
47.172378 27.53637 1308398957598 88.0
47.172243 27.536255 1308398959592 88.5
47.172243 27.536244 1308398961587 89.0
47.17212 27.534983 1308398963591 88.0
47.172091 27.534563 1308398965595 88.5
47.171932 27.533923 1308398967596 88.5
47.171992 27.533578 1308398969595 89.0
47.171981 27.533166 1308398971587 89.0
47.172045 27.532972 1308398973586 89.0
47.172165 27.532834 1308398975586 89.5
47.172233 27.532695 1308398977585 89.5
47.172254 27.532625 1308398979584 89.5
47.172257 27.53259 1308398981584 89.5
47.172557 27.53078 1308398983583 89.5
47.172647 27.530033 1308398985584 89.5
47.172635 27.529863 1308398987585 89.5
47.172596 27.529476 1308398989583 90.0
47.17261 27.529363 1308398991577 90.0
47.172685 27.529189 1308398993573 90.0
47.172744 27.529157 1308398995574 90.0
47.172764 27.528862 1308398997572 90.0
47.172781 27.528418 1308398999576 90.0
47.172822 27.52829 1308399001580 90.0
47.172808 27.528026 1308399003580 90.0
47.172823 27.527876 1308399005573 90.0
47.172838 27.527825 1308399007576 90.0
47.172862 27.527554 1308399009572 90.0
47.172862 27.527468 1308399011577 90.0
47.172867 27.527346 1308399013578 90.0
47.172844 27.527329 1308399015577 90.0
47.172834 27.527255 1308399017577 90.0
47.17283 27.527254 1308399019572 90.0
47.172816 27.527266 1308399021572 90.0
47.172803 27.527261 1308399024568 90.0
47.172812 27.527274 1308399026570 90.0
47.172824 27.527246 1308399028568 89.5
47.172837 27.527221 1308399030568 89.5
47.172843 27.527188 1308399032568 89.5
47.172863 27.527139 1308399034569 90.0
47.172866 27.527123 1308399036566 90.0
47.172869 27.527114 1308399038560 89.5
47.17287 27.527098 1308399040560 89.5
47.172862 27.527104 1308399042562 90.0
47.172857 27.527103 1308399044562 90.0
47.172841 27.527091 1308399046558 90.0
47.172813 27.527101 1308399048556 89.5
47.172797 27.527078 1308399050558 89.5
47.172771 27.52708 1308399052555 89.5
47.172749 27.527079 1308399054553 89.5
47.172733 27.527075 1308399056551 89.5
47.172722 27.527094 1308399058554 89.5
47.172717 27.527101 1308399060554 89.5
47.172711 27.527109 1308399062552 89.5
47.172706 27.527113 1308399064549 89.5
47.172705 27.527114 1308399066550 89.5
47.172706 27.527113 1308399068548 89.5
47.172708 27.527125 1308399070551 89.5
47.172714 27.527123 1308399072554 89.5
47.172718 27.527143 1308399074554 90.0
47.172717 27.527148 1308399075563 90.0
47.172716 27.527111 1308399078555 90.0
47.17271 27.527104 1308399080549 90.0
47.172729 27.527083 1308399082553 90.0
47.172746 27.527075 1308399084550 90.0
47.172735 27.527045 1308399086549 90.0
47.172727 27.527039 1308399088549 90.0
47.172731 27.527038 1308399090549 90.0
47.172726 27.527044 1308399092547 90.0
47.172725 27.527041 1308399094546 90.0
47.172716 27.527053 1308399096543 90.0
47.172706 27.52707 1308399098542 90.0
47.172699 27.527075 1308399100543 90.0
47.172691 27.527077 1308399102543 90.0
47.172685 27.527075 1308399104544 90.0
47.172675 27.527073 1308399106543 90.0
47.172671 27.527068 1308399108543 90.0
47.172668 27.527089 1308399110543 90.0
47.172671 27.527097 1308399112544 90.0
47.172676 27.527115 1308399114542 90.0
47.172703 27.527122 1308399116543 90.0
47.17272 27.527119 1308399118543 90.0
47.17273 27.527115 1308399120543 90.0
47.172732 27.527111 1308399122544 90.0
47.172735 27.527092 1308399124543 90.0
47.172737 27.527077 1308399126543 90.0
47.17271 27.526978 1308399128543 90.0
47.172723 27.526937 1308399130542 90.0
47.17272 27.52518 1308399138528 90.0
47.173053 27.524525 1308399140530 90.0
47.173112 27.524446 1308399141522 90.0
47.172809 27.524282 1308399145522 90.0
47.172689 27.521872 1308399148518 90.0
47.172629 27.521651 1308399150498 90.0
47.172444 27.520956 1308399152495 90.0
47.17233 27.52045 1308399154512 90.0
47.172124 27.520202 1308399156507 90.5
47.172269 27.519628 1308399158518 90.5
47.172114 27.51932 1308399160515 90.5
47.17211 27.519288 1308399161517 90.5
47.172209 27.518321 1308399163520 90.5
47.172318 27.517154 1308399166517 90.5
47.172288 27.516124 1308399168517 91.0
47.172465 27.515472 1308399170514 91.0
47.17262 27.514894 1308399172514 91.0
47.172749 27.514727 1308399174511 91.0
47.172747 27.514199 1308399176515 91.0
47.172734 27.514064 1308399178516 91.0
47.172764 27.513756 1308399180522 91.5
47.172796 27.51366 1308399182516 91.5
47.172811 27.513533 1308399184514 91.5
47.172807 27.513311 1308399186512 91.5
47.17272 27.513099 1308399188508 91.5
47.172748 27.513007 1308399190507 91.5
47.172702 27.512881 1308399192507 91.5
47.172699 27.512719 1308399194509 91.5
47.172742 27.512654 1308399196516 91.5
47.172713 27.512436 1308399198506 91.5
47.172776 27.512352 1308399200510 91.5
47.172848 27.511803 1308399202507 91.5
47.173077 27.511482 1308399204502 91.5
47.173068 27.510454 1308399206502 91.5
47.173209 27.51025 1308399207502 91.5
47.173188 27.508818 1308399210494 92.0
47.173605 27.508463 1308399212497 91.5
47.173713 27.508397 1308399213493 91.5
47.173748 27.507924 1308399215498 92.0
47.174037 27.506405 1308399218495 92.0
47.173933 27.505601 1308399220502 92.0
47.174053 27.505147 1308399222496 92.5
47.174101 27.505084 1308399223497 92.5
47.174207 27.504965 1308399225488 92.5
47.174302 27.504111 1308399228495 92.0
47.174388 27.503879 1308399230492 92.0
47.17451 27.503718 1308399232486 92.0
47.174591 27.503634 1308399234483 92.0
47.174799 27.50342 1308399236487 92.0
47.174974 27.503289 1308399238484 92.0
47.1753 27.502871 1308399240481 92.0
47.175337 27.499229 1308399246485 92.5
47.175311 27.498892 1308399248485 92.0
47.175278 27.498768 1308399250484 92.0
47.175423 27.498714 1308399252481 92.0
47.175389 27.498673 1308399254482 92.0
47.175362 27.498628 1308399256483 92.0
47.175302 27.498583 1308399257491 92.0
47.175023 27.497561 1308399259493 92.0
47.175093 27.497287 1308399261481 92.0
47.175361 27.496145 1308399263485 92.0
47.175653 27.4954 1308399265482 92.0
47.176004 27.493534 1308399268479 92.0
47.176081 27.493241 1308399270478 92.0
47.176303 27.49254 1308399272479 92.0
47.176488 27.491942 1308399274482 92.0
47.176625 27.491473 1308399276480 92.0
47.176687 27.4912 1308399278475 92.0
47.176853 27.490757 1308399280474 92.0
47.176972 27.490378 1308399282478 92.0
47.177047 27.490097 1308399284476 92.0
47.177128 27.489741 1308399286477 91.5
47.17726 27.489225 1308399288474 91.5
47.177356 27.488721 1308399290473 92.5
47.177437 27.488324 1308399292465 92.0
47.177518 27.488004 1308399294474 94.0
47.177552 27.487817 1308399296469 95.0
47.17763 27.487632 1308399298467 94.0
47.177666 27.487492 1308399300467 92.0
47.177722 27.487285 1308399302465 93.5
47.177743 27.487229 1308399303469 94.0
47.177804 27.486981 1308399305463 94.0
47.177895 27.486669 1308399307447 93.5
47.179012 27.483664 1308399310465 92.5
47.179085 27.483021 1308399312465 92.5
47.179083 27.482418 1308399314465 92.5
47.179126 27.482073 1308399316459 92.5
47.179177 27.481899 1308399318460 92.5
47.179272 27.481232 1308399320459 92.5
47.179393 27.48081 1308399322459 92.5
47.179393 27.480675 1308399324463 92.5
47.179575 27.479102 1308399326460 92.5
47.179951 27.477502 1308399328454 93.0
47.180047 27.476755 1308399330457 93.0
47.180155 27.475996 1308399332454 93.0
47.180286 27.475507 1308399334457 92.5
47.180332 27.475179 1308399336454 92.5
47.180452 27.474547 1308399338460 93.0
47.180613 27.473994 1308399340457 93.0
47.180712 27.473433 1308399342459 93.0
47.180837 27.47292 1308399344456 92.5
47.180968 27.472344 1308399346458 92.5
47.181088 27.471866 1308399348455 92.0
47.181228 27.471366 1308399350455 92.0
47.181304 27.471032 1308399352454 92.0
47.181391 27.470653 1308399354449 92.0
47.181473 27.470419 1308399356450 91.5
47.181506 27.47019 1308399358447 91.5
47.181543 27.469984 1308399360442 91.5
47.181737 27.469241 1308399362446 91.5
47.18179 27.468765 1308399364441 91.5
47.181881 27.468384 1308399366443 91.5
47.18191 27.468181 1308399368437 91.5
47.181902 27.468101 1308399370439 91.5
47.181907 27.468049 1308399372438 91.5
47.181906 27.468028 1308399373445 91.5
47.18231 27.467245 1308399375432 91.5
47.181866 27.466383 1308399378438 91.5
47.181956 27.46616 1308399380434 91.5
47.181974 27.46605 1308399382435 91.5
47.182103 27.465841 1308399384430 91.5
47.182173 27.465454 1308399387432 91.5
47.182247 27.465286 1308399389429 91.5
47.182323 27.465167 1308399391436 91.5
47.182385 27.465084 1308399393435 91.5
47.18237 27.465028 1308399394427 91.5
47.182841 27.462931 1308399396429 91.0
47.183186 27.459135 1308399398434 91.5
47.184031 27.457066 1308399401427 92.0
47.183917 27.456582 1308399403432 91.5
47.183834 27.456214 1308399405428 91.5
47.183747 27.456042 1308399407431 91.5
47.183684 27.455959 1308399408425 91.5
47.18457 27.4552 1308399411428 91.5
47.184475 27.454088 1308399413429 91.5
47.184541 27.453897 1308399415436 91.5
47.184659 27.45387 1308399417427 91.5
47.184704 27.453478 1308399419426 91.5
47.184735 27.453425 1308399421425 91.5
47.184728 27.453199 1308399423420 91.5
47.184736 27.453147 1308399425418 91.5
47.185506 27.450468 1308399427425 91.0
47.185588 27.449564 1308399429426 91.0
47.186048 27.447543 1308399431423 90.5
47.186154 27.447173 1308399433422 90.5
47.186165 27.447148 1308399434422 90.5
47.186309 27.445682 1308399437432 90.0
47.186327 27.445651 1308399438412 90.0
47.186562 27.444143 1308399441409 90.0
47.186594 27.444106 1308399442413 90.0
47.186439 27.443068 1308399445414 90.0
47.186592 27.442759 1308399447413 90.5
47.186635 27.442698 1308399448411 90.5
47.187069 27.442416 1308399451410 90.0
47.187185 27.441891 1308399453411 90.0
47.187182 27.441799 1308399455408 90.0
47.187454 27.440784 1308399456406 90.0
47.187547 27.440393 1308399459403 90.0
47.187564 27.440356 1308399460403 90.0
47.187691 27.439544 1308399463404 90.0
47.187584 27.439355 1308399465402 90.0
47.187493 27.439172 1308399467406 90.0
47.187928 27.436804 1308399469405 90.0
47.189483 27.432914 1308399471403 90.0
47.18944 27.432873 1308399472403 90.0
47.189507 27.43242 1308399474410 90.0
47.189826 27.43168 1308399476406 90.0
47.189931 27.430522 1308399478400 90.0
47.189986 27.429249 1308399482422 90.0
47.190988 27.428112 1308399485398 90.5
47.191048 27.427894 1308399487392 90.5
47.191125 27.427861 1308399489396 90.5
47.191186 27.427859 1308399491399 90.5
47.191222 27.427878 1308399492393 90.5
47.191346 27.426094 1308399494387 90.0
47.192353 27.42399 1308399497395 90.0
47.192413 27.423756 1308399499386 90.0
47.193246 27.419626 1308399514383 90.0
47.194935 27.416719 1308399521374 -178.5
47.195086 27.416369 1308399523372 -180.0
47.195161 27.415499 1308399529356 -181.0
47.195133 27.415197 1308399531348 -180.5
47.19512 27.41439 1308399533363 -176.5
47.195201 27.414055 1308399535368 -175.5
47.195369 27.407118 1308399555368 -173.0
47.195456 27.406851 1308399556364 -172.5
47.195515 27.406247 1308399559370 -173.0
47.19532 27.405522 1308399561361 -172.0
47.195257 27.4053 1308399563358 -172.5
47.195204 27.404868 1308399565358 -172.0
47.195279 27.404517 1308399567358 -172.5
47.195147 27.404341 1308399569355 -172.5
47.195234 27.40392 1308399571351 -172.5
47.195114 27.403469 1308399573367 -172.5
47.195229 27.402964 1308399575360 -172.5
47.19536 27.402728 1308399577360 -172.5
47.195321 27.401845 1308399579379 -172.5
47.195461 27.401241 1308399581368 -172.5
47.195432 27.40062 1308399583365 -172.5
47.195514 27.400324 1308399585361 -172.5
47.195541 27.39975 1308399587359 -172.5
47.195547 27.399619 1308399589360 -172.5
47.195529 27.399583 1308399590361 -172.5
47.19585 27.398631 1308399592364 -172.5
47.195891 27.397535 1308399594362 -172.5
47.196157 27.396822 1308399597355 -172.5
47.19633 27.396854 1308399599354 -172.5
47.196367 27.396814 1308399601360 -172.5
47.196499 27.396732 1308399603353 -172.5
47.196545 27.39665 1308399605356 -172.5
47.197662 27.393819 1308399607357 -172.5
47.197845 27.39337 1308399609355 -172.5
47.198339 27.392227 1308399611360 -172.0
47.198457 27.392043 1308399613360 -172.0
47.198893 27.390888 1308399615352 -172.0
47.199056 27.390449 1308399617337 -172.0
47.199122 27.390394 1308399618329 -172.0
47.199207 27.389851 1308399620327 -172.0
47.199449 27.389675 1308399622326 -172.0
47.199703 27.388467 1308399624322 -172.0
47.200047 27.388174 1308399626325 -172.0
47.200576 27.387488 1308399628341 -172.0
47.200881 27.387179 1308399630315 -172.0
47.204904 27.373473 1308399667342 -172.5
47.205091 27.373179 1308399668335 -172.0
47.205408 27.37209 1308399671342 -169.5
47.205494 27.371789 1308399672335 -169.0
47.20593 27.370884 1308399675338 -168.0
47.206007 27.370464 1308399676333 -167.5
47.206461 27.368524 1308399680328 -167.5
47.207385 27.361907 1308399695314 -167.5
47.209479 27.356799 1308399708325 -166.5
47.209883 27.355056 1308399712320 -165.5
47.2104 27.353036 1308399717318 -162.5
47.210278 27.352542 1308399719319 -161.5
47.210256 27.352159 1308399721315 -162.0
47.210187 27.351985 1308399723311 -161.5
47.21017 27.352013 1308399724304 -161.5
47.210656 27.351192 1308399726311 -161.0
47.211337 27.349383 1308399729309 -161.0
47.211698 27.347568 1308399733301 -161.0
47.211853 27.347435 1308399734307 -160.5
47.212358 27.345303 1308399738302 -160.5
47.212586 27.344656 1308399740296 -160.5
47.212496 27.343976 1308399741309 -160.5
47.212471 27.343636 1308399743305 -160.5
47.213147 27.341782 1308399746302 -160.5
47.213263 27.341416 1308399747305 -160.5
47.214062 27.339774 1308399752301 -160.5
47.214108 27.339122 1308399754297 -160.0
47.213522 27.33789 1308399756294 -160.0
47.213466 27.337757 1308399758294 -160.0
47.213444 27.337706 1308399760294 -160.0
47.213445 27.337625 1308399762294 -160.0
47.213441 27.337592 1308399763294 -160.0
47.217401 27.301617 1308399846277 -155.0
47.217497 27.301138 1308399848274 -148.5
47.217442 27.300997 1308399850268 -147.5
47.217406 27.300894 1308399852265 -147.5
47.217329 27.300804 1308399854259 -147.0
47.217305 27.300673 1308399856262 -147.0
47.217308 27.30064 1308399857265 -147.0
47.217377 27.299426 1308399860265 -146.0
47.216942 27.299083 1308399862261 -146.0
47.216732 27.298694 1308399864262 -146.0
47.216732 27.298633 1308399866262 -146.0
47.215443 27.292541 1308399884250 -145.5
47.215409 27.292252 1308399886249 -145.5
47.215341 27.292085 1308399888243 -145.5
47.215335 27.291696 1308399890242 -145.5
47.215209 27.291538 1308399892244 -145.5
47.215094 27.291144 1308399894241 -145.5
47.215146 27.290313 1308399896246 -145.5
47.215115 27.290214 1308399898246 -145.5
47.215092 27.290003 1308399900248 -145.5
47.215047 27.289893 1308399902243 -145.5
47.215041 27.289582 1308399904249 -145.5
47.215026 27.289497 1308399905250 -145.5
47.21344 27.280776 1308399936224 -144.5
47.213257 27.280764 1308399938226 -144.0
47.213189 27.280699 1308399940226 -144.0
47.213162 27.280513 1308399942245 -144.0
47.213155 27.280489 1308399943225 -144.0
47.213142 27.279946 1308399946229 -144.0
47.213162 27.279837 1308399947226 -144.0
47.21324 27.279203 1308399952230 -143.5
47.213288 27.278291 1308399954229 -143.5
47.21329 27.278023 1308399956232 -143.5
47.213206 27.277119 1308399958233 -143.5
47.213027 27.276751 1308399960224 -143.5
47.212765 27.276089 1308399963222 -143.5
47.212646 27.275927 1308399965216 -143.5
47.21258 27.27551 1308399967217 -143.5
47.212528 27.275413 1308399969216 -143.5
47.210302 27.268643 1308399997227 -142.5
47.21013 27.268489 1308399999203 -142.5
47.210384 27.267624 1308400001203 -142.5
47.210473 27.266967 1308400003210 -142.0
47.210463 27.266708 1308400005209 -142.0
47.210475 27.266495 1308400007205 -142.0
47.210593 27.266254 1308400009204 -142.0
47.210675 27.266041 1308400011205 -142.0
47.210785 27.265877 1308400013198 -142.0
47.210829 27.265277 1308400015201 -142.0
47.210897 27.264838 1308400017196 -142.0
47.211 27.264509 1308400019208 -142.0
47.213436 27.256505 1308400039201 -140.0
47.214067 27.253745 1308400049190 -140.5
47.214256 27.253494 1308400051192 -140.5
47.214452 27.251962 1308400053189 -141.5
47.214552 27.251711 1308400055194 -141.5
47.215903 27.244292 1308400081186 -142.5
47.215829 27.243935 1308400083175 -142.5
47.216572 27.241772 1308400089173 -143.0
47.21653 27.241559 1308400091166 -143.0
47.216554 27.241335 1308400093166 -143.0
47.216577 27.241181 1308400095170 -143.0
47.21895 27.236457 1308400106156 -142.5
47.218925 27.23611 1308400108145 -142.5
47.218003 27.232754 1308400113162 -142.0
47.218158 27.232308 1308400115171 -141.0
47.218123 27.232213 1308400116166 -141.0
47.217954 27.219474 1308400159153 -137.5
47.217599 27.218691 1308400161152 -137.0
47.217277 27.216988 1308400168145 -136.5
47.21781 27.210975 1308400181131 -135.0
47.218139 27.210501 1308400185140 -134.5
47.217946 27.209439 1308400187140 -135.0
47.21797 27.209321 1308400189145 -135.0
47.218123 27.209005 1308400190143 -135.0
47.223623 27.193752 1308400232131 -128.0
47.225258 27.184815 1308400259117 -122.0
47.225628 27.184468 1308400261111 -110.0
47.225509 27.183909 1308400263110 -107.0
47.225333 27.183515 1308400265108 -104.5
47.225341 27.183217 1308400267104 -103.5
47.225319 27.183049 1308400269100 -103.0
47.225302 27.182827 1308400271106 -103.0
47.225438 27.182775 1308400273108 -102.5
47.22542 27.182731 1308400275114 -102.5
47.225364 27.182666 1308400277116 -102.0
47.225347 27.182657 1308400278107 -102.0
47.222343 27.173359 1308400302107 -101.0
47.222243 27.172962 1308400304099 -101.0
47.222306 27.17277 1308400305071 -101.0
47.221987 27.172228 1308400308087 -100.5
47.221912 27.170859 1308400310072 -100.0
47.221937 27.17055 1308400312074 -99.5
47.222177 27.170396 1308400314072 -99.5
47.222462 27.170158 1308400316069 -99.0
47.222339 27.168508 1308400318073 -98.5
47.222514 27.167989 1308400320071 -98.5
47.222826 27.167291 1308400322069 -98.0
47.22316 27.166007 1308400325071 -98.0
47.222742 27.162697 1308400333056 -98.0
47.223169 27.161298 1308400334063 -98.0
47.223041 27.159063 1308400340061 -98.0
47.222846 27.15728 1308400345060 -98.0
47.222601 27.156096 1308400347063 -97.5
47.222598 27.155719 1308400349055 -97.5
47.222486 27.155339 1308400351057 -97.5
47.22253 27.154864 1308400353056 -97.5
47.22284 27.154563 1308400355055 -97.5
47.22286 27.153931 1308400357053 -97.5
47.222853 27.153902 1308400358053 -97.5
47.222602 27.15228 1308400361049 -97.5
47.21992 27.120996 1308400452128 -90.0
47.218573 27.114672 1308400480114 -82.5
47.218518 27.114106 1308400482111 -78.0
47.218509 27.113911 1308400483113 -77.0
47.218492 27.112839 1308400486116 -62.0
47.218516 27.112153 1308400488118 -55.5
47.218519 27.111469 1308400490114 -52.5
47.218522 27.110683 1308400492105 -45.5
47.21854 27.109887 1308400494114 -35.5
47.218603 27.109159 1308400496119 -21.5
47.218623 27.108515 1308400498105 -5.0
47.218731 27.107928 1308400500105 5.0
47.218923 27.107232 1308400502103 13.0
47.219112 27.106548 1308400504103 27.0
47.219274 27.105905 1308400506124 28.5
47.219422 27.105285 1308400508107 38.5
47.219676 27.104516 1308400509277 69.0
47.22003 27.103534 1308400512264 81.0
47.22022 27.102969 1308400514261 84.5
47.220337 27.102573 1308400516265 95.0
47.22044 27.102195 1308400518264 117.5
47.220536 27.101911 1308400520261 131.5
47.220532 27.101702 1308400522265 140.5
47.220595 27.10134 1308400524265 158.0
47.220589 27.101245 1308400525267 158.5
47.219949 27.099795 1308400528266 156.5
47.219751 27.099155 1308400530256 151.0
47.219719 27.09884 1308400532261 145.5
47.219691 27.098612 1308400534255 145.0
47.219682 27.098455 1308400536252 145.0
47.219947 27.097305 1308400538254 152.5
47.219944 27.096995 1308400540262 153.0
47.220112 27.096029 1308400542258 156.5
47.220048 27.09576 1308400545260 156.5
47.220066 27.09507 1308400547256 157.5
47.220405 27.093862 1308400549255 156.5
47.221018 27.09286 1308400551258 156.5
47.2215 27.09141 1308400553255 155.5
47.221658 27.091198 1308400555256 155.5
47.22182 27.090969 1308400557256 155.0
47.221929 27.090852 1308400559255 155.5
47.221913 27.090793 1308400561256 155.0
47.221909 27.090767 1308400563249 155.0
47.221863 27.090662 1308400565254 155.0
47.221849 27.090596 1308400567252 155.0
47.221165 27.087277 1308400569253 113.5
47.221151 27.086777 1308400571253 105.0
47.221131 27.0864 1308400573250 93.5
47.221212 27.086104 1308400575248 86.5
47.221248 27.085908 1308400577256 83.0
47.221262 27.085799 1308400579248 82.0
47.221782 27.085049 1308400581250 81.0
47.222131 27.084466 1308400583247 79.5
47.222253 27.084037 1308400585246 78.0
47.221903 27.081603 1308400587249 79.0
47.221938 27.081087 1308400589247 79.0
47.222262 27.080395 1308400591249 80.0
47.222226 27.079977 1308400593245 77.0
47.221276 27.078328 1308400595243 79.0
47.220897 27.076747 1308400597244 80.5
47.220832 27.075608 1308400599245 82.5
47.220186 27.069569 1308400601242 100.0
47.220096 27.068931 1308400603244 109.5
47.220041 27.068454 1308400605241 105.0
47.219992 27.068149 1308400607241 123.0
47.220004 27.067959 1308400609239 112.0
47.220019 27.067647 1308400611241 127.0
47.219868 27.067117 1308400613237 115.0
47.219863 27.066688 1308400615238 140.5
47.219882 27.066483 1308400616880 122.5
47.219892 27.066415 1308400618874 120.0
47.219898 27.066145 1308400620879 102.5
47.219903 27.065989 1308400622875 101.0
47.220014 27.065801 1308400624874 92.0
47.220071 27.065752 1308400626868 93.0
47.220144 27.065394 1308400628870 94.0
47.220172 27.065345 1308400630869 94.0
47.220338 27.065155 1308400631865 93.5
47.220474 27.064868 1308400634864 94.0
47.2205 27.064675 1308400636870 94.5
47.220549 27.064422 1308400638861 95.0
47.220573 27.064395 1308400639862 95.5
47.219565 27.060784 1308400642862 97.0
47.219571 27.060777 1308400643858 97.0
47.219612 27.059805 1308400646861 97.0
47.21964 27.059641 1308400648860 97.0
47.219687 27.059556 1308400650864 97.0
47.219684 27.059508 1308400652864 97.0
47.219823 27.057973 1308400654864 97.5
47.219781 27.057897 1308400656864 97.5
47.219472 27.054404 1308400661857 97.5
47.219049 27.053185 1308400663852 98.5
47.21869 27.05273 1308400666860 99.0
47.218569 27.052524 1308400668860 99.0
47.218649 27.052378 1308400670854 99.0
47.218634 27.052327 1308400672864 99.0
47.218648 27.052264 1308400674854 99.0
47.218646 27.052232 1308400676856 99.0
47.218653 27.052081 1308400678852 99.5
47.218598 27.051983 1308400680852 99.5
47.218654 27.051856 1308400682856 99.0
47.218509 27.051673 1308400684854 99.0
47.218599 27.051488 1308400686851 99.0
47.218581 27.051411 1308400688850 99.0
47.218578 27.051181 1308400689849 99.0
47.219034 27.049918 1308400693851 98.5
47.219081 27.049742 1308400694850 98.5
47.218617 27.046236 1308400697859 98.0
47.21879 27.046061 1308400699869 98.0
47.218902 27.04598 1308400701859 98.0
47.218981 27.045921 1308400702846 98.0
47.218997 27.045437 1308400705846 98.0
47.219124 27.04531 1308400707846 98.0
47.219141 27.045175 1308400709849 98.0
47.219212 27.045015 1308400711852 98.5
47.219287 27.044859 1308400713853 98.5
47.219294 27.044802 1308400714853 98.5
47.218963 27.040919 1308400717850 99.0
47.219046 27.040765 1308400719847 99.0
47.219178 27.040223 1308400721853 98.5
47.219216 27.039891 1308400723852 98.5
47.219121 27.039651 1308400725850 98.5
47.218002 27.03685 1308400727850 99.0
47.218027 27.036643 1308400729848 99.0
47.218026 27.036156 1308400731848 98.5
47.217929 27.035775 1308400733847 98.5
47.217936 27.035585 1308400735846 98.5
47.217873 27.035458 1308400737854 98.5
47.217901 27.035092 1308400739848 98.5
47.217724 27.034659 1308400741852 98.5
47.217784 27.034368 1308400743846 98.5
47.217779 27.034283 1308400745847 98.5
47.217768 27.034047 1308400747854 98.5
47.217618 27.034027 1308400749853 98.5
47.217585 27.033972 1308400751850 98.5
47.217529 27.033923 1308400753848 98.5
47.217484 27.033897 1308400755852 98.5
47.217334 27.033823 1308400757846 98.5
47.217284 27.033759 1308400759844 98.5
47.217221 27.033759 1308400761844 98.5
47.217117 27.033765 1308400763837 98.5
47.216867 27.033462 1308400765844 98.5
47.216796 27.033411 1308400767844 98.5
47.216683 27.033333 1308400769839 98.5
47.216508 27.033235 1308400771838 98.5
47.216376 27.033136 1308400773841 98.5
47.215908 27.032492 1308400775840 98.5
47.215631 27.032273 1308400777844 98.5
47.215539 27.032022 1308400779842 98.5
47.215299 27.03202 1308400781839 98.5
47.214715 27.031276 1308400783840 98.5
47.214619 27.030935 1308400785839 98.5
47.214593 27.030859 1308400787834 98.5
47.214371 27.029 1308400789835 99.0
47.212698 27.026365 1308400791832 99.0
47.2124 27.025705 1308400793833 99.0
47.211326 27.024058 1308400795832 98.5
47.211179 27.023591 1308400797830 98.5
47.210848 27.022906 1308400799823 98.5
47.210828 27.022538 1308400801831 98.5
47.210576 27.021998 1308400803832 98.5
47.210541 27.021649 1308400805830 98.5
47.210414 27.021177 1308400807828 98.5
47.21039 27.020931 1308400809822 98.5
47.210341 27.020731 1308400811821 98.5
47.210361 27.020427 1308400813826 98.5
47.210367 27.020187 1308400815824 98.5
47.210374 27.020089 1308400817823 98.5
47.210384 27.02002 1308400819824 98.5
47.210384 27.019945 1308400821819 98.5
47.210374 27.019838 1308400823820 98.5
47.210361 27.019708 1308400825819 98.5
47.210406 27.019539 1308400827817 98.5
47.210427 27.01948 1308400829818 98.5
47.21044 27.019431 1308400831818 98.5
47.210471 27.019383 1308400833812 98.5
47.210411 27.01931 1308400835820 98.5
47.210339 27.019039 1308400837818 98.5
47.21027 27.018706 1308400839815 98.5
47.210193 27.018395 1308400841808 98.5
47.21013 27.018066 1308400843810 98.5
47.210097 27.017895 1308400845804 98.5
47.210076 27.017768 1308400846808 98.5
47.209958 27.017228 1308400853816 98.5
47.20982 27.017129 1308400855810 98.5
47.209759 27.017059 1308400857808 98.5
47.209602 27.016848 1308400859800 98.5
47.20942 27.016539 1308400861805 98.5
47.209229 27.016361 1308400863806 98.5
47.209197 27.016138 1308400865805 98.5
47.209131 27.015971 1308400867807 98.5
47.209102 27.015752 1308400869811 98.5
47.209039 27.015618 1308400871807 98.5
47.208958 27.015504 1308400873801 98.5
47.208894 27.015395 1308400875799 98.5
47.208814 27.015302 1308400877802 98.5
47.208542 27.014441 1308400879802 98.5
47.208347 27.014225 1308400881800 98.5
47.208042 27.013122 1308400883798 98.5
47.20795 27.012849 1308400885801 98.5
47.207853 27.012639 1308400887791 98.5
47.207805 27.01258 1308400889794 98.5
47.207757 27.012509 1308400891792 98.5
47.207688 27.012488 1308400893791 98.5
47.207545 27.012241 1308400895791 98.5
47.207415 27.012076 1308400897794 98.5
47.207354 27.012003 1308400899794 98.5
47.207127 27.01171 1308400901799 98.5
47.206997 27.011497 1308400903798 98.5
47.206891 27.011354 1308400905800 98.5
47.206807 27.011279 1308400907802 98.5
47.206705 27.011123 1308400909799 98.5
47.206595 27.010821 1308400911797 98.5
47.206538 27.010776 1308400913800 98.5
47.206389 27.010437 1308400915800 98.5
47.206317 27.010355 1308400917794 98.5
47.206321 27.009949 1308400919795 99.0
47.206007 27.009726 1308400921797 98.5
47.205918 27.009531 1308400923794 98.5
47.205809 27.009496 1308400925801 98.5
47.205699 27.009507 1308400927796 98.5
47.205626 27.009486 1308400929797 98.5
47.205437 27.008812 1308400931797 98.5
47.205189 27.008729 1308400933796 98.5
47.205111 27.008725 1308400935794 98.5
47.20501 27.008628 1308400937795 98.5
47.204964 27.008598 1308400939791 98.5
47.204822 27.008454 1308400941793 98.5
47.204792 27.008416 1308400943793 98.5
47.204788 27.008411 1308400944790 98.5
47.204773 27.007656 1308400946787 98.5
47.20477 27.004152 1308400949784 99.5
47.204593 27.003999 1308400951782 99.5
47.204554 27.003912 1308400953785 99.5
47.204521 27.003548 1308400955782 99.5
47.20456 27.003417 1308400957779 99.5
47.204613 27.003324 1308400959784 99.5
47.204516 27.002211 1308400961779 99.5
47.204426 27.002007 1308400963781 99.5
47.204419 27.001481 1308400965782 99.5
47.204628 27.000919 1308400967781 99.5
47.204837 27.000287 1308400969783 99.5
47.204912 26.999933 1308400971785 99.5
47.205092 26.999605 1308400973779 99.5
47.205266 26.999267 1308400975785 99.5
47.205396 26.999082 1308400977779 99.5
47.20543 26.999015 1308400979787 99.5
47.205555 26.998849 1308400981776 99.5
47.205794 26.998519 1308400984781 99.5
47.205888 26.998163 1308400986777 99.5
47.206001 26.998011 1308400988774 99.5
47.206059 26.997946 1308400990774 99.5
47.206133 26.997774 1308400992774 99.5
47.206232 26.99766 1308400994775 99.5
47.206173 26.997493 1308400996780 99.5
47.206141 26.99745 1308400997773 99.5
47.206668 26.994487 1308401000779 99.5
47.206864 26.994035 1308401002775 99.5
47.206947 26.99389 1308401003771 99.5
47.206877 26.991976 1308401006766 100.0
47.206867 26.991457 1308401008768 100.0
47.206872 26.991028 1308401010767 100.0
47.206883 26.990902 1308401011761 100.0
47.206775 26.988988 1308401014774 100.0
47.206878 26.988677 1308401016775 100.0
47.206942 26.98846 1308401017771 100.0
47.206173 26.98687 1308401020769 100.0
47.205671 26.985952 1308401022765 100.0
47.205674 26.985762 1308401024768 100.0
47.205888 26.985263 1308401026771 100.0
47.205894 26.985157 1308401028770 100.0
47.205894 26.984893 1308401030770 100.0
47.205929 26.984615 1308401032772 100.0
47.206034 26.984442 1308401034776 100.0
47.206095 26.984327 1308401036774 100.0
47.206178 26.98417 1308401038767 100.0
47.206242 26.984097 1308401040766 100.0
47.205972 26.982368 1308401042769 100.0
47.205831 26.981985 1308401044764 100.0
47.205779 26.981726 1308401046760 100.0
47.205839 26.981207 1308401048759 100.0
47.205858 26.981083 1308401050759 100.0
47.208987 26.972122 1308401062759 108.0
47.209151 26.971288 1308401064766 109.5
47.209411 26.970417 1308401066762 115.5
47.209765 26.969616 1308401068766 126.0
47.209975 26.968963 1308401070762 132.0
47.210249 26.968346 1308401072765 140.0
47.210469 26.967714 1308401074761 149.5
47.210712 26.967136 1308401076760 163.0
47.21094 26.966666 1308401078760 171.5
47.211228 26.966049 1308401080758 182.5
47.211469 26.965547 1308401082758 187.5
47.211736 26.964967 1308401084758 205.0
47.211984 26.964451 1308401086761 208.5
47.212255 26.963841 1308401088755 211.5
47.212509 26.963324 1308401090760 215.0
47.212794 26.962752 1308401092762 220.5
47.213094 26.962125 1308401094761 226.5
47.213334 26.961597 1308401096757 228.0
47.213581 26.961053 1308401098760 234.5
47.213871 26.960387 1308401100752 244.0
47.214146 26.959793 1308401102753 249.5
47.214373 26.959286 1308401104754 253.0
47.214615 26.958706 1308401106753 255.0
47.214854 26.958173 1308401108749 259.5
47.215064 26.957677 1308401110755 263.5
47.215325 26.957027 1308401112748 272.5
47.215532 26.956417 1308401114748 284.0
47.215786 26.95574 1308401116759 292.0
47.216021 26.955114 1308401118748 296.0
47.216275 26.954472 1308401120749 297.5
47.216521 26.953846 1308401122745 300.0
47.216774 26.953231 1308401124750 303.0
47.217013 26.952631 1308401126751 304.5
47.217248 26.952004 1308401128748 307.0
47.217497 26.951357 1308401130749 311.5
47.217752 26.950725 1308401132747 314.0
47.218011 26.950081 1308401134745 311.0
47.218255 26.949473 1308401136734 310.5
47.218533 26.948737 1308401138741 311.0
47.218807 26.948051 1308401140743 306.0
47.219086 26.947365 1308401142744 304.0
47.21935 26.946711 1308401144740 302.0
47.219594 26.946033 1308401146739 294.0
47.21988 26.945328 1308401148739 291.5
47.220155 26.94463 1308401150741 289.5
47.220412 26.943996 1308401152735 290.5
47.220667 26.943343 1308401154736 290.5
47.220923 26.942693 1308401156735 294.5
47.221182 26.942036 1308401158736 296.0
47.22143 26.941408 1308401160736 298.0
47.221773 26.940556 1308401162733 301.5
47.2221 26.939744 1308401164733 305.5
47.222435 26.938858 1308401166735 305.0
47.222753 26.938038 1308401168736 306.5
47.223064 26.937226 1308401170739 303.5
47.223355 26.936465 1308401172736 299.0
47.223627 26.93572 1308401174723 298.5
47.223892 26.935006 1308401176738 293.5
47.224149 26.934276 1308401178731 293.0
47.22442 26.933551 1308401180746 284.0
47.224687 26.932936 1308401182728 283.5
47.224933 26.932367 1308401184728 282.0
47.225183 26.931805 1308401186721 282.0
47.225421 26.931273 1308401188725 281.0
47.225655 26.930728 1308401190719 280.0
47.225864 26.930263 1308401192728 278.0
47.226102 26.929684 1308401194728 275.5
47.226269 26.929276 1308401196722 276.5
47.226503 26.928765 1308401198720 277.5
47.226745 26.928229 1308401200726 280.0
47.226924 26.927853 1308401202721 280.5
47.227044 26.927601 1308401204717 281.0
47.227266 26.927105 1308401206721 285.5
47.227467 26.926699 1308401208720 287.5
47.227755 26.926157 1308401210721 291.5
47.228008 26.925641 1308401212717 291.0
47.228242 26.925136 1308401214722 290.5
47.228503 26.924563 1308401216715 289.0
47.22873 26.924053 1308401218717 288.0
47.229039 26.923345 1308401220718 287.0
47.229301 26.922768 1308401222720 281.5
47.229565 26.92219 1308401224719 282.5
47.229831 26.921609 1308401226708 282.5
47.230097 26.921026 1308401228721 286.0
47.230368 26.920405 1308401230718 287.0
47.230664 26.919766 1308401232718 289.0
47.230948 26.919188 1308401234707 291.0
47.231221 26.918561 1308401236721 291.5
47.231496 26.917916 1308401238712 293.0
47.23174 26.917366 1308401240711 296.0
47.23198 26.916852 1308401242708 296.5
47.232231 26.91633 1308401244708 298.5
47.232753 26.915166 1308401248709 301.0
47.233017 26.914496 1308401250707 304.0
47.233287 26.91387 1308401252704 305.0
47.233538 26.913288 1308401254705 303.0
47.233758 26.912771 1308401256703 300.5
47.23402 26.912184 1308401258702 301.5
47.234264 26.911631 1308401260711 301.5
47.234534 26.911032 1308401262701 307.5
47.23477 26.910522 1308401264705 311.0
47.235108 26.910012 1308401266708 314.5
47.235464 26.909519 1308401268711 313.5
47.23581 26.90907 1308401270708 312.0
47.236054 26.908746 1308401272705 309.5
47.236329 26.908405 1308401274706 309.0
47.236643 26.907988 1308401276700 311.5
47.237 26.907528 1308401278700 310.5
47.237285 26.907198 1308401280706 311.0
47.237625 26.906779 1308401282705 308.5
47.237951 26.906352 1308401284706 309.0
47.238343 26.905887 1308401286700 310.0
47.23865 26.905494 1308401288707 310.0
47.239013 26.905055 1308401290704 310.0
47.23936 26.904637 1308401292699 314.0
47.239744 26.904182 1308401294711 313.0
47.240057 26.903773 1308401296713 314.5
47.240375 26.903383 1308401298711 317.0
47.240799 26.902909 1308401300706 317.0
47.241148 26.902445 1308401302706 318.0
47.241553 26.901915 1308401305700 320.0
47.241823 26.90161 1308401307704 317.5
47.242065 26.901303 1308401309703 317.0
47.242209 26.901107 1308401311701 317.5
47.242249 26.901003 1308401313700 318.5
47.242448 26.900793 1308401315707 321.5
47.242996 26.899995 1308401317702 315.5
47.243052 26.899614 1308401319700 314.0
47.24318 26.898924 1308401321698 309.0
47.243158 26.898386 1308401323698 310.5
47.24321 26.898161 1308401325699 310.5
47.243207 26.898123 1308401327706 310.0
47.243205 26.898057 1308401329693 310.0
47.243216 26.898031 1308401331696 310.0
47.243195 26.897818 1308401333697 309.5
47.242918 26.896131 1308401335697 308.0
47.242988 26.895972 1308401337697 307.0
47.24291 26.895709 1308401339704 307.0
47.243791 26.893468 1308401341697 307.0
47.243872 26.892406 1308401343696 307.0
47.243959 26.891468 1308401345694 307.5
47.243888 26.890629 1308401346695 307.0
47.244413 26.88814 1308401349691 306.5
47.244293 26.886961 1308401351689 306.5
47.244248 26.886746 1308401353685 306.5
47.244168 26.886561 1308401355694 306.0
47.244214 26.886241 1308401357685 306.0
47.244179 26.885941 1308401359691 306.0
47.244242 26.885746 1308401361690 306.0
47.244224 26.885343 1308401363689 306.0
47.24429 26.884719 1308401365690 306.0
47.244463 26.883436 1308401367688 306.0
47.244524 26.882363 1308401369686 306.0
47.244624 26.881514 1308401371682 306.0
47.244771 26.880922 1308401373685 306.0
47.245123 26.878148 1308401375693 309.5
47.245332 26.876744 1308401377685 285.5
47.245097 26.87589 1308401379689 284.5
47.245107 26.875501 1308401381689 283.5
47.245105 26.87504 1308401383684 282.0
47.245115 26.874724 1308401385687 281.0
47.245144 26.874593 1308401387687 281.0
47.246109 26.873167 1308401389680 281.5
47.246167 26.873036 1308401391674 281.0
47.246192 26.872498 1308401393681 280.5
47.245797 26.869087 1308401395681 270.5
47.245817 26.868303 1308401397683 260.5
47.245867 26.86773 1308401399682 255.5
47.245924 26.867397 1308401401681 253.5
47.245961 26.867149 1308401403684 251.5
47.245953 26.866947 1308401405681 251.0
47.245917 26.866729 1308401407681 250.5
47.245991 26.866537 1308401409681 250.0
47.245998 26.866435 1308401411674 249.5
47.246012 26.866367 1308401413670 249.5
47.246016 26.866213 1308401415673 249.5
47.246022 26.86612 1308401417676 249.5
47.245931 26.865289 1308401418676 249.5
47.246381 26.864266 1308401420677 250.0
47.246761 26.860035 1308401423662 249.5
47.246845 26.859946 1308401425664 249.0
47.2468 26.85977 1308401427668 249.0
47.246831 26.859631 1308401429671 249.0
47.246885 26.859461 1308401431668 249.0
47.246876 26.859387 1308401433662 249.0
47.246445 26.858459 1308401435661 249.0
47.246368 26.858318 1308401437658 249.0
47.246311 26.858149 1308401439665 249.0
47.246381 26.857862 1308401441663 249.0
47.246687 26.855189 1308401443659 248.5
47.246869 26.854524 1308401444659 249.0
47.245553 26.85251 1308401447661 253.0
47.245139 26.852229 1308401449656 250.5
47.244841 26.851766 1308401451658 247.0
47.24452 26.851437 1308401453656 245.5
47.244307 26.851129 1308401455659 245.5
47.244045 26.850898 1308401457655 245.0
47.243902 26.850749 1308401459655 247.0
47.243644 26.850491 1308401461650 252.5
47.243459 26.850217 1308401463656 258.0
47.243384 26.850046 1308401465656 256.0
47.243359 26.849959 1308401467653 256.0
47.243364 26.849895 1308401469654 255.0
47.243375 26.84984 1308401471649 254.5
47.243375 26.849792 1308401473651 254.0
47.243335 26.849746 1308401475651 254.0
47.243302 26.849704 1308401477646 253.5
47.24356 26.849445 1308401479650 254.0
47.243613 26.849332 1308401481646 254.0
47.243582 26.849109 1308401483646 254.0
47.243662 26.849043 1308401485646 254.0
47.243688 26.848973 1308401487643 254.0
47.243275 26.847059 1308401489645 253.5
47.243387 26.846666 1308401490644 253.5
47.242756 26.843226 1308401493646 253.0
47.242774 26.842949 1308401495640 253.5
47.242777 26.842518 1308401497643 253.5
47.242794 26.842318 1308401499643 253.5
47.242808 26.84226 1308401501639 253.5
47.242865 26.842071 1308401503641 253.5
47.242762 26.841327 1308401505643 253.5
47.242661 26.841214 1308401507640 253.5
47.242479 26.840949 1308401509641 253.5
47.242197 26.84062 1308401511637 253.5
47.241826 26.840154 1308401513639 254.0
47.241434 26.839877 1308401515640 260.0
47.241203 26.839726 1308401517647 260.0
47.24101 26.83954 1308401519634 263.5
47.240894 26.839419 1308401521636 262.5
47.240701 26.839208 1308401523640 271.0
47.240633 26.839126 1308401525638 272.5
47.240621 26.839016 1308401527638 270.0
47.240587 26.83898 1308401529639 269.5
47.240567 26.838967 1308401531635 269.5
47.240424 26.838847 1308401533634 268.0
47.240432 26.83864 1308401535633 267.5
47.240415 26.838617 1308401536642 267.5
47.240248 26.836643 1308401539629 268.5
47.240115 26.836611 1308401541637 268.0
47.240086 26.836598 1308401542630 268.0
47.239354 26.834094 1308401545633 268.5
47.239363 26.833795 1308401547631 268.5
47.23941 26.833084 1308401549634 266.5
47.239466 26.832473 1308401551633 277.5
47.239524 26.832196 1308401553632 281.5
47.239648 26.831962 1308401555628 283.0
47.23975 26.831755 1308401557626 281.5
47.239879 26.831609 1308401559630 282.0
47.239973 26.831482 1308401561629 280.0
47.240062 26.831397 1308401563624 278.0
47.240163 26.831259 1308401565627 278.5
47.240426 26.830834 1308401567627 281.0
47.240721 26.83024 1308401570622 282.0
47.240853 26.829974 1308401572624 286.5
47.240991 26.82971 1308401574622 278.0
47.241067 26.829544 1308401576621 277.0
47.241158 26.829333 1308401578625 256.5
47.241169 26.8292 1308401580622 254.0
47.241181 26.82901 1308401582624 238.0
47.241181 26.828792 1308401584623 243.5
47.241248 26.82857 1308401586622 223.5
47.241244 26.828386 1308401588623 220.5
47.241195 26.828163 1308401590623 214.5
47.241174 26.828097 1308401592618 211.5
47.2411 26.827698 1308401594621 212.5
47.240867 26.827183 1308401596625 211.0
47.240812 26.826883 1308401598616 212.0
47.240803 26.826826 1308401600613 212.0
47.240623 26.826464 1308401602621 213.0
47.240577 26.826008 1308401604619 214.0
47.240283 26.825316 1308401606619 212.5
47.24009 26.824909 1308401608618 212.5
47.239892 26.824513 1308401610631 212.5
47.239777 26.824276 1308401612617 212.5
47.239688 26.824211 1308401613616 212.0
47.239247 26.823447 1308401616612 212.0
47.238659 26.822523 1308401618609 211.5
47.238319 26.82208 1308401620616 212.0
47.237849 26.821581 1308401622618 212.5
47.237498 26.820944 1308401624618 214.5
47.237369 26.82069 1308401625622 212.0
47.236713 26.819704 1308401628617 221.5
47.236439 26.819306 1308401630616 227.5
47.236007 26.818478 1308401632617 241.5
47.23558 26.817861 1308401634616 253.5
47.235218 26.817263 1308401636615 265.0
47.23502 26.816802 1308401638616 274.0
47.234828 26.816412 1308401640616 281.0
47.234541 26.815889 1308401642617 311.5
47.234347 26.815589 1308401644617 311.0
47.234184 26.815122 1308401646609 326.5
47.234006 26.814751 1308401648607 332.0
47.233672 26.814382 1308401650608 321.0
47.233585 26.814179 1308401652605 332.0
47.233547 26.813782 1308401654615 354.5
47.233562 26.813621 1308401656618 360.5
47.233594 26.813518 1308401658608 364.0
47.23362 26.813292 1308401660611 376.5
47.233622 26.81319 1308401662621 382.0
47.233858 26.812632 1308401664612 382.5
47.233802 26.812438 1308401665607 381.0
47.234883 26.80965 1308401668606 379.0
47.235091 26.809106 1308401670605 379.5
47.235196 26.808754 1308401672600 377.0
47.235292 26.808583 1308401674600 378.0
47.23544 26.808435 1308401676591 382.5
47.235844 26.807755 1308401678620 376.0
47.236234 26.807042 1308401680600 378.0
47.236514 26.806591 1308401682597 378.0
47.236741 26.806275 1308401684591 373.0
47.23681 26.805898 1308401686592 372.0
47.236954 26.805525 1308401688593 368.5
47.237061 26.805344 1308401690594 368.0
47.237183 26.805167 1308401692594 365.0
47.237332 26.804936 1308401694594 365.0
47.237396 26.804766 1308401696596 364.0
47.237404 26.804699 1308401698590 364.5
47.237549 26.804601 1308401700589 363.5
47.23761 26.804191 1308401702582 364.0
47.237828 26.804057 1308401704611 363.5
47.237872 26.803959 1308401706593 363.0
47.238015 26.803763 1308401708587 362.5
47.238084 26.803762 1308401710591 362.5
47.238164 26.803694 1308401712589 362.5
47.238238 26.803588 1308401714587 362.5
47.23826 26.803561 1308401715589 362.5
47.238906 26.800334 1308401718586 363.0
47.239121 26.800032 1308401720590 363.0
47.23929 26.799767 1308401722586 363.0
47.239975 26.797606 1308401726585 363.5
47.239767 26.796815 1308401728579 362.5
47.23997 26.796364 1308401730570 362.5
47.239931 26.795908 1308401732579 362.5
47.240048 26.795674 1308401734578 362.5
47.24005 26.795664 1308401736579 362.5
47.24005 26.795662 1308401737571 362.5
47.24015 26.794639 1308401740568 362.5
47.240365 26.794582 1308401742573 362.5
47.240653 26.79386 1308401744571 362.5
47.241648 26.792845 1308401746570 362.5
47.242136 26.792007 1308401750563 362.5
47.242294 26.79157 1308401752562 362.5
47.24235 26.791255 1308401754568 362.5
47.242269 26.790939 1308401755565 362.5
47.242733 26.789788 1308401757564 362.5
47.242959 26.789278 1308401759564 362.5
47.243353 26.788609 1308401762558 362.5
47.243572 26.787878 1308401764556 362.5
47.243853 26.787028 1308401766558 362.5
47.243937 26.786837 1308401768565 362.5
47.244325 26.786257 1308401770570 362.0
47.244502 26.785994 1308401772566 362.0
47.24456 26.785901 1308401774572 362.0
47.244592 26.785836 1308401776576 362.0
47.244621 26.785818 1308401777565 362.0
47.245452 26.784884 1308401780563 362.0
47.245965 26.783834 1308401782554 365.5
47.245994 26.782601 1308401784574 362.5
47.246139 26.782282 1308401786564 363.0
47.246071 26.781748 1308401788569 370.5
47.246077 26.781398 1308401790568 371.5
47.246104 26.781186 1308401792559 370.0
47.246225 26.781022 1308401794564 370.0
47.246254 26.780943 1308401796583 367.0
47.246261 26.78069 1308401798559 359.5
47.246294 26.780623 1308401800580 358.5
47.246334 26.780496 1308401802579 356.0
47.246335 26.780462 1308401804557 355.5
47.246276 26.778925 1308401806560 355.0
47.246226 26.778834 1308401808557 355.0
47.246163 26.778677 1308401810564 355.0
47.246217 26.778489 1308401812561 354.5
47.2462 26.778489 1308401813559 354.5
47.24554 26.776024 1308401816556 355.0
47.245422 26.775017 1308401818561 356.5
47.245441 26.774381 1308401820555 346.0
47.245411 26.773868 1308401822572 337.5
47.245453 26.773515 1308401824555 336.0
47.245465 26.773066 1308401826555 331.0
47.245465 26.772922 1308401827551 330.0
47.244783 26.769854 1308401830553 340.5
47.244852 26.768861 1308401832558 341.5
47.244814 26.767808 1308401834552 332.5
47.244785 26.766933 1308401836555 332.0
47.244736 26.766125 1308401838551 314.5
47.244699 26.765708 1308401840551 312.5
47.244615 26.765043 1308401842552 312.0
47.244532 26.764462 1308401844555 312.5
47.244401 26.763837 1308401846547 306.5
47.244294 26.763292 1308401848547 305.5
47.244156 26.762547 1308401850543 301.0
47.244002 26.762004 1308401852535 298.5
47.243848 26.761489 1308401854539 297.5
47.2437 26.76117 1308401856543 298.0
47.24356 26.760858 1308401858545 296.0
47.243465 26.760623 1308401860545 296.0
47.243331 26.760031 1308401862540 297.5
47.243232 26.759587 1308401864541 298.0
47.243273 26.758743 1308401866544 282.0
47.243327 26.758248 1308401868542 276.5
47.24332 26.75798 1308401870538 278.5
47.243397 26.757638 1308401872539 274.0
47.243443 26.757372 1308401874540 279.5
47.243466 26.757268 1308401876539 278.0
47.243543 26.757105 1308401878541 278.0
47.243561 26.756972 1308401880536 274.5
47.243588 26.756971 1308401881534 272.5
47.24464 26.756275 1308401884528 263.5
47.244769 26.756154 1308401885523 264.0
47.245388 26.754864 1308401888527 264.5
47.245843 26.754729 1308401890523 265.5
47.246402 26.753977 1308401892526 258.0
47.246597 26.753894 1308401893525 260.5
47.247077 26.753328 1308401896529 262.0
47.247314 26.753171 1308401899517 262.5
47.247441 26.753001 1308401900524 261.0
47.247586 26.752835 1308401903526 260.5
47.247755 26.75277 1308401905524 259.5
47.24784 26.752648 1308401907527 259.0
47.249151 26.75121 1308401909525 260.0
47.249478 26.750714 1308401911517 260.5
47.249473 26.750173 1308401913518 260.5
47.249474 26.74969 1308401915522 260.5
47.249322 26.749239 1308401917516 260.5
47.24942 26.74845 1308401919514 261.0
47.249377 26.748221 1308401921509 261.0
47.249391 26.747534 1308401923511 261.0
47.249366 26.746909 1308401925514 261.0
47.249434 26.746176 1308401927513 261.0
47.249455 26.745799 1308401929512 261.0
47.249462 26.745543 1308401931513 261.0
47.249487 26.745229 1308401933512 261.0
47.249607 26.744551 1308401935510 261.0
47.249641 26.744289 1308401937507 261.0
47.249792 26.743699 1308401939503 261.0
47.249833 26.743382 1308401941505 261.0
47.249886 26.743219 1308401943498 261.0
47.249912 26.743098 1308401945507 261.0
47.24994 26.742919 1308401947507 261.0
47.249921 26.742882 1308401949512 261.0
47.249902 26.742813 1308401951503 261.0
47.249909 26.742707 1308401953502 261.0
47.24977 26.742714 1308401955522 261.0
47.24973 26.742707 1308401957498 261.0
47.249678 26.742704 1308401959498 261.0
47.249719 26.74261 1308401961496 261.0
47.249629 26.742583 1308401963497 261.0
47.249605 26.742571 1308401965494 261.0
47.249327 26.741447 1308401966496 261.0
47.24907 26.738263 1308401968493 260.5
47.247954 26.737023 1308401971488 260.5
47.24797 26.736676 1308401973488 260.0
47.247496 26.73604 1308401975487 260.5
47.247417 26.735968 1308401977493 260.5
47.247425 26.735941 1308401979490 260.5
47.247258 26.735848 1308401981486 260.5
47.24717 26.735686 1308401983486 260.5
47.247066 26.735541 1308401985481 260.5
47.246861 26.735239 1308401987481 260.5
47.246828 26.735162 1308401989481 260.0
47.246493 26.734736 1308401991480 260.0
47.24644 26.734662 1308401993483 260.0
47.2463 26.734686 1308401995482 260.0
47.246253 26.734684 1308401997482 260.0
47.246135 26.734681 1308401999481 260.0
47.246092 26.734674 1308402001478 260.0
47.246037 26.734671 1308402003475 260.0
47.24601 26.734666 1308402005480 260.0
47.245324 26.73339 1308402007479 260.0
47.245323 26.733376 1308402008475 260.0
47.245079 26.73298 1308402010477 260.0
47.243486 26.730997 1308402013472 260.0
47.243472 26.730901 1308402014480 260.0
47.243384 26.730007 1308402017464 260.5
47.244035 26.728379 1308402019469 260.0
47.24392 26.727902 1308402021465 260.5
47.243946 26.727753 1308402023465 260.5
47.243867 26.727526 1308402025459 260.5
47.243934 26.727128 1308402027469 260.5
47.243973 26.726528 1308402029462 260.5
47.243995 26.726237 1308402031458 260.5
47.244033 26.725585 1308402033470 260.5
47.244042 26.725277 1308402035467 260.5
47.244083 26.724738 1308402037464 260.5
47.244111 26.724421 1308402039463 260.5
47.244092 26.724092 1308402041462 260.5
47.244164 26.723899 1308402043461 260.5
47.244153 26.723708 1308402045457 260.5
47.244156 26.72362 1308402047464 260.5
47.244103 26.723318 1308402049474 260.5
47.244108 26.723135 1308402051462 260.5
47.244052 26.722967 1308402053460 260.5
47.244097 26.72276 1308402055456 260.5
47.244199 26.722278 1308402057457 260.5
47.244239 26.722046 1308402059458 260.5
47.244305 26.721767 1308402061453 260.5
47.244305 26.721656 1308402063454 260.5
47.244274 26.72147 1308402065449 260.5
47.244257 26.721381 1308402067446 260.5
47.244264 26.721333 1308402068445 260.5
47.244263 26.720367 1308402071443 260.5
47.244237 26.720066 1308402073446 261.0
47.244206 26.719966 1308402075448 261.0
47.244111 26.719167 1308402078452 261.0
47.24412 26.719034 1308402080446 261.0
47.244108 26.718997 1308402081445 261.0
47.244084 26.718944 1308402083606 261.0
47.243776 26.717783 1308402089442 261.0
47.243757 26.716449 1308402092426 261.0
47.24376 26.71641 1308402093430 261.0
47.24508 26.716217 1308402102447 259.5
47.245176 26.716172 1308402103450 259.0
47.24545 26.715862 1308402108441 254.0
47.24545 26.715862 1308402108441 254.0