47.68323 26.027556 1311437897705 355.0
47.683302 26.027497 1311437899681 358.5
47.683312 26.02748 1311437900716 361.0
47.68331 26.027463 1311437904590 362.0
47.683298 26.027471 1311437906579 360.0
47.683287 26.027462 1311437908581 359.0
47.683279 26.027439 1311437910608 358.0
47.683283 26.027386 1311437912588 356.0
47.683267 26.027339 1311437914583 356.5
47.683248 26.027283 1311437916582 355.5
47.683233 26.027201 1311437918612 355.0
47.683174 26.027127 1311437920574 353.5
47.683133 26.027016 1311437922582 351.5
47.683086 26.026912 1311437924604 351.5
47.68305 26.0268 1311437926584 352.5
47.683015 26.026686 1311437928573 355.0
47.682976 26.026567 1311437930572 355.5
47.682938 26.026449 1311437932601 356.0
47.682907 26.026323 1311437934569 356.5
47.682875 26.026197 1311437936576 357.0
47.682903 26.025986 1311437938577 356.0
47.682866 26.025842 1311437940569 356.0
47.682809 26.025699 1311437942576 356.0
47.68274 26.025458 1311437944574 356.5
47.682674 26.02528 1311437946574 357.0
47.682585 26.025108 1311437948563 357.5
47.682479 26.024931 1311437950575 357.5
47.682387 26.024751 1311437952579 356.5
47.682252 26.024598 1311437954564 356.5
47.682117 26.024473 1311437956560 356.0
47.681983 26.024352 1311437958576 355.5
47.681854 26.024237 1311437960558 355.0
47.681724 26.024119 1311437962559 355.0
47.681596 26.024015 1311437964565 354.5
47.681493 26.023895 1311437966596 355.5
47.681393 26.023766 1311437968567 355.5
47.681316 26.023634 1311437970566 356.0
47.681244 26.023503 1311437972567 356.0
47.681154 26.023313 1311437975558 356.5
47.681088 26.023189 1311437977557 357.0
47.681027 26.023063 1311437979587 357.5
47.680973 26.022952 1311437981586 358.0
47.680924 26.022829 1311437983572 359.0
47.680854 26.022702 1311437985553 360.0
47.680774 26.02258 1311437987550 362.0
47.680696 26.022459 1311437989548 362.5
47.680615 26.02235 1311437991549 363.0
47.680538 26.022248 1311437993558 363.0
47.680453 26.02214 1311437995580 364.0
47.68036 26.022033 1311437997560 364.5
47.680277 26.021918 1311437999581 365.0
47.680203 26.021811 1311438001579 365.5
47.680113 26.021703 1311438003554 367.0
47.680037 26.021593 1311438005545 367.0
47.679957 26.021487 1311438007559 367.0
47.679887 26.021379 1311438009577 367.0
47.679812 26.021283 1311438011576 368.5
47.679757 26.021176 1311438013549 368.5
47.679677 26.021062 1311438015549 370.0
47.679607 26.020953 1311438017547 370.5
47.679514 26.02087 1311438019548 372.5
47.679458 26.020777 1311438021572 372.5
47.679394 26.020693 1311438023540 372.5
47.679345 26.020609 1311438025550 371.5
47.67929 26.020543 1311438027548 372.0
47.679232 26.020467 1311438029554 372.0
47.679156 26.0204 1311438031553 373.0
47.679069 26.02033 1311438033536 374.0
47.678972 26.02027 1311438035532 375.5
47.67888 26.020208 1311438037543 376.0
47.67878 26.020155 1311438039535 377.0
47.678683 26.020081 1311438041534 377.5
47.678587 26.020006 1311438043541 377.5
47.678485 26.019942 1311438045539 378.0
47.678381 26.019873 1311438047538 378.5
47.67827 26.019815 1311438049539 379.0
47.678159 26.019746 1311438051534 380.0
47.678038 26.019682 1311438053537 380.0
47.67792 26.019641 1311438055534 381.0
47.677799 26.01957 1311438057529 381.0
47.677665 26.019566 1311438059526 382.0
47.677532 26.019552 1311438061526 382.5
47.677403 26.019546 1311438063527 382.5
47.677269 26.019554 1311438065528 382.0
47.677139 26.019553 1311438067530 382.0
47.677007 26.019573 1311438069533 381.5
47.676871 26.019582 1311438071547 382.5
47.676733 26.019589 1311438073527 382.5
47.676597 26.019606 1311438075526 383.0
47.676463 26.019611 1311438077530 383.0
47.67633 26.019632 1311438079527 383.0
47.676204 26.019634 1311438081520 383.0
47.676081 26.019634 1311438083518 383.0
47.675958 26.019648 1311438085526 383.5
47.675844 26.019676 1311438087522 383.5
47.67573 26.019683 1311438089525 383.5
47.675591 26.019698 1311438091513 383.5
47.675438 26.019684 1311438093559 383.5
47.675286 26.019634 1311438095558 383.5
47.67511 26.019548 1311438097512 384.5
47.67493 26.019322 1311438099524 383.0
47.674806 26.019167 1311438101523 383.0
47.674621 26.018934 1311438103561 382.5
47.674462 26.018727 1311438105554 382.5
47.674295 26.018544 1311438107522 382.0
47.674135 26.018377 1311438109511 382.0
47.673976 26.018219 1311438111515 382.0
47.673817 26.018046 1311438113522 381.5
47.673661 26.017877 1311438115550 381.0
47.673518 26.017777 1311438117551 381.0
47.673383 26.017664 1311438119509 381.0
47.673273 26.01758 1311438121515 381.0
47.673144 26.017475 1311438123513 381.0
47.673014 26.017409 1311438125515 380.5
47.672887 26.017327 1311438127547 379.0
47.672774 26.017274 1311438129514 379.0
47.672661 26.017213 1311438131514 378.0
47.67255 26.017172 1311438133545 377.0
47.672437 26.017159 1311438135510 377.5
47.672319 26.017134 1311438137544 377.5
47.672201 26.01709 1311438139507 377.0
47.672083 26.017113 1311438141544 379.0
47.671968 26.017061 1311438143505 378.5
47.671849 26.017025 1311438145501 378.5
47.671733 26.016957 1311438147541 377.5
47.671613 26.016916 1311438149504 378.0
47.671491 26.016862 1311438151541 377.5
47.671366 26.016808 1311438153540 378.0
47.671244 26.016746 1311438155541 377.5
47.671124 26.016686 1311438157539 377.0
47.671003 26.016627 1311438159502 377.0
47.670888 26.016565 1311438161496 377.0
47.670782 26.016484 1311438163512 376.5
47.670667 26.016434 1311438165493 376.5
47.670556 26.01638 1311438167494 376.5
47.67043 26.016264 1311438169534 376.0
47.67032 26.016175 1311438171534 376.5
47.670204 26.016112 1311438173487 376.5
47.670094 26.016028 1311438175499 377.5
47.669985 26.015963 1311438177495 377.0
47.669879 26.015882 1311438179486 376.0
47.669773 26.015807 1311438181498 376.5
47.66966 26.015739 1311438183497 377.5
47.669549 26.015649 1311438185495 377.5
47.669439 26.015589 1311438187488 378.0
47.669341 26.015515 1311438189526 378.5
47.669251 26.015382 1311438191491 378.5
47.669164 26.01524 1311438193526 378.5
47.669113 26.015068 1311438195489 379.5
47.669097 26.014896 1311438197484 379.5
47.669066 26.01471 1311438199525 378.5
47.668979 26.01453 1311438201477 378.5
47.668877 26.01439 1311438203489 377.5
47.66874 26.014324 1311438205476 378.5
47.668545 26.014248 1311438208483 379.0
47.668405 26.014242 1311438210487 379.5
47.66827 26.014326 1311438212485 380.0
47.668149 26.014377 1311438214483 380.0
47.668014 26.014457 1311438216483 380.0
47.667891 26.014497 1311438218479 380.0
47.667794 26.014488 1311438220485 379.5
47.667706 26.014483 1311438222482 379.0
47.667583 26.014456 1311438224483 378.5
47.667469 26.014341 1311438226480 378.0
47.667354 26.014175 1311438228485 378.0
47.667233 26.013985 1311438230469 377.0
47.667106 26.013831 1311438232478 377.0
47.66701 26.013657 1311438234525 377.0
47.666938 26.01352 1311438236476 376.5
47.666875 26.013353 1311438238468 375.5
47.666786 26.01321 1311438240523 375.0
47.666713 26.01307 1311438242474 375.0
47.666647 26.012922 1311438244519 376.0
47.666581 26.012772 1311438246467 376.5
47.666513 26.012618 1311438248470 376.0
47.666432 26.012468 1311438250462 375.5
47.666355 26.012329 1311438252518 375.0
47.666293 26.012181 1311438254467 374.5
47.666243 26.012032 1311438256514 374.0
47.666201 26.011866 1311438258470 373.5
47.666158 26.011695 1311438260465 374.5
47.666133 26.011562 1311438262465 375.0
47.666132 26.01141 1311438264466 374.5
47.666125 26.011233 1311438266511 374.5
47.666113 26.011052 1311438268463 374.0
47.666101 26.010884 1311438270509 374.0
47.666076 26.010751 1311438272464 373.0
47.666083 26.010596 1311438274466 373.5
47.666071 26.010446 1311438276463 370.0
47.66607 26.010274 1311438278461 370.0
47.666086 26.010109 1311438280461 370.0
47.666112 26.009956 1311438282462 370.0
47.666108 26.009772 1311438284459 370.0
47.666086 26.00961 1311438286467 370.0
47.666032 26.009449 1311438288451 370.5
47.665987 26.009284 1311438290503 370.5
47.665946 26.009129 1311438292502 371.0
47.665898 26.008969 1311438294501 371.5
47.66586 26.008805 1311438296459 372.0
47.665824 26.008638 1311438298459 373.5
47.665791 26.008462 1311438300455 373.5
47.665735 26.00829 1311438302455 375.5
47.66568 26.008136 1311438304498 373.5
47.665626 26.007977 1311438306497 376.0
47.665581 26.007818 1311438308447 376.5
47.665527 26.007657 1311438310456 380.0
47.665472 26.00749 1311438312498 380.0
47.665407 26.007332 1311438314446 382.5
47.665358 26.007177 1311438316451 383.5
47.665297 26.007028 1311438318493 381.5
47.665247 26.006881 1311438320446 381.0
47.6652 26.006733 1311438322492 380.5
47.665122 26.006615 1311438324492 379.0
47.665044 26.006513 1311438326445 377.0
47.664966 26.006391 1311438328449 377.0
47.664866 26.006269 1311438330449 376.0
47.664772 26.006131 1311438332437 375.5
47.664676 26.005984 1311438334488 376.0
47.6646 26.005826 1311438336487 376.5
47.664532 26.005674 1311438338441 376.5
47.664442 26.005531 1311438340439 376.5
47.664327 26.00538 1311438342441 376.5
47.664205 26.005269 1311438344443 376.5
47.664086 26.005119 1311438346450 376.5
47.66399 26.005013 1311438348484 377.0
47.663884 26.004902 1311438350435 377.5
47.663802 26.004802 1311438352444 377.5
47.663695 26.004689 1311438354441 377.5
47.663599 26.004588 1311438356439 377.5
47.663512 26.004501 1311438358437 377.5
47.663423 26.004339 1311438360443 376.5
47.663335 26.004201 1311438362479 377.0
47.663248 26.004076 1311438364438 377.0
47.663171 26.003911 1311438366478 377.0
47.663119 26.003746 1311438368438 377.5
47.663086 26.00354 1311438370428 378.0
47.663058 26.00334 1311438372431 377.0
47.663028 26.003142 1311438374475 377.0
47.662995 26.00296 1311438376436 377.0
47.662974 26.002793 1311438378475 377.5
47.662963 26.002627 1311438380425 377.5
47.662937 26.002449 1311438382422 377.5
47.662917 26.00227 1311438384482 377.5
47.662894 26.002094 1311438386423 378.0
47.662875 26.001952 1311438388481 378.0
47.662852 26.001815 1311438390424 378.0
47.662827 26.001717 1311438392422 378.0
47.662734 26.001602 1311438394423 378.0
47.662642 26.001487 1311438396421 378.0
47.662566 26.001372 1311438398479 378.0
47.662502 26.00128 1311438400415 378.0
47.662443 26.0011 1311438402424 378.0
47.662407 26.000931 1311438404420 378.0
47.662363 26.000757 1311438406414 378.0
47.662353 26.000569 1311438408413 378.0
47.662311 26.000391 1311438410417 378.0
47.662295 26.000221 1311438412421 379.0
47.662276 26.000057 1311438414420 381.0
47.662244 25.999911 1311438416472 382.0
47.662212 25.999778 1311438418471 382.0
47.662176 25.999629 1311438420472 383.0
47.662148 25.999491 1311438422404 385.0
47.662142 25.999337 1311438424409 387.0
47.662094 25.999184 1311438426469 387.0
47.662067 25.99902 1311438428419 387.0
47.662021 25.998862 1311438430406 387.0
47.661983 25.998704 1311438432408 387.5
47.661942 25.998551 1311438434467 390.0
47.661913 25.998412 1311438436406 392.0
47.661882 25.998288 1311438438411 393.0
47.661845 25.998164 1311438440410 394.0
47.661801 25.998071 1311438442401 394.0
47.661781 25.997981 1311438444464 393.5
47.66177 25.997895 1311438446408 393.0
47.661764 25.997811 1311438448407 392.0
47.66175 25.997732 1311438450462 392.0
47.661732 25.997655 1311438452462 392.0
47.661733 25.997579 1311438454462 391.5
47.661706 25.997507 1311438456401 391.5
47.661695 25.997433 1311438458460 390.5
47.661669 25.997355 1311438460459 390.5
47.661658 25.997281 1311438462460 390.0
47.661617 25.997212 1311438464404 391.0
47.661608 25.997133 1311438466402 391.5
47.661586 25.997065 1311438468400 391.5
47.66155 25.996969 1311438471393 391.5
47.661524 25.996907 1311438473397 392.0
47.661496 25.996849 1311438475400 392.5
47.661437 25.996802 1311438477400 393.0
47.661408 25.996749 1311438479392 393.5
47.661374 25.996689 1311438481399 393.5
47.66135 25.996631 1311438483394 394.0
47.661299 25.996562 1311438485390 394.5
47.66127 25.996489 1311438487398 395.0
47.661228 25.99642 1311438489392 395.0
47.661179 25.996339 1311438491391 395.5
47.661152 25.996259 1311438493395 395.5
47.661103 25.996189 1311438495394 396.5
47.661075 25.996114 1311438497388 396.5
47.661056 25.996038 1311438499387 396.5
47.661078 25.99595 1311438501394 397.0
47.661058 25.995865 1311438503388 398.0
47.661033 25.995787 1311438505384 398.0
47.661001 25.995708 1311438507381 398.5
47.660988 25.995634 1311438509392 397.5
47.660959 25.995557 1311438511388 399.5
47.660944 25.995467 1311438513390 411.0
47.660918 25.995399 1311438515386 411.5
47.660896 25.995333 1311438517389 412.5
47.660867 25.995269 1311438519381 414.5
47.66084 25.995204 1311438521387 413.5
47.660801 25.995146 1311438523389 413.5
47.660762 25.995082 1311438525383 414.0
47.660741 25.995022 1311438527379 413.0
47.660669 25.994947 1311438529380 413.0
47.660604 25.994889 1311438531379 413.5
47.660583 25.994833 1311438533378 414.0
47.660549 25.994775 1311438535374 414.0
47.660506 25.994708 1311438537375 414.5
47.66048 25.994636 1311438539378 414.5
47.660449 25.994572 1311438541383 414.0
47.660412 25.994513 1311438543378 414.0
47.660361 25.994464 1311438545370 414.0
47.660326 25.994404 1311438547361 414.0
47.660277 25.994344 1311438549375 414.0
47.66024 25.99427 1311438551363 414.0
47.660246 25.994188 1311438553372 413.5
47.660218 25.994112 1311438555435 413.0
47.660202 25.994054 1311438557435 414.0
47.660179 25.993975 1311438559435 415.5
47.660159 25.993887 1311438561369 416.0
47.660118 25.993803 1311438563368 416.0
47.660102 25.993713 1311438565433 416.5
47.660095 25.993627 1311438567364 416.5
47.660063 25.993543 1311438569360 416.0
47.660065 25.993456 1311438571366 417.0
47.660035 25.993376 1311438573365 417.5
47.660026 25.993292 1311438575356 417.0
47.660022 25.993202 1311438577366 417.0
47.660016 25.993114 1311438579353 417.0
47.659996 25.993028 1311438581357 418.0
47.659972 25.992944 1311438583362 418.0
47.659932 25.992872 1311438585357 419.0
47.659937 25.992768 1311438587425 418.5
47.659921 25.992682 1311438589360 419.0
47.659924 25.992606 1311438591358 420.0
47.659913 25.992532 1311438593362 421.0
47.659903 25.992475 1311438595406 423.5
47.659887 25.992409 1311438597359 426.0
47.659866 25.992312 1311438599361 427.0
47.659846 25.992246 1311438601357 427.5
47.65981 25.99217 1311438603359 427.5
47.659764 25.992079 1311438605353 427.5
47.659725 25.991971 1311438607416 427.0
47.659673 25.991896 1311438609418 427.0
47.659652 25.991844 1311438611417 426.5
47.659632 25.991766 1311438613350 426.5
47.659629 25.991705 1311438615351 426.0
47.659587 25.991632 1311438617350 425.5
47.659574 25.991552 1311438619415 425.5
47.659578 25.991486 1311438621344 425.5
47.659551 25.991424 1311438623362 426.0
47.659536 25.99136 1311438625347 426.0
47.659508 25.991295 1311438627348 425.5
47.659481 25.991226 1311438629412 425.5
47.659479 25.991145 1311438631411 425.5
47.659458 25.991062 1311438633341 424.5
47.659438 25.990983 1311438635347 422.5
47.659418 25.990903 1311438637345 424.5
47.659379 25.990809 1311438639342 425.0
47.659347 25.990728 1311438641339 423.5
47.659303 25.990652 1311438643350 425.5
47.659245 25.990585 1311438645334 427.0
47.659216 25.990508 1311438647342 429.0
47.659153 25.990429 1311438649335 431.0
47.65913 25.990351 1311438651341 431.5
47.659099 25.990268 1311438653362 431.5
47.659052 25.990159 1311438656337 431.5
47.659038 25.990083 1311438658344 432.5
47.659026 25.989995 1311438660402 429.0
47.659006 25.989915 1311438662403 428.0
47.659005 25.989873 1311438664340 439.5
47.658955 25.989786 1311438666339 442.0
47.658911 25.989691 1311438668401 441.5
47.658891 25.989608 1311438670400 441.5
47.658869 25.989543 1311438672327 441.0
47.658869 25.989467 1311438674339 439.5
47.658832 25.989411 1311438676337 441.0
47.658811 25.989336 1311438678332 437.5
47.658801 25.989277 1311438680396 440.0
47.658838 25.9892 1311438682396 439.0
47.65881 25.989131 1311438684334 438.0
47.658765 25.989053 1311438686331 435.5
47.65872 25.988973 1311438688330 434.5
47.658701 25.988891 1311438690394 433.0
47.658672 25.988797 1311438692333 432.0
47.658656 25.988722 1311438694331 431.5
47.65862 25.98864 1311438696324 434.0
47.658615 25.988545 1311438698327 433.5
47.658604 25.988459 1311438700325 435.5
47.65858 25.988372 1311438702390 436.0
47.658534 25.988299 1311438704320 436.5
47.658485 25.988231 1311438706319 436.5
47.658459 25.98815 1311438708321 437.0
47.65842 25.988078 1311438710323 437.5
47.658375 25.988004 1311438712321 438.0
47.658353 25.987945 1311438714314 438.0
47.658294 25.987882 1311438716318 438.5
47.658262 25.98782 1311438718313 438.5
47.658223 25.987758 1311438720321 439.0
47.658175 25.987697 1311438722320 440.0
47.658128 25.987638 1311438724376 440.0
47.658079 25.987569 1311438726318 440.5
47.658022 25.987508 1311438728319 441.5
47.657968 25.987433 1311438730310 442.5
47.657909 25.987368 1311438732321 443.0
47.657839 25.987314 1311438734315 442.5
47.657785 25.987221 1311438736321 442.5
47.65775 25.987151 1311438738313 443.0
47.65766 25.987135 1311438740316 442.5
47.657569 25.987103 1311438742314 443.0
47.657495 25.986996 1311438744308 443.5
47.657395 25.986879 1311438746312 443.5
47.657313 25.986947 1311438748302 445.0
47.657219 25.986992 1311438750306 444.5
47.657129 25.987035 1311438752313 446.5
47.657065 25.987075 1311438754311 447.0
47.657002 25.987103 1311438756314 446.5
47.656905 25.987165 1311438758312 444.5
47.656807 25.987222 1311438760312 443.5
47.656716 25.987242 1311438762309 442.5
47.656617 25.987267 1311438764305 443.0
47.656521 25.987328 1311438766306 444.5
47.656427 25.987402 1311438768307 445.5
47.656327 25.987403 1311438770313 446.0
47.656217 25.987375 1311438772304 445.0
47.656119 25.987362 1311438774306 445.0
47.656022 25.987334 1311438776304 445.5
47.655935 25.987306 1311438778303 445.5
47.655861 25.987271 1311438780292 445.0
47.655712 25.987202 1311438782306 445.0
47.655567 25.987127 1311438784303 446.0
47.655415 25.987097 1311438786301 446.5
47.655253 25.987038 1311438788304 446.0
47.655097 25.986945 1311438790303 443.0
47.65495 25.986849 1311438792300 441.0
47.654821 25.986773 1311438794294 440.5
47.654673 25.98672 1311438796290 440.0
47.654557 25.98669 1311438798293 440.0
47.65441 25.986602 1311438800293 439.5
47.654247 25.986574 1311438802288 439.0
47.654096 25.98657 1311438804294 440.5
47.653977 25.986563 1311438806296 440.5
47.653787 25.986568 1311438808297 436.0
47.653601 25.986536 1311438810292 434.5
47.653429 25.986477 1311438812298 433.0
47.65329 25.986434 1311438814293 432.5
47.652512 25.985604 1311438833281 434.0
47.652454 25.985555 1311438835281 431.5
47.652307 25.985456 1311438837294 431.0
47.652209 25.985325 1311438839287 430.5
47.652083 25.985176 1311438841283 430.5
47.651979 25.985007 1311438843295 431.0
47.651854 25.984853 1311438845291 429.5
47.651772 25.984727 1311438847289 430.0
47.651702 25.984608 1311438849285 427.0
47.651638 25.984483 1311438851284 425.0
47.651468 25.984463 1311438853288 424.0
47.651267 25.984508 1311438855282 424.5
47.65108 25.984569 1311438857284 424.5
47.650886 25.984629 1311438859282 424.0
47.650704 25.984695 1311438861284 423.0
47.650539 25.984758 1311438863279 422.5
47.65037 25.984822 1311438865284 423.5
47.650204 25.984885 1311438867271 424.0
47.650071 25.984902 1311438869286 424.0
47.649989 25.98491 1311438871432 424.0
47.649646 25.984797 1311438877402 422.0
47.649184 25.984517 1311438884436 422.0
47.6491 25.984443 1311438886437 422.5
47.648992 25.984408 1311438888440 422.5
47.648899 25.984372 1311438890435 423.5
47.648789 25.984357 1311438892426 424.0
47.648647 25.984312 1311438895443 429.0
47.648533 25.984287 1311438897435 430.0
47.648421 25.984283 1311438899431 430.0
47.648288 25.984264 1311438902290 430.0
47.648232 25.984255 1311438904320 429.5
47.648187 25.984248 1311438906288 429.0
47.648154 25.984255 1311438908290 430.5
47.647972 25.984212 1311438910288 427.5
47.64781 25.984226 1311438912288 427.0
47.647644 25.98424 1311438914288 426.5
47.647492 25.984267 1311438916287 427.0
47.64732 25.984307 1311438918287 424.5
47.647161 25.984385 1311438920287 425.0
47.647016 25.98441 1311438922281 425.5
47.646866 25.984442 1311438924286 426.5
47.646724 25.984454 1311438926280 426.0
47.64658 25.984499 1311438928283 426.0
47.646431 25.984547 1311438930286 425.5
47.646282 25.984602 1311438932283 426.0
47.64613 25.984637 1311438934279 426.5
47.645976 25.984663 1311438936281 426.0
47.645829 25.98468 1311438938288 426.0
47.645674 25.984767 1311438940281 426.5
47.645523 25.984816 1311438942289 426.0
47.64535 25.984825 1311438944270 427.0
47.645181 25.984826 1311438946279 427.0
47.64499 25.984908 1311438948271 427.0
47.644826 25.984907 1311438950279 427.5
47.64467 25.984851 1311438952272 427.5
47.644552 25.984715 1311438954278 426.0
47.644527 25.984549 1311438956279 426.0
47.644538 25.984355 1311438958270 427.0
47.644558 25.984168 1311438960275 428.0
47.644558 25.983948 1311438962275 427.0
47.644547 25.983761 1311438964293 426.5
47.644545 25.983571 1311438966277 427.0
47.644528 25.98339 1311438968276 426.0
47.644517 25.983216 1311438970272 426.0
47.644517 25.983029 1311438972275 426.0
47.644521 25.982839 1311438974271 426.5
47.644512 25.982648 1311438976274 426.0
47.644513 25.982447 1311438978272 426.0
47.644504 25.982259 1311438980268 426.5
47.644504 25.98207 1311438982262 425.5
47.644488 25.981874 1311438984266 427.0
47.644471 25.98168 1311438986261 427.5
47.644467 25.9815 1311438988269 427.0
47.644468 25.98131 1311438990271 427.0
47.64446 25.981128 1311438992264 426.0
47.644439 25.980962 1311438994269 427.0
47.644414 25.980785 1311438996259 428.0
47.644393 25.980621 1311438998264 428.0
47.644369 25.980454 1311439000272 427.0
47.644345 25.98029 1311439002274 426.5
47.644308 25.980118 1311439004265 425.5
47.644281 25.979928 1311439006254 424.0
47.644265 25.979737 1311439008254 423.5
47.644259 25.979539 1311439010253 423.5
47.644231 25.979345 1311439012264 423.0
47.64425 25.979164 1311439014253 423.0
47.64428 25.978967 1311439016261 423.0
47.644312 25.97876 1311439018250 422.5
47.644345 25.978551 1311439020250 422.0
47.64438 25.978349 1311439022253 422.0
47.64442 25.978154 1311439024256 422.0
47.644449 25.977957 1311439026255 421.5
47.644431 25.977756 1311439028250 421.5
47.64444 25.977559 1311439030250 421.0
47.644447 25.977365 1311439032249 420.0
47.644461 25.977155 1311439034248 420.0
47.644473 25.976971 1311439036256 419.5
47.644471 25.976766 1311439038245 419.5
47.644459 25.976528 1311439040253 417.5
47.64446 25.976291 1311439042251 417.0
47.644469 25.976032 1311439044255 415.0
47.644481 25.975772 1311439046244 415.0
47.644488 25.975548 1311439048252 414.5
47.6445 25.975292 1311439050257 415.5
47.644474 25.975031 1311439052253 415.0
47.644474 25.974803 1311439054257 414.5
47.644488 25.97457 1311439056254 414.5
47.644486 25.974337 1311439058251 413.0
47.644485 25.974119 1311439060250 414.5
47.644486 25.973899 1311439062263 414.5
47.644492 25.973682 1311439064252 414.5
47.644516 25.97336 1311439067252 414.5
47.644534 25.973135 1311439069247 414.5
47.644556 25.9729 1311439071247 415.0
47.644554 25.972673 1311439073248 414.5
47.644565 25.97254 1311439074252 414.5
47.644564 25.972132 1311439077249 414.5
47.644565 25.971868 1311439079237 414.0
47.644567 25.971595 1311439081244 414.0
47.644566 25.971312 1311439083238 413.5
47.644561 25.971031 1311439085236 412.0
47.644558 25.970746 1311439087235 412.0
47.644568 25.97047 1311439089246 412.0
47.64457 25.970202 1311439091241 412.0
47.644576 25.969945 1311439093243 410.5
47.644608 25.969706 1311439095246 410.0
47.644625 25.969448 1311439097237 411.5
47.644625 25.969197 1311439099230 411.5
47.644616 25.968958 1311439101235 409.0
47.644611 25.968725 1311439103239 409.0
47.644593 25.968492 1311439105233 409.0
47.644586 25.968265 1311439107229 409.5
47.644597 25.968001 1311439109236 409.0
47.644601 25.967753 1311439111230 407.5
47.644605 25.967521 1311439113227 408.0
47.644612 25.967284 1311439115235 408.0
47.644609 25.967051 1311439117239 408.0
47.644608 25.966827 1311439119225 407.5
47.644609 25.966617 1311439121233 407.5
47.644607 25.96642 1311439123223 406.5
47.644606 25.966223 1311439125234 406.5
47.644603 25.966019 1311439127233 405.5
47.644604 25.965821 1311439129227 404.0
47.644602 25.965618 1311439131231 404.0
47.644603 25.965413 1311439133229 403.0
47.644603 25.965213 1311439135229 403.0
47.644605 25.965013 1311439137223 403.0
47.644609 25.964826 1311439139224 403.0
47.644628 25.964655 1311439141225 403.5
47.644627 25.964472 1311439143224 404.0
47.644609 25.964286 1311439145219 402.5
47.644612 25.96411 1311439147220 403.0
47.644612 25.963938 1311439149216 404.0
47.644606 25.963763 1311439151222 404.5
47.644594 25.963586 1311439153218 405.5
47.644585 25.963407 1311439155229 406.0
47.644581 25.96322 1311439157215 406.0
47.644572 25.963031 1311439159223 406.5
47.644583 25.962847 1311439161225 407.0
47.644607 25.962681 1311439163220 407.5
47.644615 25.962481 1311439165224 407.5
47.644622 25.962283 1311439167220 407.0
47.644653 25.962093 1311439169227 407.5
47.644651 25.961894 1311439171226 407.5
47.644645 25.961686 1311439173224 409.0
47.644649 25.961504 1311439175221 409.5
47.644632 25.961303 1311439177216 409.5
47.64463 25.961112 1311439179221 409.0
47.644637 25.96094 1311439181220 408.5
47.644636 25.960757 1311439183217 408.0
47.644635 25.96058 1311439185222 408.5
47.644644 25.960413 1311439187216 408.5
47.644658 25.960255 1311439189209 410.0
47.644661 25.960172 1311439190219 410.0
47.644682 25.959927 1311439193219 409.5
47.644693 25.959761 1311439195214 410.0
47.644696 25.959596 1311439197214 410.0
47.644695 25.959432 1311439199216 410.0
47.644693 25.959271 1311439201217 411.0
47.644689 25.959106 1311439203207 410.5
47.644683 25.958941 1311439205205 410.5
47.644672 25.958771 1311439207204 410.0
47.644665 25.958601 1311439209203 409.5
47.644662 25.958431 1311439211204 409.5
47.644664 25.95826 1311439213202 410.0
47.64466 25.958086 1311439215212 410.0
47.644645 25.957904 1311439217210 409.5
47.644643 25.957714 1311439219201 409.0
47.644653 25.957509 1311439221198 410.0
47.644579 25.957297 1311439223203 410.0
47.644608 25.957122 1311439225197 409.5
47.644623 25.956947 1311439227196 409.5
47.64464 25.956765 1311439229199 409.5
47.644629 25.956585 1311439231194 411.0
47.644633 25.956417 1311439233203 410.0
47.644627 25.956254 1311439235200 409.0
47.644588 25.956098 1311439237201 408.5
47.644551 25.955963 1311439239203 407.5
47.644473 25.955797 1311439241196 405.5
47.644398 25.955625 1311439243194 405.5
47.644328 25.955442 1311439245193 406.0
47.644258 25.955241 1311439247192 406.0
47.644166 25.95503 1311439249192 406.0
47.644047 25.954852 1311439251199 405.0
47.643963 25.954589 1311439253200 406.5
47.643821 25.954264 1311439256192 407.5
47.643754 25.954061 1311439258204 407.0
47.643663 25.95385 1311439260196 407.0
47.643624 25.95365 1311439262190 407.0
47.643553 25.953444 1311439264193 407.5
47.64351 25.953249 1311439266187 407.0
47.643425 25.953055 1311439268197 407.0
47.64335 25.952876 1311439270194 407.0
47.643294 25.952696 1311439272197 406.5
47.643235 25.952521 1311439274184 407.0
47.643171 25.952347 1311439276198 407.5
47.64314 25.952259 1311439277197 407.5
47.643036 25.951997 1311439280194 407.5
47.642962 25.951831 1311439282186 407.5
47.642874 25.95167 1311439284185 407.5
47.642772 25.951508 1311439286193 407.0
47.642672 25.951368 1311439288183 407.0
47.642552 25.951231 1311439290191 406.5
47.642422 25.951086 1311439292182 406.5
47.642312 25.950944 1311439294193 406.0
47.64221 25.950813 1311439296193 406.0
47.642105 25.950681 1311439298191 405.5
47.642005 25.950562 1311439300187 405.5
47.641915 25.950457 1311439302201 405.5
47.641826 25.950331 1311439304178 405.0
47.64173 25.950227 1311439306190 405.0
47.64164 25.950088 1311439308179 406.5
47.641545 25.94997 1311439310185 406.0
47.641441 25.949866 1311439312175 406.5
47.641334 25.949773 1311439314181 406.5
47.641243 25.949666 1311439316179 406.5
47.641147 25.949563 1311439318182 406.5
47.641058 25.949451 1311439320174 406.5
47.640965 25.949342 1311439322182 406.5
47.640896 25.949235 1311439324179 406.0
47.640809 25.949122 1311439326170 405.5
47.640713 25.949011 1311439328177 405.5
47.64063 25.948888 1311439330178 405.5
47.640538 25.948771 1311439332173 405.5
47.640447 25.948652 1311439334168 405.5
47.64037 25.948519 1311439336166 406.0
47.640309 25.948369 1311439338167 406.0
47.640246 25.948211 1311439340174 406.0
47.640193 25.948054 1311439342173 406.0
47.640137 25.947898 1311439344169 405.5
47.640083 25.947739 1311439346173 404.0
47.640031 25.947585 1311439348169 403.0
47.639981 25.947438 1311439350174 403.0
47.639907 25.947283 1311439352169 403.0
47.63987 25.947134 1311439354172 402.5
47.639846 25.946983 1311439356162 404.0
47.639802 25.946843 1311439358167 404.0
47.639733 25.946709 1311439360168 403.5
47.639658 25.94658 1311439362175 403.5
47.63961 25.946442 1311439364167 403.5
47.63953 25.946334 1311439366169 405.5
47.63945 25.946239 1311439368166 405.0
47.639361 25.946146 1311439370167 405.0
47.63927 25.946049 1311439372168 405.5
47.639177 25.945948 1311439374158 406.0
47.639087 25.94584 1311439376165 406.0
47.638981 25.945732 1311439378161 406.0
47.638887 25.945623 1311439380164 405.5
47.638787 25.945521 1311439382164 406.0
47.63869 25.945409 1311439384156 406.5
47.638585 25.945312 1311439386161 407.0
47.638487 25.945202 1311439388163 407.0
47.638382 25.945092 1311439390165 407.0
47.638271 25.944984 1311439392160 407.0
47.638166 25.944851 1311439394162 406.0
47.638038 25.944716 1311439396156 407.0
47.637925 25.944599 1311439398160 407.5
47.637815 25.944477 1311439400160 407.5
47.637715 25.94436 1311439402151 407.5
47.637602 25.944235 1311439404150 408.5
47.637483 25.944122 1311439406146 409.0
47.637382 25.944012 1311439408149 412.0
47.637274 25.943887 1311439410156 413.0
47.637119 25.943721 1311439413157 411.5
47.637024 25.94365 1311439415155 410.5
47.636944 25.943508 1311439417157 410.5
47.636867 25.943363 1311439419156 411.5
47.636791 25.943212 1311439421151 412.5
47.636738 25.943063 1311439423154 413.0
47.636709 25.942916 1311439425148 412.5
47.63666 25.942768 1311439427153 411.5
47.636622 25.942613 1311439429154 412.0
47.636587 25.942462 1311439431153 412.0
47.636545 25.942316 1311439433153 412.0
47.636511 25.942165 1311439435144 411.5
47.636488 25.942008 1311439437148 411.5
47.636465 25.941841 1311439439150 411.5
47.636456 25.941678 1311439441144 411.5
47.636448 25.941513 1311439443148 411.0
47.636451 25.941354 1311439445141 410.5
47.636452 25.941187 1311439447155 410.5
47.636453 25.94103 1311439449145 411.0
47.636459 25.940871 1311439451142 411.0
47.636472 25.940712 1311439453145 411.0
47.636491 25.940558 1311439455143 411.0
47.636513 25.940483 1311439456147 411.0
47.636542 25.940251 1311439459143 411.0
47.636555 25.940106 1311439461139 410.5
47.636597 25.939972 1311439463136 410.5
47.636626 25.939824 1311439465145 410.0
47.636652 25.939671 1311439467136 410.0
47.636689 25.939517 1311439469136 410.0
47.636725 25.939365 1311439471143 409.5
47.636766 25.939215 1311439473141 409.5
47.636796 25.939066 1311439475138 409.5
47.636816 25.93891 1311439477138 409.0
47.636828 25.938749 1311439479140 408.5
47.636853 25.938584 1311439481139 409.0
47.63687 25.938447 1311439483129 409.0
47.636902 25.938294 1311439485136 410.0
47.636923 25.938142 1311439487136 410.5
47.63695 25.937985 1311439489133 410.5
47.636974 25.93783 1311439491132 410.0
47.636992 25.937666 1311439493131 410.0
47.637018 25.937514 1311439495129 410.0
47.637049 25.937362 1311439497127 409.5
47.637075 25.937205 1311439499125 409.5
47.637108 25.937044 1311439501130 409.0
47.637135 25.936889 1311439503132 408.5
47.63715 25.936735 1311439505133 408.5
47.637172 25.936575 1311439507129 408.5
47.637218 25.936426 1311439509129 408.5
47.637259 25.936279 1311439511138 408.5
47.637299 25.936134 1311439513129 409.0
47.637329 25.935981 1311439515129 409.0
47.637365 25.93583 1311439517126 409.5
47.637396 25.93568 1311439519130 409.5
47.637425 25.93553 1311439521122 409.5
47.637459 25.935378 1311439523125 410.0
47.637495 25.935227 1311439525120 410.5
47.637483 25.935056 1311439527120 410.5
47.637524 25.934901 1311439529118 410.5
47.63755 25.934739 1311439531129 410.5
47.637588 25.93458 1311439533126 411.0
47.637615 25.934424 1311439535120 411.5
47.637632 25.934264 1311439537128 412.0
47.637661 25.934105 1311439539126 412.0
47.637697 25.93394 1311439541124 412.0
47.637733 25.933773 1311439543120 412.0
47.637777 25.933612 1311439545119 412.0
47.637823 25.933453 1311439547126 412.0
47.637867 25.933293 1311439549120 412.0
47.637906 25.933129 1311439551122 412.5
47.637942 25.933009 1311439553120 412.5
47.637977 25.932836 1311439555119 412.5
47.638 25.932667 1311439557119 412.5
47.638028 25.932505 1311439559117 412.5
47.638046 25.932341 1311439561116 412.5
47.638053 25.932172 1311439563108 412.0
47.63808 25.932008 1311439565116 412.0
47.638103 25.931856 1311439567115 412.0
47.638128 25.931687 1311439569109 412.0
47.638136 25.931511 1311439571118 412.5
47.638136 25.931338 1311439573117 413.0
47.638142 25.931181 1311439575116 413.5
47.638149 25.931023 1311439577120 413.5
47.638168 25.930871 1311439579115 413.5
47.638191 25.93071 1311439581116 413.5
47.638201 25.930536 1311439583117 413.5
47.638217 25.930369 1311439585116 413.5
47.638261 25.930204 1311439587118 414.0
47.638277 25.930017 1311439589118 414.0
47.638337 25.929848 1311439591118 413.5
47.638385 25.929665 1311439593114 413.5
47.638465 25.92952 1311439595115 413.5
47.638528 25.929418 1311439597109 413.5
47.6386 25.92931 1311439599118 413.5
47.638697 25.929158 1311439601108 413.5
47.638773 25.929001 1311439603106 414.0
47.638858 25.928843 1311439605103 414.0
47.638927 25.928697 1311439607116 414.5
47.638995 25.92854 1311439609111 414.5
47.639056 25.928391 1311439611102 414.5
47.639065 25.928232 1311439613104 414.5
47.639105 25.928093 1311439615101 414.5
47.639153 25.927969 1311439617112 414.5
47.639195 25.927869 1311439619114 415.0
47.63924 25.927748 1311439621110 415.0
47.639267 25.927628 1311439623109 415.0
47.639328 25.92752 1311439625106 414.5
47.639365 25.927407 1311439627106 414.5
47.639409 25.927304 1311439629105 414.5
47.639434 25.927191 1311439631104 414.5
47.639458 25.927074 1311439633105 414.5
47.639515 25.926957 1311439635105 415.0
47.639594 25.926774 1311439638100 414.5
47.639648 25.926641 1311439640096 414.5
47.639685 25.926518 1311439642099 415.0
47.639719 25.926408 1311439644102 415.5
47.639752 25.926311 1311439646101 416.0
47.639776 25.926229 1311439648099 416.0
47.639809 25.926142 1311439650103 416.0
47.639845 25.926025 1311439652101 416.5
47.639891 25.925911 1311439654096 416.0
47.639943 25.925791 1311439656101 416.0
47.639982 25.925665 1311439658093 416.5
47.640032 25.925553 1311439660100 416.5
47.640073 25.92544 1311439662102 416.5
47.640146 25.925343 1311439664100 416.5
47.640182 25.925217 1311439666095 416.5
47.640218 25.925087 1311439668094 417.0
47.640285 25.92497 1311439670097 417.0
47.640334 25.924844 1311439672094 417.0
47.640367 25.924713 1311439674094 417.5
47.640403 25.924574 1311439676093 417.5
47.640445 25.92447 1311439678088 417.5
47.640488 25.924383 1311439680085 418.5
47.64052 25.92429 1311439682089 419.0
47.64054 25.924142 1311439684087 419.0
47.640532 25.924012 1311439686090 419.5
47.640556 25.923907 1311439688092 419.5
47.640586 25.923793 1311439690090 419.5
47.640639 25.923685 1311439692089 419.5
47.640683 25.923538 1311439694090 419.5
47.640737 25.923403 1311439696084 419.5
47.640792 25.92328 1311439698089 419.5
47.64083 25.923162 1311439700082 420.0
47.640842 25.923083 1311439702086 420.0
47.640923 25.923058 1311439704092 420.0
47.64098 25.923056 1311439706089 420.5
47.641039 25.923071 1311439708091 420.5
47.641057 25.923082 1311439710085 420.5
47.641161 25.92316 1311439712087 421.0
47.641225 25.923188 1311439714084 421.0
47.641358 25.923229 1311439716087 420.5
47.641475 25.923305 1311439718087 420.5
47.641527 25.923348 1311439720082 420.5
47.641609 25.923363 1311439722092 420.0
47.641744 25.92338 1311439724083 419.5
47.641857 25.9234 1311439726083 419.0
47.641947 25.923425 1311439728082 419.0
47.642041 25.923371 1311439730083 419.5
47.642137 25.923319 1311439732081 419.0
47.642224 25.92328 1311439734079 419.0
47.642334 25.923186 1311439736079 420.5
47.642443 25.923117 1311439738073 420.5
47.642513 25.923047 1311439740081 421.5
47.642585 25.922981 1311439742077 422.0
47.64265 25.922921 1311439744069 422.5
47.642733 25.92286 1311439746068 426.5
47.642798 25.922789 1311439748079 426.5
47.642869 25.922737 1311439750073 426.5
47.642929 25.922675 1311439752075 426.5
47.642993 25.922617 1311439754066 426.5
47.643061 25.922559 1311439756072 427.0
47.64314 25.922507 1311439758074 427.5
47.643206 25.922446 1311439760072 426.5
47.643297 25.922406 1311439762068 425.5
47.643356 25.922354 1311439764071 424.5
47.643428 25.92231 1311439766070 424.0
47.643514 25.922271 1311439768069 424.0
47.643586 25.922219 1311439770067 425.0
47.643634 25.922159 1311439772070 425.5
47.643682 25.922129 1311439774070 427.0
47.64371 25.922114 1311439776069 428.0
47.643721 25.922104 1311439778068 429.0
47.643766 25.922124 1311439780067 429.0
47.643798 25.922147 1311439782074 430.0
47.643829 25.922164 1311439784069 430.0
47.6439 25.922274 1311439786059 432.5
47.64395 25.922348 1311439788060 433.0
47.644002 25.922413 1311439790066 434.0
47.644029 25.922419 1311439792066 434.5
47.644084 25.922488 1311439794064 435.0
47.644108 25.922515 1311439796063 435.0
47.644141 25.922568 1311439798058 435.5
47.644171 25.922607 1311439800065 436.0
47.644204 25.922628 1311439802058 436.5
47.644237 25.922669 1311439804058 436.5
47.644265 25.922684 1311439806064 437.0
47.644306 25.922713 1311439808056 437.5
47.644361 25.922739 1311439810056 439.0
47.644412 25.922754 1311439812058 440.5
47.644462 25.922764 1311439814058 442.5
47.644513 25.922802 1311439816061 442.5
47.644545 25.922829 1311439818057 442.5
47.644612 25.922896 1311439820057 443.0
47.644647 25.922935 1311439822054 443.0
47.644687 25.922953 1311439824054 443.0
47.644733 25.922996 1311439826057 443.5
47.644765 25.923028 1311439828060 443.5
47.644819 25.923063 1311439830054 444.0
47.644872 25.923098 1311439832055 443.5
47.644927 25.923133 1311439834056 444.0
47.644956 25.923175 1311439836055 444.0
47.644984 25.923162 1311439838057 444.0
47.64506 25.923191 1311439840054 445.0
47.64511 25.92319 1311439842065 445.0
47.645165 25.923247 1311439844053 445.5
47.645196 25.923265 1311439846052 446.0
47.645255 25.923304 1311439848050 446.0
47.645323 25.923351 1311439850042 446.0
47.645381 25.923404 1311439852048 446.5
47.645449 25.923455 1311439854049 447.0
47.645527 25.923499 1311439856048 447.0
47.645599 25.923527 1311439858040 448.0
47.645658 25.923534 1311439860046 448.0
47.645727 25.923548 1311439862044 448.0
47.645819 25.923561 1311439865043 448.5
47.645873 25.923584 1311439867051 448.5
47.645939 25.923599 1311439869038 448.5
47.646025 25.923624 1311439871044 448.5
47.646115 25.923622 1311439873046 448.5
47.646188 25.923639 1311439875039 448.0
47.646263 25.923659 1311439877040 448.0
47.646355 25.923656 1311439879042 448.0
47.646406 25.92368 1311439881045 448.0
47.646484 25.923677 1311439883042 448.0
47.646543 25.923682 1311439885036 447.5
47.6466 25.92369 1311439887044 447.5
47.646654 25.923692 1311439889043 447.5
47.64671 25.923693 1311439891040 447.5
47.646762 25.923696 1311439893041 447.5
47.646821 25.923693 1311439895044 447.5
47.646889 25.923698 1311439897040 447.0
47.646955 25.923698 1311439899040 447.0
47.647034 25.923707 1311439901040 446.5
47.647108 25.923706 1311439903039 446.5
47.647161 25.923694 1311439905039 446.5
47.647211 25.923688 1311439907044 446.5
47.647288 25.923669 1311439909037 446.5
47.647371 25.923699 1311439911041 446.5
47.647468 25.923708 1311439913040 446.0
47.647524 25.923697 1311439915037 446.0
47.647563 25.923686 1311439917033 446.0
47.647628 25.923663 1311439919035 446.0
47.647686 25.923657 1311439921034 448.0
47.647757 25.923648 1311439923036 443.5
47.647801 25.923629 1311439925032 446.5
47.647854 25.923606 1311439927026 443.5
47.647969 25.923636 1311439929033 440.5
47.648025 25.923644 1311439931033 442.5
47.648055 25.923627 1311439933031 444.0
47.648088 25.92361 1311439935031 445.0
47.648146 25.923595 1311439937022 446.0
47.648196 25.923567 1311439939023 447.0
47.648265 25.923578 1311439941035 448.5
47.648317 25.923578 1311439943027 448.5
47.648364 25.923583 1311439945027 449.0
47.648459 25.923611 1311439947031 450.0
47.648575 25.923637 1311439949024 452.0
47.648668 25.92365 1311439951022 453.5
47.648747 25.923648 1311439953024 457.5
47.64884 25.923659 1311439955024 460.5
47.648913 25.923661 1311439957024 463.0
47.64898 25.923656 1311439959017 460.5
47.649016 25.923645 1311439961025 458.5
47.64906 25.923641 1311439963020 458.0
47.649132 25.923641 1311439965022 457.0
47.649154 25.923651 1311439967022 457.0
47.649227 25.92363 1311439969020 457.5
47.649289 25.92362 1311439971021 457.0
47.649332 25.923623 1311439973020 457.5
47.649385 25.923622 1311439975023 458.5
47.649439 25.923614 1311439977023 459.0
47.649509 25.923599 1311439979020 460.0
47.649573 25.9236 1311439981026 461.5
47.649628 25.923597 1311439983017 463.0
47.64972 25.923612 1311439985010 466.0
47.649791 25.923604 1311439987017 468.5
47.649829 25.923597 1311439989018 469.0
47.649862 25.923593 1311439991009 470.0
47.649908 25.923588 1311439993019 471.5
47.649945 25.923587 1311439995017 471.5
47.649965 25.92358 1311439997016 471.5
47.650033 25.92359 1311439999015 471.5
47.650084 25.923582 1311440001020 471.5
47.650137 25.923582 1311440003020 471.0
47.650178 25.923581 1311440005011 471.0
47.650261 25.923628 1311440007010 471.0
47.650309 25.923608 1311440009018 470.5
47.650359 25.923605 1311440011014 470.5
47.650312 25.923513 1311440013015 471.0
47.650298 25.923467 1311440015014 470.0
47.650365 25.923484 1311440017018 470.5
47.65041 25.923501 1311440019011 471.0
47.650474 25.923543 1311440021012 472.0
47.650534 25.923573 1311440023014 473.0
47.650594 25.92358 1311440025017 473.5
47.650618 25.923585 1311440027009 474.5
47.650721 25.923632 1311440029013 475.0
47.650871 25.92368 1311440031014 475.0
47.650932 25.923722 1311440033013 477.5
47.650973 25.923744 1311440035013 478.5
47.651051 25.923784 1311440037014 480.5
47.651138 25.923854 1311440039013 481.0
47.651199 25.92388 1311440041007 480.0
47.65126 25.923888 1311440043008 480.5
47.651303 25.923916 1311440045010 479.5
47.651363 25.923951 1311440047009 477.5
47.651424 25.923982 1311440049009 477.5
47.651499 25.924048 1311440051007 478.5
47.651604 25.924128 1311440053009 481.5
47.651683 25.924219 1311440055009 478.5
47.651766 25.924259 1311440057007 479.0
47.651855 25.924308 1311440059007 479.5
47.651948 25.924354 1311440061004 479.5
47.652034 25.924409 1311440063000 480.0
47.65211 25.924454 1311440065001 480.5
47.652197 25.924521 1311440067003 480.0
47.652291 25.924602 1311440069001 479.0
47.652378 25.924681 1311440071002 478.0
47.65244 25.924741 1311440073003 478.0
47.652557 25.924808 1311440075001 478.0
47.652632 25.924866 1311440076996 477.5
47.652869 25.924988 1311440079997 477.0
47.652996 25.925072 1311440082002 477.0
47.653124 25.925165 1311440083996 477.5
47.653253 25.92526 1311440086003 477.0
47.653374 25.925344 1311440087990 477.0
47.653492 25.925418 1311440089998 477.0
47.653612 25.925497 1311440091997 477.0
47.653732 25.92556 1311440093991 476.5
47.653861 25.925641 1311440095995 475.5
47.653997 25.925707 1311440097993 475.5
47.654155 25.925764 1311440099993 473.5
47.654314 25.925772 1311440101990 473.0
47.654471 25.925785 1311440103991 469.5
47.654625 25.925719 1311440105986 469.5
47.654785 25.925624 1311440107986 468.5
47.654949 25.9255 1311440109983 469.0
47.655102 25.925357 1311440111981 469.0
47.655247 25.925223 1311440114013 469.5
47.655389 25.925042 1311440115983 470.5
47.655543 25.924895 1311440117991 471.0
47.655655 25.924742 1311440119987 471.0
47.655807 25.924596 1311440121991 472.0
47.655963 25.924453 1311440123990 472.5
47.65614 25.92432 1311440125985 472.5
47.656313 25.924233 1311440127988 472.0
47.656536 25.924247 1311440129984 471.5
47.656749 25.924356 1311440131988 471.5
47.656893 25.924596 1311440133987 470.0
47.657023 25.924875 1311440135986 470.0
47.657127 25.925182 1311440137983 469.0
47.657233 25.92548 1311440139982 468.5
47.657297 25.925792 1311440141992 466.0
47.657391 25.926066 1311440143985 465.5
47.657505 25.926352 1311440145981 465.5
47.657612 25.926619 1311440147982 465.0
47.657724 25.926908 1311440149986 465.0
47.657835 25.927191 1311440151984 464.5
47.657908 25.927377 1311440153980 464.0
47.657943 25.927477 1311440155980 464.0
47.658079 25.927458 1311440157979 463.0
47.658245 25.927373 1311440159986 462.5
47.658356 25.927294 1311440161981 462.5
47.65853 25.927238 1311440163976 463.0
47.658712 25.927147 1311440165979 460.5
47.658954 25.927061 1311440167976 460.0
47.659245 25.926978 1311440170974 457.5
47.659402 25.926894 1311440172974 455.0
47.659538 25.926806 1311440174971 452.0
47.659688 25.926714 1311440176980 444.5
47.659828 25.926659 1311440178974 441.0
47.659969 25.9266 1311440180970 438.0
47.660114 25.926558 1311440182974 437.0
47.660247 25.926512 1311440184968 437.0
47.660374 25.926459 1311440186968 437.0
47.660501 25.926408 1311440188974 438.5
47.660625 25.926359 1311440190967 438.5
47.660748 25.926323 1311440192976 439.0
47.660863 25.926297 1311440194965 438.5
47.660998 25.926256 1311440196977 439.0
47.661123 25.926227 1311440198972 439.0
47.661251 25.926225 1311440200970 438.5
47.661375 25.926235 1311440202962 438.0
47.661502 25.926231 1311440204961 438.0
47.661626 25.926266 1311440206960 437.5
47.661755 25.926245 1311440208968 437.5
47.661846 25.926266 1311440210960 437.5
47.661936 25.926272 1311440212968 438.0
47.662046 25.92629 1311440214967 438.0
47.662172 25.926285 1311440216969 439.5
47.662307 25.926307 1311440218970 439.0
47.662439 25.926317 1311440220968 440.0
47.662579 25.926341 1311440222967 441.0
47.662722 25.926347 1311440224968 442.5
47.662781 25.92635 1311440225965 442.5
47.662986 25.92634 1311440228963 441.5
47.663115 25.926366 1311440230960 441.0
47.663241 25.926382 1311440232960 440.0
47.663357 25.92641 1311440234962 440.0
47.663479 25.926393 1311440236953 439.0
47.6636 25.926406 1311440238957 438.5
47.663714 25.9264 1311440240964 438.5
47.663825 25.926394 1311440242958 438.5
47.663932 25.926382 1311440244958 438.0
47.664034 25.926407 1311440246962 437.5
47.664134 25.92643 1311440248956 436.5
47.664237 25.926444 1311440250956 436.5
47.664324 25.926471 1311440252958 435.0
47.664416 25.926494 1311440254955 434.0
47.664496 25.926496 1311440256952 434.0
47.664585 25.926493 1311440258951 433.5
47.664687 25.926502 1311440260949 433.0
47.6648 25.926521 1311440262948 433.0
47.664893 25.926528 1311440264950 433.0
47.664988 25.926535 1311440266951 433.0
47.665087 25.926548 1311440268951 433.0
47.665189 25.926418 1311440270956 433.0
47.665278 25.926439 1311440272957 432.5
47.665375 25.926475 1311440274947 433.0
47.665481 25.926483 1311440276945 433.0
47.665577 25.926513 1311440278947 433.0
47.665673 25.926532 1311440280955 433.0
47.66577 25.926548 1311440282943 432.5
47.665874 25.926575 1311440284951 433.0
47.665961 25.926569 1311440286954 432.5
47.666044 25.926569 1311440288950 432.5
47.666142 25.92659 1311440290947 432.5
47.666241 25.926598 1311440292953 432.0
47.666348 25.926637 1311440294947 432.0
47.666448 25.926663 1311440296948 432.0
47.666547 25.926682 1311440298942 431.5
47.666645 25.926685 1311440300944 431.0
47.666692 25.926688 1311440301950 431.0
47.66683 25.926693 1311440304967 430.0
47.666924 25.926683 1311440306937 429.5
47.667019 25.926688 1311440308945 428.5
47.66717 25.926692 1311440311939 428.5
47.667277 25.926678 1311440313940 429.5
47.667377 25.92669 1311440315943 428.5
47.667466 25.926699 1311440317944 429.0
47.667564 25.926702 1311440319948 429.5
47.667653 25.926678 1311440321957 432.5
47.667748 25.926645 1311440323944 436.0
47.667852 25.926622 1311440325946 437.5
47.667938 25.926614 1311440327940 439.5
47.667972 25.926614 1311440328943 439.5
47.668087 25.926656 1311440331940 440.5
47.668166 25.926671 1311440333942 440.5
47.668268 25.92668 1311440335936 440.5
47.668391 25.926694 1311440337945 440.5
47.668539 25.926659 1311440339944 443.5
47.668659 25.926655 1311440341943 444.5
47.668767 25.926653 1311440343942 445.0
47.668848 25.926638 1311440345943 446.0
47.668952 25.926643 1311440347946 446.0
47.669056 25.926633 1311440349944 447.0
47.669155 25.926681 1311440351938 447.0
47.669236 25.926722 1311440353943 447.5
47.6693 25.926743 1311440355939 447.5
47.669403 25.926786 1311440357936 446.5
47.669486 25.926808 1311440359934 446.0
47.669553 25.926808 1311440361935 446.0
47.66969 25.926855 1311440363933 444.5
47.669801 25.926863 1311440365926 444.0
47.669909 25.926854 1311440367932 443.0
47.670001 25.926834 1311440369932 442.5
47.670061 25.926814 1311440371931 440.5
47.670103 25.926826 1311440373933 439.5
47.670182 25.926846 1311440375925 439.5
47.670284 25.9269 1311440377929 438.5
47.670368 25.926954 1311440379937 438.0
47.670441 25.927014 1311440381946 439.0
47.670504 25.92712 1311440383932 439.0
47.670525 25.927162 1311440385924 439.0
47.670531 25.927277 1311440387928 440.0
47.670578 25.927357 1311440389932 441.5
47.670608 25.9274 1311440391926 442.0
47.670622 25.927427 1311440393929 442.5
47.670673 25.927526 1311440395929 447.0
47.670696 25.927564 1311440397927 447.5
47.670719 25.927618 1311440399919 447.5
47.670749 25.927673 1311440401925 448.5
47.670773 25.927755 1311440403929 451.5
47.670788 25.927821 1311440405928 452.0
47.670788 25.927905 1311440407925 454.0
47.670794 25.927974 1311440409925 454.0
47.670855 25.928071 1311440412917 455.5
47.670886 25.928142 1311440414915 455.5
47.670928 25.928155 1311440416924 455.5
47.670955 25.928206 1311440418926 455.5
47.670929 25.928329 1311440420921 456.0
47.670952 25.92842 1311440422914 457.0
47.670983 25.928494 1311440424919 457.5
47.671026 25.928571 1311440426923 457.5
47.671045 25.928621 1311440428913 457.5
47.671077 25.928696 1311440430912 457.0
47.671094 25.928764 1311440432921 457.0
47.671084 25.928844 1311440434920 459.0
47.671096 25.928928 1311440436919 460.0
47.671119 25.928988 1311440438919 459.5
47.671139 25.929052 1311440440910 460.0
47.671169 25.929101 1311440442910 460.0
47.671194 25.929164 1311440444919 460.0
47.671212 25.929215 1311440446917 459.0
47.671234 25.929283 1311440448914 459.5
47.671255 25.929351 1311440450915 460.0
47.671264 25.929414 1311440452915 459.0
47.671282 25.929474 1311440454916 458.5
47.671304 25.929551 1311440456905 458.5
47.671333 25.929627 1311440458908 459.5
47.671357 25.929686 1311440460913 460.0
47.671388 25.929762 1311440462914 463.0
47.671419 25.929812 1311440464904 465.0
47.671456 25.929874 1311440466913 464.5
47.67149 25.929944 1311440468900 464.5
47.671515 25.930014 1311440470910 463.0
47.671549 25.930074 1311440472914 462.0
47.671572 25.930126 1311440474904 462.5
47.671591 25.930177 1311440476902 463.0
47.67161 25.930237 1311440478911 463.5
47.671657 25.93029 1311440480901 464.0
47.671676 25.930342 1311440482912 464.0
47.671695 25.930388 1311440484905 462.5
47.671744 25.930444 1311440486908 463.5
47.671787 25.930485 1311440488900 464.0
47.671829 25.930517 1311440490899 465.5
47.671877 25.930562 1311440492898 467.0
47.671941 25.930549 1311440494896 470.0
47.672003 25.930569 1311440496896 470.5
47.672042 25.930519 1311440498908 471.0
47.672097 25.930529 1311440500905 471.5
47.672162 25.93054 1311440502897 472.5
47.672204 25.930534 1311440504903 475.5
47.672248 25.930549 1311440506896 476.0
47.672308 25.930561 1311440508896 476.0
47.672351 25.930556 1311440510902 475.5
47.672385 25.930559 1311440512901 474.5
47.672433 25.930555 1311440514897 474.0
47.672471 25.930542 1311440516902 473.5
47.672513 25.930539 1311440518902 472.0
47.67256 25.930526 1311440520892 472.0
47.672604 25.930511 1311440522900 473.0
47.67265 25.930483 1311440524894 474.0
47.6727 25.930443 1311440526899 474.5
47.672753 25.930429 1311440528896 474.5
47.672803 25.930431 1311440530894 474.5
47.672845 25.930418 1311440532890 475.0
47.672914 25.93038 1311440535895 476.0
47.672965 25.930358 1311440537900 476.0
47.672996 25.930339 1311440539894 476.5
47.67302 25.93033 1311440541889 477.0
47.673045 25.930324 1311440543893 477.0
47.673115 25.930325 1311440545893 478.5
47.673187 25.930309 1311440547884 478.0
47.673263 25.930285 1311440549890 477.0
47.673323 25.930277 1311440551895 476.0
47.673396 25.930262 1311440553891 475.5
47.67346 25.930242 1311440555892 474.0
47.67353 25.930223 1311440557888 473.0
47.673596 25.930207 1311440559890 472.0
47.673654 25.93021 1311440561895 469.5
47.673714 25.930195 1311440563889 468.5
47.673775 25.930186 1311440565888 467.5
47.673834 25.930157 1311440567888 468.0
47.673893 25.930133 1311440569887 468.5
47.673953 25.93011 1311440571887 469.5
47.674017 25.930075 1311440573885 472.0
47.674076 25.930036 1311440575890 474.0
47.674137 25.929997 1311440577888 476.0
47.674197 25.929972 1311440579889 476.5
47.674261 25.929946 1311440581886 478.0
47.674328 25.929918 1311440583885 479.0
47.674391 25.929881 1311440585878 480.5
47.674456 25.929853 1311440587887 481.0
47.674523 25.929841 1311440589882 482.0
47.67459 25.929821 1311440591880 482.0
47.674654 25.929803 1311440593872 481.5
47.674721 25.929793 1311440595884 482.0
47.674783 25.929794 1311440597883 481.0
47.674843 25.929774 1311440599874 481.0
47.674905 25.929746 1311440601873 481.5
47.674959 25.929729 1311440603877 481.5
47.675015 25.929724 1311440605883 481.5
47.675044 25.929716 1311440607878 481.5
47.675121 25.929693 1311440609885 481.0
47.675196 25.929678 1311440611877 480.5
47.675281 25.929644 1311440613881 480.5
47.675374 25.929655 1311440615878 480.0
47.675484 25.929678 1311440617881 480.0
47.675575 25.929694 1311440619890 480.0
47.675652 25.929664 1311440621884 479.0
47.67575 25.92962 1311440623878 479.0
47.675857 25.929543 1311440625872 479.0
47.675977 25.92951 1311440627878 478.5
47.67608 25.92946 1311440629874 478.5
47.676224 25.929413 1311440631877 478.5
47.676325 25.929358 1311440633866 480.0
47.676447 25.929302 1311440635872 480.0
47.67661 25.929238 1311440637864 479.5
47.676766 25.929185 1311440639876 479.0
47.676923 25.929132 1311440641872 478.5
47.67707 25.929105 1311440643871 478.0
47.6772 25.929069 1311440645871 475.5
47.67733 25.929029 1311440647868 475.5
47.677456 25.928988 1311440649872 475.0
47.677581 25.928932 1311440651867 476.0
47.677703 25.9289 1311440653868 474.5
47.677823 25.928875 1311440655859 472.5
47.677942 25.928855 1311440657861 471.5
47.678086 25.928825 1311440659865 471.5
47.67819 25.92879 1311440661863 471.0
47.67831 25.928757 1311440663866 471.0
47.678432 25.928743 1311440665868 471.0
47.678553 25.928711 1311440667864 471.0
47.678667 25.92867 1311440669855 470.5
47.678788 25.928598 1311440671864 471.0
47.678916 25.928549 1311440673861 471.0
47.679042 25.928498 1311440675857 471.0
47.679151 25.928452 1311440677858 471.5
47.679285 25.928402 1311440679854 472.0
47.679425 25.928353 1311440681869 472.0
47.679576 25.928313 1311440683856 471.0
47.679733 25.928274 1311440685849 469.5
47.679902 25.928258 1311440687856 469.0
47.680112 25.92826 1311440689860 469.0
47.680306 25.928315 1311440691857 470.0
47.680453 25.928379 1311440693858 470.0
47.680586 25.928506 1311440695864 470.0
47.68066 25.928718 1311440697860 470.0
47.680679 25.928973 1311440699859 470.0
47.680637 25.92922 1311440701854 470.0
47.680572 25.929469 1311440704858 470.0
47.680599 25.929642 1311440706849 470.5
47.680598 25.929805 1311440708854 470.0
47.680592 25.929877 1311440710856 470.0
47.680615 25.930265 1311440712849 467.5
47.68063 25.93064 1311440714853 466.5
47.680678 25.930911 1311440716856 465.5
47.680781 25.931185 1311440718849 465.5
47.680876 25.931354 1311440720851 465.5
47.681016 25.931467 1311440722847 465.0
47.681184 25.93158 1311440724854 464.5
47.681312 25.931772 1311440726844 464.0
47.68138 25.931929 1311440728851 463.5
47.681449 25.932106 1311440730849 460.5
47.681491 25.932291 1311440732841 458.0
47.681445 25.932692 1311440734847 446.0
47.681505 25.932935 1311440736846 444.0
47.681576 25.933065 1311440738844 444.5
47.681718 25.933174 1311440740844 445.0
47.681965 25.933263 1311440742846 442.0
47.682198 25.933378 1311440744845 443.5
47.682423 25.933488 1311440746847 445.0
47.682589 25.933697 1311440748846 444.0
47.682775 25.933908 1311440750841 442.0
47.682899 25.934072 1311440752841 441.5
47.682994 25.934206 1311440754843 441.0
47.683055 25.93434 1311440756840 441.0
47.683124 25.934486 1311440758840 442.0
47.683174 25.934601 1311440760831 441.5
47.683205 25.934707 1311440762841 442.0
47.683237 25.934815 1311440764832 441.0
47.683262 25.934889 1311440766841 441.5
47.683279 25.934969 1311440768834 441.5
47.683291 25.935031 1311440770843 441.5
47.683302 25.935116 1311440772835 441.5
47.683332 25.935217 1311440774835 441.5
47.683361 25.9353 1311440776832 441.0
47.683387 25.935445 1311440778838 441.5
47.683385 25.935556 1311440780828 442.5
47.683402 25.935679 1311440782830 441.0
47.683417 25.93575 1311440784828 440.5
47.683449 25.935873 1311440786835 440.5
47.683524 25.936001 1311440788832 442.5
47.683547 25.936076 1311440790828 442.5
47.683555 25.936201 1311440792833 442.5
47.683549 25.936318 1311440794832 443.5
47.683574 25.936435 1311440796835 444.5
47.683579 25.936573 1311440798833 444.0
47.683579 25.936722 1311440800832 443.0
47.683549 25.936836 1311440802833 443.0
47.683566 25.93697 1311440804830 442.0
47.68359 25.937115 1311440806830 441.0
47.683585 25.937255 1311440808823 441.0
47.683581 25.937372 1311440810823 439.5
47.683604 25.937469 1311440812823 439.5
47.683612 25.937594 1311440814815 435.5
47.683626 25.937722 1311440816820 436.0
47.68364 25.937862 1311440818814 436.5
47.683654 25.938023 1311440820812 437.5
47.683665 25.938141 1311440822816 438.5
47.683681 25.938243 1311440824812 439.5
47.683691 25.938352 1311440826823 439.5
47.683689 25.938469 1311440828817 439.0
47.683705 25.938586 1311440830818 438.0
47.683716 25.938716 1311440832808 436.0
47.683721 25.938845 1311440834809 435.5
47.683719 25.938972 1311440836819 433.5
47.68371 25.9391 1311440838806 434.0
47.683688 25.939219 1311440840812 433.5
47.683675 25.939342 1311440842807 434.0
47.683655 25.939528 1311440845805 435.5
47.683651 25.939591 1311440846806 435.5
47.683619 25.939785 1311440849814 436.5
47.683591 25.939915 1311440851811 436.0
47.683562 25.94004 1311440853806 436.0
47.683519 25.940111 1311440855808 436.0
47.683521 25.940233 1311440857808 437.0
47.683513 25.940355 1311440859811 435.5
47.683474 25.940435 1311440861818 435.5
47.683435 25.940534 1311440863807 436.5
47.683403 25.940629 1311440865806 437.5
47.683407 25.94071 1311440867805 439.5
47.683472 25.940847 1311440869805 444.0
47.683445 25.940976 1311440871804 445.0
47.683411 25.941128 1311440873804 444.0
47.683387 25.94125 1311440875800 444.0
47.683376 25.941359 1311440877807 444.0
47.683373 25.941474 1311440879802 446.0
47.683343 25.941598 1311440881800 445.5
47.683345 25.94171 1311440883799 445.0
47.683289 25.941847 1311440885803 445.5
47.683278 25.941945 1311440887793 447.5
47.683217 25.942089 1311440889797 445.5
47.683156 25.942252 1311440891799 445.5
47.68309 25.942435 1311440893801 446.5
47.683094 25.942455 1311440895801 447.5
47.683055 25.942511 1311440897792 447.5
47.683018 25.942601 1311440899800 447.5
47.682982 25.942702 1311440901793 448.0
47.682926 25.942848 1311440903796 447.5
47.682854 25.942977 1311440905790 447.5
47.682774 25.943114 1311440907789 447.0
47.682681 25.943308 1311440909790 446.5
47.68261 25.943476 1311440911793 447.0
47.682545 25.943643 1311440913785 446.5
47.682475 25.943849 1311440915796 447.0
47.682399 25.94404 1311440917789 445.5
47.682327 25.944201 1311440919787 445.0
47.682235 25.944441 1311440921798 444.5
47.68207 25.94474 1311440923776 444.0
47.681947 25.94497 1311440925781 443.0
47.68185 25.945168 1311440927789 442.5
47.681766 25.945353 1311440929786 442.0
47.681669 25.945555 1311440931782 441.5
47.681569 25.945765 1311440933785 441.0
47.681466 25.945964 1311440935786 440.5
47.681347 25.946215 1311440937778 440.0
47.681249 25.946395 1311440939771 440.0
47.681152 25.946559 1311440941777 440.0
47.681053 25.946742 1311440943784 439.5
47.680932 25.946954 1311440945780 438.5
47.680796 25.947247 1311440947780 439.0
47.680638 25.947532 1311440949782 438.0
47.680494 25.947802 1311440951773 438.0
47.680346 25.948077 1311440953772 437.0
47.680214 25.94834 1311440955781 436.0
47.680062 25.948561 1311440957774 436.0
47.67993 25.948774 1311440959784 435.5
47.679854 25.94893 1311440961772 436.0
47.679714 25.949355 1311440963773 434.0
47.679652 25.9497 1311440965774 434.0
47.679607 25.949998 1311440967779 433.5
47.679554 25.950325 1311440969769 433.0
47.679496 25.950627 1311440971767 431.5
47.679437 25.950897 1311440973766 430.5
47.679395 25.951139 1311440975763 429.5
47.67936 25.951372 1311440977764 429.0
47.679314 25.951591 1311440979772 428.0
47.679284 25.951803 1311440981779 427.0
47.679256 25.951994 1311440983767 426.5
47.679272 25.95217 1311440985767 427.5
47.679273 25.952323 1311440987764 427.0
47.679288 25.952456 1311440989767 426.0
47.679301 25.952601 1311440991759 426.5
47.679303 25.952795 1311440993767 426.0
47.679301 25.952921 1311440995766 425.5
47.679314 25.953073 1311440997761 426.0
47.679318 25.953213 1311440999764 425.5
47.679339 25.953345 1311441001764 426.0
47.679348 25.953481 1311441003760 425.5
47.679356 25.953653 1311441005764 427.0
47.679347 25.953835 1311441007762 427.0
47.679325 25.954013 1311441009763 427.0
47.679308 25.95418 1311441011763 426.5
47.679286 25.954346 1311441013757 425.5
47.679274 25.954492 1311441015751 425.5
47.679265 25.954626 1311441017757 425.5
47.679279 25.954771 1311441019755 426.0
47.679245 25.954994 1311441021756 426.0
47.679224 25.955181 1311441023755 427.5
47.679211 25.955314 1311441025758 427.5
47.679157 25.955552 1311441027755 428.0
47.679109 25.955778 1311441029757 427.5
47.679034 25.95602 1311441031750 427.5
47.678986 25.956221 1311441033756 427.5
47.678974 25.956434 1311441035753 428.0
47.678955 25.956614 1311441037751 428.0
47.678939 25.95675 1311441039755 428.0
47.678909 25.956882 1311441041757 428.0
47.678893 25.957028 1311441043752 429.0
47.678978 25.957416 1311441045744 431.0
47.678981 25.957793 1311441047748 429.5
47.679 25.958117 1311441049744 428.0
47.679015 25.958437 1311441051749 426.0
47.679061 25.958695 1311441053735 425.0
47.679095 25.958911 1311441055742 423.0
47.679132 25.959113 1311441057737 421.5
47.679162 25.959297 1311441059741 419.5
47.679201 25.959446 1311441061733 417.0
47.679249 25.959613 1311441063744 413.0
47.679261 25.959797 1311441065744 409.5
47.679256 25.959971 1311441067740 407.5
47.679249 25.960143 1311441069743 407.0
47.679287 25.960292 1311441071737 407.5
47.679346 25.960412 1311441073742 409.0
47.679375 25.960581 1311441075736 405.5
47.679417 25.960687 1311441077738 406.0
47.6795 25.960794 1311441079733 406.5
47.679592 25.960873 1311441081738 405.5
47.679669 25.960991 1311441083735 403.0
47.679741 25.961113 1311441085737 402.0
47.679823 25.961203 1311441087737 405.0
47.679903 25.961294 1311441089731 406.0
47.679975 25.961339 1311441091732 407.5
47.680014 25.961386 1311441093726 410.0
47.680065 25.961469 1311441095732 411.5
47.680109 25.961526 1311441097725 412.0
47.680166 25.961587 1311441099723 412.0
47.680233 25.961665 1311441101737 412.5
47.680304 25.961775 1311441103729 412.5
47.680358 25.96187 1311441105725 414.0
47.680407 25.961944 1311441107728 415.0
47.68045 25.962052 1311441109723 417.0
47.68047 25.962158 1311441111726 416.0
47.68048 25.962288 1311441113718 416.5
47.680481 25.962413 1311441115728 416.5
47.680481 25.962546 1311441117725 415.5
47.680456 25.962669 1311441119726 416.0
47.680425 25.962797 1311441121727 416.0
47.680396 25.962904 1311441123726 415.5
47.680361 25.963018 1311441125719 415.5
47.680342 25.963151 1311441127717 417.5
47.680326 25.963308 1311441129722 418.5
47.6803 25.963444 1311441131718 419.0
47.680281 25.963556 1311441133722 419.5
47.680285 25.963637 1311441135706 420.5
47.680272 25.96376 1311441137710 420.5
47.680272 25.963872 1311441139710 420.5
47.680318 25.963939 1311441141716 420.0
47.680285 25.964103 1311441143715 420.0
47.680249 25.964272 1311441145708 420.5
47.68022 25.964397 1311441147713 421.0
47.680204 25.964504 1311441149717 421.0
47.680195 25.964625 1311441151704 421.5
47.680176 25.964753 1311441153654 421.0
47.680167 25.96489 1311441155650 421.0
47.68016 25.965023 1311441157652 422.0
47.680149 25.965147 1311441159648 422.5
47.680129 25.965294 1311441161662 422.5
47.680114 25.965406 1311441163654 422.5
47.680101 25.965519 1311441165650 422.5
47.680089 25.965667 1311441167648 423.5
47.680057 25.965835 1311441169647 423.0
47.680045 25.965965 1311441171651 423.0
47.680007 25.966091 1311441173641 422.5
47.679987 25.966199 1311441175651 422.5
47.679941 25.966328 1311441177651 422.5
47.679886 25.966456 1311441179648 422.0
47.679826 25.966574 1311441181646 422.0
47.679789 25.966695 1311441183649 424.0
47.679731 25.966806 1311441185650 424.5
47.679695 25.966935 1311441188642 427.5
47.679656 25.96703 1311441190648 428.0
47.6796 25.967201 1311441192645 429.5
47.679523 25.967415 1311441194645 430.5
47.679446 25.96764 1311441196646 432.0
47.679359 25.967833 1311441198640 433.5
47.679298 25.967982 1311441200638 434.0
47.679217 25.968158 1311441202633 434.5
47.679144 25.9683 1311441204635 435.5
47.679103 25.968379 1311441205641 436.0
47.678992 25.968607 1311441208634 435.5
47.678918 25.968771 1311441210635 435.0
47.678885 25.968794 1311441212632 433.5
47.678789 25.968948 1311441214634 432.0
47.67874 25.969064 1311441216632 431.5
47.678676 25.969206 1311441218629 431.5
47.678642 25.969294 1311441220632 431.5
47.67859 25.969432 1311441222631 431.5
47.67855 25.969551 1311441224632 431.5
47.678504 25.969619 1311441226631 430.5
47.678474 25.969719 1311441228630 431.0
47.678435 25.969791 1311441230627 431.5
47.678398 25.969882 1311441232624 431.5
47.678364 25.969961 1311441234627 430.5
47.678333 25.970045 1311441236620 431.0
47.678281 25.970213 1311441238626 430.0
47.678251 25.970301 1311441240627 429.5
47.678223 25.970389 1311441242624 429.5
47.678168 25.970485 1311441244623 428.5
47.678108 25.970591 1311441246621 426.5
47.678067 25.9707 1311441248618 427.0
47.67801 25.970799 1311441250622 426.0
47.677955 25.970895 1311441252618 426.0
47.677891 25.971014 1311441254623 425.0
47.677824 25.971143 1311441256617 423.5
47.677763 25.971284 1311441258624 423.5
47.677719 25.971388 1311441260618 423.0
47.677652 25.971526 1311441262621 422.5
47.677592 25.971638 1311441264616 422.5
47.677536 25.971755 1311441266617 422.5
47.677476 25.97186 1311441268615 422.5
47.677417 25.971978 1311441270620 423.0
47.677368 25.972084 1311441272619 425.5
47.677325 25.972175 1311441274614 426.0
47.677272 25.972281 1311441276610 426.5
47.677219 25.972385 1311441278608 427.0
47.677149 25.972492 1311441280601 427.5
47.677101 25.9726 1311441282608 429.5
47.677018 25.972708 1311441284618 430.0
47.676964 25.97279 1311441286610 430.5
47.676935 25.97285 1311441287608 430.5
47.676836 25.973026 1311441290610 430.5
47.67677 25.973164 1311441292608 430.5
47.676712 25.973305 1311441294607 431.0
47.676628 25.973454 1311441296610 431.5
47.676539 25.973583 1311441298603 432.0
47.676439 25.973755 1311441300602 432.0
47.676323 25.973968 1311441302607 432.0
47.676209 25.974163 1311441304605 432.0
47.676095 25.974337 1311441306604 432.0
47.675986 25.974548 1311441308604 432.0
47.675873 25.974739 1311441310601 432.5
47.675778 25.974916 1311441312599 432.0
47.675682 25.975094 1311441314600 430.0
47.675574 25.97529 1311441316597 430.0
47.675481 25.975495 1311441318595 429.5
47.675396 25.975699 1311441320602 429.5
47.675311 25.975932 1311441322595 428.0
47.675228 25.976174 1311441324587 427.5
47.675137 25.976414 1311441326603 426.0
47.675046 25.976668 1311441328598 425.0
47.674923 25.976919 1311441330601 424.5
47.674809 25.977189 1311441332584 423.5
47.6747 25.977477 1311441334590 422.0
47.674586 25.977752 1311441336586 421.0
47.674462 25.978039 1311441338582 420.0
47.674339 25.97829 1311441340581 418.5
47.674236 25.978513 1311441342585 417.5
47.674115 25.978772 1311441344579 416.0
47.674018 25.979007 1311441346579 415.5
47.673908 25.979187 1311441348590 414.5
47.673816 25.979348 1311441350578 414.0
47.673715 25.979478 1311441352575 413.5
47.673627 25.979572 1311441354580 413.5
47.673526 25.979654 1311441356579 412.5
47.673459 25.979709 1311441358583 412.0
47.673421 25.979742 1311441360582 412.5
47.673335 25.97983 1311441362583 410.5
47.673228 25.979942 1311441364582 410.0
47.673131 25.980038 1311441366582 409.5
47.673012 25.980139 1311441368586 409.5
47.672895 25.980297 1311441370583 409.0
47.672758 25.980428 1311441372586 410.0
47.672689 25.980506 1311441374578 410.5
47.672598 25.980666 1311441376584 410.5
47.672539 25.980822 1311441378587 410.5
47.672487 25.980926 1311441380583 411.0
47.672449 25.980988 1311441382595 411.0
47.672432 25.981031 1311441384582 411.0
47.672344 25.981185 1311441386579 411.0
47.672249 25.981303 1311441388574 409.5
47.672131 25.981485 1311441390577 409.0
47.672053 25.981584 1311441392576 409.0
47.671967 25.981715 1311441394572 408.5
47.671887 25.981747 1311441396571 405.0
47.671789 25.98186 1311441398574 404.5
47.671687 25.982062 1311441400572 405.0
47.671542 25.982286 1311441402570 406.5
47.67145 25.982419 1311441404576 408.5
47.671277 25.982645 1311441406571 408.5
47.671127 25.982873 1311441408580 412.5
47.671018 25.983043 1311441410575 414.5
47.67093 25.983176 1311441412568 415.5
47.670794 25.983369 1311441414572 415.0
47.670671 25.98356 1311441416566 415.5
47.670568 25.983708 1311441418566 415.5
47.670497 25.983818 1311441420570 416.0
47.670388 25.983959 1311441422573 415.0
47.67029 25.984105 1311441424567 415.0
47.67019 25.984254 1311441426566 412.5
47.670098 25.984426 1311441428564 412.0
47.669996 25.984601 1311441430560 410.5
47.669885 25.98476 1311441432557 407.0
47.669837 25.984821 1311441433553 404.5
47.669709 25.985066 1311441436561 399.5
47.669633 25.985239 1311441438557 397.0
47.669576 25.985385 1311441440556 396.5
47.669513 25.985529 1311441442557 394.5
47.669454 25.985683 1311441444548 394.0
47.669399 25.985843 1311441446558 393.0
47.66936 25.985974 1311441448560 393.0
47.669316 25.986121 1311441450554 393.0
47.669228 25.986224 1311441452560 393.0
47.669181 25.986368 1311441454556 393.5
47.669143 25.986472 1311441456551 393.0
47.669121 25.98661 1311441458558 393.5
47.669102 25.986714 1311441460550 394.0
47.669065 25.986879 1311441462554 393.5
47.669006 25.987005 1311441464550 394.0
47.669007 25.987127 1311441466554 394.0
47.669002 25.987244 1311441468552 394.0
47.66897 25.987355 1311441470552 394.5
47.668947 25.987466 1311441472551 395.0
47.668904 25.987553 1311441474548 395.0
47.66886 25.987662 1311441476551 395.0
47.668793 25.987782 1311441478546 395.5
47.668744 25.987859 1311441480546 395.5
47.668702 25.987982 1311441482546 396.0
47.668681 25.988067 1311441484547 396.5
47.668659 25.988205 1311441486545 397.5
47.668517 25.988615 1311441492539 398.5
47.668476 25.988759 1311441494544 398.5
47.668435 25.988893 1311441496541 398.0
47.668402 25.989077 1311441498543 398.0
47.668362 25.989267 1311441501539 398.5
47.668322 25.989431 1311441503540 398.0
47.668281 25.98959 1311441505536 399.0
47.668227 25.989749 1311441507539 399.0
47.668183 25.9899 1311441509526 400.5
47.668144 25.990063 1311441511536 400.5
47.668093 25.990203 1311441513528 400.5
47.668065 25.990352 1311441515531 400.5
47.668032 25.990529 1311441517532 401.0
47.668012 25.990682 1311441519531 401.5
47.667971 25.990901 1311441521542 401.0
47.667922 25.991052 1311441523531 400.5
47.667895 25.99127 1311441525533 399.5
47.667873 25.991492 1311441527533 399.0
47.667855 25.991702 1311441529529 399.0
47.667825 25.991879 1311441531528 398.5
47.667816 25.99206 1311441533533 398.0
47.667817 25.992244 1311441535521 398.5
47.667821 25.99243 1311441537523 400.0
47.667821 25.9926 1311441539524 400.0
47.667818 25.992681 1311441540536 400.0
47.667803 25.992944 1311441543519 400.0
47.667791 25.993137 1311441545528 400.0
47.667788 25.993251 1311441547518 400.0
47.667775 25.993354 1311441549529 400.5
47.667832 25.99337 1311441551527 400.5
47.667827 25.993504 1311441553528 399.5
47.667811 25.993623 1311441555522 399.0
47.667819 25.993753 1311441557523 399.0
47.667816 25.993887 1311441559525 402.0
47.667819 25.994029 1311441561529 403.5
47.667831 25.994138 1311441563525 404.0
47.667858 25.994276 1311441565522 403.5
47.667875 25.994387 1311441567521 404.0
47.667845 25.994503 1311441570522 405.0
47.667832 25.994655 1311441572525 405.5
47.667817 25.994787 1311441574525 404.5
47.667804 25.994929 1311441576525 405.5
47.667787 25.995067 1311441578524 404.5
47.667773 25.995186 1311441580521 404.5
47.667745 25.995301 1311441582519 405.5
47.667715 25.995387 1311441584525 405.0
47.667685 25.995475 1311441586518 405.0
47.667632 25.995577 1311441588518 405.5
47.667599 25.995661 1311441590519 406.5
47.667558 25.995748 1311441592520 406.5
47.667523 25.995833 1311441594518 407.0
47.667509 25.995923 1311441596520 408.0
47.667502 25.995955 1311441597205 408.0
47.667486 25.996032 1311441604105 408.5
47.667487 25.996068 1311441607078 409.5
47.667502 25.996132 1311441609081 410.0
47.667471 25.996249 1311441611081 412.5
47.667411 25.996367 1311441613075 414.5
47.667363 25.996498 1311441615080 415.0
47.667355 25.996598 1311441617072 416.0
47.667323 25.9967 1311441619077 416.5
47.667268 25.996865 1311441621073 416.5
47.66721 25.996991 1311441623075 416.0
47.667177 25.997061 1311441625077 416.0
47.667138 25.99714 1311441627075 416.0
47.667099 25.997239 1311441629071 416.5
47.66706 25.997352 1311441631075 416.5
47.667028 25.997497 1311441633074 416.5
47.666987 25.997648 1311441635079 416.5
47.666955 25.997793 1311441637070 416.5
47.66693 25.997953 1311441639072 416.5
47.666904 25.998141 1311441641080 416.0
47.666842 25.998342 1311441643078 415.0
47.666786 25.998548 1311441645069 414.5
47.666744 25.998798 1311441647070 413.5
47.666707 25.999035 1311441649067 413.5
47.666669 25.999272 1311441651071 413.5
47.666631 25.999534 1311441653074 413.5
47.666598 25.9998 1311441655071 413.0
47.666562 26.000076 1311441657073 412.5
47.666534 26.000339 1311441659068 412.5
47.666504 26.0006 1311441661065 412.5
47.666472 26.000862 1311441663069 411.0
47.666442 26.001127 1311441665068 410.0
47.666429 26.001382 1311441667060 410.0
47.666418 26.001626 1311441669065 410.0
47.666398 26.001863 1311441671066 408.5
47.666397 26.002097 1311441673066 408.5
47.666393 26.002333 1311441675061 407.5
47.666386 26.002587 1311441677070 407.5
47.666392 26.002804 1311441679066 408.5
47.666393 26.003059 1311441681061 408.5
47.666408 26.003275 1311441683069 410.0
47.666369 26.003552 1311441685068 410.0
47.666309 26.0038 1311441687066 410.0
47.666238 26.004077 1311441689065 410.0
47.666153 26.004352 1311441691063 409.5
47.666066 26.004579 1311441693062 409.0
47.665951 26.004861 1311441695062 409.0
47.665827 26.005031 1311441697061 408.0
47.665711 26.005255 1311441699061 408.0
47.665621 26.005414 1311441701064 408.5
47.665544 26.005558 1311441703058 408.5
47.665493 26.005672 1311441705057 408.5
47.665363 26.005764 1311441707057 401.5
47.665317 26.005941 1311441709054 400.0
47.665315 26.006176 1311441711056 399.0
47.665303 26.006386 1311441713057 398.0
47.665317 26.006594 1311441715057 396.5
47.665354 26.006771 1311441717050 396.0
47.665383 26.006958 1311441719059 394.5
47.665438 26.00718 1311441721057 392.0
47.665501 26.007363 1311441723060 392.5
47.665554 26.007546 1311441725055 391.5
47.665609 26.007725 1311441727056 392.5
47.665645 26.007904 1311441729048 389.5
47.665687 26.008088 1311441731059 388.5
47.665745 26.008269 1311441733057 385.5
47.665804 26.008451 1311441735051 384.5
47.665853 26.008632 1311441737054 382.5
47.665893 26.008809 1311441739051 383.0
47.665945 26.00899 1311441741049 377.0
47.666014 26.009174 1311441743049 371.5
47.666068 26.009362 1311441745047 370.0
47.666126 26.009546 1311441747047 372.5
47.666167 26.009727 1311441749054 374.5
47.66615 26.009938 1311441751048 374.0
47.666145 26.010136 1311441753048 373.0
47.666157 26.010324 1311441755048 373.0
47.666153 26.010498 1311441757046 374.0
47.666154 26.010684 1311441759041 374.0
47.666156 26.010868 1311441761044 374.0
47.666154 26.011036 1311441763046 374.0
47.666174 26.011206 1311441765045 373.0
47.666183 26.011381 1311441767044 373.0
47.666179 26.011564 1311441769048 373.5
47.666182 26.011748 1311441771041 375.0
47.666208 26.01193 1311441773038 375.0
47.666286 26.012201 1311441776043 375.0
47.666364 26.012378 1311441778037 375.0
47.666448 26.012546 1311441780046 374.5
47.666532 26.012719 1311441782040 374.5
47.666631 26.012897 1311441784038 374.5
47.666717 26.013047 1311441786039 374.5
47.666785 26.01319 1311441788037 374.5
47.666866 26.013318 1311441790051 375.0
47.66694 26.013437 1311441792035 376.0
47.667023 26.0136 1311441794030 376.0
47.667126 26.013773 1311441796036 375.5
47.667194 26.013903 1311441798038 375.5
47.667239 26.013989 1311441800039 376.5
47.66734 26.014152 1311441802037 377.0
47.667468 26.014274 1311441804031 378.5
47.66758 26.014406 1311441806029 378.5
47.66769 26.014442 1311441808035 379.5
47.6678 26.014416 1311441810032 379.0
47.667933 26.01438 1311441812035 379.5
47.668066 26.014347 1311441814033 379.5
47.66819 26.014305 1311441816031 379.0
47.668313 26.014286 1311441818033 379.0
47.668437 26.014259 1311441820025 379.5
47.668554 26.014214 1311441822032 379.5
47.668667 26.014247 1311441824041 379.5
47.668764 26.014292 1311441826032 379.5
47.668856 26.014383 1311441828031 379.5
47.668933 26.014515 1311441830034 379.0
47.668999 26.014698 1311441832033 380.0
47.66904 26.014872 1311441834029 380.0
47.669103 26.01501 1311441836026 379.5
47.669197 26.015161 1311441838023 379.0
47.669283 26.015288 1311441840025 379.0
47.669366 26.0154 1311441842031 379.0
47.669478 26.015459 1311441844034 378.0
47.669546 26.015523 1311441846026 378.0
47.669639 26.015598 1311441848024 376.5
47.66973 26.015714 1311441850027 375.0
47.669841 26.015827 1311441852029 370.0
47.669942 26.015909 1311441854026 368.0
47.670058 26.015993 1311441856030 366.5
47.670154 26.016071 1311441858025 366.0
47.670267 26.016147 1311441860025 364.0
47.670382 26.0162 1311441862023 364.5
47.670488 26.016253 1311441864022 365.0
47.670601 26.016299 1311441866025 366.0
47.670719 26.016324 1311441868015 365.0
47.670826 26.016394 1311441870021 365.0
47.670943 26.016457 1311441872015 365.5
47.671052 26.016539 1311441874017 365.5
47.671157 26.016612 1311441876027 365.5
47.671294 26.016668 1311441878020 366.0
47.671426 26.016738 1311441880018 366.5
47.671561 26.016852 1311441882019 367.0
47.671693 26.016928 1311441884025 367.5
47.67181 26.016993 1311441886016 368.0
47.671925 26.017057 1311441888019 368.5
47.672046 26.017119 1311441890008 368.5
47.672165 26.017177 1311441892007 368.5
47.672285 26.017228 1311441894012 369.0
47.672404 26.017261 1311441896014 369.0
47.672526 26.017288 1311441898027 369.0
47.672651 26.017331 1311441900013 369.0
47.672771 26.017366 1311441902020 370.0
47.672888 26.017419 1311441904015 370.0
47.673001 26.0175 1311441906014 369.5
47.673124 26.017559 1311441908010 369.5
47.673245 26.017631 1311441910014 369.5
47.673374 26.01769 1311441912013 369.5
47.673497 26.017765 1311441914013 369.5
47.673638 26.017823 1311441916011 369.5
47.673771 26.017917 1311441918008 369.5
47.673907 26.018031 1311441920011 369.5
47.674041 26.018146 1311441922011 368.5
47.674164 26.01827 1311441924010 368.5
47.674275 26.018407 1311441926006 367.5
47.674386 26.018526 1311441928009 367.5
47.674491 26.018634 1311441930006 367.5
47.67459 26.018765 1311441932005 367.5
47.674686 26.018898 1311441934001 366.0
47.674779 26.019016 1311441936009 366.0
47.674868 26.01916 1311441938004 365.5
47.674998 26.019353 1311441941002 366.0
47.675045 26.019418 1311441942004 366.5
47.675137 26.019515 1311441944013 367.0
47.675264 26.019633 1311441946998 367.0
47.67535 26.019684 1311441949004 367.0
47.675436 26.019714 1311441951007 367.5
47.675527 26.019712 1311441953007 367.5
47.675612 26.019723 1311441955003 368.0
47.6757 26.019715 1311441957002 369.0
47.675792 26.019709 1311441958996 370.0
47.675876 26.019709 1311441961002 370.0
47.675953 26.019709 1311441963006 370.5
47.676024 26.019703 1311441965005 371.0
47.676108 26.019689 1311441967003 371.0
47.676197 26.019673 1311441969003 371.0
47.676282 26.01966 1311441971001 371.5
47.676378 26.019645 1311441972999 371.5
47.676478 26.019626 1311441974998 372.0
47.676583 26.019615 1311441977004 372.0
47.676695 26.019595 1311441978997 372.5
47.676811 26.019573 1311441981000 372.5
47.676926 26.019566 1311441982999 372.5
47.67704 26.019567 1311441984995 372.5
47.677157 26.019579 1311441986992 372.5
47.677274 26.019593 1311441988991 371.5
47.677391 26.019606 1311441990995 372.0
47.677507 26.019622 1311441992983 372.0
47.677621 26.019641 1311441994982 372.0
47.677737 26.019661 1311441996999 372.5
47.677854 26.019704 1311441998992 373.0
47.677969 26.019755 1311442000987 375.5
47.678083 26.019826 1311442002992 376.0
47.678195 26.019894 1311442004988 377.0
47.678311 26.019958 1311442006986 377.5
47.678429 26.020042 1311442008998 378.0
47.678559 26.0201 1311442010991 378.5
47.678682 26.02018 1311442012984 379.5
47.678802 26.020275 1311442014984 381.0
47.678918 26.020353 1311442016992 383.0
47.679024 26.020457 1311442018989 383.5
47.67912 26.020526 1311442020992 385.5
47.679212 26.020583 1311442022985 387.5
47.679305 26.020669 1311442024991 389.0
47.6794 26.020793 1311442026982 389.0
47.679512 26.02093 1311442028986 389.0
47.679634 26.021078 1311442030989 388.5
47.679747 26.021226 1311442032988 388.0
47.679868 26.02138 1311442034987 386.0
47.679993 26.021542 1311442036981 385.0
47.680114 26.02172 1311442038977 385.0
47.680227 26.021903 1311442040988 383.5
47.680342 26.022056 1311442042989 383.0
47.680451 26.022227 1311442044987 382.0
47.680566 26.022372 1311442046979 381.0
47.680672 26.022552 1311442048975 379.5
47.680773 26.022697 1311442050984 378.5
47.680857 26.02289 1311442052976 376.5
47.680947 26.023064 1311442054984 376.5
47.681059 26.023244 1311442056985 374.5
47.681154 26.023428 1311442058978 374.5
47.68126 26.023625 1311442060982 373.0
47.68137 26.023796 1311442062982 372.5
47.681483 26.023958 1311442064984 372.0
47.681598 26.024121 1311442066975 372.0
47.681734 26.024278 1311442068979 371.5
47.681947 26.024465 1311442071974 372.0
47.682083 26.024587 1311442073977 372.0
47.682205 26.024741 1311442075977 371.5
47.682311 26.024901 1311442077977 371.5
47.682409 26.025075 1311442079978 371.5
47.682497 26.025257 1311442081979 372.0
47.682572 26.025415 1311442083970 372.0
47.682649 26.025559 1311442085977 372.5
47.6827 26.025745 1311442087969 373.5
47.682737 26.025877 1311442089989 374.5
47.682781 26.026035 1311442091969 375.5
47.682814 26.026179 1311442093975 376.0
47.682842 26.026308 1311442095979 376.5
47.682864 26.02643 1311442097974 377.0
47.682888 26.026565 1311442099974 377.0
47.682931 26.026681 1311442101970 376.5
47.682974 26.0268 1311442103971 376.0
47.683003 26.026938 1311442105964 376.0
47.683039 26.027075 1311442107973 375.0
47.68307 26.027172 1311442109971 375.0
47.68309 26.027238 1311442111967 375.0
47.683164 26.027397 1311442113967 375.0
47.68319 26.027495 1311442115974 374.0
47.683212 26.027534 1311442117968 374.0
47.683265 26.027541 1311442119967 375.0
47.683273 26.027556 1311442121968 374.5
47.683271 26.027567 1311442123975 375.0
47.683261 26.027579 1311442125961 375.5
47.68327 26.02758 1311442128967 376.5
47.68327 26.027582 1311442131018 377.0
47.683271 26.027582 1311442132998 376.0