62.594249 29.731093 1313675903716 2.0
62.598301 29.743168 1313675938458 121.5
62.59838 29.743169 1313675940456 142.0
62.598387 29.743119 1313675942455 144.5
62.598494 29.743078 1313675944453 154.0
62.598572 29.743101 1313675946453 161.0
62.598546 29.74315 1313675948448 162.5
62.598568 29.743253 1313675950452 164.0
62.598552 29.743315 1313675952447 169.5
62.598547 29.743261 1313675954450 169.5
62.598544 29.743257 1313675956451 169.5
62.59855 29.743323 1313675958449 165.5
62.598624 29.743378 1313675960448 159.5
62.598625 29.743393 1313675962449 164.5
62.598635 29.743451 1313675964445 166.5
62.598636 29.74353 1313675966440 170.0
62.598634 29.743534 1313675968439 173.0
62.598628 29.743555 1313675971442 173.0
62.598625 29.743556 1313675973439 173.5
62.598611 29.743569 1313675975439 174.0
62.598603 29.743578 1313675977440 174.0
62.598549 29.743878 1313675989439 141.0
62.598601 29.743941 1313675991432 139.0
62.598712 29.744077 1313675993434 135.5
62.598815 29.74409 1313675995437 133.5
62.598813 29.744165 1313675997434 132.5
62.598804 29.744292 1313675999432 132.0
62.598832 29.744455 1313676002430 132.5
62.598879 29.744581 1313676004430 132.0
62.598933 29.744645 1313676006438 130.5
62.598978 29.74474 1313676008438 128.0
62.599001 29.744919 1313676011430 126.0
62.599016 29.744946 1313676013431 125.0
62.599052 29.744956 1313676015418 124.0
62.599137 29.745132 1313676017422 122.5
62.599262 29.745361 1313676019424 117.0
62.599302 29.745429 1313676020424 114.0
62.599378 29.745515 1313676023421 112.0
62.599435 29.745639 1313676025418 111.5
62.599491 29.745764 1313676027422 111.5
62.599584 29.745878 1313676029416 111.0
62.599664 29.74598 1313676032412 111.0
62.5997 29.746012 1313676034416 110.5
62.599712 29.745918 1313676036417 111.5
62.599756 29.745995 1313676038414 111.5
62.599774 29.746026 1313676039415 111.5
62.599792 29.746037 1313676042419 111.5
62.599834 29.746212 1313676044417 110.5
62.599855 29.746338 1313676046410 110.0
62.599896 29.746562 1313676048411 110.0
62.599897 29.746684 1313676051415 110.0
62.599897 29.746781 1313676053411 110.0
62.599839 29.746907 1313676055414 109.5
62.599783 29.747296 1313676057407 109.0
62.599751 29.747484 1313676059413 109.0
62.599569 29.748039 1313676062413 108.0
62.599514 29.748271 1313676064406 108.0
62.599409 29.748522 1313676066403 108.0
62.599332 29.748741 1313676068409 108.0
62.599273 29.748893 1313676071401 108.0
62.599174 29.749101 1313676073400 108.0
62.599096 29.749279 1313676075403 108.0
62.599054 29.749419 1313676077403 108.0
62.599058 29.749509 1313676079403 108.0
62.598992 29.74983 1313676082404 108.0
62.598938 29.750077 1313676084402 108.0
62.598857 29.750422 1313676086401 108.0
62.59884 29.750586 1313676088406 108.0
62.598835 29.750687 1313676090402 108.0
62.598809 29.750863 1313676093402 108.0
62.598807 29.751218 1313676095406 108.0
62.598807 29.751371 1313676097400 108.0
62.598759 29.751587 1313676099402 108.0
62.598705 29.751784 1313676101396 108.0
62.598625 29.752058 1313676103397 108.0
62.598592 29.752176 1313676106397 108.0
62.598581 29.752412 1313676108395 108.0
62.598571 29.752484 1313676109396 108.0
62.598558 29.752851 1313676112395 108.5
62.598565 29.753057 1313676114396 108.5
62.598494 29.753333 1313676116394 108.0
62.598466 29.753431 1313676118396 108.0
62.598466 29.753757 1313676121392 108.0
62.598492 29.753873 1313676123393 108.0
62.598418 29.75425 1313676125393 106.0
62.598385 29.754487 1313676127399 103.5
62.598333 29.754702 1313676129388 101.5
62.598329 29.754994 1313676132388 100.5
62.598327 29.755137 1313676134391 100.0
62.598286 29.755271 1313676136384 100.0
62.59824 29.755568 1313676138385 99.5
62.598196 29.755798 1313676140387 99.5
62.598103 29.756049 1313676143384 99.0
62.597994 29.75639 1313676145389 96.5
62.597947 29.756616 1313676147391 97.0
62.597869 29.756865 1313676149384 96.0
62.597839 29.756949 1313676150384 96.0
62.597667 29.757122 1313676153387 97.0
62.597642 29.757156 1313676155388 96.0
62.597573 29.757427 1313676157389 94.5
62.597595 29.75766 1313676160395 96.0
62.597609 29.757706 1313676161392 96.5
62.597655 29.757868 1313676164376 96.5
62.59772 29.758019 1313676165383 98.5
62.597824 29.758198 1313676168375 103.5
62.597838 29.758214 1313676169378 103.5
62.597843 29.758293 1313676172377 106.0