47.15691 27.61022 1319747863111 93.0
47.156575 27.61028 1319747905156 86.0
47.156333 27.610144 1319747906889 84.5
47.156352 27.610152 1319747908886 84.5
47.156453 27.609865 1319747910918 94.5
47.156482 27.609876 1319747912917 95.5
47.156482 27.61001 1319747914914 95.5
47.156461 27.610009 1319747916893 95.5
47.156411 27.609981 1319747918913 95.5
47.156353 27.61 1319747920916 95.5
47.156294 27.609974 1319747922905 95.5
47.156198 27.609943 1319747924917 97.0
47.156147 27.609907 1319747926916 96.5
47.156175 27.609931 1319747928908 98.0
47.156176 27.609961 1319747930925 98.0
47.156207 27.610082 1319747932925 99.5
47.156194 27.610052 1319747934912 99.0
47.156201 27.61005 1319747936925 99.0
47.156217 27.610018 1319747938913 99.0
47.156216 27.609995 1319747940919 99.0
47.156211 27.609986 1319747942917 98.5
47.156204 27.609976 1319747944910 99.0
47.156188 27.609968 1319747946930 98.5
47.156188 27.60996 1319747948922 98.0
47.156157 27.609949 1319747950914 97.5
47.15618 27.609951 1319747952931 98.0
47.156159 27.609971 1319747954910 97.5
47.15616 27.609983 1319747956927 97.0
47.156147 27.609984 1319747958927 96.5
47.156155 27.609984 1319747960926 95.5
47.156145 27.609984 1319747962925 95.0
47.156141 27.609988 1319747964926 94.5
47.156096 27.609945 1319747966924 94.0
47.156097 27.609952 1319747968927 94.0
47.15605 27.609941 1319747970928 93.5
47.156056 27.609938 1319747972906 93.5
47.155996 27.609868 1319747974953 87.0
47.155992 27.609863 1319747976909 86.5
47.155989 27.609861 1319747978914 86.0
47.15602 27.609849 1319747980922 86.0
47.156015 27.609832 1319747982910 85.0
47.156018 27.609824 1319747984906 85.0
47.156001 27.609809 1319747986906 84.5
47.156022 27.609809 1319747988912 84.0
47.155977 27.609769 1319747990908 84.0
47.155967 27.609758 1319747992904 84.0
47.155952 27.609739 1319747994936 84.0
47.155956 27.609735 1319747996920 84.0
47.155966 27.609741 1319747998920 84.0
47.155969 27.609738 1319748000917 84.0
47.155984 27.609749 1319748002923 83.5
47.156005 27.609767 1319748004919 83.5
47.156012 27.609773 1319748006924 83.5
47.156021 27.609778 1319748008915 83.5
47.156038 27.60979 1319748010921 83.5
47.156068 27.609811 1319748012912 83.0
47.156066 27.609809 1319748014930 83.0
47.156088 27.609827 1319748016949 83.0
47.15612 27.60986 1319748018914 82.5
47.156072 27.60981 1319748020921 82.0
47.156135 27.609847 1319748022913 77.0
47.156174 27.609865 1319748024914 74.5
47.156142 27.609871 1319748026913 72.0
47.156139 27.609888 1319748028908 69.0
47.156137 27.609871 1319748030917 66.5
47.156143 27.609865 1319748032905 64.5
47.156126 27.609843 1319748034906 63.5
47.156111 27.609822 1319748036930 63.0
47.156102 27.60982 1319748039915 63.0
47.1561 27.609833 1319748041907 63.0
47.156102 27.609846 1319748043906 63.0
47.156103 27.609858 1319748045902 63.0