47.156263 27.61064 1323074832004 2.0
47.153956 27.606921 1323074849794 57.0
47.15562 27.609492 1323074851001 101.0
47.155533 27.609426 1323074852986 127.5
47.155532 27.609416 1323074854982 132.0
47.15551 27.609438 1323074856992 129.0
47.155497 27.609414 1323074859005 129.5
47.155462 27.609428 1323074861013 123.0
47.155438 27.609421 1323074863008 123.0
47.15542 27.609434 1323074864016 118.5
47.155399 27.609433 1323074867027 111.0
47.155386 27.609416 1323074868988 106.5
47.15537 27.609405 1323074870992 103.0
47.155364 27.6094 1323074871991 100.5
47.155355 27.60939 1323074874995 95.5
47.155357 27.60939 1323074876996 95.0
47.155355 27.609391 1323074878987 94.5
47.155338 27.6094 1323074880993 94.5
47.155307 27.609384 1323074882992 92.0
47.155283 27.609355 1323074884984 92.5
47.155264 27.609288 1323074886986 90.5
47.15527 27.609258 1323074888995 89.0
47.155281 27.60922 1323074890991 88.0
47.155286 27.609173 1323074892997 88.0
47.155297 27.60914 1323074894992 87.0
47.15531 27.609112 1323074896990 85.5
47.155319 27.609074 1323074898994 83.5
47.155328 27.609034 1323074901007 82.0
47.155333 27.608982 1323074903014 81.0
47.155353 27.608914 1323074905989 78.0
47.155375 27.60889 1323074907998 80.0
47.155409 27.608857 1323074910001 79.0
47.155412 27.608812 1323074911994 76.5
47.15541 27.608798 1323074912996 73.5
47.155471 27.608763 1323074915998 66.5
47.155529 27.608742 1323074917994 65.5
47.155543 27.608713 1323074920001 66.0
47.155565 27.608688 1323074921997 66.0
47.155573 27.608668 1323074924003 66.5
47.155606 27.608651 1323074925998 66.5
47.155633 27.608644 1323074927994 66.5
47.15563 27.60862 1323074930015 67.0
47.155663 27.608599 1323074932020 67.5
47.155683 27.608537 1323074934997 70.5
47.155691 27.608483 1323074936998 72.0
47.155689 27.608415 1323074938998 73.0
47.155702 27.608366 1323074940995 73.0
47.155712 27.608352 1323074943001 73.0
47.155736 27.608333 1323074944997 72.5
47.155768 27.608329 1323074946999 72.5
47.155788 27.608311 1323074948995 72.5
47.155818 27.608309 1323074951017 73.0
47.155847 27.608307 1323074953020 73.0
47.155873 27.608302 1323074955003 73.0
47.155896 27.608273 1323074956988 73.0
47.155915 27.608237 1323074958995 73.0
47.155927 27.608218 1323074960994 72.5
47.155944 27.608193 1323074962993 72.5
47.155966 27.608098 1323074965993 72.5
47.155986 27.608076 1323074967992 72.5
47.155996 27.608036 1323074969991 72.5
47.156018 27.608007 1323074971991 72.5
47.156056 27.608007 1323074973999 73.0
47.156073 27.607978 1323074975996 73.0
47.156074 27.607928 1323074977987 73.0
47.156069 27.607881 1323074979996 73.5
47.156097 27.607837 1323074981996 74.0
47.15611 27.607794 1323074983993 74.5
47.156106 27.607796 1323074985993 74.5
47.156082 27.607786 1323074987994 75.0
47.156062 27.607786 1323074989998 75.0
47.156052 27.60779 1323074991993 75.5
47.156048 27.607792 1323074993982 75.5
47.15605 27.607793 1323074995983 75.5
47.156048 27.607791 1323074997977 75.5
47.156036 27.607803 1323074999977 75.5
47.15602 27.607809 1323075001990 75.5
47.156006 27.607816 1323075003985 75.5
47.155988 27.607794 1323075006990 75.5
47.15598 27.607732 1323075008989 75.5
47.155939 27.607631 1323075010996 75.5
47.15589 27.607525 1323075011992 75.5
47.155753 27.607276 1323075014992 75.5
47.155725 27.607209 1323075016992 75.5
47.155693 27.607146 1323075018987 75.0
47.155659 27.607144 1323075020996 69.5
47.155597 27.607182 1323075022994 75.0
47.155546 27.607193 1323075024992 80.5
47.1555 27.607188 1323075026996 84.5
47.155447 27.607164 1323075028993 88.0
47.155453 27.607054 1323075030998 88.5
47.155431 27.606983 1323075032999 98.0
47.155379 27.60694 1323075034994 114.0
47.155361 27.606825 1323075037994 124.5
47.155355 27.606813 1323075039994 127.5
47.155371 27.606817 1323075041993 126.0
47.155373 27.606789 1323075043997 126.0
47.155372 27.606762 1323075045992 126.0
47.155377 27.606737 1323075047987 126.0
47.155389 27.606733 1323075048993 126.0
47.155419 27.60671 1323075051342 122.5
47.155391 27.60665 1323075053321 111.0
47.155362 27.606603 1323075055315 108.5
47.155348 27.606563 1323075057324 104.5
47.155338 27.606538 1323075059318 99.0
47.155337 27.606514 1323075061316 97.5
47.15535 27.606469 1323075063317 97.0
47.155354 27.60645 1323075065312 96.5
47.155355 27.606446 1323075067295 96.5
47.155362 27.606451 1323075069297 96.5
47.155365 27.606455 1323075071297 96.5
47.155374 27.606466 1323075073296 96.0
47.155378 27.606471 1323075075298 96.0
47.155071 27.604618 1323075182312 94.0
47.155043 27.604061 1323075183978 93.5
47.155036 27.604435 1323075186004 91.5
47.155011 27.60479 1323075188013 86.0
47.154985 27.604836 1323075189012 84.5
47.15506 27.60492 1323075191991 80.0
47.155072 27.604926 1323075192983 78.5
47.155089 27.604875 1323075197840 75.0
47.155 27.604642 1323075199842 85.0
47.155008 27.60461 1323075201843 84.5
47.15503 27.604585 1323075203841 85.0
47.155037 27.604541 1323075205843 87.0
47.155029 27.604462 1323075207843 87.5
47.15506 27.604439 1323075209843 88.0
47.155024 27.604328 1323075211840 91.5
47.155031 27.604266 1323075213841 92.5
47.155046 27.604234 1323075215838 92.5
47.155043 27.604201 1323075217839 93.5
47.155027 27.604178 1323075219837 95.5
47.154997 27.60416 1323075221838 96.0
47.154974 27.604154 1323075223844 96.5
47.154937 27.604155 1323075225862 96.5
47.154902 27.604143 1323075227859 98.5
47.154869 27.604148 1323075229860 96.5
47.154845 27.604142 1323075231861 96.0
47.154843 27.604146 1323075233840 95.0
47.154815 27.604115 1323075236841 94.0
47.154807 27.604093 1323075237843 94.0
47.154796 27.604025 1323075240843 95.5
47.154789 27.603981 1323075242840 96.0
47.15478 27.603946 1323075244854 96.0
47.154778 27.603888 1323075246839 96.5
47.154765 27.603838 1323075248844 98.0
47.154768 27.603798 1323075250846 96.0
47.154769 27.603765 1323075252843 94.5
47.154763 27.603707 1323075255837 94.0
47.154767 27.603671 1323075257842 92.5
47.154766 27.603633 1323075259838 92.5
47.154763 27.603597 1323075261843 92.0
47.154761 27.603553 1323075263842 90.5
47.154766 27.603521 1323075265842 86.5
47.154771 27.603486 1323075267862 84.5
47.154771 27.603444 1323075269863 84.0
47.154767 27.603405 1323075271860 84.0
47.154766 27.603384 1323075272856 84.0
47.154757 27.603311 1323075275839 85.5
47.154754 27.603272 1323075277840 85.5
47.154746 27.603241 1323075278842 87.0
47.154737 27.603157 1323075281841 87.5
47.15473 27.603102 1323075283847 88.0
47.154738 27.603081 1323075285841 86.5
47.154741 27.603051 1323075287844 85.5
47.15475 27.603033 1323075289839 83.0
47.154745 27.602992 1323075291849 82.0
47.154741 27.602959 1323075293858 80.5
47.154739 27.602928 1323075295838 79.0
47.154721 27.602869 1323075297842 80.5
47.154713 27.602823 1323075299843 81.0
47.1547 27.602765 1323075301842 81.5
47.154696 27.602722 1323075303861 81.0
47.154684 27.602674 1323075305840 81.5
47.154676 27.602626 1323075307838 80.5
47.154678 27.602605 1323075309839 79.5
47.154659 27.602541 1323075311841 78.5
47.154661 27.602511 1323075313841 78.0
47.154664 27.602487 1323075315849 78.0
47.15465 27.602435 1323075317844 78.0
47.154642 27.6024 1323075319843 76.5
47.154633 27.602364 1323075321843 76.5
47.154627 27.602329 1323075323840 77.0
47.154632 27.602305 1323075325842 77.5
47.154623 27.602271 1323075327840 76.0
47.154617 27.602235 1323075329844 76.5
47.154606 27.602201 1323075331843 77.0
47.154589 27.602152 1323075333842 78.0
47.154575 27.602099 1323075335844 79.0
47.154567 27.60204 1323075337843 79.5
47.154569 27.602001 1323075339843 78.0
47.154562 27.601975 1323075341844 78.5
47.154562 27.601938 1323075343847 77.5
47.154559 27.601893 1323075345843 77.5
47.154557 27.601854 1323075347841 78.0
47.154564 27.601833 1323075349844 77.0
47.154566 27.601802 1323075351841 76.5
47.154539 27.601707 1323075354841 78.5
47.154532 27.60168 1323075355840 79.5
47.154523 27.601617 1323075358839 80.0
47.154513 27.601571 1323075360839 79.5
47.154498 27.601515 1323075362838 80.0
47.154496 27.601498 1323075363838 79.0
47.154485 27.601438 1323075366836 78.5
47.154484 27.601403 1323075368836 77.0
47.154477 27.601363 1323075370836 76.0
47.154473 27.601321 1323075372835 74.5
47.154472 27.601283 1323075374845 74.0
47.154464 27.601246 1323075376839 74.5
47.154452 27.601202 1323075378837 75.5
47.154449 27.601165 1323075380837 74.0
47.154444 27.60113 1323075382834 73.0
47.154438 27.601093 1323075384841 73.0
47.154418 27.601023 1323075386839 75.5
47.154412 27.600988 1323075388839 75.0
47.154404 27.600946 1323075390838 75.0
47.154397 27.600901 1323075392834 74.5
47.154392 27.600865 1323075394842 74.0
47.154384 27.60083 1323075396842 74.0
47.154384 27.600796 1323075398851 72.5
47.154382 27.600768 1323075400845 72.0
47.154379 27.600729 1323075402857 71.0
47.154377 27.60069 1323075404843 70.5
47.15438 27.600663 1323075406843 69.5
47.154374 27.600601 1323075409844 69.5
47.154361 27.600544 1323075411843 70.5
47.154352 27.600507 1323075413858 70.5
47.154343 27.600464 1323075415846 71.0
47.15435 27.600452 1323075417840 68.5
47.15437 27.600459 1323075419840 67.5
47.15437 27.600431 1323075421846 66.0
47.154375 27.600432 1323075422846 66.5
47.154351 27.600346 1323075425839 68.5
47.154345 27.600301 1323075427841 70.5
47.154373 27.600269 1323075429846 70.5
47.154357 27.600224 1323075431846 71.0
47.154353 27.600214 1323075432842 69.0
47.154307 27.600119 1323075435845 70.0
47.154293 27.600068 1323075437846 72.5
47.154294 27.600039 1323075439845 74.0
47.154274 27.599989 1323075441846 74.0
47.154256 27.599936 1323075443860 73.0
47.154266 27.599883 1323075445845 73.5
47.154289 27.599872 1323075447843 74.5
47.154278 27.599834 1323075449846 74.5
47.154256 27.599776 1323075451845 75.0
47.15424 27.599738 1323075452844 74.5
47.154198 27.599649 1323075455850 75.0
47.154191 27.599625 1323075457845 73.0
47.154186 27.599593 1323075459843 73.5
47.154174 27.599556 1323075461842 73.5
47.154166 27.599522 1323075463848 73.0
47.154163 27.599492 1323075465844 72.0
47.154149 27.599454 1323075467835 71.5
47.154136 27.599421 1323075469840 73.0
47.154129 27.599397 1323075471843 73.5
47.154121 27.599381 1323075473837 74.0
47.154124 27.599336 1323075475834 75.0
47.154128 27.599307 1323075477832 75.0
47.154123 27.599272 1323075479837 73.5
47.154134 27.599229 1323075481836 77.0
47.154115 27.599168 1323075483836 71.5
47.154139 27.599078 1323075485836 73.0
47.154202 27.59891 1323075488832 70.5
47.154209 27.598848 1323075490836 70.5
47.154208 27.598809 1323075492837 71.0
47.154183 27.598697 1323075494838 66.0
47.154132 27.598748 1323075496833 65.5
47.154071 27.598809 1323075498836 65.5
47.154063 27.598808 1323075500837 65.5
47.154046 27.598797 1323075502837 66.0
47.154019 27.59878 1323075504836 65.5
47.154005 27.598754 1323075506837 66.0
47.154 27.598723 1323075508836 66.0
47.153993 27.598671 1323075510838 66.5
47.153983 27.59864 1323075512836 66.5
47.153972 27.598587 1323075514835 66.0
47.153966 27.598573 1323075516834 65.5
47.153956 27.59853 1323075518838 66.5
47.153948 27.598499 1323075520835 67.5
47.153926 27.598475 1323075522834 68.5
47.153865 27.598459 1323075524832 68.5
47.153725 27.598548 1323075526836 68.5
47.153741 27.598449 1323075528852 68.5
47.153749 27.598386 1323075530851 68.5
47.153757 27.598316 1323075532846 69.5
47.153778 27.598237 1323075534853 70.5
47.1538 27.598168 1323075536854 70.5
47.153809 27.598114 1323075538857 70.5
47.15381 27.598071 1323075540858 71.5
47.153799 27.598008 1323075542847 71.5
47.153803 27.597971 1323075544833 72.5
47.153786 27.597929 1323075546830 73.0
47.153776 27.597907 1323075548832 74.5
47.153749 27.597835 1323075550834 74.5
47.153735 27.597798 1323075552831 74.5
47.153727 27.597763 1323075554849 75.0
47.153719 27.59773 1323075556836 76.0
47.153714 27.597694 1323075558846 77.5
47.153709 27.597656 1323075560865 80.0
47.153683 27.59758 1323075564837 82.5
47.153671 27.597538 1323075566827 83.0
47.153661 27.597498 1323075568846 82.5
47.15365 27.597453 1323075571308 80.5
47.153641 27.597395 1323075574305 80.0
47.153638 27.597355 1323075576308 80.0
47.153632 27.597317 1323075578306 80.0
47.153624 27.597283 1323075580303 80.0
47.15361 27.597259 1323075582304 79.5
47.153597 27.597227 1323075584333 79.0
47.153588 27.597173 1323075586310 79.0
47.153587 27.59714 1323075588309 77.5
47.153579 27.597094 1323075590306 77.5
47.153512 27.597126 1323075592328 77.5
47.15351 27.597086 1323075594326 77.5
47.153504 27.597031 1323075596331 77.5
47.15351 27.59697 1323075598328 77.5
47.153511 27.596915 1323075600326 77.0
47.153504 27.596863 1323075602328 77.0
47.153492 27.596818 1323075604317 77.0
47.153485 27.59677 1323075606307 76.5
47.153485 27.596723 1323075608311 76.5
47.153484 27.59668 1323075610311 76.5
47.153476 27.596638 1323075612311 77.5
47.153464 27.5966 1323075614309 78.0
47.153453 27.596565 1323075616311 78.0
47.153435 27.596527 1323075618309 78.0
47.153419 27.596493 1323075620335 77.5
47.153407 27.596451 1323075622332 77.5
47.153398 27.596413 1323075624329 78.0
47.153394 27.596369 1323075626332 78.0
47.153384 27.596323 1323075628327 78.0
47.153369 27.596287 1323075630331 77.5
47.153355 27.596249 1323075632326 77.0
47.153343 27.5962 1323075634306 77.0
47.153334 27.596162 1323075636307 77.0
47.15332 27.596117 1323075639304 77.0
47.153315 27.596075 1323075641305 77.0
47.153271 27.5961 1323075643302 77.0
47.15324 27.596097 1323075645304 77.0
47.153221 27.596081 1323075647305 77.0
47.153213 27.596045 1323075649327 77.0
47.15322 27.595993 1323075651325 77.0
47.153194 27.595981 1323075653322 76.5
47.153206 27.595921 1323075655338 76.5
47.153221 27.595859 1323075657301 76.0
47.153215 27.595822 1323075659304 76.0
47.153213 27.59579 1323075661304 75.5
47.153208 27.595751 1323075663307 75.5
47.15319 27.595716 1323075665304 75.5
47.153194 27.595659 1323075667306 75.5
47.15319 27.595616 1323075669306 75.5
47.153204 27.595576 1323075671305 75.5
47.153196 27.595535 1323075673311 75.0
47.153187 27.595498 1323075675308 75.5
47.15318 27.595452 1323075677309 75.0
47.153174 27.595401 1323075679311 75.5
47.153179 27.595341 1323075681312 75.5
47.153202 27.595319 1323075683310 75.0
47.1532 27.595265 1323075685315 75.0
47.153196 27.595196 1323075687305 75.0
47.15319 27.595142 1323075689342 75.0
47.1532 27.595096 1323075691299 75.0
47.1532 27.595071 1323075693302 75.0
47.153218 27.595017 1323075695308 75.0
47.153202 27.594918 1323075697313 74.5
47.153197 27.594848 1323075699313 74.5
47.153234 27.594831 1323075701328 74.5
47.153267 27.594821 1323075703330 74.5
47.153298 27.594816 1323075705315 74.5
47.153311 27.594777 1323075707306 74.5
47.15334 27.594762 1323075709302 74.5
47.153267 27.594579 1323075711305 76.5
47.153292 27.594571 1323075713309 75.5
47.153317 27.594558 1323075715306 75.5
47.153382 27.594616 1323075717311 75.0
47.153414 27.59462 1323075719310 75.0
47.153437 27.594613 1323075721317 75.0
47.153483 27.594636 1323075723340 75.0
47.153545 27.594677 1323075725320 75.5
47.153583 27.594672 1323075727314 75.5
47.153569 27.594514 1323075729313 76.5
47.153618 27.594528 1323075731312 76.5
47.153599 27.594362 1323075733312 78.0
47.153634 27.594378 1323075735312 78.0
47.153617 27.59426 1323075737312 79.5
47.153652 27.594255 1323075739311 80.0
47.153621 27.594121 1323075741336 82.0
47.153667 27.594144 1323075743334 82.0
47.153705 27.594152 1323075745328 82.5
47.153724 27.594143 1323075747332 83.0
47.153763 27.594156 1323075749334 82.5
47.153808 27.594172 1323075751330 83.0
47.153845 27.594181 1323075753335 83.0
47.153866 27.59419 1323075755334 83.5
47.153892 27.594194 1323075757313 83.5
47.153924 27.594197 1323075759311 83.5
47.153946 27.594194 1323075761304 84.0
47.15396 27.594167 1323075763304 84.0
47.153968 27.594127 1323075765307 84.5
47.153993 27.594105 1323075767307 86.0
47.154033 27.594115 1323075769302 87.0
47.154062 27.594112 1323075771306 87.0
47.154087 27.594102 1323075773309 87.0
47.154104 27.594099 1323075775305 87.0
47.154124 27.594111 1323075777302 86.5
47.154143 27.594113 1323075779299 85.0
47.154187 27.594093 1323075781299 83.0
47.154204 27.594076 1323075783302 82.0
47.154208 27.594058 1323075785304 82.0
47.154218 27.594047 1323075787307 81.5
47.154223 27.594043 1323075789300 81.5
47.154223 27.594037 1323075791296 82.0
47.154277 27.594071 1323075793295 84.0
47.154278 27.594063 1323075795298 85.0
47.154277 27.594059 1323075797319 85.0
47.154276 27.594059 1323075799307 85.0
47.154246 27.594101 1323075803307 85.0
47.154154 27.593867 1323075811020 85.0
47.154132 27.593905 1323075812984 85.0
47.154103 27.593918 1323075814993 85.0
47.154083 27.593924 1323075817007 85.0
47.154036 27.593904 1323075819005 85.0
47.154005 27.59389 1323075821006 85.0
47.153961 27.593904 1323075822995 85.0
47.153945 27.593908 1323075823992 85.0
47.153818 27.593812 1323075826986 85.0
47.153823 27.593889 1323075828003 85.0
47.153849 27.593895 1323075830024 85.0
47.153838 27.593905 1323075832014 85.0
47.153804 27.593918 1323075834018 85.0
47.153779 27.593927 1323075836002 85.0
47.153759 27.593941 1323075837997 85.0
47.153748 27.593948 1323075838995 85.0
47.153935 27.594077 1323075844982 85.0
47.153911 27.594129 1323075850001 85.0
47.153955 27.593826 1323075853000 85.0
47.15428 27.593875 1323075891993 85.0
47.154381 27.5938 1323075892995 85.0
47.154383 27.593801 1323075893994 85.0