47.646315 26.321141 1325604720958 302.0
47.646558 26.320215 1325604721990 302.0
47.647089 26.316502 1325604726989 300.0
47.647487 26.31641 1325604728036 300.5
47.647344 26.31446 1325604730041 304.0
47.647409 26.314154 1325604732044 305.5
47.647782 26.314016 1325604734040 306.0
47.64795 26.313521 1325604736042 307.5
47.648257 26.313654 1325604738031 306.5
47.648244 26.313574 1325604739018 307.0
47.648463 26.312009 1325604742029 308.5
47.649439 26.31044 1325604744012 309.5
47.649531 26.309918 1325604745015 309.0
47.649614 26.309743 1325604747025 308.0
47.649885 26.309543 1325604749028 307.0
47.650043 26.309327 1325604751025 305.5
47.650392 26.308762 1325604753039 305.0
47.65041 26.308584 1325604755035 304.5
47.65036 26.308392 1325604757043 304.5
47.650399 26.308338 1325604759044 304.5
47.650461 26.308244 1325604761036 305.0
47.650529 26.308172 1325604763035 305.0
47.650702 26.307338 1325604765042 305.0
47.650875 26.306665 1325604767044 305.0
47.65157 26.304725 1325604769041 307.0
47.652176 26.303642 1325604771035 310.0
47.65251 26.303107 1325604773037 312.0
47.652853 26.302544 1325604775043 312.0
47.653492 26.301528 1325604777043 314.0
47.653701 26.301109 1325604779039 314.5
47.653963 26.300432 1325604781043 314.5
47.654255 26.2999 1325604783036 314.5
47.654545 26.299528 1325604785028 314.5
47.654889 26.299137 1325604787025 314.5
47.655208 26.298819 1325604789044 314.0
47.655457 26.298587 1325604791034 314.0
47.655845 26.29822 1325604793056 314.0
47.656105 26.297995 1325604795035 314.0
47.656535 26.297595 1325604797025 314.0
47.657074 26.296579 1325604800018 314.0
47.657638 26.296001 1325604802027 314.0
47.657876 26.295614 1325604804046 314.0
47.657986 26.295456 1325604805064 314.0
47.658098 26.294824 1325604808016 314.0
47.65817 26.294401 1325604810015 314.0
47.658341 26.294038 1325604812013 314.0
47.658438 26.293879 1325604814008 314.0
47.667787 26.279815 1325604885033 315.0
47.667367 26.276019 1325604886983 312.0
47.668137 26.274948 1325604889969 312.0
47.667827 26.273616 1325604891006 311.5
47.667925 26.273339 1325604892008 311.5
47.668124 26.27245 1325604897009 311.5
47.667852 26.271512 1325604899000 311.0
47.667995 26.271349 1325604900991 311.0
47.667844 26.270827 1325604902987 311.0
47.667972 26.270682 1325604904987 311.0
47.667967 26.270347 1325604906988 311.0
47.667975 26.270238 1325604908990 311.0
47.667895 26.270038 1325604910984 311.0
47.669924 26.266746 1325604987014 309.5
47.670087 26.266799 1325604989000 309.0
47.670106 26.266803 1325604991008 309.5
47.670162 26.266816 1325604993013 309.5
47.670254 26.266965 1325604995008 313.5
47.670243 26.267023 1325604997005 315.5
47.670263 26.267055 1325604999005 315.0
47.670219 26.267087 1325605001000 315.5
47.670224 26.267126 1325605003002 316.0
47.670228 26.267134 1325605004988 315.5
47.670232 26.267137 1325605007004 315.0
47.670238 26.267138 1325605008987 316.5
47.670227 26.267122 1325605011005 319.5
47.670228 26.267114 1325605012998 320.5
47.67023 26.267111 1325605015003 321.0
47.67023 26.267112 1325605017001 321.0
47.67024 26.267186 1325605019002 321.5
47.670288 26.267108 1325605021010 322.0
47.670299 26.267081 1325605023007 322.0
47.670313 26.267042 1325605024995 322.0
47.670325 26.267004 1325605027003 322.0
47.670332 26.266998 1325605029010 322.0
47.670358 26.266973 1325605031014 322.5
47.670413 26.266937 1325605033006 322.0
47.670444 26.2669 1325605035009 322.0
47.670484 26.26683 1325605037004 324.0
47.670519 26.266785 1325605039004 324.5
47.670536 26.266702 1325605041010 325.0
47.67056 26.266625 1325605043007 325.5
47.670571 26.266582 1325605045006 326.0
47.670581 26.266555 1325605047006 326.5
47.67061 26.266525 1325605049004 327.0
47.670741 26.266543 1325605051004 327.0
47.670756 26.266528 1325605053011 327.0
47.670775 26.266525 1325605055006 327.0
47.67079 26.266501 1325605057001 327.0
47.670795 26.266484 1325605059008 327.0
47.670796 26.266493 1325605061006 326.5
47.670797 26.266507 1325605063010 326.5
47.670782 26.266505 1325605065000 326.0
47.67078 26.266505 1325605068024 325.5
47.670776 26.266508 1325605069989 325.0
47.670766 26.266513 1325605071991 324.5
47.670754 26.266514 1325605073991 324.5
47.670743 26.26652 1325605075999 325.0
47.670731 26.266523 1325605077991 325.0
47.670738 26.266511 1325605079988 324.5
47.670724 26.266577 1325605081996 322.0
47.670714 26.266585 1325605083994 321.5
47.670731 26.266584 1325605085986 322.5
47.670738 26.266573 1325605087988 322.5
47.67075 26.266569 1325605089991 324.0
47.670742 26.26655 1325605091988 324.5
47.670739 26.266547 1325605093987 324.5
47.67072 26.266542 1325605095985 325.5
47.67072 26.266546 1325605097987 325.0
47.670726 26.266539 1325605099989 326.5
47.670737 26.266533 1325605101990 325.5
47.67074 26.266536 1325605103987 325.0
47.670746 26.266537 1325605105992 325.0
47.670783 26.266553 1325605107995 325.0
47.670774 26.266581 1325605110997 323.5
47.670781 26.266593 1325605114009 323.5
47.670786 26.266596 1325605116012 323.5
47.670783 26.26658 1325605119003 324.0
47.67078 26.266584 1325605121010 324.0
47.670781 26.266585 1325605122982 324.0
47.670757 26.26658 1325605124983 324.5
47.670736 26.266565 1325605126987 324.5
47.670729 26.26656 1325605128005 324.0
47.670716 26.266566 1325605130988 324.5
47.670718 26.266574 1325605132987 324.5
47.670735 26.266572 1325605134988 324.5
47.670737 26.266584 1325605136985 324.5
47.670727 26.266578 1325605138990 324.5
47.670707 26.266594 1325605140989 324.0
47.67068 26.266524 1325605142989 323.5
47.67069 26.266547 1325605144990 323.5
47.670721 26.266542 1325605146986 323.5
47.670743 26.266565 1325605148990 323.5
47.670764 26.266572 1325605150985 323.5
47.670765 26.266579 1325605152987 323.5
47.670778 26.266541 1325605154986 323.0
47.670766 26.266508 1325605156989 323.0
47.67076 26.266495 1325605158986 323.0
47.670767 26.266514 1325605160991 322.5
47.670794 26.266522 1325605162986 322.5
47.670795 26.266538 1325605164989 322.0
47.670794 26.266496 1325605166987 321.5
47.670807 26.266536 1325605168991 320.0
47.670799 26.266501 1325605170992 319.5
47.670799 26.266505 1325605172992 318.0
47.670786 26.266492 1325605174994 319.0
47.670774 26.266492 1325605176988 318.0
47.670772 26.266479 1325605178983 317.0
47.670757 26.266499 1325605180987 313.5
47.670751 26.266504 1325605183989 313.0
47.670746 26.266504 1325605185004 313.0
47.670717 26.266496 1325605187989 313.0
47.670732 26.266462 1325605189991 312.0
47.670719 26.266422 1325605191997 312.0
47.670707 26.266368 1325605193992 312.0
47.670702 26.266332 1325605197022 312.0
47.670719 26.266336 1325605199005 311.0
47.670736 26.266356 1325605201013 311.0
47.670757 26.266362 1325605203007 311.0
47.670743 26.266368 1325605205005 311.5
47.670755 26.266379 1325605207013 311.5
47.670764 26.266388 1325605209014 311.5
47.670773 26.26639 1325605211014 311.0
47.670779 26.266394 1325605212998 311.0
47.670784 26.266375 1325605215005 311.0
47.670769 26.266363 1325605216997 311.0
47.67077 26.266344 1325605219006 311.0
47.670772 26.26633 1325605221010 311.0
47.670765 26.26632 1325605223009 311.0
47.670765 26.266308 1325605225007 311.0
47.670758 26.266304 1325605227012 310.5
47.670754 26.266301 1325605229004 310.5
47.670745 26.266299 1325605231005 310.5
47.670741 26.2663 1325605232989 310.5
47.670727 26.266299 1325605235002 310.5
47.670721 26.266304 1325605236981 310.5
47.670732 26.26634 1325605238984 310.5
47.670751 26.266351 1325605241034 310.5
47.670778 26.266341 1325605243990 310.5
47.670776 26.266337 1325605245990 310.5
47.670774 26.266333 1325605247987 310.5
47.67077 26.266333 1325605249988 310.5
47.670801 26.266346 1325605251992 311.0
47.670806 26.266347 1325605253990 311.0
47.670872 26.266386 1325605256987 311.0
47.670896 26.26641 1325605258988 311.0
47.6709 26.266413 1325605260993 309.5
47.670925 26.266405 1325605262992 310.0
47.670927 26.266393 1325605264999 310.0
47.67091 26.266416 1325605266994 310.5
47.670881 26.266475 1325605268994 310.0
47.670832 26.266542 1325605270996 310.5
47.670821 26.266579 1325605272991 311.0
47.670787 26.26665 1325605274985 311.0
47.670754 26.266726 1325605277003 311.0
47.670737 26.266797 1325605279007 311.0
47.670708 26.266871 1325605281007 310.5
47.670671 26.26691 1325605283031 310.5
47.67065 26.266943 1325605285007 310.5
47.670619 26.266901 1325605287001 308.5
47.670579 26.266973 1325605288999 306.0
47.670476 26.267048 1325605291987 308.0
47.670534 26.267145 1325605293998 312.0
47.670654 26.267208 1325605296009 310.5
47.670686 26.267229 1325605298016 311.0
47.670695 26.267256 1325605300000 311.0
47.670701 26.267273 1325605302018 311.0
47.670709 26.267287 1325605304016 311.0
47.669783 26.271074 1325605340975 310.5
47.669568 26.272494 1325605343005 310.5
47.6695 26.272528 1325605345019 310.5
47.669496 26.272884 1325605347016 310.5
47.669008 26.2729 1325605351007 310.0
47.668872 26.272962 1325605352009 310.0
47.668694 26.273259 1325605353999 310.0
47.668535 26.273431 1325605361009 310.0
47.668497 26.273253 1325605363026 310.5
47.668385 26.273114 1325605365026 310.5
47.668336 26.272999 1325605367026 310.5
47.668251 26.272857 1325605369025 310.5
47.668281 26.272747 1325605371028 310.5
47.668142 26.272533 1325605373021 310.5
47.668104 26.272456 1325605375013 310.5
47.667773 26.27227 1325605377019 310.5
47.667634 26.272016 1325605379019 310.5
47.666849 26.270982 1325605392017 311.5
47.665468 26.270182 1325605393094 310.5
47.664794 26.269484 1325605395836 310.5
47.664449 26.269189 1325605398831 311.5
47.664234 26.268948 1325605400835 312.5
47.664017 26.268729 1325605402837 311.5
47.663903 26.268631 1325605403840 310.5
47.663552 26.268409 1325605406847 315.0
47.663284 26.268171 1325605408855 308.0
47.663081 26.267997 1325605410851 307.5
47.662953 26.267861 1325605412842 307.0
47.662851 26.267718 1325605414850 306.5
47.662785 26.267636 1325605416855 307.0
47.662722 26.267497 1325605418839 306.5
47.662706 26.267475 1325605419836 306.5