62.598584 29.743054 1329999533978 69.7
62.598584 29.743054 1329999535980 69.7
62.598584 29.743054 1329999537978 69.7
62.598584 29.743054 1329999539978 69.7
62.598584 29.743054 1329999541980 69.7
62.598584 29.743054 1329999543979 69.7
62.598584 29.743054 1329999545979 69.7
62.598584 29.743054 1329999547978 69.7
62.598584 29.743054 1329999549977 69.7
62.598584 29.743054 1329999551980 69.7
62.59908 29.743911 1329999553979 240.6
62.598929 29.743729 1329999555979 244.9
62.599043 29.743592 1329999557979 228.0
62.599146 29.743335 1329999559977 217.4
62.59906 29.743396 1329999563977 226.2
62.598989 29.743181 1329999565979 202.3
62.598995 29.743161 1329999567979 202.6
62.598996 29.743178 1329999569979 205.1
62.599001 29.743141 1329999571977 204.5
62.598952 29.74307 1329999573982 197.5
62.598747 29.74281 1329999575984 171.4
62.598726 29.742764 1329999577984 169.2
62.598716 29.742742 1329999579987 167.6
62.59872 29.742742 1329999581979 165.7
62.598757 29.74277 1329999583979 165.3
62.598788 29.742798 1329999585979 166.4
62.59885 29.742896 1329999587979 163.2
62.598899 29.74293 1329999589977 159.6
62.598991 29.743037 1329999593977 155.8
62.599012 29.743044 1329999595977 157.5
62.599016 29.743019 1329999597978 153.7
62.59901 29.742976 1329999599977 153.4
62.599007 29.742957 1329999601980 153.5
62.598978 29.742884 1329999603984 149.1
62.59897 29.742812 1329999605984 138.9
62.598977 29.742771 1329999607979 135.0
62.598972 29.742742 1329999610001 123.6
62.598981 29.742718 1329999611978 122.8
62.598992 29.742653 1329999613978 111.6
62.599002 29.742616 1329999615978 111.5
62.59899 29.742573 1329999617977 107.3
62.598978 29.742516 1329999619978 100.8
62.598977 29.742464 1329999623977 99.0
62.598955 29.742456 1329999625977 98.9
62.598946 29.742452 1329999627978 98.9
62.598948 29.742454 1329999629979 98.6
62.598954 29.742464 1329999631979 98.5
62.598968 29.742474 1329999633976 98.6
62.59898 29.742482 1329999635979 98.5
62.598987 29.742442 1329999637983 98.4
62.598987 29.742442 1329999639979 98.4
62.599002 29.74239 1329999641979 98.4
62.599002 29.74239 1329999643977 98.4
62.599002 29.74239 1329999645979 98.4
62.599002 29.74239 1329999647977 98.4
62.599002 29.74239 1329999649977 98.4
62.598971 29.742417 1329999653977 98.5
62.59894 29.74244 1329999655979 98.5
62.598933 29.74244 1329999657976 98.5
62.598932 29.742434 1329999659977 98.5
62.598932 29.742434 1329999661977 98.5
62.598932 29.742434 1329999663979 98.5
62.598827 29.74236 1329999665977 98.2
62.599018 29.742233 1329999667979 97.7
62.599032 29.742168 1329999669977 97.6
62.599049 29.742152 1329999671979 97.5
62.599107 29.742089 1329999673976 100.1
62.599134 29.742032 1329999675977 102.1
62.599154 29.741962 1329999677979 104.4
62.599162 29.741909 1329999679977 103.8
62.599203 29.741912 1329999683978 103.6
62.599229 29.741917 1329999685978 106.1
62.599246 29.741948 1329999687978 105.2
62.599264 29.741992 1329999689976 103.2
62.599276 29.742006 1329999691976 101.5
62.59931 29.742053 1329999693976 99.9
62.599332 29.742072 1329999695977 99.0
62.599355 29.742089 1329999697983 97.9
62.599379 29.742117 1329999699977 97.0
62.59939 29.742128 1329999701979 96.5
62.599443 29.742161 1329999703976 96.7
62.599478 29.742188 1329999705976 96.9
62.599507 29.742219 1329999707981 95.8
62.599532 29.742252 1329999709977 94.7
62.599601 29.742312 1329999713976 95.9
62.599631 29.742348 1329999715977 95.6
62.599678 29.742385 1329999717979 96.8
62.599706 29.742422 1329999719977 95.6
62.599723 29.742441 1329999721980 96.0
62.59978 29.742486 1329999723976 97.7
62.599813 29.742514 1329999725977 96.9
62.599843 29.742536 1329999727977 96.3
62.599869 29.742562 1329999729977 95.9
62.599886 29.74258 1329999731977 97.3
62.599939 29.742622 1329999733976 95.7
62.599968 29.742658 1329999735979 94.3
62.599998 29.742684 1329999737979 94.0
62.600022 29.742706 1329999739979 92.7
62.600074 29.742762 1329999743983 93.0
62.600099 29.742787 1329999745984 92.2
62.60013 29.742817 1329999747980 93.3
62.600158 29.742844 1329999749979 92.5
62.600179 29.742853 1329999751976 94.1
62.600265 29.74289 1329999753977 102.2
62.600294 29.742914 1329999755979 99.1
62.600317 29.742939 1329999757979 96.7
62.600337 29.742958 1329999759979 93.9
62.60035 29.742968 1329999761979 94.2
62.600383 29.743001 1329999763978 93.7
62.600406 29.743012 1329999765976 94.0
62.600435 29.743008 1329999767978 94.0
62.600464 29.743003 1329999769979 95.6
62.600519 29.742962 1329999773976 100.1
62.60054 29.742912 1329999775976 100.9
62.600558 29.742893 1329999777976 99.8
62.600586 29.742878 1329999779977 101.1
62.600599 29.742879 1329999781979 100.9
62.600631 29.742901 1329999783979 98.2
62.600639 29.742922 1329999785979 92.0
62.600652 29.74294 1329999787976 90.2
62.600669 29.742967 1329999789977 88.0
62.600678 29.742982 1329999791980 86.5
62.600717 29.74301 1329999793980 84.9
62.60074 29.743026 1329999795977 84.3
62.600772 29.743046 1329999797977 84.7
62.600793 29.743065 1329999799977 81.7
62.600837 29.743099 1329999803977 77.3
62.60086 29.743101 1329999805977 74.3
62.600889 29.743133 1329999807977 73.8
62.600912 29.743163 1329999809979 74.0
62.600924 29.74318 1329999811977 74.5
62.600971 29.743218 1329999813979 75.0
62.600995 29.743239 1329999815979 72.8
62.60102 29.743262 1329999817977 70.6
62.60105 29.743283 1329999819977 70.6
62.60106 29.743299 1329999821984 71.0
62.601092 29.74333 1329999823984 68.6
62.601117 29.743352 1329999825978 68.8
62.601148 29.743379 1329999827984 70.6
62.601189 29.743405 1329999829977 74.3
62.601242 29.743452 1329999833979 76.4
62.601276 29.743464 1329999835977 77.5
62.601303 29.743486 1329999837979 78.0
62.601324 29.743509 1329999839977 77.1
62.601334 29.743523 1329999841977 76.0
62.60138 29.743578 1329999843979 80.2
62.601412 29.743602 1329999845977 81.7
62.60144 29.743625 1329999847980 82.8
62.601468 29.743633 1329999849977 81.6
62.601499 29.743641 1329999851977 80.8
62.601532 29.743653 1329999853979 81.6
62.601549 29.743667 1329999855977 83.6
62.601587 29.74371 1329999857977 85.4
62.601617 29.743715 1329999859977 86.0
62.601685 29.743726 1329999863979 89.7
62.601696 29.74372 1329999865977 87.6
62.601736 29.743739 1329999867979 88.0
62.601767 29.743748 1329999869977 90.0
62.601802 29.743758 1329999871979 92.4
62.601837 29.743783 1329999873979 96.9
62.601852 29.743792 1329999875977 97.9
62.601897 29.743805 1329999877978 101.7
62.601932 29.743808 1329999879977 102.3
62.601965 29.743822 1329999881977 103.6
62.602001 29.743819 1329999883976 107.1
62.602019 29.74381 1329999885979 108.9
62.602058 29.743764 1329999887977 111.5
62.602081 29.743736 1329999889978 113.4
62.602112 29.743647 1329999893977 107.6
62.602122 29.743627 1329999895979 107.5
62.602153 29.743585 1329999897976 107.0
62.602179 29.743572 1329999899977 108.1
62.60221 29.743556 1329999901976 106.4
62.602235 29.743554 1329999903976 102.7
62.602239 29.743552 1329999905977 100.1
62.602278 29.743576 1329999907984 96.4
62.602312 29.743599 1329999909977 95.0
62.602328 29.743624 1329999912010 92.5
62.60235 29.743641 1329999913979 90.5
62.602364 29.743644 1329999915979 90.4
62.602389 29.743704 1329999917979 90.0
62.602406 29.743732 1329999919977 90.1
62.602428 29.743768 1329999923976 89.9
62.602412 29.74373 1329999925979 86.5
62.602437 29.743763 1329999927976 88.7
62.602458 29.743684 1329999929977 88.0
62.602459 29.743703 1329999931979 84.4
62.602443 29.743777 1329999933978 84.8
62.602458 29.743788 1329999935979 84.3
62.602514 29.743834 1329999937983 82.8
62.602535 29.743876 1329999939978 82.1
62.602564 29.743895 1329999941979 82.3
62.602578 29.743915 1329999943984 79.4
62.602598 29.743922 1329999945979 81.0
62.602635 29.743973 1329999947979 76.9
62.60266 29.743998 1329999949976 75.7
62.602712 29.744046 1329999953977 72.1
62.602731 29.744061 1329999955979 72.0
62.60276 29.744098 1329999957976 72.6
62.602786 29.74412 1329999959979 74.0
62.6028 29.74414 1329999961980 73.5
62.602838 29.744176 1329999963979 77.9
62.602852 29.744194 1329999965980 79.0
62.602876 29.744237 1329999967983 77.4
62.602904 29.744256 1329999969977 79.4
62.60293 29.744256 1329999971977 79.6
62.602955 29.744277 1329999973976 80.5
62.602971 29.744293 1329999975977 82.6
62.603011 29.74435 1329999977979 85.6
62.603045 29.744385 1329999979979 86.9
62.603119 29.744446 1329999983976 87.3
62.603129 29.744471 1329999985976 87.2
62.60318 29.744531 1329999987981 90.0
62.603216 29.744566 1329999989979 92.6
62.603242 29.744615 1329999991978 93.3
62.603255 29.744662 1329999993978 91.0
62.603269 29.744701 1329999995979 93.4
62.603287 29.744767 1329999997983 96.0
62.603294 29.744774 1329999999984 94.7
62.603298 29.744784 1330000001984 94.1
62.6033 29.744784 1330000003980 93.4
62.603305 29.744789 1330000005979 93.9
62.603321 29.744807 1330000007979 92.5
62.603349 29.744848 1330000009977 92.7
62.60339 29.744948 1330000013979 90.1
62.603398 29.744975 1330000015979 90.3
62.603426 29.745066 1330000017977 90.6
62.603441 29.745097 1330000019976 91.0
62.603464 29.745109 1330000021977 89.5
62.603482 29.745168 1330000023977 88.1
62.603493 29.745183 1330000025984 88.0
62.603532 29.745228 1330000027984 89.1
62.603552 29.745228 1330000029984 90.5
62.603588 29.745243 1330000031984 89.8
62.603621 29.74528 1330000033980 90.4
62.603636 29.7453 1330000035979 90.8
62.60368 29.745353 1330000037979 92.0
62.603705 29.745378 1330000039979 92.5
62.603749 29.745384 1330000043977 89.0
62.603752 29.745374 1330000045976 86.9
62.603766 29.745336 1330000047979 81.7
62.603769 29.745303 1330000049979 78.8
62.603778 29.745316 1330000051978 80.4
62.603795 29.745347 1330000053976 81.7
62.603789 29.745391 1330000055977 81.6
62.603812 29.745299 1330000057978 81.9
62.603784 29.74564 1330000059977 81.9
62.603773 29.745834 1330000061979 81.8
62.603772 29.745903 1330000063978 81.2
62.603775 29.745925 1330000065979 80.8
62.603799 29.745872 1330000067977 79.0
62.603842 29.745714 1330000069977 76.8
62.603872 29.745595 1330000073977 75.4
62.603878 29.745575 1330000075976 75.3
62.603885 29.745541 1330000077976 75.2
62.603894 29.745477 1330000079979 75.1
62.603895 29.745457 1330000081979 75.1
62.603895 29.745452 1330000083976 75.1
62.603893 29.74545 1330000085980 75.1
62.603883 29.74545 1330000087978 75.1
62.603881 29.745449 1330000089980 75.1
62.603881 29.745449 1330000091976 75.1
62.603881 29.745449 1330000093976 75.1
62.603881 29.745449 1330000095976 75.1
62.603881 29.745449 1330000097977 75.1
62.603881 29.745449 1330000099977 75.1
62.603881 29.745449 1330000103976 75.1
62.603881 29.745449 1330000105978 75.1
62.603881 29.745449 1330000107979 75.1
62.603881 29.745449 1330000109979 75.1
62.603881 29.745449 1330000111977 75.1
62.603881 29.745449 1330000113977 75.1
62.603881 29.745449 1330000115977 75.1
62.603881 29.745449 1330000118458 75.1