62.61355 29.737725 1330620397504 113.5
62.61355 29.737724 1330620398504 113.5
62.613549 29.737724 1330620399528 113.5
62.613549 29.737724 1330620401505 113.5
62.613549 29.737725 1330620402556 113.5
62.613547 29.737728 1330620404514 113.0
62.613546 29.737726 1330620406510 112.5
62.613545 29.737724 1330620408506 112.5
62.613545 29.737722 1330620410519 112.0
62.613545 29.737721 1330620412524 112.0
62.613546 29.73772 1330620414521 112.0
62.61355 29.737746 1330620416523 110.0
62.613551 29.737747 1330620418519 109.5
62.613552 29.737746 1330620420516 109.0
62.613553 29.737743 1330620422524 108.5
62.613554 29.737741 1330620424507 108.0
62.613553 29.737733 1330620426507 108.0
62.613553 29.73773 1330620428502 107.5
62.613552 29.737727 1330620430506 107.5
62.613552 29.737725 1330620432503 107.5
62.613551 29.737722 1330620434504 107.5
62.61355 29.73771 1330620436504 107.0
62.613547 29.737704 1330620438519 106.5
62.613543 29.737703 1330620440517 106.0
62.613543 29.7377 1330620442509 105.5
62.613543 29.737696 1330620444520 105.5
62.613543 29.737696 1330620446517 105.0
62.613542 29.737694 1330620448514 105.0
62.613541 29.737694 1330620450523 105.0
62.61354 29.737693 1330620452511 105.0
62.613538 29.737691 1330620454503 104.5
62.613536 29.737692 1330620456503 104.5
62.613536 29.737692 1330620458502 104.5
62.613536 29.737693 1330620460501 104.0
62.613535 29.737694 1330620462512 103.5
62.613534 29.737695 1330620464501 103.0
62.613533 29.737695 1330620466489 103.0
62.613533 29.737694 1330620468492 103.0
62.613533 29.737694 1330620470511 103.0
62.613532 29.737694 1330620472512 103.0
62.613532 29.737693 1330620474504 102.5
62.613532 29.737693 1330620476509 102.5
62.613532 29.737693 1330620478505 102.5
62.613532 29.737693 1330620480505 102.5
62.613532 29.737692 1330620482509 102.5
62.613531 29.737692 1330620484504 102.5
62.613531 29.737692 1330620486496 102.5
62.613531 29.737692 1330620489486 102.5
62.613531 29.737692 1330620491495 102.5
62.613531 29.737691 1330620493497 102.5
62.613531 29.737691 1330620495503 102.5
62.613532 29.737691 1330620497501 102.5
62.613532 29.73769 1330620499505 102.5
62.613532 29.73769 1330620501502 103.0
62.613532 29.73769 1330620504505 103.0
62.613526 29.737666 1330620506509 103.5
62.613516 29.737631 1330620508506 103.5
62.613502 29.737591 1330620510500 103.5
62.613488 29.737549 1330620512501 103.0
62.613472 29.737524 1330620514508 103.5
62.613462 29.737498 1330620516500 102.5
62.613451 29.737468 1330620518497 102.0
62.613441 29.737425 1330620520496 101.5
62.613426 29.73739 1330620522508 101.0
62.61341 29.737349 1330620524483 100.5
62.613392 29.737314 1330620526497 100.0
62.613376 29.737274 1330620528508 100.0
62.613359 29.73723 1330620530497 99.5
62.613348 29.737189 1330620532496 99.5
62.613341 29.737151 1330620534507 99.0
62.613326 29.737121 1330620536510 99.0
62.613305 29.737096 1330620538497 98.5
62.613285 29.737066 1330620540497 99.0
62.613261 29.737047 1330620542497 98.5
62.613237 29.737018 1330620544483 98.5
62.613217 29.736986 1330620546482 98.5
62.613199 29.736942 1330620548477 98.5
62.613183 29.736903 1330620550479 98.5
62.613163 29.736864 1330620552487 98.0
62.613141 29.73681 1330620554475 98.5
62.613123 29.736762 1330620556475 98.5
62.613109 29.736727 1330620558474 98.0
62.6131 29.736711 1330620560471 98.0
62.613084 29.736671 1330620562492 97.5
62.613063 29.736624 1330620564491 97.5
62.613043 29.736575 1330620566491 97.5
62.613021 29.736528 1330620568475 97.5
62.612999 29.736479 1330620570493 97.5
62.612974 29.736417 1330620572492 97.5
62.612948 29.736355 1330620574473 97.0
62.612922 29.736292 1330620576474 97.0
62.612896 29.736228 1330620578473 97.0
62.612874 29.736166 1330620580472 97.0
62.612852 29.736113 1330620582489 96.5
62.612829 29.736063 1330620584472 96.0
62.612806 29.73601 1330620586471 96.5
62.612784 29.735958 1330620588471 96.0
62.612763 29.735905 1330620590478 95.5
62.61274 29.735843 1330620592498 96.0
62.612718 29.735779 1330620594472 96.0
62.612697 29.735716 1330620596472 96.5
62.61268 29.735664 1330620598482 97.0
62.61266 29.735618 1330620600488 97.0
62.612639 29.735559 1330620602482 97.0
62.612618 29.735511 1330620604462 96.5
62.6126 29.735462 1330620606465 96.5
62.61258 29.735408 1330620608465 96.0
62.612565 29.735362 1330620610476 96.5
62.612557 29.735332 1330620612463 96.5
62.612555 29.735327 1330620614462 96.5
62.612553 29.735321 1330620616465 96.5
62.612541 29.735293 1330620618463 96.5
62.612523 29.735249 1330620620467 96.5
62.612515 29.735223 1330620621492 97.0
62.612496 29.735171 1330620623483 97.0
62.612476 29.735113 1330620625463 97.0
62.612467 29.735087 1330620626481 96.5
62.612444 29.735029 1330620628466 96.0
62.612425 29.734971 1330620630469 96.0
62.612404 29.734917 1330620632476 95.5
62.61238 29.734864 1330620634466 96.0
62.612356 29.734812 1330620636460 95.5
62.612328 29.734762 1330620638461 95.0
62.612304 29.734722 1330620640458 95.0
62.612277 29.734696 1330620642472 94.5
62.612251 29.734675 1330620644469 94.5
62.612225 29.734653 1330620646469 94.5
62.612204 29.734627 1330620648454 94.5
62.612188 29.734597 1330620650473 94.5
62.612176 29.734571 1330620652473 94.5
62.612167 29.734548 1330620654455 94.5
62.61216 29.734534 1330620655472 94.5
62.612146 29.734495 1330620657479 94.5
62.612128 29.734435 1330620659481 95.0
62.61212 29.734393 1330620661459 95.5
62.612109 29.734344 1330620663458 95.5
62.612101 29.734289 1330620665458 96.0
62.612096 29.734251 1330620667465 96.5
62.612085 29.734226 1330620669455 96.5
62.612075 29.734197 1330620671452 96.5
62.612057 29.734158 1330620673452 97.0
62.612037 29.734127 1330620675461 97.5
62.612011 29.734073 1330620677462 97.5
62.611981 29.734008 1330620679457 97.0
62.611955 29.733948 1330620681464 96.5
62.611933 29.733888 1330620683457 96.5
62.611914 29.733824 1330620685452 96.0
62.611898 29.733769 1330620687462 96.0
62.611877 29.733714 1330620689459 96.0
62.611853 29.733647 1330620691454 96.0
62.611831 29.733578 1330620693447 96.0
62.61181 29.73351 1330620695448 96.0
62.611781 29.733433 1330620697448 95.5
62.611752 29.733355 1330620699444 95.0
62.611724 29.733273 1330620701450 95.0
62.611699 29.733208 1330620703457 94.5
62.611668 29.733136 1330620705451 95.0
62.611637 29.733068 1330620707468 94.5
62.611605 29.733011 1330620709444 94.5
62.611575 29.732942 1330620711461 94.5
62.611545 29.73287 1330620713455 94.5
62.611523 29.732801 1330620715452 95.0
62.611505 29.732738 1330620717445 94.5
62.61149 29.73267 1330620719460 94.5
62.611477 29.732601 1330620721471 94.5
62.611462 29.732551 1330620723442 93.5
62.611444 29.732497 1330620725441 93.0
62.611424 29.732448 1330620727443 92.5
62.611402 29.732405 1330620729440 92.5
62.611382 29.732367 1330620731440 92.0
62.611354 29.732312 1330620733452 91.0
62.611329 29.732253 1330620735440 91.0
62.611302 29.732191 1330620737450 91.0
62.611271 29.732131 1330620739444 90.0
62.611241 29.732072 1330620741454 90.0
62.611212 29.731988 1330620743443 92.0
62.611184 29.73194 1330620745464 94.5
62.611148 29.731863 1330620747454 94.0
62.611123 29.731794 1330620749444 94.5
62.611102 29.73173 1330620751435 95.5
62.611073 29.731673 1330620753448 95.0
62.611051 29.731626 1330620755437 93.5
62.611028 29.731567 1330620757435 92.0
62.611009 29.731507 1330620759435 90.5
62.610983 29.731447 1330620761439 90.5
62.610955 29.731378 1330620763440 91.0
62.610926 29.731304 1330620765443 91.0
62.610903 29.731265 1330620767439 91.0
62.610882 29.731203 1330620769440 89.5
62.610846 29.73113 1330620771442 88.5
62.610809 29.731063 1330620773446 88.0
62.610779 29.730988 1330620775441 87.0
62.610752 29.730927 1330620777450 87.0
62.610721 29.730861 1330620779435 85.5
62.610692 29.73081 1330620781432 85.0
62.61066 29.730752 1330620783435 84.5
62.610633 29.7307 1330620785430 84.5
62.61061 29.730656 1330620787430 84.5
62.610596 29.730625 1330620789429 85.0
62.610595 29.730594 1330620791429 85.0
62.610607 29.730559 1330620793427 85.0
62.61061 29.730551 1330620795430 85.0
62.610608 29.730551 1330620797429 85.0
62.610609 29.730547 1330620799445 84.5
62.610603 29.73054 1330620801448 85.0
62.610579 29.73049 1330620803446 89.5
62.610568 29.730474 1330620805437 90.5
62.610564 29.730467 1330620807447 91.0
62.61056 29.730461 1330620809447 91.5
62.610556 29.730455 1330620811448 92.0
62.610554 29.730452 1330620813449 92.0
62.610553 29.730451 1330620815433 92.0
62.610552 29.730449 1330620817424 92.5
62.610558 29.730431 1330620819433 92.5
62.610576 29.730404 1330620821434 92.5
62.610593 29.730371 1330620823433 93.0
62.610615 29.73034 1330620825423 93.0
62.610634 29.730306 1330620827427 93.0
62.610658 29.730261 1330620829433 92.5
62.610682 29.730226 1330620831434 92.0
62.610703 29.730209 1330620833449 91.5
62.610726 29.730182 1330620835446 91.5
62.61075 29.730162 1330620837428 92.0
62.610777 29.730109 1330620839425 93.0
62.610801 29.73007 1330620841429 93.5
62.610822 29.730037 1330620843422 93.0
62.610838 29.730002 1330620845420 93.5
62.610848 29.729988 1330620847429 93.5
62.610857 29.729945 1330620849419 94.0
62.610881 29.729882 1330620851428 94.5
62.610894 29.729857 1330620853418 94.0
62.610914 29.729815 1330620855425 94.5
62.610929 29.729791 1330620857416 95.0
62.610933 29.72977 1330620859423 95.5
62.610939 29.729738 1330620861426 96.0
62.610958 29.729726 1330620863431 97.0
62.610962 29.729711 1330620865426 97.0
62.610971 29.729703 1330620867421 97.0
62.610977 29.729697 1330620869425 97.0
62.610976 29.729687 1330620871422 96.5
62.610977 29.729681 1330620872440 97.0
62.610974 29.729672 1330620874426 97.5
62.610978 29.729675 1330620876414 98.0
62.610977 29.729662 1330620878420 98.0
62.610976 29.729623 1330620880423 98.5
62.610983 29.729617 1330620882433 98.5
62.61099 29.729609 1330620884423 98.0
62.610975 29.72957 1330620886438 100.5
62.610968 29.729548 1330620888435 101.5
62.610964 29.729523 1330620890436 103.0
62.610976 29.729511 1330620892425 102.5
62.610992 29.72947 1330620894435 101.5
62.611019 29.729417 1330620896424 101.5
62.61105 29.729371 1330620898407 101.0
62.61108 29.729322 1330620900434 100.5
62.611113 29.729261 1330620902437 100.0
62.611148 29.729205 1330620904422 100.0
62.611184 29.729146 1330620906409 99.5
62.611219 29.729094 1330620908413 99.5
62.611255 29.729073 1330620910410 99.5
62.611297 29.729035 1330620912408 99.5
62.611338 29.729004 1330620914405 98.5
62.611377 29.72894 1330620916415 98.0
62.611418 29.728884 1330620918417 98.5
62.611458 29.728826 1330620920412 99.0
62.611503 29.728741 1330620922408 100.5
62.611572 29.728638 1330620924422 100.0
62.61161 29.728588 1330620926407 100.0
62.611621 29.728532 1330620928406 100.0
62.611647 29.728473 1330620930406 100.0
62.611674 29.728409 1330620932404 101.0
62.611699 29.72837 1330620934417 101.5
62.611714 29.7283 1330620936403 102.0
62.611737 29.728244 1330620938401 101.5
62.611769 29.728174 1330620940417 101.0
62.611799 29.728088 1330620942424 100.5
62.611834 29.727992 1330620944411 100.5
62.611885 29.727886 1330620946402 99.0
62.611933 29.727761 1330620948410 98.5
62.611966 29.727673 1330620950399 99.5
62.61199 29.727635 1330620952408 100.5
62.61201 29.727595 1330620954410 101.0
62.612029 29.727544 1330620956403 102.0
62.612052 29.727491 1330620958400 102.5
62.612083 29.727432 1330620960400 102.0
62.612118 29.727375 1330620962409 101.0
62.612149 29.727316 1330620964406 100.5
62.612175 29.727286 1330620966407 100.5
62.61221 29.727244 1330620968397 99.5
62.612248 29.727202 1330620970394 98.0
62.612284 29.727154 1330620972402 98.0
62.612325 29.727105 1330620974396 98.5
62.612364 29.72706 1330620976408 99.0
62.612404 29.727022 1330620978421 98.5
62.612439 29.726984 1330620980401 98.5
62.612488 29.726962 1330620982401 101.0
62.612528 29.726929 1330620984393 100.5
62.612561 29.726873 1330620986392 100.5
62.612594 29.726818 1330620988393 99.5
62.612625 29.726762 1330620990390 100.5
62.612667 29.726706 1330620992392 99.5
62.612704 29.726633 1330620994403 100.5
62.612739 29.726584 1330620996400 100.0
62.61278 29.726539 1330620998395 99.5
62.612823 29.726481 1330621000387 99.0
62.612865 29.726421 1330621002400 100.0
62.612899 29.726372 1330621004397 100.5
62.612943 29.726308 1330621006384 101.0
62.612976 29.726247 1330621008395 100.5
62.613001 29.726198 1330621010386 100.5
62.613031 29.726137 1330621012395 101.0
62.613064 29.726076 1330621014382 101.0
62.613096 29.725995 1330621016391 102.0
62.613137 29.725935 1330621018383 101.5
62.613168 29.72588 1330621020394 101.0
62.613201 29.725815 1330621022405 100.5
62.613238 29.725754 1330621024393 100.0
62.613266 29.72569 1330621026390 100.5
62.613299 29.725628 1330621028381 101.0
62.613322 29.725545 1330621030379 101.0
62.61334 29.725469 1330621032376 101.5
62.613364 29.725398 1330621034378 101.5
62.613376 29.725311 1330621036388 101.5
62.613391 29.72521 1330621038376 101.0
62.613417 29.725152 1330621040386 99.0
62.613435 29.725074 1330621042384 97.5
62.613453 29.724981 1330621044390 97.0
62.61346 29.72487 1330621046399 97.0
62.613456 29.724766 1330621048387 98.5
62.613444 29.724668 1330621050377 100.5
62.61343 29.72459 1330621052390 101.5
62.61341 29.724496 1330621054383 101.5
62.613393 29.724449 1330621056385 103.5
62.613384 29.724395 1330621058377 105.0
62.613357 29.724351 1330621060374 106.0
62.61334 29.724272 1330621062395 106.5
62.613327 29.724179 1330621064372 107.0
62.613315 29.724076 1330621066369 108.0
62.613305 29.723971 1330621068378 108.0
62.613296 29.723881 1330621070368 108.0
62.613287 29.723783 1330621072379 107.5
62.613277 29.723686 1330621074382 106.0
62.613268 29.723586 1330621076396 105.0
62.613261 29.723466 1330621078393 105.0
62.613247 29.723362 1330621080378 106.0
62.613236 29.723257 1330621082373 105.5
62.613228 29.723167 1330621084383 105.0
62.613222 29.723094 1330621086368 104.0
62.613217 29.723013 1330621088378 103.0
62.613203 29.722904 1330621090366 102.0
62.613196 29.722792 1330621092377 102.5
62.613194 29.722681 1330621094374 103.0
62.613193 29.722577 1330621096376 102.5
62.613193 29.722472 1330621098381 102.5
62.613183 29.722371 1330621100364 102.5
62.613171 29.722278 1330621102379 103.0
62.613158 29.722199 1330621104389 103.0
62.613154 29.722128 1330621106375 103.0
62.613141 29.722039 1330621108367 103.5
62.613123 29.721945 1330621110379 104.5
62.613103 29.721836 1330621112377 105.5
62.613081 29.721748 1330621114365 106.5
62.61306 29.721665 1330621116362 105.0
62.613039 29.721575 1330621118363 103.0
62.613018 29.721483 1330621120370 101.5
62.612993 29.721391 1330621122372 101.0
62.612971 29.721296 1330621124360 100.5
62.612953 29.721195 1330621126377 100.0
62.612934 29.721079 1330621128371 100.0
62.612923 29.720978 1330621130380 100.0
62.612904 29.720872 1330621132369 100.0
62.612881 29.72077 1330621134371 98.0
62.612864 29.720678 1330621136374 98.0
62.612842 29.720586 1330621138369 97.5
62.612825 29.720508 1330621140367 98.0
62.612811 29.720442 1330621142367 97.5
62.6128 29.720343 1330621144367 99.0
62.612786 29.720247 1330621146367 100.0
62.612767 29.720142 1330621148375 97.0
62.612744 29.720041 1330621150374 97.5
62.612701 29.719943 1330621152364 98.5
62.612657 29.719846 1330621154363 98.5
62.612602 29.719762 1330621156362 98.5
62.612545 29.719679 1330621158363 100.0
62.612493 29.719619 1330621160363 99.5
62.61243 29.71956 1330621162378 100.5
62.61238 29.719514 1330621164372 101.0
62.612345 29.719492 1330621166384 101.5
62.61231 29.719475 1330621168375 102.0
62.612285 29.71946 1330621170364 103.0
62.612267 29.719442 1330621172388 103.0
62.612247 29.719435 1330621174372 103.5
62.612216 29.719434 1330621176369 103.0
62.612186 29.719425 1330621178359 102.0
62.612145 29.719408 1330621180367 101.0
62.61211 29.719402 1330621182383 100.0
62.612076 29.719389 1330621184357 100.5
62.612039 29.71937 1330621186365 101.5
62.611997 29.719368 1330621188359 101.5
62.611948 29.71938 1330621190375 101.5
62.611906 29.719406 1330621192353 101.0
62.611873 29.719446 1330621194371 102.5
62.611839 29.719475 1330621196380 102.0
62.611805 29.719482 1330621198356 100.0
62.611771 29.719541 1330621200369 100.0
62.611737 29.719582 1330621202366 99.5
62.611699 29.719625 1330621204363 99.5
62.61166 29.719673 1330621206357 100.0
62.611612 29.719726 1330621208352 99.5
62.611575 29.719767 1330621210368 100.5
62.611535 29.71981 1330621212359 101.5
62.611499 29.719843 1330621214361 102.0
62.611461 29.719869 1330621216363 101.5
62.611418 29.719903 1330621218375 102.5
62.611367 29.719919 1330621220351 102.0
62.611319 29.719937 1330621222373 102.0
62.61127 29.71996 1330621224364 102.5
62.611218 29.719987 1330621226353 103.0
62.611175 29.720014 1330621228351 103.0
62.61114 29.72005 1330621230359 102.5
62.611106 29.720087 1330621232346 102.0
62.611065 29.720138 1330621234358 101.5
62.611027 29.720214 1330621236346 103.0
62.610988 29.720263 1330621238360 102.5
62.610952 29.720301 1330621240355 102.5
62.610909 29.720328 1330621242358 102.0
62.610869 29.720348 1330621244343 101.5
62.610822 29.720365 1330621246345 101.0
62.610778 29.720397 1330621248342 101.5
62.610754 29.720404 1330621249366 101.0
62.610708 29.720402 1330621251352 100.0
62.610656 29.720397 1330621253345 99.5
62.610615 29.720387 1330621255343 99.0
62.610577 29.720379 1330621257348 99.0
62.610547 29.720375 1330621259352 98.5
62.610514 29.720384 1330621261350 99.0
62.610478 29.7204 1330621263356 98.5
62.610448 29.720415 1330621265345 99.0
62.610418 29.720428 1330621267346 99.5
62.61039 29.720429 1330621269338 99.0
62.610366 29.720432 1330621271345 99.0
62.61034 29.720451 1330621273337 97.0
62.610321 29.720465 1330621275346 98.5
62.610306 29.720443 1330621277337 97.0
62.610265 29.720438 1330621279364 97.0
62.610198 29.720417 1330621281342 95.5
62.610135 29.720413 1330621283363 95.5
62.610083 29.720404 1330621285340 95.0
62.610053 29.720404 1330621287352 95.5
62.610032 29.720408 1330621289351 96.0
62.610024 29.720406 1330621291339 96.0
62.610021 29.72039 1330621293360 96.5
62.610017 29.720366 1330621295344 98.0
62.609998 29.720362 1330621297335 98.5
62.609989 29.720346 1330621299333 99.5
62.609971 29.72035 1330621301333 99.5
62.609962 29.72035 1330621302355 99.5
62.609949 29.720355 1330621304332 99.5
62.609943 29.720369 1330621305360 99.5
62.609927 29.720403 1330621307354 99.5
62.609913 29.720442 1330621309339 100.5
62.609893 29.720499 1330621311346 100.5
62.609881 29.720561 1330621313354 102.5
62.609858 29.720619 1330621315352 102.5
62.609828 29.720681 1330621317337 103.0
62.609805 29.720747 1330621319347 103.5
62.609777 29.720826 1330621321359 104.0
62.609749 29.720888 1330621323344 104.0
62.609712 29.720946 1330621325343 104.0
62.609676 29.720986 1330621327330 103.5
62.609634 29.721014 1330621329337 102.0
62.609599 29.72105 1330621331327 100.5
62.609557 29.721094 1330621333328 99.5
62.609525 29.721131 1330621335326 99.0
62.609497 29.72118 1330621337335 99.0
62.609473 29.721231 1330621339325 98.5
62.609452 29.721297 1330621341323 99.0
62.609428 29.721357 1330621343328 98.5
62.609399 29.721426 1330621345343 99.0
62.609376 29.7215 1330621347324 100.0
62.609346 29.721583 1330621349340 101.0
62.609313 29.721642 1330621351338 101.0
62.609275 29.721686 1330621353330 100.0
62.60924 29.721703 1330621355334 99.0
62.609196 29.721723 1330621357330 98.0
62.609159 29.721727 1330621359331 96.5
62.609118 29.721737 1330621361333 95.0
62.609079 29.72174 1330621363329 94.0
62.609043 29.721734 1330621365341 93.5
62.609004 29.721723 1330621367336 93.0
62.608968 29.7217 1330621369332 92.5
62.608932 29.721671 1330621371322 91.5
62.608892 29.721641 1330621373338 90.0
62.608853 29.721633 1330621375336 89.0
62.60881 29.72164 1330621377328 89.5
62.608775 29.721635 1330621379321 89.0
62.608733 29.721645 1330621381321 89.0
62.608696 29.721655 1330621383320 89.0
62.60865 29.721675 1330621385318 89.5
62.608606 29.721681 1330621387318 89.5
62.608568 29.721695 1330621389316 89.5
62.608529 29.721707 1330621391316 89.5
62.608494 29.721712 1330621393315 89.5
62.608456 29.721725 1330621395318 90.0
62.608409 29.72175 1330621397311 90.0
62.608363 29.72177 1330621399326 91.0
62.608322 29.721778 1330621401336 91.5
62.608279 29.72179 1330621403327 92.5
62.608236 29.721808 1330621405320 92.5
62.608194 29.721822 1330621407311 93.0
62.608155 29.72184 1330621409323 94.0
62.608109 29.721861 1330621411311 94.5
62.608072 29.72187 1330621413309 95.5
62.608032 29.721857 1330621415319 96.0
62.60799 29.721824 1330621417314 96.0
62.60795 29.721777 1330621419308 96.0
62.607908 29.721726 1330621421319 96.0
62.607869 29.721676 1330621423308 96.0
62.607823 29.721627 1330621425309 96.5
62.607775 29.721581 1330621427315 96.5
62.607724 29.721539 1330621429311 97.0
62.607677 29.721501 1330621431307 97.0
62.607628 29.721481 1330621433315 98.5
62.607582 29.721462 1330621435315 99.5
62.607536 29.721432 1330621437308 99.5
62.607494 29.721421 1330621439314 100.5
62.607447 29.721407 1330621441304 100.5
62.6074 29.721397 1330621443304 100.5
62.607361 29.721387 1330621445305 101.0
62.607322 29.721367 1330621447311 101.5
62.607279 29.721345 1330621449313 101.5
62.607235 29.721322 1330621451312 101.0
62.607192 29.721286 1330621453304 100.0
62.607153 29.721246 1330621455303 100.5
62.607117 29.721201 1330621457312 100.0
62.60708 29.721154 1330621459325 99.5
62.607042 29.7211 1330621461299 99.5
62.607003 29.721046 1330621463310 99.0
62.606966 29.720991 1330621465323 98.5
62.606924 29.720935 1330621467320 98.0
62.606889 29.720878 1330621469301 98.0
62.606854 29.720826 1330621471300 97.5
62.606816 29.720786 1330621473309 97.5
62.606775 29.720744 1330621475305 97.0
62.606739 29.720693 1330621477298 96.0
62.606702 29.720646 1330621479296 95.0
62.606667 29.720595 1330621481298 94.5
62.606647 29.720576 1330621482318 93.5
62.606612 29.720532 1330621484298 93.0
62.606581 29.720487 1330621486305 93.0
62.606551 29.720437 1330621488312 93.0
62.606519 29.720383 1330621490304 92.5
62.606484 29.72033 1330621492297 92.0
62.606449 29.720274 1330621494309 92.0
62.606412 29.720224 1330621496308 92.0
62.606373 29.720184 1330621498298 92.0
62.606337 29.720168 1330621500294 92.0
62.606303 29.720163 1330621502307 92.0
62.606268 29.720174 1330621504305 91.5
62.60623 29.720187 1330621506293 91.5
62.606193 29.720201 1330621508293 91.0
62.606156 29.720207 1330621510292 92.0
62.60611 29.72022 1330621512293 92.0
62.606073 29.720229 1330621514291 92.5
62.606037 29.720231 1330621516291 92.5
62.606003 29.720232 1330621518289 93.0
62.60597 29.720234 1330621520290 94.5
62.605943 29.720239 1330621522288 95.5
62.605924 29.720244 1330621523314 95.5
62.605897 29.720247 1330621525293 96.5
62.605863 29.720247 1330621527292 97.0
62.605847 29.720245 1330621528310 97.5
62.605815 29.720252 1330621530303 98.0
62.605785 29.720256 1330621532287 98.5
62.60575 29.720263 1330621534294 99.5
62.605719 29.720269 1330621536284 100.0
62.605686 29.72028 1330621538294 100.5
62.60565 29.720286 1330621540297 100.5
62.605616 29.720291 1330621542300 100.5
62.605588 29.720295 1330621544286 101.0
62.605558 29.720303 1330621546291 101.0
62.60553 29.720315 1330621548288 101.0
62.605504 29.720322 1330621550304 101.0
62.605474 29.720332 1330621552299 100.5
62.605443 29.720334 1330621554293 101.5
62.605427 29.720333 1330621555311 100.5
62.605395 29.72034 1330621557295 100.5
62.605357 29.720354 1330621559285 100.5
62.605324 29.720371 1330621561309 101.0
62.60529 29.720377 1330621563298 101.0
62.605259 29.720379 1330621565290 100.5
62.605219 29.720386 1330621567281 100.5
62.605192 29.720389 1330621569281 100.5
62.605169 29.720396 1330621571290 101.0
62.60515 29.720404 1330621573279 102.0
62.60513 29.720414 1330621575295 101.5
62.605104 29.720435 1330621577291 101.5
62.605074 29.720454 1330621579281 101.0
62.605042 29.720491 1330621581290 101.0
62.605017 29.720521 1330621583287 101.0
62.604992 29.720559 1330621585291 101.5
62.604976 29.720589 1330621587275 102.0
62.604953 29.720608 1330621589290 100.5
62.604941 29.720638 1330621591303 101.5
62.604915 29.720692 1330621593302 100.0
62.604906 29.720741 1330621595286 102.0
62.604893 29.720794 1330621597278 103.5
62.604884 29.720838 1330621599280 105.0
62.604867 29.720911 1330621601284 106.5
62.604854 29.720977 1330621603274 107.0
62.604834 29.721054 1330621605284 106.0
62.604821 29.721126 1330621607282 106.0
62.60481 29.721204 1330621609282 106.0
62.604801 29.721289 1330621611271 105.5
62.604796 29.721352 1330621613273 106.5
62.604797 29.721416 1330621615283 109.0
62.60479 29.721474 1330621617285 109.0
62.604775 29.721536 1330621619276 107.5
62.604765 29.721613 1330621621270 107.0
62.604756 29.721683 1330621623271 107.0
62.604752 29.721759 1330621625284 106.5
62.604764 29.721848 1330621627271 108.0
62.60477 29.721945 1330621629280 108.0
62.604774 29.722051 1330621631271 109.5
62.604776 29.722163 1330621633271 110.0
62.604772 29.722268 1330621635270 110.5
62.604769 29.722377 1330621637272 111.0
62.60476 29.722485 1330621639270 110.0
62.604761 29.722567 1330621641280 112.0
62.604748 29.722654 1330621643270 111.5
62.604737 29.72275 1330621645283 111.5
62.604731 29.722822 1330621647272 111.5
62.604723 29.722889 1330621649271 112.0
62.604719 29.722956 1330621651280 113.0
62.604713 29.72303 1330621653277 113.5
62.604703 29.723106 1330621655274 113.0
62.604692 29.723191 1330621657270 112.0
62.604678 29.72328 1330621659276 112.0
62.604662 29.723366 1330621661264 111.0
62.604643 29.72345 1330621663262 110.0
62.604635 29.723489 1330621664276 109.5
62.60462 29.723559 1330621666261 109.0
62.604612 29.723617 1330621668282 108.5
62.604604 29.723684 1330621670276 108.0
62.604598 29.723753 1330621672273 107.0
62.604588 29.723834 1330621674288 106.0
62.604572 29.723904 1330621676269 104.5
62.60457 29.723976 1330621678280 104.0
62.604565 29.724061 1330621680279 103.0
62.604564 29.724125 1330621682262 102.5
62.604561 29.724188 1330621684265 102.5
62.604556 29.724219 1330621686273 102.5
62.604555 29.724238 1330621688264 102.0
62.604555 29.724241 1330621690261 102.0
62.604553 29.724243 1330621692272 102.0
62.604554 29.724258 1330621694270 103.0
62.604555 29.724289 1330621696260 103.5
62.604559 29.724312 1330621697280 104.0
62.604561 29.724375 1330621699280 104.5
62.604567 29.724426 1330621701279 105.5
62.604575 29.724494 1330621703265 106.5
62.604586 29.724583 1330621705260 107.5
62.604588 29.724676 1330621707284 106.5
62.604597 29.724779 1330621709283 108.0
62.604602 29.724873 1330621711261 107.5
62.604605 29.724981 1330621713258 107.5
62.604614 29.72508 1330621715267 109.5
62.604615 29.725199 1330621717255 110.0
62.604624 29.725303 1330621719261 111.0
62.60463 29.725411 1330621721251 112.0
62.604632 29.725523 1330621723251 112.5
62.604628 29.72565 1330621725248 112.0
62.604623 29.725762 1330621727250 112.0
62.604615 29.725872 1330621729251 113.5
62.604614 29.725946 1330621731256 117.0
62.604602 29.726019 1330621733259 117.5
62.604592 29.726096 1330621735273 118.5
62.604575 29.726182 1330621737260 118.0
62.60457 29.726267 1330621739259 118.5
62.604572 29.726357 1330621741270 121.0
62.604568 29.726448 1330621743263 120.5
62.604572 29.72655 1330621745249 120.5
62.604578 29.726661 1330621747250 121.0
62.604586 29.726781 1330621749245 122.0
62.604596 29.726908 1330621751248 121.5
62.604591 29.727014 1330621753247 122.0
62.604573 29.727113 1330621755267 120.0
62.604546 29.727176 1330621757261 117.5
62.604544 29.727248 1330621759243 116.5
62.604539 29.727302 1330621761267 117.0
62.604531 29.727353 1330621763259 115.5
62.604523 29.72739 1330621765252 115.0
62.604523 29.727413 1330621767268 115.5
62.604514 29.727454 1330621769268 116.5
62.604499 29.72749 1330621771255 115.5
62.604485 29.727515 1330621773271 115.5
62.604474 29.727529 1330621775251 115.0
62.604453 29.727575 1330621777248 114.0
62.604439 29.727629 1330621779250 115.0
62.604438 29.72768 1330621781249 116.5
62.604431 29.727709 1330621782264 115.5
62.604412 29.727734 1330621784241 112.0
62.604403 29.727783 1330621786241 112.0
62.604393 29.727856 1330621788248 111.5
62.604377 29.72794 1330621790260 109.5
62.604361 29.728049 1330621792252 109.5
62.604354 29.728137 1330621794239 107.5
62.604336 29.728225 1330621796264 105.0
62.604324 29.728278 1330621798262 99.5
62.604308 29.728371 1330621800240 99.0
62.604291 29.728451 1330621802239 96.0
62.604267 29.728547 1330621804254 93.0
62.604254 29.728632 1330621806242 90.0
62.604253 29.728742 1330621808234 87.0
62.604242 29.728855 1330621810244 86.0
62.604214 29.728964 1330621812237 83.5
62.604198 29.72907 1330621814234 82.0
62.604216 29.729152 1330621816243 80.0
62.604228 29.729244 1330621818243 79.0
62.604221 29.729353 1330621820243 78.5
62.604195 29.729518 1330621822237 79.0
62.604187 29.729676 1330621824231 81.0
62.604193 29.729747 1330621826229 78.5
62.604172 29.729868 1330621828240 79.0
62.604161 29.729986 1330621830239 78.0
62.604116 29.730126 1330621832248 78.5
62.604107 29.730239 1330621834240 81.5
62.604097 29.730328 1330621836237 82.5
62.604081 29.730422 1330621838230 85.0
62.604072 29.730534 1330621840224 87.0
62.604066 29.730636 1330621842239 88.5
62.604067 29.730746 1330621844223 90.5
62.604065 29.730818 1330621846236 92.0
62.604069 29.730916 1330621848238 94.5
62.604066 29.731012 1330621850235 95.0
62.604065 29.731094 1330621852222 96.0
62.604066 29.731181 1330621854230 98.5
62.60407 29.731266 1330621856223 99.5
62.604073 29.731351 1330621858233 100.5
62.604073 29.731435 1330621860248 102.0
62.604057 29.731525 1330621862246 101.5
62.60405 29.731619 1330621864234 102.5
62.604054 29.73171 1330621866221 105.0
62.604045 29.731786 1330621868224 104.0
62.604024 29.731856 1330621870219 102.0
62.604011 29.731939 1330621872230 101.5
62.604002 29.732018 1330621874229 101.5
62.604008 29.732103 1330621876245 101.5
62.603998 29.732194 1330621878242 101.5
62.603991 29.732288 1330621880222 101.0
62.603979 29.732343 1330621882221 98.5
62.603966 29.732427 1330621884216 97.0
62.603961 29.732559 1330621886220 100.0
62.603968 29.732639 1330621888218 101.5
62.603956 29.732719 1330621890214 101.0
62.603948 29.732806 1330621892242 101.5
62.603935 29.732917 1330621894239 100.5
62.603928 29.733018 1330621896222 99.5
62.603906 29.733122 1330621898221 97.5
62.603896 29.733225 1330621900222 96.5
62.603892 29.733299 1330621902241 94.5
62.603872 29.733377 1330621904238 93.5
62.603863 29.733469 1330621906219 93.5
62.603847 29.733555 1330621908212 92.0
62.60385 29.733596 1330621910212 91.5
62.603843 29.733694 1330621912209 92.0
62.603834 29.733791 1330621914219 92.5
62.603828 29.733869 1330621916221 93.0
62.603821 29.733951 1330621918220 93.5
62.603823 29.734053 1330621920218 96.0
62.603818 29.734176 1330621922210 98.0
62.603824 29.734278 1330621924223 98.0
62.60382 29.734361 1330621926210 97.5
62.603813 29.734452 1330621928214 98.0
62.603808 29.734552 1330621930209 98.0
62.603791 29.734667 1330621932205 98.5
62.603761 29.734776 1330621934204 97.5
62.603751 29.734878 1330621936204 100.0
62.603738 29.734947 1330621938211 99.5
62.603746 29.735029 1330621940204 101.5
62.603751 29.735076 1330621941231 102.5
62.603754 29.735165 1330621943201 104.5
62.603743 29.735273 1330621945220 106.0
62.603734 29.735343 1330621947227 106.5
62.603713 29.735413 1330621949208 106.5
62.603699 29.735477 1330621951212 108.0
62.603694 29.735505 1330621952231 108.0
62.603684 29.73558 1330621954224 107.5
62.603679 29.735683 1330621956211 110.0
62.603672 29.735786 1330621958200 112.0
62.603654 29.735873 1330621960209 114.0
62.603638 29.73595 1330621962223 112.0
62.603637 29.736001 1330621964207 110.5
62.603616 29.736081 1330621966207 108.5
62.603607 29.736165 1330621968197 108.5
62.603588 29.736275 1330621970208 107.0
62.603578 29.736398 1330621972207 109.5
62.603565 29.736519 1330621974206 110.0
62.603549 29.736627 1330621976198 109.0
62.603543 29.736717 1330621978208 110.5
62.603538 29.736781 1330621980199 109.5
62.603539 29.736841 1330621982212 107.0
62.603533 29.736888 1330621984201 104.0
62.603535 29.736912 1330621986202 103.5
62.603548 29.736942 1330621988202 102.0
62.603571 29.736964 1330621990203 102.0
62.603588 29.736976 1330621992200 103.0
62.603609 29.736994 1330621994199 104.5
62.603638 29.737005 1330621996202 105.0
62.603663 29.73703 1330621998196 106.5
62.603693 29.737029 1330622000205 107.0
62.603721 29.737025 1330622002211 105.0
62.603765 29.737017 1330622004198 106.0
62.603805 29.737015 1330622006199 107.5
62.603859 29.737 1330622008198 111.0
62.603896 29.736969 1330622010187 110.5
62.603921 29.736933 1330622012196 111.0
62.603967 29.736906 1330622014192 112.0
62.604016 29.736897 1330622016188 112.0
62.604067 29.736874 1330622018184 114.5
62.604109 29.736855 1330622020185 114.5
62.604147 29.736825 1330622022196 115.5
62.604181 29.736796 1330622024182 115.0
62.604215 29.736769 1330622026184 115.0
62.604255 29.73675 1330622028188 115.0
62.604293 29.736735 1330622030187 114.5
62.604337 29.736713 1330622032196 114.5
62.60437 29.736692 1330622034208 113.0
62.604409 29.736667 1330622036180 112.0
62.60445 29.736654 1330622038197 111.0
62.604497 29.736649 1330622040200 109.5
62.60453 29.736645 1330622042184 108.0
62.604554 29.736624 1330622044192 106.0
62.604582 29.736607 1330622046179 104.5
62.604615 29.736599 1330622048179 104.0
62.604652 29.736588 1330622050178 103.0
62.604687 29.736576 1330622052178 101.0
62.604729 29.736557 1330622054186 101.0
62.604779 29.73654 1330622056186 101.5
62.604834 29.736517 1330622058179 104.0
62.604876 29.736511 1330622060188 105.5
62.604914 29.736482 1330622062181 105.5
62.604969 29.736445 1330622064179 109.0
62.605016 29.736403 1330622066175 112.0
62.605062 29.736346 1330622068174 114.5
62.605088 29.736292 1330622070186 112.0
62.605122 29.736248 1330622072176 113.0
62.605159 29.736197 1330622074175 114.0
62.6052 29.736135 1330622076171 114.5
62.605229 29.736092 1330622078180 114.5
62.60525 29.736044 1330622080170 112.5
62.605283 29.735991 1330622082187 112.5
62.60533 29.735914 1330622084186 112.0
62.605364 29.735886 1330622086166 112.0
62.605395 29.735865 1330622088185 112.5
62.605431 29.735831 1330622090184 111.0
62.605484 29.735799 1330622092177 111.0
62.605525 29.735764 1330622094170 111.0
62.605566 29.735736 1330622096180 111.5
62.605599 29.735703 1330622098183 111.0
62.60564 29.735659 1330622100167 111.5
62.605684 29.735615 1330622102178 112.5
62.605721 29.735549 1330622104181 111.5
62.605759 29.735493 1330622106165 111.0
62.605785 29.735445 1330622108170 110.5
62.605824 29.735383 1330622110165 111.5
62.605864 29.735328 1330622112175 112.0
62.605899 29.73528 1330622114171 112.5
62.605932 29.735232 1330622116167 112.0
62.605977 29.735182 1330622118176 113.0
62.606029 29.735137 1330622120176 115.0
62.606072 29.735095 1330622122168 115.0
62.606114 29.735055 1330622124182 114.5
62.606139 29.735036 1330622126190 114.0
62.606179 29.735005 1330622128165 113.5
62.606223 29.734966 1330622130165 114.5
62.606285 29.734926 1330622132184 116.5
62.606338 29.734881 1330622134179 116.0
62.606385 29.734842 1330622136161 117.0
62.606429 29.734803 1330622138171 118.0
62.606467 29.734755 1330622140170 117.5
62.606508 29.734723 1330622142189 117.0
62.606548 29.73469 1330622144176 117.0
62.606594 29.734654 1330622146159 117.0
62.606637 29.734632 1330622148169 117.5
62.606676 29.734595 1330622150160 119.5
62.606713 29.734558 1330622152158 120.5
62.606755 29.734517 1330622154171 120.5
62.606796 29.734474 1330622156170 121.5
62.606836 29.734443 1330622158172 121.5
62.606872 29.734413 1330622160163 120.5
62.6069 29.734388 1330622162157 118.5
62.606935 29.734355 1330622164165 117.5
62.606979 29.734322 1330622166165 117.5
62.607015 29.734288 1330622168155 117.5
62.607052 29.734256 1330622170154 116.5
62.607096 29.734213 1330622172162 116.0
62.607137 29.734179 1330622174154 116.0
62.607174 29.734149 1330622176162 115.5
62.607205 29.73412 1330622178161 113.5
62.607249 29.734086 1330622180154 112.0
62.607309 29.734051 1330622182166 112.5
62.607358 29.734027 1330622184147 109.5
62.607402 29.734007 1330622186153 106.0
62.60744 29.733988 1330622188149 102.5
62.607483 29.733956 1330622190148 102.0
62.60754 29.733938 1330622192151 104.5
62.607553 29.733924 1330622193174 102.5
62.607582 29.733877 1330622195151 101.0
62.607635 29.73382 1330622197162 101.0
62.607689 29.73376 1330622199148 102.0
62.607741 29.733699 1330622201155 103.5
62.607776 29.733652 1330622203145 102.5
62.607825 29.733607 1330622205144 104.5
62.607855 29.733554 1330622207153 103.0
62.607901 29.733498 1330622209146 103.5
62.607938 29.733426 1330622211147 102.0
62.60798 29.733378 1330622213151 102.5
62.608026 29.733331 1330622215162 104.0
62.608059 29.733299 1330622217152 101.5
62.60809 29.733256 1330622219146 100.0
62.608134 29.733208 1330622221143 101.5
62.608154 29.733178 1330622222166 102.0
62.608172 29.733126 1330622224157 100.0
62.608195 29.733075 1330622226146 99.0
62.608226 29.732975 1330622228144 99.0
62.608271 29.732927 1330622230140 101.0
62.608312 29.732863 1330622232150 103.5
62.60835 29.732793 1330622234148 106.5
62.608378 29.732717 1330622236138 107.5
62.608411 29.732637 1330622238139 108.5
62.608451 29.732564 1330622240140 112.5
62.608486 29.732529 1330622242140 113.5
62.608529 29.732501 1330622244149 115.0
62.608567 29.732481 1330622246159 115.5
62.608603 29.732455 1330622248147 115.5
62.608626 29.732437 1330622250138 112.5
62.608639 29.732421 1330622251159 112.0
62.608666 29.732376 1330622253151 111.5
62.608692 29.732345 1330622255150 111.5
62.608706 29.732316 1330622257146 111.0
62.60872 29.73229 1330622259144 110.5
62.608745 29.732255 1330622261135 110.0
62.608756 29.73224 1330622263145 110.5
62.608779 29.732209 1330622265142 109.0
62.608831 29.732163 1330622267141 111.5
62.608858 29.732124 1330622269144 110.5
62.608905 29.732061 1330622271135 110.5
62.608942 29.732006 1330622273133 111.0
62.608986 29.731969 1330622275151 111.5
62.609017 29.731932 1330622277153 110.5
62.609051 29.731872 1330622279134 109.5
62.609086 29.731828 1330622281142 108.5
62.609115 29.731793 1330622283143 106.5
62.609151 29.731757 1330622285134 106.0
62.609188 29.731718 1330622287140 106.0
62.609231 29.731661 1330622289130 104.5
62.609275 29.731621 1330622291131 106.0
62.609323 29.731578 1330622293126 107.0
62.609367 29.731544 1330622295151 108.0
62.609403 29.731503 1330622297154 106.5
62.609435 29.731465 1330622299164 105.0
62.609479 29.73142 1330622301129 105.5
62.609513 29.731381 1330622303142 104.5
62.609542 29.731344 1330622305136 104.5
62.609579 29.731306 1330622307124 104.0
62.609616 29.731264 1330622309137 102.5
62.609649 29.731224 1330622311137 101.5
62.609686 29.731194 1330622313134 99.5
62.609733 29.731161 1330622315124 100.0
62.60981 29.731094 1330622318128 104.5
62.609848 29.731059 1330622320125 105.0
62.609897 29.731022 1330622322152 107.0
62.609937 29.730976 1330622324137 108.5
62.609967 29.730912 1330622326147 106.5
62.610005 29.730856 1330622328148 106.5
62.610043 29.730811 1330622330134 107.0
62.610079 29.730779 1330622332124 107.5
62.610127 29.730727 1330622334136 109.0
62.610168 29.730682 1330622336148 109.5
62.610198 29.730639 1330622338125 108.5
62.610241 29.730596 1330622340124 110.5
62.610269 29.730543 1330622342137 109.0
62.610282 29.730493 1330622344143 107.0
62.610294 29.730441 1330622346119 105.0
62.610312 29.730399 1330622348126 105.0
62.61033 29.73036 1330622350121 105.0
62.610359 29.730318 1330622352120 104.5
62.610384 29.73027 1330622354118 105.0
62.610399 29.730231 1330622356118 106.0
62.610412 29.730228 1330622358117 108.5
62.610417 29.730209 1330622360126 110.0
62.610418 29.730171 1330622362112 110.0
62.610418 29.730167 1330622363137 110.0
62.610416 29.730162 1330622365156 109.5
62.610417 29.730159 1330622367128 109.5
62.610418 29.730157 1330622369140 109.5
62.610419 29.730155 1330622371121 109.5
62.610419 29.730154 1330622374125 109.5
62.610419 29.730154 1330622376127 109.0
62.61042 29.730154 1330622378126 109.0
62.61042 29.730153 1330622380125 109.0
62.61042 29.730152 1330622382138 109.0
62.61042 29.730151 1330622384125 109.0
62.61042 29.73015 1330622385150 109.0
62.61042 29.73015 1330622387121 109.0
62.610417 29.730147 1330622389129 109.0
62.610429 29.730153 1330622391125 109.0
62.610432 29.730144 1330622393122 109.0
62.610438 29.730136 1330622395134 109.0
62.610448 29.730112 1330622397136 108.5
62.610458 29.730098 1330622399127 108.0
62.610475 29.730076 1330622401120 107.5
62.610498 29.730045 1330622403136 106.5
62.610522 29.730009 1330622405116 106.5
62.610553 29.729977 1330622407123 106.0
62.610588 29.729938 1330622409119 106.5
62.610634 29.729887 1330622411111 106.0
62.610677 29.729846 1330622413113 105.5
62.610721 29.7298 1330622415135 105.5
62.610765 29.72976 1330622417115 104.5
62.61081 29.729702 1330622419109 105.0
62.610857 29.729657 1330622421109 105.5
62.610904 29.7296 1330622423108 107.0
62.610946 29.729543 1330622425116 107.5
62.610988 29.729493 1330622427116 107.0
62.611032 29.729438 1330622429105 107.5
62.611065 29.729381 1330622431105 107.0
62.611111 29.729316 1330622433105 108.0
62.611151 29.72927 1330622435103 106.5
62.611193 29.72921 1330622437103 105.5
62.611234 29.729176 1330622439115 105.5
62.61127 29.729141 1330622441104 105.0
62.611308 29.7291 1330622443104 105.0
62.611351 29.72905 1330622445105 105.5
62.611394 29.728987 1330622447104 106.0
62.611441 29.728916 1330622449104 105.5
62.611486 29.728862 1330622451102 105.0
62.611538 29.728787 1330622453101 102.0
62.611605 29.728718 1330622455117 102.0
62.611625 29.728657 1330622457103 100.5
62.611646 29.728627 1330622458127 101.5
62.611677 29.728557 1330622460126 102.5
62.611695 29.728499 1330622462103 102.0
62.611719 29.728444 1330622464110 104.0
62.611745 29.728387 1330622466106 105.5
62.611778 29.728311 1330622468099 107.0
62.611805 29.728224 1330622470101 109.0
62.611838 29.728155 1330622472096 109.0
62.611872 29.728034 1330622474100 109.5
62.611927 29.727923 1330622476096 110.0
62.611986 29.727798 1330622478095 111.5
62.612009 29.727694 1330622480094 113.0
62.612039 29.727642 1330622482093 113.5
62.612057 29.727588 1330622484093 114.0
62.612076 29.727525 1330622486095 114.0
62.612101 29.727461 1330622488094 113.5
62.612132 29.727398 1330622490101 113.0
62.612154 29.72731 1330622492107 113.5
62.612187 29.727248 1330622494107 113.0
62.61222 29.727197 1330622496092 112.5
62.612258 29.727149 1330622498099 112.5
62.612296 29.727092 1330622500089 112.0
62.612341 29.727048 1330622502101 111.0
62.612382 29.727011 1330622504091 110.0
62.612435 29.726975 1330622506086 110.0
62.612481 29.726943 1330622508095 109.5
62.612521 29.726902 1330622510096 109.0
62.612555 29.72686 1330622512098 108.0
62.612592 29.726819 1330622514090 107.5
62.612633 29.726769 1330622516097 108.0
62.612675 29.726705 1330622518103 108.5
62.612724 29.726642 1330622520096 110.0
62.612758 29.726591 1330622522090 109.0
62.612792 29.726537 1330622524088 109.0
62.612823 29.726486 1330622526091 108.5
62.612863 29.726431 1330622528084 109.5
62.612903 29.726373 1330622530083 111.5
62.612935 29.726305 1330622532083 111.5
62.612977 29.726239 1330622534086 113.0
62.61301 29.726188 1330622536085 113.0
62.613032 29.726123 1330622538107 112.5
62.613077 29.726081 1330622540084 114.0
62.613104 29.726031 1330622542080 113.5
62.613136 29.725974 1330622544079 113.0
62.61317 29.725932 1330622546091 112.0
62.613196 29.725879 1330622548088 111.5
62.613226 29.725821 1330622550107 111.0
62.61326 29.725774 1330622552091 111.0
62.613298 29.725717 1330622554100 110.5
62.613333 29.725658 1330622556084 112.0
62.613362 29.725583 1330622558088 113.5
62.613387 29.72551 1330622560093 115.0
62.613403 29.725429 1330622562108 116.0
62.61342 29.725346 1330622564075 116.5
62.613433 29.725253 1330622566080 116.5
62.613454 29.725162 1330622568080 117.5
62.613478 29.725066 1330622570075 119.5
62.613495 29.724985 1330622572083 119.5
62.613511 29.724875 1330622574084 121.5
62.613515 29.724775 1330622576085 121.5
62.613507 29.724674 1330622578087 121.5
62.613494 29.724599 1330622580087 120.5
62.613483 29.724518 1330622582084 121.0
62.613456 29.724445 1330622584094 119.5
62.613438 29.724377 1330622586071 120.5
62.613424 29.724321 1330622588085 120.5
62.613399 29.724229 1330622590081 120.5
62.613384 29.72413 1330622592081 119.5
62.613375 29.724034 1330622594086 120.0
62.613359 29.723926 1330622596069 119.5
62.613359 29.723828 1330622598081 119.5
62.613335 29.723723 1330622600081 116.5
62.613323 29.723602 1330622602082 116.5
62.613309 29.723487 1330622604081 113.5
62.613307 29.723374 1330622606096 114.0
62.6133 29.723262 1330622608097 113.5
62.613279 29.723165 1330622610078 111.5
62.613261 29.723089 1330622612076 108.5
62.613247 29.723005 1330622614091 108.5
62.613229 29.72292 1330622616071 107.5
62.613214 29.722795 1330622618074 107.0
62.613209 29.722667 1330622620065 106.5
62.613212 29.722556 1330622622077 108.5
62.613208 29.72244 1330622624071 107.5
62.613204 29.722339 1330622626063 106.5
62.613196 29.722252 1330622628062 106.5
62.613184 29.722171 1330622630063 106.5
62.613178 29.722109 1330622632077 107.5
62.613164 29.722039 1330622634073 107.0
62.613147 29.721954 1330622636086 107.0
62.613121 29.721857 1330622638062 106.0
62.613112 29.721755 1330622640061 110.0
62.613099 29.721671 1330622642085 111.5
62.613077 29.72159 1330622644075 111.0
62.613049 29.7215 1330622646058 109.5
62.613028 29.721433 1330622648057 109.5
62.613008 29.721353 1330622650058 108.0
62.612986 29.721255 1330622652061 106.5
62.612962 29.721159 1330622654060 107.0
62.612964 29.721087 1330622656063 108.0
62.612956 29.720982 1330622658066 108.5
62.612936 29.720871 1330622660063 108.0
62.612921 29.72078 1330622662066 106.5
62.612911 29.720686 1330622664079 107.5
62.612882 29.720591 1330622666080 105.5
62.612859 29.720502 1330622668066 105.5
62.612837 29.720424 1330622670065 105.0
62.612814 29.720354 1330622672052 104.0
62.612796 29.720269 1330622674055 103.0
62.612769 29.720154 1330622676054 101.0
62.612744 29.720039 1330622678061 101.0
62.612717 29.719933 1330622680068 102.0
62.612682 29.719848 1330622682073 103.5
62.612658 29.71976 1330622684050 106.0
62.612607 29.719687 1330622686049 106.0
62.612569 29.719624 1330622688050 106.5
62.612535 29.719556 1330622690061 108.0
62.612486 29.719497 1330622692058 109.5
62.612436 29.719449 1330622694063 110.5
62.612378 29.719416 1330622696048 110.5
62.612357 29.719394 1330622698046 111.5
62.612345 29.719386 1330622700058 112.5
62.612328 29.719386 1330622702045 112.0
62.612311 29.719375 1330622704061 112.0
62.612293 29.719367 1330622706059 111.5
62.612275 29.719361 1330622708055 111.0
62.612248 29.719359 1330622710054 111.0
62.612213 29.719368 1330622712054 112.0
62.612164 29.719363 1330622714052 112.0
62.612129 29.719353 1330622716042 111.5
62.612108 29.719331 1330622718042 112.0
62.61208 29.719343 1330622720040 112.5
62.612028 29.719349 1330622722054 109.5
62.611986 29.719372 1330622724047 107.5
62.611967 29.719389 1330622726036 107.0
62.611953 29.719397 1330622727055 106.5
62.611909 29.719435 1330622729036 103.5
62.611884 29.719449 1330622731055 104.0
62.611839 29.719483 1330622733065 101.0
62.611811 29.719525 1330622735040 102.0
62.611765 29.719584 1330622737043 101.0
62.611729 29.719625 1330622739037 101.5
62.611672 29.719675 1330622741045 102.5
62.611623 29.71972 1330622743033 102.0
62.611586 29.719755 1330622745044 103.0
62.61156 29.71978 1330622747042 103.0
62.611523 29.719817 1330622749032 103.0
62.611488 29.719844 1330622751042 104.5
62.611445 29.719883 1330622753039 106.5
62.611394 29.719894 1330622755030 104.5
62.611348 29.71991 1330622757042 102.5
62.611317 29.719938 1330622759039 102.5
62.611288 29.719961 1330622761037 103.0
62.611267 29.719999 1330622763040 105.5
62.611258 29.720034 1330622765040 109.0
62.611246 29.720074 1330622767041 111.5
62.611211 29.720117 1330622769041 111.0
62.611178 29.720143 1330622771025 110.5
62.611112 29.720182 1330622773036 108.5
62.611047 29.720227 1330622775035 107.0
62.611017 29.720258 1330622777036 107.0
62.610984 29.720283 1330622779035 109.0
62.610949 29.720298 1330622781045 109.0
62.610884 29.720337 1330622783042 110.0
62.61082 29.720349 1330622785028 109.5
62.610783 29.720337 1330622787035 109.0
62.610735 29.720328 1330622789026 106.5
62.610719 29.720305 1330622791032 105.0
62.610698 29.7203 1330622793022 105.5
62.610683 29.720302 1330622795031 104.5
62.610627 29.720305 1330622797020 102.0
62.610596 29.720311 1330622799018 103.5
62.610562 29.720306 1330622801029 101.5
62.610527 29.720281 1330622803031 97.5
62.610509 29.720275 1330622805017 96.5
62.610492 29.720304 1330622807017 96.0
62.610469 29.720324 1330622809014 95.5
62.610464 29.72032 1330622811029 95.0
62.610453 29.720309 1330622813042 94.0
62.610469 29.720284 1330622815043 93.0
62.610462 29.720266 1330622817042 93.5
62.610415 29.720233 1330622819039 92.5
62.610349 29.720229 1330622821045 92.5
62.610305 29.720205 1330622823027 91.0
62.61027 29.720174 1330622825039 90.0
62.610235 29.720151 1330622827026 86.5
62.610229 29.72015 1330622829024 88.0
62.61022 29.720143 1330622831022 91.5
62.610214 29.72012 1330622833021 93.5
62.610108 29.720212 1330622835010 98.0
62.610095 29.720214 1330622837019 99.5
62.610084 29.720212 1330622839034 101.0
62.610054 29.720244 1330622841023 104.0
62.610029 29.72026 1330622843036 102.5
62.610018 29.720273 1330622845027 102.5
62.610011 29.720301 1330622847025 102.0
62.609987 29.720345 1330622849031 101.0
62.609976 29.720401 1330622851026 102.5
62.609972 29.720469 1330622853024 104.0
62.609946 29.720545 1330622855046 102.5
62.609936 29.720624 1330622857021 106.0
62.609916 29.720676 1330622859019 105.0
62.609889 29.720728 1330622861018 104.5
62.609864 29.72079 1330622863008 104.5
62.609836 29.720837 1330622865012 104.5
62.609812 29.720886 1330622867017 104.5
62.609763 29.720939 1330622869006 105.0
62.609724 29.720983 1330622871006 105.0
62.60969 29.721026 1330622873005 105.0
62.609668 29.721074 1330622875012 108.0
62.609661 29.721108 1330622876030 108.0
62.609634 29.721148 1330622878011 109.5
62.609613 29.721188 1330622880026 109.0
62.609589 29.721248 1330622882034 109.0
62.60957 29.721307 1330622884002 110.5
62.609538 29.721384 1330622886016 108.5
62.60951 29.72145 1330622888014 108.5
62.609472 29.721526 1330622890011 105.5
62.609469 29.721568 1330622892006 108.0
62.609434 29.721616 1330622894013 108.0
62.609403 29.721664 1330622896023 108.5
62.60939 29.721684 1330622898014 112.0
62.609348 29.721704 1330622900015 113.5
62.609309 29.721716 1330622902019 113.0
62.609273 29.721734 1330622904005 113.5
62.609221 29.721756 1330622906025 113.5
62.609178 29.721745 1330622908015 112.0
62.60916 29.721726 1330622910002 115.0
62.609114 29.721695 1330622911999 114.0
62.609073 29.721664 1330622914000 112.5
62.609029 29.721641 1330622915997 111.5
62.60899 29.721637 1330622917996 111.0
62.608975 29.72162 1330622919996 110.0
62.608944 29.721619 1330622922007 108.5
62.608913 29.721629 1330622924012 109.0
62.60885 29.72165 1330622926015 111.0
62.608809 29.72166 1330622927993 112.0
62.608772 29.72167 1330622929991 113.0
62.60873 29.721687 1330622931995 114.0
62.608688 29.721709 1330622934005 115.5
62.608663 29.721714 1330622936003 116.5
62.608612 29.721744 1330622938006 120.0
62.608576 29.72176 1330622939999 120.5
62.608541 29.721759 1330622941993 120.5
62.608504 29.721777 1330622944002 122.0
62.608455 29.721786 1330622945995 121.0
62.608412 29.721798 1330622948000 121.5
62.608382 29.721794 1330622950001 122.0
62.608356 29.721785 1330622951990 123.5
62.608332 29.721776 1330622954000 125.0
62.608285 29.721743 1330622956001 123.0
62.60824 29.721702 1330622957999 121.5
62.608189 29.721653 1330622959996 119.0
62.608147 29.721608 1330622961985 118.0
62.608119 29.721552 1330622963999 118.5
62.608075 29.721495 1330622965988 118.5
62.608011 29.721464 1330622967990 120.5
62.607957 29.721415 1330622969993 118.5
62.60789 29.721375 1330622971983 117.5
62.607839 29.721334 1330622973992 117.5
62.60779 29.721306 1330622975985 117.0
62.607707 29.721293 1330622977994 116.5
62.607666 29.721264 1330622979981 116.0
62.607618 29.72124 1330622982002 113.5
62.607571 29.721221 1330622983984 110.5
62.60753 29.72121 1330622985977 110.5
62.607489 29.72119 1330622987977 110.0
62.607436 29.721169 1330622989977 108.0
62.6074 29.721141 1330622991977 109.0
62.60736 29.721104 1330622993988 107.5
62.607326 29.72107 1330622995991 107.5
62.60729 29.721032 1330622997990 107.0
62.607252 29.720986 1330622999998 107.0
62.607204 29.72095 1330623001976 107.5
62.607149 29.720915 1330623003991 108.0
62.6071 29.720856 1330623005981 107.0
62.607058 29.720811 1330623007973 107.5
62.607024 29.720756 1330623009975 107.5
62.606991 29.720705 1330623011973 107.5
62.606949 29.720649 1330623013971 107.5
62.606909 29.720594 1330623015971 107.0
62.606856 29.720533 1330623017971 105.5
62.606803 29.720484 1330623019977 103.5
62.606751 29.72043 1330623021971 102.5
62.606707 29.720375 1330623023981 101.0
62.606662 29.720318 1330623025984 100.5
62.606625 29.720269 1330623027967 101.0
62.606579 29.720225 1330623029971 101.5
62.606535 29.720169 1330623031984 99.5
62.606489 29.720128 1330623033983 100.0
62.606436 29.720092 1330623035968 99.5
62.606392 29.720073 1330623037968 99.5
62.606348 29.720073 1330623039967 99.5
62.60631 29.720082 1330623041978 100.0
62.606272 29.720092 1330623043966 100.5
62.606236 29.720106 1330623045977 101.0
62.60621 29.720121 1330623047977 102.5
62.60618 29.720139 1330623049977 104.0
62.606152 29.72015 1330623051978 105.0
62.606127 29.72016 1330623053979 104.5
62.606091 29.720168 1330623055962 105.5
62.606067 29.720172 1330623057973 107.0
62.60605 29.720174 1330623059961 109.5
62.606011 29.720179 1330623061963 108.5
62.605982 29.720182 1330623063960 108.5
62.605952 29.720185 1330623065959 108.0
62.605929 29.720185 1330623067960 108.0
62.605896 29.720188 1330623069968 108.0
62.605858 29.720183 1330623071970 106.0
62.605819 29.720191 1330623073956 106.5
62.605786 29.720195 1330623075957 106.5
62.605764 29.720192 1330623077966 107.0
62.605721 29.720197 1330623079969 105.5
62.605693 29.720202 1330623081963 106.5
62.605674 29.720204 1330623083955 109.0
62.605648 29.720203 1330623085962 110.0
62.605631 29.720212 1330623087965 113.5
62.605582 29.72023 1330623089964 112.5
62.605584 29.720222 1330623091978 116.0
62.605556 29.720236 1330623093973 116.0
62.605526 29.720249 1330623095959 115.5
62.605511 29.720265 1330623097961 117.0
62.605475 29.720287 1330623099959 116.5
62.605441 29.720303 1330623101972 116.0
62.605413 29.720323 1330623103960 115.5
62.605384 29.72034 1330623105960 115.0
62.605356 29.720353 1330623107948 114.5
62.605327 29.720364 1330623109960 115.0
62.605304 29.720381 1330623111974 115.0
62.605267 29.720398 1330623113971 113.0
62.605255 29.720427 1330623115958 114.5
62.605239 29.720448 1330623117948 114.0
62.605231 29.720459 1330623118973 114.0
62.60521 29.720497 1330623120969 115.0
62.605184 29.720537 1330623122960 114.0
62.605169 29.720575 1330623124955 116.0
62.605145 29.720613 1330623126947 115.5
62.605112 29.720691 1330623128957 117.5
62.605084 29.720742 1330623130956 115.5
62.605058 29.720779 1330623132945 112.5
62.605042 29.720813 1330623134944 111.5
62.605022 29.720874 1330623136956 112.0
62.604985 29.72094 1330623138942 108.5
62.604957 29.721012 1330623140940 106.5
62.604938 29.721089 1330623142945 105.5
62.60493 29.721127 1330623143961 104.5
62.604924 29.721191 1330623145947 104.5
62.604915 29.721257 1330623147956 104.0
62.604882 29.721363 1330623149956 104.0
62.604871 29.721442 1330623151955 104.5
62.604864 29.721508 1330623153939 104.0
62.60486 29.721552 1330623154959 103.5
62.604829 29.721644 1330623156952 102.5
62.604814 29.72172 1330623158947 103.0
62.604802 29.721779 1330623160937 102.5
62.604795 29.721839 1330623162935 102.0
62.604788 29.721905 1330623164936 100.5
62.604781 29.721992 1330623166936 100.0
62.604776 29.722078 1330623168935 98.5
62.604773 29.722169 1330623170949 98.5
62.604765 29.722269 1330623172951 98.0
62.604754 29.722369 1330623174942 97.0
62.604744 29.722463 1330623176948 96.5
62.604732 29.722538 1330623178946 95.5
62.604722 29.722623 1330623180936 95.0
62.604714 29.722711 1330623182931 95.0
62.604705 29.722805 1330623184945 95.5
62.6047 29.722886 1330623186933 95.5
62.604685 29.722964 1330623188932 95.5
62.604674 29.723046 1330623190931 95.5
62.604662 29.723125 1330623192951 95.5
62.604645 29.723211 1330623194934 95.5
62.604632 29.723288 1330623196932 95.0
62.604613 29.72337 1330623198930 95.0
62.604602 29.723449 1330623200941 95.0
62.604589 29.723517 1330623202937 95.5
62.604579 29.723572 1330623204927 96.0
62.604575 29.723632 1330623206932 96.5
62.604571 29.723693 1330623208927 97.0
62.60457 29.72373 1330623209955 97.0
62.604569 29.723815 1330623211942 97.5
62.604569 29.723902 1330623213926 97.5
62.604568 29.72397 1330623215926 97.5
62.604566 29.724049 1330623217924 97.0
62.604567 29.724135 1330623219937 97.0
62.604567 29.724224 1330623221937 97.0
62.604566 29.724278 1330623223923 97.5
62.604567 29.724272 1330623225922 97.5
62.604569 29.724259 1330623227922 98.0
62.604567 29.724279 1330623229920 97.5
62.604569 29.724299 1330623231934 97.5
62.604579 29.724317 1330623233949 95.0
62.604572 29.724343 1330623235945 96.5
62.604572 29.724387 1330623237945 96.5
62.604576 29.724443 1330623239935 97.0
62.604578 29.724485 1330623241923 97.0
62.60458 29.724529 1330623243923 97.5
62.604581 29.72456 1330623244943 98.0
62.604582 29.724635 1330623246920 99.0
62.604583 29.724721 1330623248920 99.5
62.604583 29.724813 1330623250918 99.5
62.604584 29.72486 1330623251934 99.5
62.604589 29.724957 1330623253930 100.0
62.604589 29.725053 1330623255919 100.0
62.604593 29.725157 1330623257928 101.5
62.604593 29.725252 1330623259913 102.0
62.604597 29.725357 1330623261918 103.5
62.604597 29.725406 1330623262943 103.0
62.604599 29.725515 1330623264931 103.5
62.604599 29.725633 1330623266919 103.0
62.604594 29.725752 1330623268927 101.5
62.604584 29.725869 1330623270943 100.0
62.604567 29.725977 1330623272932 99.5
62.604548 29.726082 1330623274914 99.0
62.604525 29.726164 1330623276912 96.5
62.604506 29.726253 1330623278923 96.0
62.604492 29.726334 1330623280916 95.5
62.604489 29.726379 1330623281934 95.0
62.60449 29.726475 1330623283926 96.5
62.604486 29.726564 1330623285924 97.0
62.604489 29.726654 1330623287912 97.5
62.604491 29.726703 1330623288941 98.0
62.604523 29.726813 1330623290925 100.0
62.604543 29.726927 1330623292913 101.5
62.604551 29.727042 1330623294912 101.5
62.604558 29.727143 1330623296911 101.5
62.604559 29.72725 1330623298921 100.5
62.604548 29.727302 1330623300910 101.5
62.604543 29.727367 1330623302923 100.5
62.604537 29.727418 1330623304917 99.5
62.60454 29.727464 1330623306907 100.0
62.604542 29.727496 1330623308916 100.5
62.604531 29.727523 1330623310907 100.0
62.604533 29.727592 1330623312916 104.0
62.604527 29.727623 1330623314916 105.0
62.604513 29.72765 1330623316913 104.5
62.604498 29.727678 1330623318929 105.0
62.604471 29.727705 1330623320931 103.5
62.604446 29.727744 1330623322917 102.0
62.604416 29.727779 1330623324921 98.5
62.604405 29.727892 1330623326915 96.0
62.604389 29.727966 1330623328925 94.5
62.604379 29.72805 1330623330905 94.0
62.604374 29.728141 1330623332907 93.5
62.604369 29.728248 1330623334912 92.5
62.604365 29.728363 1330623336902 93.0
62.60435 29.728501 1330623338901 94.0
62.604339 29.728616 1330623340900 94.5
62.604329 29.72868 1330623341931 95.0
62.604328 29.728791 1330623343910 95.0
62.604314 29.728887 1330623345911 96.0
62.604307 29.72898 1330623347907 97.5
62.604303 29.729083 1330623349899 98.0
62.604296 29.729185 1330623351894 100.0
62.604308 29.729286 1330623353922 100.0
62.604318 29.729405 1330623355928 101.0
62.604308 29.729517 1330623357896 102.5
62.604293 29.729646 1330623359898 103.5
62.604284 29.72976 1330623361904 102.5
62.604285 29.729893 1330623363893 101.5
62.604288 29.73002 1330623365892 100.5
62.604284 29.730163 1330623367901 100.0
62.604255 29.730267 1330623369897 100.0
62.604234 29.730381 1330623371903 99.5
62.604216 29.730503 1330623373894 100.0
62.60419 29.730599 1330623375889 100.5
62.604186 29.730703 1330623377896 100.0
62.604199 29.730814 1330623379895 100.5
62.604189 29.73091 1330623381896 100.0
62.604182 29.730997 1330623383898 100.0
62.604168 29.731062 1330623385898 101.0
62.604156 29.731124 1330623387904 101.5
62.604146 29.731191 1330623389894 100.0
62.604138 29.731237 1330623390913 99.5
62.604136 29.731311 1330623392897 100.5
62.604113 29.73138 1330623394898 99.5
62.604106 29.731457 1330623396889 99.5
62.604107 29.731532 1330623398886 99.0
62.604093 29.731632 1330623400896 98.5
62.604073 29.731729 1330623402898 97.0
62.604059 29.731828 1330623404899 97.0
62.604053 29.731906 1330623406897 98.0
62.604043 29.731973 1330623408884 97.0
62.604053 29.73208 1330623410895 99.0
62.604054 29.732176 1330623412898 99.0
62.604041 29.73228 1330623414915 100.5
62.604034 29.732374 1330623416890 100.5
62.604019 29.73246 1330623418894 99.5
62.604022 29.732534 1330623420893 98.0
62.604012 29.732612 1330623422882 96.0
62.604007 29.732714 1330623424893 96.5
62.604002 29.73281 1330623426890 97.5
62.603992 29.732898 1330623428886 98.0
62.603988 29.732986 1330623430886 98.0
62.603972 29.733078 1330623432887 97.0
62.603955 29.733175 1330623434891 97.5
62.603937 29.733269 1330623436884 95.5
62.603928 29.733359 1330623438873 94.0
62.603923 29.733454 1330623440874 93.0
62.603941 29.733557 1330623442872 95.5
62.603947 29.733642 1330623444883 96.5
62.603947 29.733735 1330623446901 96.5
62.603945 29.733824 1330623448888 98.5
62.60394 29.733931 1330623450888 98.5
62.603941 29.734028 1330623452898 98.0
62.603928 29.734123 1330623454894 97.0
62.603929 29.734209 1330623456880 98.5
62.603913 29.73429 1330623458878 98.5
62.603914 29.734391 1330623460881 99.5
62.603896 29.734428 1330623461899 99.0
62.603882 29.734523 1330623463886 99.0
62.603861 29.73462 1330623465878 99.0
62.603859 29.734721 1330623467886 100.5
62.603825 29.73481 1330623469892 98.0
62.603815 29.734902 1330623471867 98.5
62.603805 29.734986 1330623473869 99.0
62.603805 29.735033 1330623474890 99.0
62.603804 29.735127 1330623476896 99.0
62.603803 29.735206 1330623478873 98.0
62.60382 29.735312 1330623480867 102.5
62.603831 29.735421 1330623482886 107.0
62.603818 29.73552 1330623484877 107.5
62.603823 29.735616 1330623486876 110.0
62.603798 29.735691 1330623488882 111.0
62.603771 29.735765 1330623490876 109.5
62.603744 29.735852 1330623492871 109.0
62.603723 29.735941 1330623494871 107.0
62.603712 29.73603 1330623496860 106.0
62.603724 29.736126 1330623498865 108.5
62.603722 29.736217 1330623500870 107.5
62.603713 29.7363 1330623502871 105.5
62.603706 29.736386 1330623504887 105.0
62.603698 29.736482 1330623506888 105.0
62.603696 29.736573 1330623508869 105.0
62.603684 29.73666 1330623510868 104.0
62.603681 29.736708 1330623511886 103.5
62.603679 29.736802 1330623513876 103.0
62.603663 29.736884 1330623515866 102.0
62.603637 29.736961 1330623517856 99.0
62.603616 29.737008 1330623519855 97.0
62.603606 29.737037 1330623521887 95.5
62.603614 29.737064 1330623523865 97.0
62.603621 29.73708 1330623525870 98.0
62.603635 29.737109 1330623527869 99.0
62.603655 29.737137 1330623529878 99.5
62.603672 29.737152 1330623531881 99.5
62.603694 29.73716 1330623533878 100.0
62.60372 29.73716 1330623535869 100.0
62.603746 29.737156 1330623537879 100.5
62.603781 29.737142 1330623539864 100.0
62.603814 29.737124 1330623541881 100.0
62.60385 29.737111 1330623543869 101.5
62.603886 29.737089 1330623545853 102.5
62.603924 29.737059 1330623547852 104.0
62.603955 29.73703 1330623549860 103.0
62.603994 29.736993 1330623551863 103.0
62.604038 29.736947 1330623553854 105.0
62.604076 29.73691 1330623555869 103.5
62.604117 29.736875 1330623557876 103.5
62.604158 29.736843 1330623559862 104.0
62.604183 29.736818 1330623561861 101.0
62.604217 29.736789 1330623563869 100.0
62.604251 29.736769 1330623565872 98.5
62.604294 29.736745 1330623567858 99.5
62.604349 29.736723 1330623569850 102.5
62.604384 29.7367 1330623571852 101.0
62.604434 29.736684 1330623573875 102.5
62.604471 29.736671 1330623575859 101.5
62.604508 29.736656 1330623577857 100.5
62.604552 29.736625 1330623579860 101.0
62.604587 29.736603 1330623581876 100.5
62.604624 29.736586 1330623583849 100.0
62.604659 29.736579 1330623585867 99.5
62.604709 29.73657 1330623587875 102.0
62.604758 29.736563 1330623589863 102.5
62.604798 29.736552 1330623591854 101.0
62.604845 29.736532 1330623593855 102.5
62.604889 29.736503 1330623595855 103.5
62.604915 29.736483 1330623597854 101.0
62.604954 29.736452 1330623599870 101.5
62.605 29.736397 1330623601865 102.5
62.605035 29.736351 1330623603846 100.5
62.605074 29.736302 1330623605852 102.0
62.605106 29.736244 1330623607850 101.5
62.605141 29.736195 1330623609851 102.0
62.605176 29.736138 1330623611849 102.5
62.605214 29.73609 1330623613850 103.5
62.60525 29.736037 1330623615863 105.0
62.605284 29.735991 1330623617855 106.0
62.605335 29.735925 1330623619839 107.0
62.605376 29.735872 1330623621860 107.0
62.605397 29.735847 1330623623863 106.0
62.60543 29.735816 1330623625855 106.0
62.605482 29.735779 1330623627850 107.5
62.605539 29.735743 1330623629840 109.5
62.605562 29.735721 1330623630870 109.5
62.605597 29.735674 1330623632855 109.0
62.605621 29.735648 1330623634838 107.5
62.605671 29.735615 1330623636839 111.0
62.605715 29.735576 1330623638847 112.5
62.605748 29.735521 1330623640848 112.5
62.605781 29.735474 1330623642837 112.5
62.605811 29.73543 1330623644847 110.5
62.605843 29.735377 1330623646848 110.5
62.60587 29.735322 1330623648835 110.0
62.605897 29.735273 1330623650846 108.5
62.60592 29.735232 1330623652834 106.0
62.60594 29.735213 1330623653851 106.0
62.605978 29.735172 1330623655852 107.0
62.606019 29.73514 1330623657838 107.5
62.606055 29.735113 1330623659849 107.5
62.606088 29.735086 1330623661858 105.0
62.60612 29.73507 1330623663840 103.0
62.606163 29.735065 1330623665843 103.5
62.606209 29.735017 1330623667832 106.0
62.60625 29.734971 1330623669831 104.5
62.606298 29.73496 1330623671839 106.0
62.60633 29.73493 1330623673835 104.5
62.606367 29.734893 1330623675840 105.0
62.606414 29.734859 1330623677854 106.5
62.606466 29.734845 1330623679836 106.5
62.606503 29.734813 1330623681851 106.5
62.606556 29.734768 1330623683837 110.5
62.606608 29.734701 1330623685835 111.5
62.606635 29.73464 1330623687840 109.0
62.606668 29.734591 1330623689842 106.5
62.606698 29.734552 1330623691838 106.0
62.606732 29.734515 1330623693849 104.5
62.606777 29.734484 1330623695830 106.0
62.606817 29.734459 1330623697834 107.0
62.60686 29.734442 1330623699833 107.5
62.606893 29.734411 1330623701851 106.5
62.606937 29.734397 1330623703842 108.5
62.606964 29.73437 1330623705830 107.0
62.606996 29.734349 1330623707850 106.5
62.607032 29.734313 1330623709851 106.0
62.607077 29.734278 1330623711833 106.5
62.607125 29.73425 1330623713824 108.5
62.607171 29.734213 1330623715845 110.0
62.607211 29.734172 1330623717835 109.0
62.607256 29.734147 1330623719831 109.0
62.607301 29.734118 1330623721830 106.5
62.607343 29.734101 1330623723844 104.5
62.607376 29.734117 1330623725826 101.5
62.607405 29.734086 1330623727829 99.5
62.60745 29.734068 1330623729829 100.0
62.607492 29.734049 1330623731831 101.5
62.607526 29.734022 1330623733826 103.0
62.607561 29.733991 1330623735823 103.0
62.607605 29.733945 1330623737839 104.5
62.607643 29.733893 1330623739841 104.0
62.60768 29.733845 1330623741826 104.0
62.607712 29.7338 1330623743818 103.5
62.607747 29.733737 1330623745818 103.5
62.607764 29.733709 1330623746833 103.0
62.607797 29.73365 1330623748815 101.5
62.607828 29.733608 1330623750826 102.0
62.60786 29.733557 1330623752838 99.0
62.6079 29.733507 1330623754827 99.0
62.607929 29.733457 1330623756828 96.5
62.607959 29.733383 1330623758823 91.5
62.607999 29.733327 1330623760828 89.5
62.608028 29.733261 1330623762812 87.5
62.608083 29.733214 1330623764814 90.5
62.608114 29.733144 1330623766830 91.5
62.608156 29.733087 1330623768838 92.5
62.608191 29.733018 1330623770821 92.0
62.608228 29.732945 1330623772825 93.5
62.608261 29.732888 1330623774837 93.5
62.608281 29.732842 1330623776818 90.0
62.608301 29.732805 1330623778819 88.5
62.60832 29.732747 1330623780819 89.5
62.608336 29.732715 1330623782817 90.5
62.608347 29.732689 1330623784821 92.5
62.608349 29.732689 1330623786820 92.5
62.608353 29.732676 1330623788810 93.5
62.608372 29.732657 1330623790810 94.0
62.608363 29.732658 1330623791843 93.5
62.608373 29.732649 1330623793825 95.5
62.608378 29.732639 1330623795830 96.0
62.608396 29.732622 1330623797818 97.5
62.608406 29.732599 1330623799832 98.0
62.608406 29.732564 1330623801825 98.0
62.608404 29.732535 1330623803819 97.5
62.608401 29.732514 1330623805818 97.0
62.608394 29.732479 1330623807833 97.5
62.60839 29.732446 1330623809833 99.0
62.608369 29.732411 1330623811832 98.5
62.608357 29.732366 1330623813830 100.0
62.60834 29.732317 1330623815806 100.0
62.608298 29.73225 1330623817815 98.5
62.608273 29.732204 1330623819806 96.5
62.608255 29.732152 1330623821817 97.0
62.608234 29.732112 1330623823815 95.0
62.608202 29.73205 1330623825812 94.5
62.608171 29.73199 1330623827812 93.0
62.608148 29.73192 1330623829800 94.5
62.608127 29.731859 1330623831812 94.0
62.608104 29.73181 1330623833815 92.5
62.608078 29.73174 1330623835816 93.0
62.608045 29.731675 1330623837807 92.5
62.60801 29.731619 1330623839804 91.0
62.607983 29.731559 1330623841805 91.0
62.607947 29.731494 1330623843807 91.0
62.60791 29.731416 1330623845797 91.5
62.607885 29.731346 1330623847809 91.0
62.60786 29.731299 1330623849804 91.5
62.607826 29.731243 1330623851808 90.0
62.60779 29.731188 1330623853805 91.0
62.607773 29.731155 1330623855804 93.5
62.607736 29.731094 1330623857806 93.5
62.607703 29.731043 1330623859809 95.0
62.607672 29.730982 1330623861801 95.0
62.607647 29.730926 1330623863788 97.0
62.607613 29.730859 1330623865799 97.5
62.607566 29.73079 1330623867801 96.0
62.607528 29.730728 1330623869803 94.5
62.607494 29.730658 1330623871801 96.0
62.60746 29.730575 1330623873799 96.5
62.607424 29.730502 1330623875788 94.5
62.607424 29.730466 1330623877796 95.0
62.6074 29.730405 1330623879800 94.5
62.607349 29.730344 1330623881810 93.0
62.607328 29.730289 1330623883794 92.0
62.607298 29.730216 1330623885793 92.5
62.607265 29.73016 1330623887792 91.5
62.607231 29.730101 1330623889793 89.5
62.607196 29.730047 1330623891791 89.0
62.607165 29.730005 1330623893791 87.0
62.607122 29.729956 1330623895781 85.0
62.607094 29.729922 1330623897791 85.5
62.607045 29.729858 1330623899785 89.5
62.606997 29.729821 1330623901790 90.0
62.606951 29.729798 1330623903787 88.5
62.606918 29.729766 1330623905786 89.5
62.606872 29.729737 1330623907787 88.0
62.606832 29.729706 1330623909779 86.5
62.606794 29.729667 1330623911783 85.0
62.606757 29.729641 1330623913775 84.0
62.606722 29.729616 1330623915774 84.5
62.606694 29.729603 1330623917773 85.5
62.606641 29.729607 1330623919786 84.0
62.606606 29.729577 1330623921788 81.5
62.606567 29.729527 1330623923787 81.0
62.606536 29.72948 1330623925795 79.5
62.606497 29.729435 1330623927805 79.5
62.606463 29.729384 1330623929792 81.0
62.60641 29.729295 1330623931780 82.0
62.60638 29.729244 1330623933775 82.0
62.606346 29.729191 1330623935775 82.0
62.606304 29.729154 1330623937773 81.0
62.606254 29.729094 1330623939781 81.0
62.606219 29.729034 1330623941793 83.0
62.606155 29.728956 1330623943780 84.5
62.606111 29.728902 1330623945775 85.0
62.606099 29.728857 1330623947769 87.5
62.606075 29.728801 1330623949769 89.0
62.606026 29.728756 1330623951777 87.0
62.605997 29.728715 1330623953776 87.0
62.60597 29.728662 1330623955776 89.5
62.605934 29.728618 1330623957770 88.5
62.605879 29.728572 1330623959776 88.5
62.605828 29.728557 1330623961767 86.0
62.605774 29.728512 1330623963772 90.5
62.605765 29.728477 1330623965770 93.5
62.605701 29.728483 1330623967765 93.5
62.605673 29.728443 1330623969764 95.0
62.605651 29.728404 1330623971760 96.0
62.605628 29.728377 1330623972780 95.5
62.605595 29.72832 1330623974757 96.0
62.605545 29.728276 1330623976776 96.0
62.605507 29.728217 1330623978784 98.0
62.605463 29.728155 1330623980759 99.5
62.605398 29.728127 1330623982784 98.0
62.605362 29.728087 1330623984783 97.5
62.605328 29.728046 1330623986768 97.5
62.605311 29.727983 1330623988770 98.0
62.605283 29.727935 1330623990779 98.5
62.605234 29.727901 1330623992779 98.5
62.605201 29.727853 1330623994756 100.0
62.605158 29.727828 1330623996764 101.5
62.605112 29.727791 1330623998758 100.0
62.605078 29.72778 1330624000764 100.0
62.605055 29.72776 1330624002753 99.5
62.60503 29.727746 1330624004763 99.5
62.605022 29.727768 1330624006762 100.5
62.60499 29.727748 1330624008763 101.5
62.60492 29.727756 1330624010759 100.5
62.604856 29.727778 1330624012756 100.0
62.604799 29.727814 1330624014762 99.5
62.604751 29.727805 1330624016766 97.5
62.604693 29.727801 1330624018767 96.0
62.604657 29.727802 1330624020761 93.5
62.604628 29.727802 1330624022763 92.0
62.60461 29.727809 1330624024766 91.5
62.604589 29.727824 1330624026751 90.0
62.604562 29.727861 1330624028760 90.0
62.604525 29.727928 1330624030749 91.5
62.604522 29.727953 1330624032752 89.5
62.604501 29.728 1330624034750 89.0
62.604467 29.728099 1330624036759 92.0
62.604438 29.728203 1330624038756 92.5
62.604413 29.728319 1330624040760 93.5
62.604384 29.728431 1330624042752 94.5
62.604347 29.728566 1330624044745 96.5
62.604327 29.728668 1330624046747 96.0
62.604305 29.728771 1330624048771 96.0
62.604289 29.728868 1330624050763 95.5
62.60429 29.728943 1330624052759 95.5
62.604283 29.729023 1330624054755 95.0
62.604272 29.729118 1330624056754 94.5
62.604284 29.729201 1330624058752 94.0
62.604286 29.729285 1330624060751 92.0
62.604285 29.729382 1330624062752 92.0
62.604264 29.729476 1330624064742 93.0
62.604258 29.729598 1330624066749 94.0
62.604249 29.729737 1330624068745 96.0
62.604236 29.729855 1330624070747 97.0
62.604225 29.729981 1330624072751 97.5
62.604218 29.7301 1330624074766 96.0
62.604211 29.73021 1330624076750 95.5
62.604209 29.730323 1330624078750 95.5
62.604197 29.73043 1330624080758 95.0
62.604167 29.730521 1330624082751 94.5
62.604142 29.730599 1330624084748 93.0
62.60414 29.7307 1330624086749 93.0
62.604146 29.730799 1330624088743 93.0
62.604159 29.730902 1330624090747 95.5
62.604141 29.730986 1330624092749 94.5
62.604133 29.731057 1330624094744 93.0
62.604121 29.73111 1330624096745 93.5
62.604086 29.731154 1330624098734 93.0
62.604092 29.731214 1330624100741 92.5
62.604079 29.731261 1330624102739 92.5
62.604091 29.731325 1330624104747 94.5
62.6041 29.73138 1330624106744 95.0
62.604093 29.731433 1330624108731 93.0
62.604115 29.731521 1330624110741 94.5
62.604113 29.731587 1330624112740 94.0
62.604108 29.73166 1330624114732 95.0
62.60408 29.731738 1330624116729 95.0
62.604076 29.73182 1330624118729 97.5
62.604057 29.73189 1330624120739 99.5
62.604039 29.731965 1330624122726 99.5
62.604031 29.732042 1330624124735 99.0
62.60404 29.732124 1330624126735 99.5
62.604043 29.73219 1330624128736 99.0
62.604048 29.732282 1330624130734 99.0
62.604043 29.732378 1330624132735 98.0
62.604034 29.732482 1330624134732 96.5
62.60401 29.732559 1330624136735 94.0
62.603986 29.732651 1330624138729 94.0
62.603966 29.73274 1330624140721 95.5
62.60396 29.732789 1330624141750 96.5
62.603934 29.732858 1330624143741 95.5
62.603935 29.732938 1330624145717 95.0
62.603935 29.732977 1330624146734 94.5
62.603921 29.733059 1330624148725 93.0
62.603938 29.733151 1330624150728 93.5
62.603906 29.733224 1330624152728 92.0
62.60391 29.733321 1330624154725 92.0
62.603892 29.733395 1330624156724 90.5
62.603901 29.73349 1330624158726 93.0
62.603921 29.733614 1330624160727 96.0
62.603959 29.733746 1330624162731 99.5
62.603979 29.733883 1330624164735 100.5
62.603978 29.733967 1330624166741 99.0
62.603933 29.73405 1330624168727 97.0
62.603923 29.734135 1330624170730 95.5
62.603913 29.734216 1330624172732 95.0
62.603909 29.734281 1330624174738 93.0
62.603914 29.734364 1330624176727 93.0
62.603894 29.734451 1330624178723 93.0
62.603872 29.734541 1330624180722 92.5
62.603844 29.734609 1330624182723 91.5
62.603803 29.734709 1330624184717 90.5
62.603787 29.734789 1330624186716 90.5
62.60378 29.734893 1330624188706 92.0
62.603759 29.734956 1330624190728 90.0
62.60375 29.735032 1330624192713 90.5
62.603754 29.735112 1330624194729 91.0
62.603723 29.735187 1330624196727 91.0
62.603701 29.735275 1330624198718 93.0
62.603688 29.735347 1330624200719 92.0
62.603682 29.735464 1330624203730 94.0
62.603703 29.735521 1330624205701 93.5
62.603697 29.735612 1330624207704 92.5
62.603678 29.735708 1330624209715 93.0
62.603649 29.735804 1330624211711 91.0
62.603638 29.735931 1330624213712 92.0
62.603607 29.736042 1330624215700 92.0
62.603591 29.736145 1330624217710 93.0
62.603604 29.736247 1330624219706 95.0
62.603606 29.73633 1330624221711 94.0
62.603619 29.736417 1330624223711 94.5
62.603615 29.736486 1330624225723 94.5
62.60359 29.73658 1330624227709 93.0
62.603573 29.736728 1330624229711 94.0
62.603557 29.736839 1330624231724 94.5
62.60356 29.736928 1330624233709 96.5
62.603566 29.736967 1330624235699 96.0
62.603551 29.737009 1330624237705 94.0
62.603568 29.737049 1330624239705 94.0
62.603588 29.73709 1330624241719 96.5
62.603619 29.73711 1330624243696 98.5
62.603653 29.737143 1330624245710 99.0
62.60369 29.737167 1330624247709 101.0
62.60372 29.737162 1330624249715 102.5
62.603748 29.737133 1330624251709 103.0
62.603786 29.737116 1330624253698 103.5
62.603821 29.73709 1330624255702 105.5
62.60385 29.737069 1330624257701 105.0
62.603886 29.737045 1330624259715 105.5
62.603927 29.737017 1330624261712 105.0
62.603959 29.736993 1330624263707 103.5
62.603988 29.736962 1330624265689 100.5
62.604034 29.736937 1330624267701 101.0
62.60408 29.73693 1330624269693 101.0
62.60412 29.736906 1330624271699 100.0
62.604156 29.736896 1330624273699 100.0
62.604198 29.736876 1330624275700 100.0
62.604235 29.73684 1330624277692 99.0
62.604264 29.736821 1330624279710 97.5
62.604307 29.736797 1330624281694 97.0
62.60438 29.736804 1330624283715 106.5
62.604421 29.736787 1330624285712 107.5
62.60446 29.736767 1330624287696 107.5
62.604506 29.736758 1330624289695 108.5
62.604545 29.736744 1330624291709 108.5
62.604585 29.736729 1330624293698 108.0
62.604614 29.736704 1330624295697 106.5
62.60465 29.736685 1330624297694 105.0
62.60469 29.736671 1330624299694 105.0
62.60474 29.736656 1330624301706 105.5
62.604792 29.736634 1330624303695 107.0
62.604836 29.736611 1330624305692 107.0
62.604878 29.736593 1330624307695 108.0
62.604921 29.73657 1330624309689 109.5
62.604964 29.736544 1330624311691 112.0
62.604994 29.736518 1330624313708 111.5
62.605028 29.736468 1330624315705 110.5
62.605072 29.736422 1330624317686 111.0
62.605115 29.73638 1330624319687 111.5
62.605132 29.736348 1330624320707 111.0
62.605166 29.736288 1330624322705 111.0
62.6052 29.736238 1330624324678 111.0
62.60522 29.736184 1330624326680 109.0
62.605253 29.736131 1330624328679 109.0
62.605274 29.736079 1330624330679 107.5
62.60531 29.736025 1330624332680 107.5
62.605365 29.735973 1330624334688 109.0
62.605394 29.735922 1330624336694 109.0
62.605422 29.735901 1330624338693 109.0
62.605444 29.735878 1330624340691 106.5
62.605476 29.735839 1330624342689 104.5
62.605519 29.735807 1330624344683 105.5
62.605559 29.735783 1330624346684 106.0
62.605603 29.735748 1330624348675 108.0
62.605638 29.735716 1330624350698 108.0
62.605681 29.73567 1330624352695 108.5
62.605714 29.735617 1330624354707 107.0
62.605757 29.735559 1330624356686 108.0
62.605806 29.735503 1330624358689 110.5
62.605842 29.735426 1330624360685 112.0
62.60589 29.735386 1330624362674 114.0
62.605948 29.735361 1330624364703 112.5
62.606012 29.735332 1330624366676 112.0
62.606024 29.735264 1330624368692 112.5
62.60607 29.735221 1330624370698 112.5
62.606128 29.73518 1330624372686 114.0
62.606187 29.735145 1330624374687 115.5
62.606228 29.735125 1330624376684 117.5
62.606279 29.735101 1330624378674 117.0
62.606318 29.73505 1330624380668 115.0
62.606368 29.735036 1330624382695 114.5
62.606402 29.734994 1330624384681 114.0
62.606429 29.734962 1330624386670 112.5
62.606449 29.734901 1330624388672 108.0
62.606487 29.734872 1330624390680 107.5
62.606529 29.734838 1330624392667 106.0
62.606566 29.734788 1330624394677 105.5
62.606603 29.734749 1330624396676 104.5
62.60664 29.734741 1330624398676 104.5
62.606679 29.734716 1330624400679 106.0
62.60671 29.734674 1330624402673 105.0
62.606738 29.734606 1330624404676 102.5
62.606769 29.734556 1330624406673 102.0
62.6068 29.734514 1330624408685 98.5
62.606837 29.73448 1330624410682 98.5
62.606882 29.734441 1330624412674 98.0
62.606928 29.734408 1330624414674 97.5
62.60696 29.734375 1330624416673 97.0
62.606989 29.734337 1330624418666 95.0
62.607031 29.734314 1330624420673 94.0
62.607086 29.734283 1330624422669 96.0
62.607136 29.734262 1330624424670 97.0
62.60718 29.734246 1330624426670 97.0
62.607225 29.734207 1330624428667 98.0
62.607269 29.734193 1330624430669 100.5
62.607309 29.734167 1330624432669 99.5
62.607343 29.734173 1330624434671 99.5
62.607403 29.734126 1330624436660 102.0
62.607442 29.734092 1330624438669 101.0
62.60748 29.734063 1330624440668 100.5
62.607531 29.734026 1330624442670 104.0
62.607586 29.733954 1330624444670 108.0
62.607593 29.733921 1330624446658 107.5
62.607618 29.733867 1330624448656 108.0
62.607647 29.733826 1330624450656 107.0
62.607685 29.733793 1330624452667 109.0
62.60772 29.733756 1330624454656 109.5
62.607743 29.733682 1330624456663 105.5
62.607777 29.733644 1330624458663 105.5
62.607794 29.733581 1330624460660 100.5
62.607836 29.733526 1330624462656 101.0
62.607875 29.73348 1330624464654 102.0
62.607899 29.733442 1330624465678 103.5
62.607943 29.73341 1330624467668 98.5
62.607996 29.733386 1330624469655 102.5
62.608038 29.733351 1330624471663 105.5
62.608067 29.733321 1330624473671 106.0
62.608113 29.733281 1330624475651 108.0
62.608161 29.733234 1330624477649 112.5
62.608199 29.733197 1330624479660 112.5
62.608231 29.733129 1330624481696 114.5
62.608295 29.733055 1330624483660 118.5
62.608328 29.732989 1330624485667 117.0
62.60836 29.732904 1330624487674 117.5
62.608388 29.73284 1330624489653 117.0
62.608414 29.732793 1330624491661 115.0
62.608442 29.732782 1330624493672 112.5
62.608465 29.732741 1330624495672 111.0
62.608506 29.732785 1330624497655 109.0
62.608533 29.732741 1330624499660 108.5
62.608553 29.732695 1330624501645 108.0
62.608594 29.732705 1330624503677 109.0
62.608636 29.732693 1330624505650 108.0
62.608671 29.732658 1330624507645 109.0
62.608681 29.732601 1330624509654 109.5
62.608692 29.732565 1330624511644 106.5
62.608713 29.732528 1330624513653 106.5
62.608731 29.732475 1330624515652 106.0
62.608755 29.732432 1330624517645 104.0
62.608793 29.732389 1330624519668 102.0
62.608832 29.732345 1330624521645 104.5
62.608864 29.732298 1330624523642 103.0
62.608893 29.732223 1330624525639 101.5
62.608946 29.732158 1330624527646 106.5
62.608986 29.732106 1330624529649 108.0
62.609008 29.732077 1330624530668 109.0
62.609043 29.732024 1330624532656 109.5
62.609074 29.731977 1330624534650 110.0
62.609092 29.731907 1330624536655 107.5
62.609125 29.731861 1330624538638 107.0
62.609159 29.731792 1330624540639 107.0
62.609178 29.731759 1330624541658 106.0
62.60923 29.731738 1330624543638 106.5
62.609261 29.73167 1330624545637 106.0
62.609304 29.73163 1330624547650 108.0
62.609332 29.731586 1330624549659 106.5
62.60937 29.731521 1330624551642 107.0
62.609417 29.731478 1330624553651 109.0
62.609465 29.731413 1330624555663 109.5
62.609497 29.731355 1330624557637 108.0
62.609542 29.731309 1330624559637 108.5
62.609575 29.731258 1330624561657 107.0
62.609629 29.731215 1330624563649 110.5
62.609668 29.731165 1330624565641 109.5
62.609709 29.731117 1330624567633 108.5
62.609755 29.731083 1330624569639 109.0
62.609791 29.731051 1330624571630 107.0
62.609828 29.731006 1330624573639 106.5
62.609871 29.730964 1330624575638 107.5
62.609919 29.730911 1330624577628 109.0
62.609962 29.73085 1330624579630 107.0
62.609992 29.730815 1330624581631 102.5
62.610032 29.730762 1330624583640 103.0
62.610068 29.730715 1330624585643 101.5
62.610109 29.730661 1330624587634 102.0
62.61015 29.730591 1330624589628 103.0
62.61016 29.730554 1330624590647 101.5
62.610182 29.730495 1330624592641 100.0
62.610196 29.730447 1330624594639 98.5
62.610219 29.730396 1330624596628 98.5
62.610245 29.730338 1330624598630 99.0
62.610255 29.730306 1330624600625 97.0
62.610266 29.730278 1330624602633 96.5
62.610288 29.73026 1330624604642 96.0
62.610315 29.730259 1330624606654 95.5
62.610327 29.730292 1330624608636 96.0
62.610344 29.730342 1330624610653 96.0
62.610341 29.730379 1330624612650 93.5
62.610344 29.730418 1330624614650 92.0
62.610348 29.73045 1330624616650 89.0
62.61036 29.730484 1330624618650 88.0
62.610375 29.730533 1330624620639 87.0
62.610405 29.730571 1330624622638 87.0
62.610443 29.730609 1330624624640 89.5
62.610463 29.730676 1330624626637 87.5
62.610487 29.730723 1330624628625 88.0
62.610526 29.730791 1330624630633 89.0
62.610573 29.730852 1330624632633 90.0
62.610609 29.730921 1330624634622 91.5
62.610649 29.73097 1330624636631 93.5
62.610689 29.731027 1330624638620 94.5
62.610729 29.731095 1330624640626 95.0
62.610761 29.731168 1330624642630 96.0
62.610795 29.731241 1330624644643 96.5
62.61084 29.731304 1330624646634 97.5
62.610877 29.73137 1330624648623 98.0
62.610913 29.731428 1330624650644 98.5
62.61095 29.731481 1330624652631 98.5
62.610989 29.731549 1330624654632 99.5
62.61102 29.731611 1330624656630 99.5
62.611057 29.731679 1330624658618 101.0
62.611089 29.731742 1330624660617 102.0
62.611118 29.731812 1330624662626 101.5
62.611151 29.731877 1330624664618 101.5
62.611188 29.731945 1330624666616 103.5
62.611222 29.731999 1330624668627 104.0
62.611254 29.732055 1330624670630 105.0
62.611291 29.732125 1330624672614 105.5
62.611329 29.732209 1330624674633 106.0
62.611364 29.732281 1330624676640 106.0
62.611398 29.732354 1330624678619 106.0
62.611421 29.732435 1330624680617 105.5
62.611437 29.73252 1330624682624 104.5
62.611455 29.732606 1330624684626 103.5
62.611487 29.732684 1330624686616 104.0
62.611513 29.732754 1330624688615 104.0
62.611543 29.732809 1330624690618 104.0
62.611564 29.73284 1330624692611 103.5
62.611575 29.732859 1330624693629 103.5
62.611613 29.732903 1330624695618 105.0
62.611628 29.732947 1330624697615 105.0
62.611652 29.733018 1330624699636 105.5
62.611674 29.733086 1330624701634 104.0
62.611699 29.733154 1330624703639 104.5
62.611732 29.733207 1330624705626 105.5
62.611754 29.733277 1330624707628 106.0
62.611779 29.733335 1330624709627 106.5
62.611804 29.7334 1330624711610 107.0
62.611823 29.733458 1330624713623 106.0
62.611848 29.733517 1330624715608 105.5
62.611869 29.733576 1330624717610 105.0
62.61189 29.733633 1330624719610 104.5
62.61191 29.733696 1330624721639 104.0
62.611925 29.733749 1330624723612 104.0
62.611946 29.733802 1330624725626 104.5
62.611961 29.733834 1330624727619 105.0
62.611985 29.733882 1330624729622 104.5
62.612013 29.733937 1330624731609 105.0
62.612036 29.733983 1330624733623 105.0
62.612065 29.734038 1330624735623 105.0
62.612094 29.734092 1330624737610 105.0
62.612114 29.734146 1330624739624 104.5
62.61212 29.734203 1330624741614 104.5
62.612116 29.734236 1330624743624 104.5
62.612116 29.734255 1330624745623 104.0
62.612126 29.734295 1330624747608 104.0
62.612141 29.734334 1330624749616 104.5
62.612155 29.73437 1330624751605 104.5
62.61217 29.734413 1330624753604 104.5
62.612195 29.734478 1330624755618 104.5
62.612218 29.734509 1330624757619 105.0
62.612247 29.734534 1330624759620 105.0
62.612268 29.734556 1330624761612 105.0
62.612294 29.73458 1330624763644 104.5
62.612322 29.734618 1330624765614 104.5
62.612348 29.73468 1330624767602 104.0
62.612366 29.73473 1330624769629 103.5
62.612394 29.734789 1330624771622 104.0
62.612427 29.734851 1330624773601 104.5
62.612459 29.734913 1330624775603 105.5
62.612488 29.734969 1330624777616 106.0
62.612525 29.735027 1330624779600 108.5
62.612548 29.735089 1330624781599 108.0
62.612569 29.735141 1330624783600 107.5
62.61259 29.735202 1330624785602 108.0
62.612611 29.735257 1330624787602 108.5
62.61263 29.735307 1330624789601 107.5
62.612648 29.735365 1330624791608 106.0
62.612666 29.735419 1330624793608 105.0
62.612689 29.735481 1330624795593 104.5
62.612711 29.735538 1330624797617 104.0
62.612736 29.735602 1330624799599 103.5
62.612762 29.735666 1330624801597 104.5
62.612787 29.735733 1330624803604 105.5
62.612807 29.735792 1330624805615 106.0
62.612821 29.735834 1330624807593 106.0
62.612826 29.735851 1330624808608 106.0
62.612842 29.735896 1330624810594 105.0
62.61286 29.735949 1330624812595 104.5
62.612875 29.735994 1330624814603 104.5
62.612891 29.736034 1330624816610 104.5
62.612905 29.73608 1330624818606 104.0
62.612921 29.736126 1330624820591 104.0
62.612931 29.736187 1330624822608 102.5
62.612945 29.736237 1330624824607 102.0
62.612955 29.736305 1330624826601 100.5
62.612968 29.736343 1330624828594 101.0
62.612972 29.736352 1330624830604 101.5
62.612981 29.736379 1330624832606 101.5
62.612997 29.736417 1330624834592 101.5
62.613013 29.736464 1330624836596 101.5
62.613031 29.736515 1330624838601 101.5
62.613048 29.73656 1330624840602 101.5
62.613066 29.736603 1330624842612 101.0
62.613088 29.736651 1330624844598 101.0
62.613106 29.736701 1330624846597 101.5
62.613124 29.736746 1330624848595 101.0
62.613143 29.73679 1330624850613 101.0
62.613168 29.736838 1330624852602 100.0
62.613203 29.736885 1330624854599 100.0
62.61323 29.736926 1330624856613 99.5
62.613261 29.736976 1330624858601 100.0
62.613291 29.737043 1330624860586 99.5
62.613321 29.737119 1330624862587 99.5
62.613349 29.737192 1330624864610 100.5
62.613364 29.737247 1330624866592 100.0
62.613385 29.737301 1330624868584 100.0
62.613411 29.73737 1330624870582 100.0
62.613432 29.73744 1330624872582 100.0
62.613451 29.737508 1330624874582 99.5
62.613477 29.73759 1330624876592 99.5
62.613504 29.737668 1330624878594 99.5
62.613518 29.737714 1330624880593 99.0
62.613534 29.737744 1330624882590 99.5
62.613545 29.737774 1330624884597 99.5
62.613557 29.737834 1330624886610 99.5
62.613561 29.737864 1330624888603 99.5
62.613549 29.737924 1330624890585 99.5
62.613547 29.737948 1330624892601 99.5
62.613434 29.738209 1330624895590 99.5
62.613404 29.73858 1330624900572 99.5
62.613304 29.738648 1330624902580 99.5
62.61343 29.73861 1330624904562 99.5
62.613576 29.738693 1330624906571 99.5
62.613696 29.738738 1330624908572 99.5
62.613753 29.738794 1330624910579 99.5
62.613769 29.738817 1330624912582 99.5
62.613786 29.738827 1330624914586 100.0
62.613797 29.738792 1330624916582 100.5
62.613809 29.738816 1330624918585 100.5
62.613823 29.738844 1330624920597 101.0
62.613827 29.738837 1330624922594 100.0
62.613838 29.73887 1330624924571 100.5
62.61384 29.73879 1330624926569 99.0
62.61385 29.738793 1330624928581 98.5
62.613857 29.738808 1330624930571 98.5
62.613863 29.738828 1330624932581 98.5
62.613878 29.738859 1330624934576 98.5
62.613885 29.738878 1330624935597 98.0
62.613897 29.738917 1330624937585 97.5
62.613907 29.738953 1330624939586 97.5
62.613914 29.738993 1330624941585 97.5
62.613924 29.739044 1330624943569 98.0
62.613932 29.739099 1330624945583 97.5
62.613943 29.739155 1330624947585 98.0
62.613949 29.739201 1330624949569 98.0
62.613959 29.739226 1330624951587 98.5
62.613968 29.739251 1330624953583 98.5
62.613984 29.739281 1330624955579 98.5
62.613994 29.739303 1330624957571 98.0
62.614006 29.739325 1330624959571 98.0
62.614022 29.739351 1330624961579 98.0
62.61404 29.739387 1330624963568 98.0
62.614054 29.739402 1330624965569 98.5
62.614068 29.739418 1330624967568 98.0
62.614087 29.739442 1330624969591 98.0
62.614107 29.739458 1330624971580 98.0
62.61413 29.739483 1330624973576 98.5
62.614157 29.739514 1330624975593 98.0
62.61418 29.739554 1330624977592 97.5
62.614205 29.739605 1330624979574 97.5
62.614228 29.739663 1330624981592 97.5
62.614247 29.739719 1330624983575 97.5
62.614263 29.739769 1330624985576 97.5
62.614274 29.739808 1330624987571 98.0
62.614292 29.739859 1330624989566 98.5
62.614308 29.739905 1330624991563 99.0
62.614325 29.739952 1330624993561 99.5
62.614334 29.739998 1330624995572 99.0
62.614349 29.740035 1330624997577 99.0
62.614369 29.740069 1330624999574 99.0
62.614388 29.740103 1330625001581 99.0
62.614415 29.74015 1330625003578 99.5
62.614441 29.740207 1330625005564 99.5
62.614465 29.740267 1330625007563 99.0
62.614492 29.740322 1330625009570 99.0
62.614517 29.740379 1330625011582 99.0
62.614542 29.740432 1330625013574 99.0
62.614569 29.740494 1330625015581 99.0
62.614594 29.740548 1330625017561 98.5
62.614622 29.7406 1330625019559 99.0
62.614643 29.740645 1330625021558 99.0
62.614655 29.740668 1330625022583 99.0
62.61468 29.740718 1330625024558 99.0
62.614703 29.740765 1330625026558 98.5
62.614727 29.740815 1330625028556 98.5
62.614748 29.740865 1330625030568 98.0
62.61477 29.740916 1330625032556 98.0
62.614789 29.740961 1330625034583 97.5
62.614811 29.741013 1330625036571 97.5
62.614833 29.741063 1330625038554 97.0
62.614857 29.741114 1330625040565 97.0
62.614875 29.741157 1330625042554 97.0
62.614896 29.741212 1330625044570 97.0
62.614917 29.741266 1330625046568 97.0
62.614939 29.74132 1330625048568 96.5
62.614962 29.741371 1330625050553 96.5
62.614985 29.741417 1330625052563 96.5
62.615005 29.741458 1330625054549 95.5
62.615031 29.741498 1330625056561 95.5
62.615054 29.741542 1330625058551 95.5
62.615075 29.741591 1330625060551 95.0
62.615097 29.741639 1330625062566 95.0
62.61512 29.741691 1330625064560 95.5
62.615139 29.741743 1330625066574 95.0
62.61516 29.741804 1330625068557 95.0
62.615177 29.741865 1330625070548 94.5
62.615191 29.741929 1330625072558 94.5
62.615207 29.741997 1330625074571 94.0
62.615228 29.74208 1330625076554 95.5
62.615241 29.742162 1330625078549 96.0
62.615249 29.742246 1330625080547 96.5
62.615256 29.742324 1330625082560 97.0
62.615262 29.742408 1330625084553 97.5
62.615272 29.742483 1330625086543 98.0
62.615279 29.742558 1330625088548 98.5
62.615283 29.742626 1330625090558 98.0
62.615289 29.742693 1330625092555 98.5
62.615291 29.742758 1330625094547 99.0
62.615295 29.742824 1330625096546 98.5
62.615294 29.742881 1330625098557 98.5
62.615298 29.742936 1330625100558 98.0
62.615302 29.742978 1330625102542 98.5
62.615303 29.742994 1330625103560 98.5
62.615301 29.743022 1330625105555 98.0
62.615291 29.743033 1330625107550 97.5
62.615284 29.743037 1330625109554 97.5
62.615272 29.743041 1330625111552 98.0
62.615245 29.743049 1330625113556 98.0
62.615228 29.74304 1330625115556 97.5
62.615212 29.743025 1330625117547 98.0
62.615192 29.743014 1330625119564 97.5
62.615165 29.743022 1330625121561 96.5
62.61514 29.743038 1330625123543 95.0
62.615116 29.743059 1330625125568 93.5
62.615086 29.743075 1330625127563 91.0
62.615077 29.743087 1330625129551 90.5
62.61507 29.743104 1330625131546 90.5
62.615063 29.743098 1330625133560 93.0
62.615059 29.743098 1330625135557 93.5
62.615056 29.743102 1330625137545 93.5
62.615054 29.743105 1330625139543 93.5
62.615053 29.743102 1330625141542 94.0
62.615041 29.743083 1330625143542 96.5
62.615044 29.743109 1330625145542 97.5
62.615041 29.743121 1330625147547 99.0
62.615039 29.743117 1330625149548 99.5
62.615021 29.743069 1330625151555 102.5
62.615009 29.743038 1330625153554 104.5
62.615002 29.743016 1330625155555 106.0
62.614997 29.743006 1330625157560 105.0
62.61499 29.742991 1330625159559 104.5
62.615005 29.743024 1330625161558 109.0
62.615004 29.743014 1330625163556 110.0
62.615002 29.743011 1330625165555 110.0
62.61498 29.743005 1330625167538 109.0
62.614974 29.742995 1330625169545 109.5
62.614974 29.742999 1330625171543 110.0
62.614975 29.743004 1330625173540 110.5