62.61498 29.742425 1330504156624 124.0
62.614909 29.742507 1330504158932 113.0
62.61483 29.742528 1330504160906 107.0
62.61483 29.742519 1330504162922 100.5
62.614839 29.74251 1330504164931 99.5
62.614838 29.742498 1330504166917 98.5
62.614835 29.742489 1330504168923 98.5
62.614839 29.742477 1330504170921 99.0
62.614856 29.742544 1330504172912 95.0
62.614849 29.742541 1330504174974 94.0
62.614846 29.742516 1330504176929 97.0
62.614848 29.742515 1330504178951 98.0
62.614857 29.742521 1330504180939 99.0
62.614864 29.7425 1330504182919 100.0
62.614879 29.742533 1330504184937 102.5
62.614902 29.742542 1330504186947 104.5
62.614912 29.742557 1330504188957 105.0
62.614923 29.742557 1330504190938 106.5
62.614937 29.7426 1330504192925 109.0
62.614939 29.742611 1330504194923 111.0
62.61493 29.742653 1330504196923 112.5
62.614922 29.742659 1330504198918 113.5
62.614907 29.742664 1330504200918 115.0
62.614903 29.742659 1330504202911 117.0
62.614908 29.742609 1330504204944 116.0
62.614894 29.74258 1330504206941 116.0
62.614893 29.74259 1330504208934 116.0
62.614895 29.742582 1330504210946 117.0
62.614899 29.742569 1330504212939 117.0
62.614898 29.74255 1330504214947 117.0
62.614891 29.742543 1330504216936 117.0
62.614888 29.742523 1330504218942 117.0
62.614887 29.742556 1330504220943 116.5
62.61492 29.742558 1330504222925 117.0
62.614922 29.742555 1330504224926 117.5
62.61496 29.742574 1330504226930 117.5
62.61499 29.742571 1330504228925 117.5
62.614998 29.742569 1330504230920 117.5
62.615049 29.742571 1330504232923 117.5
62.615109 29.742605 1330504234931 118.5
62.615156 29.742607 1330504236921 116.5
62.615194 29.742601 1330504238923 111.0
62.61526 29.742576 1330504240915 111.0
62.615301 29.742545 1330504242915 109.0
62.615343 29.742524 1330504244925 108.5
62.615354 29.742442 1330504246923 108.0
62.615359 29.742244 1330504248924 107.5
62.615336 29.742029 1330504250922 107.0
62.615306 29.741886 1330504252931 107.0
62.615274 29.74175 1330504254919 108.0
62.615221 29.741629 1330504256926 108.0
62.615179 29.741507 1330504258924 107.5
62.6151 29.741397 1330504260919 104.5
62.615047 29.741262 1330504262912 104.0
62.61498 29.741112 1330504264926 104.5
62.614898 29.740948 1330504266928 104.5
62.614813 29.740806 1330504268919 106.0
62.614748 29.740664 1330504270920 106.5
62.614695 29.740517 1330504272915 106.5
62.614619 29.740409 1330504274917 107.5
62.614554 29.740286 1330504276928 107.0
62.61448 29.740155 1330504278924 107.0
62.614318 29.739893 1330504280863 105.0
62.614249 29.739751 1330504282854 103.0
62.61423 29.739611 1330504284868 103.0
62.614158 29.739502 1330504286856 103.0
62.614136 29.739419 1330504288854 103.0
62.614099 29.739364 1330504290866 103.0
62.61405 29.739315 1330504292874 103.0
62.61402 29.739228 1330504294865 101.5
62.613979 29.739159 1330504296850 99.5
62.613955 29.739052 1330504298862 99.0
62.61394 29.738973 1330504300862 99.5
62.613946 29.738871 1330504302867 98.0
62.613935 29.738788 1330504304862 98.5
62.613898 29.738622 1330504306863 98.0
62.613872 29.738442 1330504308857 97.5
62.61385 29.738321 1330504310855 97.5
62.613734 29.737999 1330504314864 96.5
62.613675 29.737712 1330504316860 97.5
62.613618 29.737443 1330504318860 98.5
62.613528 29.737268 1330504320861 98.5
62.613454 29.737094 1330504322858 96.5
62.613366 29.736998 1330504324858 95.5
62.613321 29.73693 1330504326855 95.5
62.613277 29.736819 1330504328859 98.0
62.613213 29.736565 1330504330857 100.0
62.613172 29.736362 1330504332856 99.0
62.613125 29.736222 1330504334860 99.5
62.613078 29.736048 1330504336860 99.5
62.613025 29.735933 1330504338853 100.0
62.612936 29.735781 1330504340863 100.0
62.612888 29.73561 1330504342864 100.0
62.612836 29.735421 1330504344853 101.0
62.61277 29.735278 1330504346861 101.5
62.612668 29.735146 1330504348865 101.5
62.612603 29.735031 1330504350852 102.0
62.612546 29.734886 1330504352875 102.5
62.612473 29.734764 1330504354862 103.0
62.612382 29.734686 1330504356861 102.5
62.612313 29.734601 1330504358851 102.0
62.612249 29.734537 1330504360854 101.5
62.612216 29.734426 1330504362851 101.0
62.612197 29.734342 1330504364861 100.5
62.612155 29.734255 1330504366848 100.5
62.612153 29.734132 1330504368861 100.0
62.612077 29.734071 1330504370878 100.0
62.611994 29.734003 1330504372864 99.5
62.611967 29.733925 1330504374867 99.5
62.611908 29.733828 1330504376861 99.5
62.611857 29.733724 1330504378860 99.5
62.611831 29.733555 1330504380862 99.0
62.611758 29.733413 1330504382860 99.5
62.611731 29.733251 1330504384862 100.0
62.611701 29.73313 1330504386860 99.5
62.611681 29.732981 1330504388860 99.0
62.61163 29.732824 1330504390870 99.0
62.611568 29.732678 1330504392867 100.0
62.611547 29.732505 1330504394861 101.5
62.611494 29.732344 1330504396863 102.5
62.611473 29.732188 1330504398849 102.0
62.611432 29.73202 1330504400862 104.0
62.611406 29.731896 1330504402866 103.0
62.611353 29.73174 1330504404861 105.5
62.611294 29.731627 1330504406852 105.0
62.61123 29.731514 1330504408854 106.0
62.611147 29.73139 1330504410861 103.5
62.611069 29.731263 1330504412866 103.0
62.610987 29.731126 1330504414854 102.0
62.610913 29.730915 1330504416862 100.0
62.61086 29.73076 1330504418859 99.5
62.61078 29.730664 1330504420862 98.5
62.610774 29.730517 1330504422861 97.5
62.61081 29.730379 1330504424861 97.0
62.610828 29.730274 1330504426861 97.0
62.610834 29.730193 1330504428858 97.0
62.610792 29.730113 1330504430865 98.0
62.610759 29.730027 1330504432861 98.5
62.610688 29.729988 1330504434849 99.5
62.610623 29.729963 1330504436862 99.5
62.610548 29.730006 1330504438864 101.0
62.610487 29.730081 1330504440857 102.0
62.610446 29.730167 1330504442857 102.5
62.610389 29.730289 1330504444857 103.0
62.610274 29.730485 1330504446851 104.0
62.610167 29.730634 1330504448862 105.5
62.610075 29.730771 1330504450856 106.0
62.610037 29.730842 1330504452861 106.0
62.609954 29.730946 1330504454858 106.5
62.609904 29.730972 1330504456858 106.0
62.609822 29.731061 1330504458855 106.5
62.609773 29.731087 1330504460855 106.0
62.609721 29.731133 1330504462856 106.0
62.609682 29.731138 1330504464852 106.0
62.609567 29.731218 1330504466858 106.5
62.609474 29.731268 1330504468858 106.5
62.609353 29.731409 1330504470857 108.0
62.609296 29.731436 1330504472870 109.5
62.609196 29.731503 1330504474861 111.0
62.609149 29.731545 1330504476857 111.5
62.608947 29.731767 1330504478858 111.0
62.608852 29.731869 1330504480854 110.0
62.608728 29.732013 1330504482863 111.0
62.60862 29.732212 1330504484855 110.5
62.60852 29.732411 1330504486858 110.5
62.608494 29.73255 1330504488856 109.5
62.60841 29.732741 1330504490857 109.5
62.608358 29.73283 1330504492859 109.5
62.608323 29.732957 1330504494853 109.5
62.608279 29.732959 1330504496857 108.5
62.608242 29.732987 1330504498846 108.0
62.608207 29.73307 1330504500851 107.0
62.608163 29.733143 1330504502845 107.5
62.608082 29.733213 1330504504850 107.0
62.608012 29.733331 1330504506852 107.5
62.607928 29.733395 1330504508856 107.5
62.607903 29.733443 1330504510855 107.0
62.607874 29.733469 1330504512855 106.0
62.607864 29.733568 1330504514846 104.5
62.607735 29.733727 1330504516880 108.0
62.607704 29.733807 1330504518844 108.0
62.607679 29.733887 1330504520855 108.0
62.607671 29.73396 1330504522853 107.5
62.607574 29.734025 1330504524858 108.5
62.607514 29.734078 1330504526857 109.0
62.607427 29.734159 1330504528857 109.0
62.607326 29.734307 1330504530861 108.5
62.607147 29.734573 1330504532872 107.5
62.607085 29.734629 1330504534852 107.5
62.606952 29.734681 1330504536861 106.0
62.606862 29.734726 1330504538858 106.5
62.606806 29.734795 1330504540858 106.0
62.606735 29.734814 1330504542855 106.5
62.606698 29.734843 1330504544856 106.0
62.606665 29.734927 1330504546853 106.0
62.606383 29.73522 1330504548853 107.0
62.606321 29.735302 1330504550857 107.0
62.606268 29.735457 1330504552866 107.0
62.60624 29.735518 1330504554854 107.0
62.606141 29.73553 1330504556856 107.5
62.606117 29.735572 1330504558851 107.0
62.606085 29.735696 1330504560848 107.5
62.606051 29.735737 1330504562844 107.0
62.605975 29.735849 1330504564845 107.0
62.605946 29.735861 1330504566845 107.0
62.605877 29.735901 1330504568856 107.5
62.605847 29.735939 1330504570856 107.5
62.605785 29.73607 1330504572853 108.0
62.605743 29.736126 1330504574846 107.5
62.605696 29.736297 1330504576846 107.5
62.605645 29.736353 1330504578852 106.5
62.605573 29.736552 1330504580853 106.5
62.605514 29.736655 1330504582859 105.5
62.605437 29.736702 1330504584855 105.0
62.605361 29.73679 1330504586851 104.0
62.605196 29.736798 1330504588858 105.0
62.605103 29.736798 1330504590859 104.0
62.605002 29.736766 1330504592871 104.0
62.604952 29.73673 1330504594860 104.0
62.604856 29.736768 1330504596863 104.5
62.604795 29.736768 1330504598858 104.5
62.604695 29.736836 1330504600858 105.5
62.604636 29.736816 1330504602862 105.5
62.604559 29.736827 1330504604858 105.5
62.604534 29.736865 1330504606860 105.5
62.604474 29.736895 1330504608858 105.5
62.604436 29.736881 1330504610853 105.5
62.604379 29.736944 1330504612854 105.5
62.604327 29.736978 1330504614863 105.5
62.604183 29.737072 1330504616858 106.5
62.604038 29.737112 1330504618859 105.5
62.603959 29.737149 1330504620860 104.5
62.603879 29.737225 1330504622861 104.5
62.603824 29.737257 1330504624856 104.5
62.603777 29.737288 1330504626856 104.5
62.603658 29.737357 1330504628848 105.0
62.603587 29.737412 1330504630860 105.0
62.60342 29.737636 1330504632855 104.5
62.603242 29.73777 1330504634857 104.5
62.603059 29.737914 1330504636863 104.5
62.602941 29.737929 1330504638854 104.5
62.602774 29.738066 1330504640859 104.5
62.602652 29.738144 1330504642861 104.5
62.602541 29.738177 1330504644859 103.5
62.602397 29.738165 1330504646856 103.0
62.602181 29.738186 1330504648852 102.0
62.60202 29.738179 1330504650854 102.5
62.601939 29.73818 1330504652867 103.0
62.601888 29.738187 1330504654859 103.0
62.601843 29.738235 1330504656856 101.5
62.601806 29.738225 1330504658855 101.5
62.601767 29.738241 1330504660860 100.5
62.601708 29.738265 1330504662857 99.5
62.601657 29.738322 1330504664855 99.0
62.601589 29.738417 1330504666851 98.0
62.601488 29.738543 1330504668856 99.0
62.601372 29.738738 1330504670866 101.0
62.601264 29.738895 1330504672860 102.5
62.60118 29.739122 1330504674846 102.5
62.601078 29.739352 1330504676851 102.5
62.601035 29.739639 1330504678856 102.0
62.600995 29.739891 1330504680856 101.0
62.600942 29.740104 1330504682853 100.5
62.600914 29.740305 1330504684849 100.5
62.600891 29.74042 1330504686854 91.5
62.60087 29.740538 1330504688848 90.0
62.600829 29.740748 1330504690846 88.5
62.600815 29.740961 1330504692843 90.0
62.600784 29.741139 1330504694847 90.0
62.600794 29.741329 1330504696859 83.0
62.600781 29.741453 1330504698856 84.0
62.600764 29.741568 1330504700851 84.5
62.60071 29.741767 1330504702850 84.0
62.600637 29.741874 1330504704850 80.0
62.600555 29.742059 1330504706849 77.5
62.600499 29.742227 1330504708850 77.5
62.600445 29.742338 1330504710854 76.5
62.600386 29.742431 1330504712865 78.5
62.600337 29.742546 1330504714858 78.0
62.600297 29.742685 1330504716857 91.0
62.60029 29.742855 1330504718862 91.5
62.600256 29.742996 1330504720866 89.5
62.600233 29.743148 1330504722861 87.5
62.600204 29.743266 1330504724869 83.5
62.600174 29.743409 1330504726858 81.0
62.600143 29.743561 1330504728863 79.5
62.600115 29.743735 1330504730866 81.5
62.600097 29.743952 1330504732862 82.0
62.600107 29.744169 1330504734864 82.0
62.600093 29.744402 1330504736854 80.5
62.600053 29.744574 1330504738864 80.5
62.600043 29.744808 1330504740864 76.0
62.599982 29.744935 1330504742864 76.5
62.600009 29.745193 1330504744864 75.0
62.599989 29.74537 1330504746866 75.5
62.599964 29.745535 1330504748865 75.5
62.599918 29.745681 1330504750852 74.5
62.599913 29.745884 1330504752865 77.5
62.599879 29.745979 1330504754863 72.5
62.599875 29.746145 1330504756865 91.0
62.599842 29.746168 1330504758863 86.0
62.599814 29.746189 1330504760863 85.0
62.599779 29.746164 1330504762863 83.0
62.599714 29.746068 1330504764869 83.5
62.599549 29.74597 1330504766866 88.5
62.599486 29.745869 1330504768863 87.0
62.599438 29.745774 1330504770862 86.5
62.599374 29.745685 1330504772868 84.5
62.599265 29.745534 1330504774859 86.0
62.599198 29.745345 1330504776869 92.0
62.599136 29.745212 1330504778862 95.5
62.599075 29.745105 1330504780861 98.0
62.598988 29.745056 1330504782866 99.0
62.598922 29.744975 1330504784863 99.0
62.598812 29.744902 1330504786865 93.0
62.598709 29.744851 1330504788860 82.0
62.598669 29.744796 1330504790864 82.5
62.598639 29.744746 1330504792859 82.0
62.598598 29.744678 1330504794865 85.5
62.598572 29.744628 1330504796864 85.0
62.598511 29.744573 1330504798860 86.0
62.598417 29.744577 1330504800860 86.0
62.598344 29.744563 1330504802888 86.5
62.598246 29.744532 1330504804865 92.0
62.598192 29.744522 1330504806867 93.5
62.598152 29.744491 1330504808858 92.5
62.598158 29.744466 1330504810861 93.5
62.598159 29.744452 1330504812877 93.5
62.598157 29.744348 1330504814860 93.0
62.598149 29.74435 1330504816883 93.0
62.598138 29.744337 1330504818881 93.0
62.598144 29.744315 1330504820855 93.0
62.59815 29.744307 1330504822845 93.0
62.598152 29.744308 1330504824851 93.0
62.598154 29.744299 1330504826849 93.0
62.598154 29.744296 1330504828848 93.0
62.598174 29.74422 1330504830852 93.0
62.598183 29.744188 1330504832862 93.0
62.598171 29.744213 1330504834851 93.0
62.598116 29.744283 1330504836853 93.0
62.598089 29.744244 1330504838852 92.5
62.598064 29.744236 1330504840851 92.5
62.598037 29.744225 1330504842856 92.5
62.598028 29.744187 1330504844853 92.5
62.598019 29.744203 1330504846855 92.5
62.597998 29.744161 1330504848856 94.0
62.597972 29.744154 1330504850852 95.0
62.597966 29.744181 1330504852851 95.5
62.59797 29.7442 1330504854847 95.5
62.597975 29.744205 1330504856852 95.5
62.59798 29.744208 1330504858829 95.5
62.59798 29.744208 1330504860826 95.5