62.612093 29.734169 1331051075617 99.5
62.612093 29.73417 1331051076612 99.5
62.612093 29.734169 1331051078627 99.5
62.612092 29.734169 1331051080620 99.5
62.612092 29.734169 1331051082624 99.5
62.612092 29.73417 1331051086612 99.5
62.612092 29.73417 1331051088612 99.5
62.612092 29.73417 1331051090623 99.5
62.612092 29.73417 1331051092619 99.5
62.612092 29.73417 1331051094613 99.5
62.612096 29.734174 1331051096627 100.0
62.612092 29.734173 1331051098626 100.0
62.612092 29.734173 1331051100611 100.0
62.612091 29.734174 1331051102611 100.0
62.61209 29.734173 1331051104612 100.0
62.612089 29.734174 1331051106612 100.0
62.612088 29.734175 1331051108609 100.0
62.612087 29.734176 1331051110619 100.0
62.612086 29.734176 1331051112599 100.0
62.612086 29.734183 1331051114617 99.5
62.612086 29.734181 1331051116613 99.5
62.612086 29.73418 1331051118610 99.5
62.612086 29.73418 1331051120620 99.5
62.612084 29.734177 1331051122610 99.5
62.612084 29.734176 1331051124605 100.0
62.612084 29.734174 1331051126611 100.0
62.612084 29.734173 1331051128608 99.5
62.612085 29.734172 1331051130609 99.5
62.612085 29.734172 1331051132621 99.5
62.612085 29.73417 1331051134621 99.5
62.612084 29.734169 1331051136620 99.5
62.612084 29.734167 1331051138623 99.5
62.612083 29.734167 1331051140621 99.5
62.612083 29.734167 1331051142623 99.5
62.612083 29.734167 1331051143660 99.0
62.612074 29.734153 1331051146621 98.5
62.612073 29.734152 1331051148622 98.5
62.612069 29.734146 1331051150622 98.5
62.61206 29.734122 1331051152622 98.5
62.612045 29.734103 1331051154610 98.5
62.612024 29.734067 1331051156609 98.0
62.612 29.734018 1331051158622 98.0
62.611974 29.733967 1331051160609 97.5
62.61195 29.733918 1331051162610 97.5
62.611929 29.733864 1331051164608 98.0
62.611907 29.733799 1331051166608 98.0
62.61189 29.733747 1331051168609 98.5
62.61187 29.733699 1331051170623 98.0
62.611842 29.733638 1331051172609 97.5
62.611811 29.733569 1331051174612 98.0
62.611778 29.733499 1331051176608 98.0
62.611746 29.733428 1331051178607 98.5
62.611716 29.733354 1331051180612 98.5
62.611685 29.733277 1331051182609 98.5
62.611656 29.733205 1331051184609 99.0
62.611625 29.733133 1331051186607 99.0
62.611599 29.733064 1331051188621 99.0
62.611573 29.733003 1331051190616 99.5
62.611548 29.732945 1331051192617 98.5
62.611526 29.73289 1331051194618 99.0
62.611502 29.732841 1331051196618 98.5
62.611479 29.732789 1331051198619 97.5
62.611464 29.732736 1331051200619 97.5
62.611452 29.732683 1331051202607 97.5
62.611447 29.73266 1331051203644 97.5
62.611426 29.732572 1331051206623 97.5
62.61141 29.732508 1331051208616 97.5
62.611393 29.732459 1331051210613 96.5
62.611372 29.73241 1331051212617 96.0
62.611349 29.732362 1331051214618 96.0
62.611339 29.73234 1331051216617 96.0
62.611336 29.732325 1331051218617 95.5
62.611332 29.732319 1331051220617 95.0
62.611324 29.732298 1331051222617 95.0
62.611313 29.732275 1331051224617 94.5
62.611299 29.732245 1331051226616 94.5
62.611283 29.732219 1331051228617 94.0
62.611269 29.732199 1331051230615 94.0
62.611259 29.732191 1331051232614 93.5
62.611246 29.732161 1331051234620 93.5
62.611221 29.732111 1331051236616 93.5
62.611198 29.732059 1331051238618 94.0
62.611178 29.732013 1331051240618 94.0
62.611173 29.731986 1331051242622 94.5
62.61117 29.731961 1331051244617 95.0
62.611166 29.73194 1331051246617 95.0
62.61116 29.731923 1331051248617 95.0
62.611153 29.731904 1331051250609 95.0
62.611144 29.731873 1331051252618 95.0
62.611132 29.731843 1331051254618 94.5
62.611118 29.731813 1331051256617 95.0
62.611104 29.731789 1331051258617 95.0
62.611095 29.731763 1331051260613 94.5
62.611081 29.731725 1331051262616 94.0
62.611072 29.731701 1331051263653 94.0
62.611041 29.731623 1331051266616 93.5
62.611018 29.731574 1331051268619 93.5
62.610998 29.73153 1331051270617 93.5
62.610973 29.731474 1331051272615 93.5
62.610948 29.73142 1331051274616 93.0
62.61092 29.731359 1331051276616 92.5
62.610896 29.731303 1331051278615 92.5
62.610865 29.731237 1331051280623 92.5
62.610839 29.73118 1331051282614 92.5
62.610813 29.731119 1331051284616 92.5
62.610785 29.731065 1331051286614 92.5
62.610759 29.731002 1331051288616 93.0
62.610741 29.730961 1331051290617 93.0
62.610722 29.730927 1331051292615 92.5
62.610705 29.730885 1331051294615 92.0
62.610691 29.730849 1331051296615 91.5
62.61068 29.730822 1331051298610 91.0
62.610667 29.730793 1331051300612 90.5
62.610654 29.730769 1331051302615 90.0
62.610641 29.73074 1331051304611 90.0
62.610628 29.730715 1331051306614 89.5
62.610611 29.730684 1331051308607 88.5
62.610599 29.730657 1331051310611 88.5
62.610588 29.730632 1331051312607 89.0
62.610572 29.730607 1331051314607 88.0
62.610556 29.730576 1331051316607 87.5
62.610542 29.730546 1331051318608 88.0
62.610532 29.730521 1331051320604 87.5
62.610518 29.730489 1331051322600 87.5
62.610512 29.73048 1331051323645 87.0
62.610495 29.730444 1331051326612 87.0
62.610482 29.73042 1331051328609 86.5
62.610463 29.730384 1331051330611 86.0
62.610447 29.730358 1331051332614 85.5
62.610439 29.730332 1331051334615 85.5
62.610437 29.730316 1331051336623 85.5
62.610437 29.730309 1331051338602 85.5
62.610445 29.730289 1331051340614 85.5
62.610461 29.730263 1331051342618 85.5
62.610479 29.730238 1331051344616 85.5
62.610494 29.730214 1331051346615 85.5
62.610502 29.730199 1331051348615 85.5
62.610512 29.730186 1331051350596 85.5
62.610526 29.730163 1331051352604 86.0
62.610543 29.730135 1331051354615 86.0
62.610563 29.730111 1331051356617 86.0
62.610578 29.730081 1331051358617 87.0
62.610608 29.730053 1331051360615 87.0
62.610643 29.730014 1331051362604 86.5
62.610679 29.729965 1331051364614 87.0
62.610717 29.729935 1331051366603 87.5
62.610754 29.729897 1331051368604 87.5
62.610795 29.72986 1331051370613 87.0
62.610832 29.729824 1331051372615 86.5
62.610872 29.729788 1331051374615 85.5
62.610917 29.729747 1331051376616 86.0
62.610961 29.729694 1331051378615 86.0
62.611002 29.729636 1331051380616 86.0
62.61104 29.72958 1331051382613 86.0
62.61106 29.729542 1331051383650 86.0
62.611114 29.729445 1331051386595 87.0
62.611153 29.729388 1331051388614 87.0
62.61119 29.729328 1331051390616 86.5
62.611225 29.729291 1331051392610 86.5
62.611261 29.729264 1331051394612 87.0
62.611299 29.729239 1331051396616 86.0
62.611338 29.729196 1331051398614 86.0
62.611371 29.729144 1331051400612 86.0
62.611405 29.729093 1331051402615 86.0
62.611436 29.729044 1331051404612 87.0
62.611477 29.728983 1331051406614 87.5
62.611537 29.728878 1331051408612 88.0
62.611599 29.72879 1331051410600 89.0
62.611632 29.728732 1331051412601 90.0
62.611656 29.728679 1331051414600 90.0
62.611683 29.728634 1331051416600 90.0
62.611705 29.728596 1331051418598 90.0
62.611719 29.728526 1331051420611 92.5
62.611735 29.728458 1331051422601 94.0
62.611753 29.728401 1331051424606 94.0
62.61178 29.728329 1331051426595 94.0
62.611806 29.728243 1331051428603 93.5
62.611833 29.728156 1331051430609 93.5
62.611873 29.728046 1331051432610 95.0
62.611918 29.727942 1331051434610 95.5
62.611948 29.72784 1331051436606 95.5
62.611959 29.727778 1331051438596 97.0
62.611972 29.727733 1331051440606 98.5
62.611981 29.727693 1331051442600 99.0
62.611992 29.727678 1331051444598 98.5
62.611998 29.72765 1331051446601 99.5
62.611999 29.72764 1331051448608 99.5
62.611999 29.727634 1331051450599 100.0
62.611999 29.72763 1331051452609 100.0
62.612007 29.727609 1331051454596 100.0
62.612027 29.727574 1331051456592 99.5
62.612054 29.727522 1331051458608 99.5
62.612091 29.727457 1331051460601 98.5
62.612125 29.727394 1331051462597 98.0
62.612162 29.727327 1331051464610 98.0
62.612199 29.727276 1331051466604 97.0
62.612237 29.727227 1331051468613 96.5
62.612282 29.727177 1331051470600 96.5
62.612329 29.72713 1331051472597 95.5
62.612379 29.727081 1331051474607 95.0
62.61243 29.727049 1331051476607 94.0
62.612478 29.727012 1331051478600 93.0
62.612533 29.726965 1331051480597 93.5
62.612579 29.72691 1331051482609 93.5
62.612623 29.726841 1331051484594 92.5
62.612666 29.726772 1331051486592 91.5
62.612714 29.72671 1331051488592 91.0
62.612755 29.726644 1331051490592 91.0
62.612797 29.726585 1331051492593 91.0
62.612838 29.726525 1331051494601 91.0
62.612879 29.726458 1331051496607 91.0
62.612913 29.726393 1331051498601 91.0
62.612947 29.726316 1331051500592 91.5
62.612976 29.726262 1331051502591 92.0
62.613008 29.726203 1331051504591 93.0
62.613036 29.72615 1331051506601 92.5
62.613067 29.726082 1331051508591 93.0
62.613097 29.726022 1331051510591 94.0
62.613126 29.725964 1331051512603 93.0
62.613162 29.725934 1331051514590 92.0
62.613197 29.725871 1331051516590 92.5
62.613228 29.72581 1331051518593 92.0
62.613258 29.725738 1331051520599 92.5
62.613288 29.72566 1331051522600 93.0
62.613314 29.725586 1331051524601 93.5
62.613334 29.725502 1331051526596 93.5
62.61335 29.725409 1331051528589 94.5
62.613365 29.725311 1331051530602 95.0
62.613384 29.725209 1331051532601 94.5
62.613404 29.725105 1331051534597 95.5
62.613419 29.724972 1331051536599 97.0
62.613432 29.724875 1331051538600 97.0
62.613436 29.724753 1331051540600 98.0
62.613432 29.724648 1331051542600 99.0
62.613422 29.724554 1331051544597 100.0
62.61341 29.724472 1331051546596 100.0
62.613399 29.724396 1331051548596 99.5
62.613393 29.724358 1331051550600 99.5
62.613388 29.724332 1331051552599 99.5
62.613378 29.724288 1331051554599 98.5
62.613362 29.724206 1331051556599 99.5
62.613343 29.72411 1331051558599 99.5
62.613323 29.724006 1331051560602 100.0
62.613312 29.723907 1331051562601 100.0
62.613307 29.723834 1331051564599 100.0
62.61331 29.723798 1331051566598 99.5
62.613311 29.723745 1331051568598 99.5
62.61331 29.723674 1331051570580 100.0
62.613308 29.723592 1331051572598 100.0
62.613303 29.723505 1331051574600 100.5
62.613298 29.723407 1331051576598 100.5
62.61329 29.723317 1331051578599 100.5
62.613283 29.723229 1331051580599 101.0
62.613274 29.723137 1331051582598 102.0
62.613264 29.723045 1331051584598 102.5
62.613252 29.722971 1331051586599 103.0
62.613243 29.722895 1331051588598 103.0
62.613232 29.72281 1331051590597 102.0
62.613223 29.7227 1331051592597 102.5
62.613219 29.722592 1331051594598 103.0
62.613219 29.72249 1331051596598 103.5
62.613216 29.72238 1331051598597 104.5
62.613213 29.722272 1331051600599 104.5
62.613207 29.722167 1331051602597 104.5
62.613198 29.722071 1331051604596 105.0
62.613187 29.722007 1331051606597 105.0
62.613178 29.721944 1331051608596 104.5
62.613162 29.721863 1331051610592 105.0
62.613137 29.721766 1331051612596 104.5
62.613116 29.721659 1331051614595 104.0
62.613087 29.721566 1331051616585 104.0
62.613063 29.721468 1331051618578 103.0
62.613041 29.72137 1331051620586 102.5
62.613024 29.721294 1331051622585 102.0
62.613006 29.721195 1331051624584 102.0
62.612984 29.721097 1331051626596 102.5
62.612964 29.721 1331051628588 102.5
62.612951 29.720889 1331051630584 101.5
62.612933 29.720763 1331051632585 102.0
62.612916 29.720642 1331051634592 102.0
62.6129 29.720529 1331051636595 101.5
62.612876 29.720426 1331051638584 101.5
62.612852 29.720327 1331051640579 102.0
62.61283 29.720245 1331051642583 102.0
62.612808 29.720167 1331051644595 102.5
62.612791 29.720078 1331051646595 103.0
62.612774 29.719975 1331051648592 102.0
62.612754 29.71986 1331051650594 102.5
62.612726 29.719763 1331051652585 102.5
62.612699 29.719678 1331051654584 102.0
62.612656 29.719588 1331051656585 102.0
62.612611 29.719517 1331051658581 102.0
62.612564 29.719448 1331051660583 101.5
62.61252 29.719387 1331051662582 101.5
62.61247 29.719338 1331051664583 101.0
62.612419 29.719295 1331051666580 101.0
62.612374 29.719263 1331051668582 100.5
62.612325 29.719236 1331051670580 101.0
62.612283 29.719226 1331051672600 101.0
62.612237 29.719227 1331051674591 100.5
62.612192 29.719228 1331051676581 100.0
62.61215 29.719223 1331051678580 99.5
62.612112 29.719212 1331051680575 99.0
62.61207 29.719207 1331051682582 99.5
62.612022 29.719202 1331051684585 100.0
62.611972 29.71922 1331051686590 100.0
62.611921 29.719267 1331051688589 99.5
62.611885 29.719306 1331051690588 99.0
62.611847 29.719356 1331051692580 98.5
62.611808 29.719414 1331051694593 99.0
62.611771 29.719482 1331051696593 100.5
62.611735 29.719534 1331051698587 100.5
62.61169 29.719586 1331051700589 99.0
62.611644 29.719637 1331051702587 98.5
62.611624 29.71965 1331051704591 98.5
62.611581 29.719692 1331051706594 98.5
62.611542 29.719739 1331051708589 99.0
62.611497 29.71978 1331051710589 99.0
62.611461 29.719809 1331051712591 99.5
62.611418 29.719836 1331051714592 99.5
62.611373 29.719865 1331051716589 99.0
62.611319 29.71989 1331051718587 97.5
62.611271 29.719904 1331051720595 97.5
62.611219 29.719911 1331051722594 96.5
62.611178 29.71993 1331051724587 96.5
62.611138 29.719967 1331051726587 97.0
62.611096 29.720028 1331051728585 97.0
62.61106 29.720085 1331051730589 97.5
62.61102 29.720151 1331051732591 98.0
62.61098 29.720191 1331051734588 98.0
62.610941 29.720224 1331051736590 97.0
62.610897 29.720255 1331051738587 96.5
62.610859 29.720268 1331051740592 96.0
62.610814 29.720277 1331051742585 95.5
62.610769 29.720295 1331051744591 95.5
62.61072 29.720313 1331051746585 96.0
62.610674 29.720332 1331051748585 97.0
62.61063 29.720333 1331051750589 97.5
62.610588 29.720331 1331051752589 97.5
62.610546 29.720335 1331051754589 97.5
62.610519 29.720335 1331051756590 97.0
62.610491 29.720339 1331051758589 96.5
62.61046 29.720341 1331051760588 96.0
62.610431 29.720347 1331051762589 96.5
62.610409 29.720345 1331051764585 96.5
62.610389 29.720342 1331051766586 96.5
62.610363 29.720354 1331051768586 96.0
62.610345 29.720359 1331051770583 95.5
62.610337 29.720364 1331051772580 94.5
62.610327 29.72035 1331051774585 93.5
62.610306 29.720322 1331051776580 94.0
62.610278 29.720282 1331051778581 94.5
62.610262 29.720251 1331051780575 94.5
62.610244 29.72023 1331051782580 93.5
62.610225 29.720201 1331051784583 93.5
62.6102 29.720162 1331051786583 93.0
62.610178 29.720118 1331051788586 93.0
62.610146 29.720072 1331051790582 93.0
62.61012 29.720043 1331051792583 93.0
62.610104 29.720042 1331051794585 93.0
62.610088 29.720056 1331051796584 92.5
62.610072 29.720104 1331051798590 95.5
62.610051 29.720133 1331051800588 95.0
62.610034 29.720166 1331051802591 95.0
62.610012 29.720213 1331051804584 95.5
62.609987 29.720278 1331051806589 95.5
62.609963 29.72034 1331051808583 96.0
62.60994 29.720409 1331051810588 96.0
62.609917 29.720479 1331051812584 96.5
62.609889 29.720551 1331051814588 96.0
62.609864 29.720635 1331051816586 96.5
62.609841 29.720683 1331051818588 96.0
62.609809 29.720752 1331051820586 95.5
62.609779 29.720821 1331051822588 96.0
62.609746 29.720886 1331051824586 97.0
62.60971 29.720939 1331051826586 97.0
62.609669 29.720987 1331051828586 97.5
62.609634 29.721018 1331051830587 97.5
62.609592 29.721068 1331051832586 97.0
62.609555 29.721117 1331051834588 97.5
62.609522 29.721161 1331051836583 97.0
62.609489 29.721216 1331051838589 96.5
62.609465 29.721274 1331051840587 96.5
62.609436 29.72134 1331051842588 96.0
62.609415 29.721397 1331051844590 95.5
62.60939 29.721473 1331051846585 95.5
62.609361 29.721566 1331051848589 96.5
62.609327 29.721648 1331051850589 97.0
62.609293 29.721726 1331051852584 98.0
62.609257 29.721785 1331051854584 98.5
62.609215 29.721816 1331051856583 98.0
62.609177 29.721824 1331051858586 97.0
62.609143 29.721841 1331051860584 98.0
62.609107 29.721855 1331051862585 97.5
62.609069 29.721863 1331051864582 97.5
62.60903 29.721867 1331051866584 97.0
62.608985 29.721848 1331051868582 96.0
62.608944 29.721826 1331051870580 94.5
62.608904 29.721801 1331051872589 93.5
62.60886 29.721775 1331051874582 92.5
62.608819 29.721761 1331051876582 92.0
62.608777 29.721761 1331051878582 92.5
62.608733 29.721769 1331051880583 93.0
62.608688 29.721781 1331051882582 93.0
62.608644 29.72179 1331051884581 93.0
62.608602 29.721802 1331051886580 93.0
62.608558 29.721811 1331051888580 93.0
62.608512 29.721818 1331051890582 93.0
62.608472 29.721823 1331051892581 93.0
62.608423 29.721833 1331051894585 92.5
62.608381 29.721842 1331051896582 92.5
62.608343 29.721853 1331051898582 92.5
62.608297 29.721864 1331051900583 92.5
62.608251 29.721876 1331051902584 92.0
62.608203 29.721884 1331051904582 91.5
62.608162 29.721893 1331051906583 91.5
62.608121 29.721903 1331051908583 92.0
62.60808 29.721918 1331051910583 92.0
62.608045 29.721909 1331051912581 92.0
62.608006 29.721892 1331051914580 92.0
62.607966 29.721856 1331051916582 92.0
62.607914 29.721805 1331051918580 92.0
62.60787 29.721748 1331051920569 92.0
62.607821 29.721679 1331051922572 92.0
62.607775 29.721613 1331051924574 92.0
62.607725 29.721549 1331051926573 92.0
62.607675 29.721497 1331051928572 91.5
62.607624 29.721451 1331051930575 91.5
62.607577 29.721413 1331051932572 92.0
62.607522 29.721382 1331051934575 92.0
62.607465 29.721357 1331051936565 92.0
62.607411 29.721336 1331051938565 92.0
62.60736 29.721315 1331051940572 92.0
62.607313 29.721293 1331051942573 92.0
62.60726 29.721273 1331051944570 91.5
62.607212 29.721247 1331051946564 91.5
62.607167 29.721209 1331051948573 91.5
62.607126 29.721164 1331051950572 91.5
62.607085 29.721119 1331051952570 91.0
62.607042 29.721063 1331051954579 91.0
62.606999 29.721011 1331051956571 91.0
62.606955 29.720952 1331051958575 91.0
62.606912 29.720893 1331051960569 90.5
62.606873 29.720834 1331051962571 90.5
62.606834 29.72077 1331051964570 90.0
62.606799 29.720716 1331051966574 90.0
62.606758 29.72066 1331051968569 90.0
62.606722 29.720606 1331051970572 90.0
62.606684 29.720548 1331051972569 90.0
62.606646 29.720503 1331051974579 89.5
62.606614 29.720447 1331051976582 89.0
62.606578 29.720392 1331051978581 88.5
62.606545 29.720341 1331051980568 88.0
62.606508 29.72028 1331051982569 87.5
62.606469 29.720224 1331051984578 87.5
62.60643 29.720166 1331051986569 87.5
62.606389 29.720108 1331051988577 87.5
62.606349 29.720069 1331051990569 87.5
62.606313 29.720051 1331051992570 88.0
62.606279 29.720051 1331051994578 88.0
62.606243 29.720062 1331051996581 88.0
62.606204 29.720078 1331051998580 88.0
62.606165 29.720097 1331052000583 88.0
62.606129 29.720107 1331052002579 88.0
62.606089 29.720116 1331052004581 88.0
62.606051 29.720123 1331052006581 88.0
62.606018 29.720129 1331052008577 88.0
62.605982 29.720142 1331052010571 88.5
62.605948 29.720153 1331052012580 88.5
62.605913 29.720155 1331052014581 88.5
62.605878 29.72016 1331052016581 88.5
62.605841 29.720158 1331052018580 88.5
62.605802 29.720164 1331052020580 88.5
62.605762 29.720167 1331052022579 89.0
62.60572 29.720171 1331052024581 89.0
62.605678 29.720177 1331052026581 89.5
62.605639 29.720179 1331052028577 89.5
62.605601 29.720183 1331052030579 89.0
62.605563 29.720186 1331052032580 89.5
62.605532 29.720195 1331052034577 89.5
62.6055 29.720198 1331052036577 89.5
62.605471 29.720196 1331052038581 89.0
62.605435 29.720202 1331052040575 89.0
62.605395 29.720216 1331052042579 89.0
62.605365 29.72021 1331052044576 89.0
62.605332 29.72023 1331052046583 90.5
62.605297 29.720237 1331052048573 90.5
62.605268 29.720248 1331052050576 90.0
62.605229 29.72027 1331052052576 90.0
62.605199 29.720283 1331052054576 90.0
62.605166 29.720298 1331052056575 90.0
62.605139 29.720303 1331052058576 89.0
62.605119 29.720322 1331052060578 89.0
62.605098 29.720342 1331052062580 89.0
62.605074 29.720374 1331052064575 90.0
62.605041 29.720396 1331052066577 88.5
62.60501 29.720431 1331052068576 88.0
62.604987 29.720458 1331052070579 87.5
62.604964 29.720492 1331052072575 87.0
62.604948 29.72052 1331052074577 87.5
62.60493 29.720555 1331052076577 88.0
62.604914 29.720595 1331052078577 88.5
62.604899 29.720639 1331052080577 89.0
62.604884 29.720687 1331052082576 90.5
62.604876 29.720719 1331052084576 91.0
62.604865 29.720753 1331052086578 91.0
62.604849 29.720812 1331052088578 91.5
62.604829 29.720881 1331052090577 92.5
62.604816 29.720944 1331052092574 93.0
62.604804 29.720996 1331052094574 92.5
62.604792 29.721065 1331052096576 93.0
62.604779 29.72115 1331052098574 93.0
62.604775 29.721224 1331052100575 94.0
62.60477 29.721312 1331052102576 95.0
62.604761 29.721389 1331052104576 96.0
62.60476 29.721463 1331052106577 98.5
62.604755 29.721538 1331052108576 99.5
62.604759 29.721612 1331052110576 101.0
62.604753 29.721684 1331052112576 102.5
62.604751 29.721755 1331052114576 104.0
62.60476 29.721836 1331052116579 106.5
62.604761 29.72192 1331052118572 106.0
62.604766 29.72201 1331052120577 106.5
62.604767 29.722097 1331052122577 107.5
62.604769 29.722196 1331052124577 108.5
62.604765 29.722294 1331052126576 109.0
62.604759 29.722393 1331052128578 109.0
62.604753 29.722495 1331052130578 109.0
62.604748 29.722582 1331052132578 109.0
62.60474 29.722667 1331052134575 109.0
62.604729 29.722767 1331052136575 109.0
62.604716 29.722861 1331052138574 108.5
62.604707 29.722948 1331052140580 108.0
62.604697 29.723021 1331052142575 107.0
62.604688 29.723078 1331052144575 105.0
62.604677 29.723152 1331052146574 105.0
62.604663 29.723212 1331052148575 104.0
62.604654 29.723283 1331052150570 104.5
62.604644 29.723351 1331052152572 104.0
62.604631 29.723416 1331052154579 103.5
62.604618 29.723467 1331052156575 103.0
62.604612 29.723507 1331052158574 102.5
62.604608 29.723537 1331052160571 102.5
62.604604 29.723559 1331052162569 102.0
62.604594 29.723595 1331052164570 102.0
62.604587 29.723641 1331052166573 101.5
62.604579 29.723698 1331052168571 100.5
62.604575 29.723771 1331052170573 99.5
62.604579 29.723852 1331052172577 100.5
62.604576 29.723919 1331052174572 100.0
62.604577 29.723984 1331052176574 100.0
62.604572 29.724048 1331052178573 99.5
62.604567 29.724086 1331052180573 99.0
62.604564 29.724108 1331052182573 98.5
62.604562 29.724115 1331052184573 98.0
62.604563 29.724116 1331052186573 98.0
62.604564 29.724117 1331052188574 98.0
62.604564 29.724118 1331052190572 98.0
62.60456 29.724129 1331052192573 98.0
62.604554 29.724154 1331052194576 97.5
62.604553 29.724192 1331052196572 97.5
62.604552 29.724232 1331052198572 97.5
62.604548 29.724258 1331052200575 97.0
62.604546 29.724284 1331052202571 96.5
62.604543 29.724304 1331052204573 96.5
62.60454 29.724321 1331052206570 96.5
62.604537 29.724334 1331052208571 95.5
62.604536 29.72435 1331052210572 95.0
62.604531 29.724391 1331052212572 93.0
62.604529 29.724445 1331052214572 92.5
62.604529 29.724503 1331052216573 92.0
62.604535 29.724554 1331052218572 92.5
62.604536 29.724628 1331052220574 92.0
62.604545 29.724718 1331052222561 92.5
62.604551 29.724818 1331052224572 92.5
62.604547 29.724902 1331052226572 92.0
62.604548 29.725 1331052228557 91.5
62.604549 29.725103 1331052230575 91.5
62.60455 29.725207 1331052232571 92.5
62.604552 29.725316 1331052234571 93.5
62.604552 29.725427 1331052236565 94.0
62.604553 29.725539 1331052238555 94.5
62.604554 29.725662 1331052240569 95.0
62.604552 29.725774 1331052242553 95.5
62.604541 29.725888 1331052244557 96.0
62.604525 29.725992 1331052246568 96.0
62.604508 29.726067 1331052248559 96.0
62.604492 29.726136 1331052250560 96.0
62.60448 29.726215 1331052252567 97.0
62.604467 29.726299 1331052254570 97.5
62.604459 29.726385 1331052256565 97.5
62.604445 29.726472 1331052258565 95.5
62.604445 29.726565 1331052260570 95.5
62.604447 29.726643 1331052262567 96.0
62.604439 29.726739 1331052264547 94.0
62.604441 29.726845 1331052266573 93.5
62.604445 29.726958 1331052268572 93.0
62.604466 29.727072 1331052270560 95.5
62.604469 29.727166 1331052272558 95.0
62.604466 29.727248 1331052274568 95.0
62.604461 29.727317 1331052276570 94.5
62.604459 29.727379 1331052278567 95.0
62.604455 29.72742 1331052280565 95.0
62.604441 29.727445 1331052282570 94.0
62.60444 29.72747 1331052284572 94.0
62.604448 29.727511 1331052286565 93.5
62.604448 29.72755 1331052288565 93.0
62.604452 29.727561 1331052290565 92.5
62.604466 29.727573 1331052292565 93.5
62.604495 29.727579 1331052294573 93.5
62.604519 29.727587 1331052296569 92.0
62.604549 29.727597 1331052298569 91.0
62.604584 29.727601 1331052300569 89.5
62.604632 29.727605 1331052302568 90.0
62.604677 29.727607 1331052304558 90.5
62.604734 29.72761 1331052306569 91.5
62.604791 29.727617 1331052308568 92.0
62.604841 29.727637 1331052310572 92.5
62.604891 29.727657 1331052312573 92.5
62.604932 29.727673 1331052314559 92.5
62.604982 29.727695 1331052316570 93.5
62.605027 29.727728 1331052318569 94.0
62.605065 29.727764 1331052320558 93.0
62.605102 29.727802 1331052322572 92.0
62.605143 29.727837 1331052324569 93.5
62.605173 29.727881 1331052326569 93.0
62.605207 29.727921 1331052328571 92.5
62.605245 29.727966 1331052330569 92.5
62.605274 29.728004 1331052332569 92.0
62.6053 29.728042 1331052334568 93.0
62.605322 29.728074 1331052336564 92.5
62.605343 29.728089 1331052338568 92.0
62.605361 29.728098 1331052340569 92.0
62.605386 29.728123 1331052342562 92.5
62.605422 29.728159 1331052344562 93.5
62.605453 29.7282 1331052346567 93.5
62.605486 29.728245 1331052348571 92.5
62.60552 29.72829 1331052350568 92.5
62.605551 29.728324 1331052352568 92.0
62.605585 29.728356 1331052354568 91.0
62.605622 29.728376 1331052356568 90.5
62.605665 29.728403 1331052358571 89.5
62.605704 29.728447 1331052360567 88.0
62.605732 29.728497 1331052362567 87.0
62.605767 29.728549 1331052364567 86.5
62.605797 29.728598 1331052366567 86.0
62.605836 29.728646 1331052368567 86.0
62.605877 29.728699 1331052370567 87.0
62.605918 29.728748 1331052372567 87.5
62.605956 29.728799 1331052374569 88.0
62.605989 29.728845 1331052376560 87.0
62.606026 29.728899 1331052378565 87.5
62.60607 29.728946 1331052380567 88.5
62.606108 29.728988 1331052382567 89.0
62.606139 29.72904 1331052384584 86.5
62.606151 29.729074 1331052386582 86.5
62.60622 29.729115 1331052389810 86.5
62.606282 29.729152 1331052391814 88.5
62.606326 29.729189 1331052393817 88.5
62.606362 29.72922 1331052395815 87.5
62.6064 29.729251 1331052397816 87.5
62.606447 29.729288 1331052399815 87.0
62.606496 29.729322 1331052401815 86.5
62.606545 29.729345 1331052403815 86.5
62.606607 29.72938 1331052405815 87.0
62.606659 29.729415 1331052407814 87.5
62.606705 29.729449 1331052409808 87.0
62.606751 29.729489 1331052411814 87.0
62.606806 29.729532 1331052413808 88.0
62.606869 29.72958 1331052415814 90.5
62.606926 29.729646 1331052417816 92.0
62.606975 29.729706 1331052419813 93.0
62.607008 29.729767 1331052421815 92.0
62.607045 29.729836 1331052423809 92.0
62.607081 29.729909 1331052425810 91.0
62.607127 29.729977 1331052427809 92.5
62.60717 29.730032 1331052429808 94.0
62.607212 29.730094 1331052431812 94.5
62.607249 29.730155 1331052433813 95.0
62.60728 29.73022 1331052435808 94.5
62.607319 29.730293 1331052437810 94.5
62.60735 29.730368 1331052439814 93.5
62.60739 29.730446 1331052441812 94.0
62.607428 29.73051 1331052443793 94.0
62.607467 29.730589 1331052446036 94.0
62.607512 29.730658 1331052448043 94.5
62.607558 29.730728 1331052450042 95.0
62.607586 29.730793 1331052452043 94.5
62.607621 29.730857 1331052454044 94.5
62.607647 29.730915 1331052456042 92.0
62.607685 29.730985 1331052458042 91.0
62.607706 29.731046 1331052460039 88.0
62.607736 29.731105 1331052462032 87.0
62.607769 29.731169 1331052464033 86.5
62.607803 29.731238 1331052466033 85.5
62.607836 29.731308 1331052468033 85.5
62.607867 29.731381 1331052470045 84.5
62.607905 29.731459 1331052472043 85.0
62.607936 29.731526 1331052474043 84.5
62.60797 29.731589 1331052476027 85.0
62.608001 29.731663 1331052478033 85.0
62.608032 29.731736 1331052480043 84.5
62.608065 29.731808 1331052482031 84.5
62.608092 29.73186 1331052484031 84.0
62.608119 29.731916 1331052486043 84.0
62.608146 29.731973 1331052488033 83.5
62.608172 29.732035 1331052490044 81.5
62.608201 29.732099 1331052492035 81.0
62.608229 29.73215 1331052494040 80.0
62.608253 29.732203 1331052496042 80.0
62.608273 29.73226 1331052498038 79.5
62.608286 29.7323 1331052500038 79.5
62.60829 29.732338 1331052502040 79.0
62.60829 29.732383 1331052504039 79.5
62.608289 29.732429 1331052506040 79.5
62.608287 29.732446 1331052508032 79.5
62.608282 29.732463 1331052510039 79.5
62.608269 29.732503 1331052512036 80.0
62.608257 29.732562 1331052514038 81.0
62.608239 29.73262 1331052516042 82.5
62.608217 29.732683 1331052518038 83.5
62.608197 29.732744 1331052520041 84.0
62.608171 29.732793 1331052522038 84.0
62.608143 29.73283 1331052524031 83.0
62.608119 29.732863 1331052526042 82.5
62.608088 29.732931 1331052528037 83.5
62.60805 29.732956 1331052530034 81.0
62.608012 29.732973 1331052532044 79.5
62.607969 29.733008 1331052534037 78.5
62.607938 29.733049 1331052536038 78.5
62.607907 29.733074 1331052538037 78.5
62.607884 29.733106 1331052540035 78.0
62.607851 29.733127 1331052542037 77.0
62.607821 29.733178 1331052544038 77.5
62.607794 29.733234 1331052546035 78.5
62.607764 29.733266 1331052548035 77.5
62.607728 29.733289 1331052550037 75.5
62.607698 29.733318 1331052552035 74.0
62.607658 29.733333 1331052554037 71.5
62.607623 29.733363 1331052556038 71.5
62.607588 29.733389 1331052558035 71.5
62.607549 29.733408 1331052560036 72.0
62.607515 29.733417 1331052562037 72.0
62.607478 29.733421 1331052564035 71.5
62.607448 29.733427 1331052566035 71.0
62.607415 29.733441 1331052568038 71.5
62.607382 29.733461 1331052570035 71.0
62.607346 29.733477 1331052572038 70.5
62.607316 29.733493 1331052574035 71.0
62.607272 29.733502 1331052576035 68.5
62.60723 29.733533 1331052578039 68.0
62.607183 29.733593 1331052580037 68.0
62.607137 29.733626 1331052582035 66.0
62.607094 29.733659 1331052584036 66.5
62.607053 29.733686 1331052586036 66.0
62.607006 29.733707 1331052588036 66.0
62.606965 29.733738 1331052590036 66.5
62.606928 29.733775 1331052592036 67.0
62.606887 29.733809 1331052594036 66.5
62.606846 29.73386 1331052596035 66.5
62.606807 29.733907 1331052598033 67.0
62.606759 29.73395 1331052600035 66.0
62.606716 29.734002 1331052602034 66.0
62.606679 29.73405 1331052604035 67.0
62.606648 29.734074 1331052606034 67.0
62.606611 29.734094 1331052608030 66.0
62.606569 29.734114 1331052610034 65.0
62.606528 29.734161 1331052612034 65.5
62.606485 29.734161 1331052614034 63.0
62.606445 29.734217 1331052616033 64.0
62.606403 29.734247 1331052618032 63.0
62.606371 29.734285 1331052620032 63.0
62.606337 29.734313 1331052622030 62.5
62.606295 29.734345 1331052624031 62.5
62.606252 29.734372 1331052626036 62.5
62.606208 29.734411 1331052628034 62.5
62.606165 29.734452 1331052630032 63.0
62.606119 29.734481 1331052632033 62.5
62.606082 29.734529 1331052634035 63.5
62.606041 29.734558 1331052636033 62.5
62.606006 29.7346 1331052638031 62.0
62.605975 29.734655 1331052640032 62.0
62.605945 29.734716 1331052642030 63.0
62.605906 29.73477 1331052644031 64.0
62.605875 29.734804 1331052646031 64.0
62.605844 29.734855 1331052648034 65.0
62.60582 29.734886 1331052650031 65.5
62.605804 29.734917 1331052652030 66.5
62.605792 29.734952 1331052654036 67.5
62.605771 29.734974 1331052656033 67.5
62.605735 29.735015 1331052658030 68.5
62.605693 29.735038 1331052660030 67.0
62.605651 29.735065 1331052662033 67.0
62.605605 29.73512 1331052664029 68.0
62.605568 29.735155 1331052666031 68.0
62.605535 29.735197 1331052668030 69.5
62.605489 29.735261 1331052670031 71.0
62.605441 29.73532 1331052672032 70.5
62.60542 29.73536 1331052674013 71.5
62.605401 29.735397 1331052676012 72.0
62.60537 29.735437 1331052678021 72.0
62.605336 29.7355 1331052680012 73.0
62.6053 29.735558 1331052682024 73.0
62.60526 29.735625 1331052684012 73.0
62.605215 29.735686 1331052686022 72.0
62.605174 29.735766 1331052688022 73.0
62.605125 29.735786 1331052690020 70.0
62.605079 29.735817 1331052692023 69.0
62.605043 29.735847 1331052694025 68.0
62.605003 29.735887 1331052696019 69.5
62.604962 29.735919 1331052698013 70.0
62.604931 29.735925 1331052700027 70.5
62.604899 29.735955 1331052702027 70.0
62.604865 29.735962 1331052704028 69.0
62.604834 29.735991 1331052706024 70.0
62.604815 29.73602 1331052708027 70.0
62.604803 29.736049 1331052710028 70.5
62.604775 29.736063 1331052712027 70.0
62.604742 29.736096 1331052714027 71.0
62.604694 29.736126 1331052716028 71.0
62.604641 29.736133 1331052718028 70.0
62.604588 29.736144 1331052720027 69.5
62.604543 29.736164 1331052722029 69.0
62.604501 29.736163 1331052724031 68.0
62.604452 29.736217 1331052726027 68.5
62.604398 29.736251 1331052728027 68.0
62.604351 29.736292 1331052730026 69.0
62.604302 29.736328 1331052732029 69.5
62.604255 29.736369 1331052734028 70.0
62.604205 29.736407 1331052736027 71.0
62.604157 29.736438 1331052738026 69.5
62.604112 29.736466 1331052740026 69.0
62.60407 29.736505 1331052742027 69.0
62.604033 29.736538 1331052744025 69.0
62.603991 29.736577 1331052746029 69.0
62.603945 29.736599 1331052748027 68.0
62.603904 29.736618 1331052750025 66.5
62.603869 29.736631 1331052752025 67.0
62.603826 29.736662 1331052754025 67.5
62.603795 29.736685 1331052756025 68.0
62.603763 29.736711 1331052758023 68.0
62.60374 29.736749 1331052760017 69.0
62.603737 29.736794 1331052762023 72.0
62.603733 29.736807 1331052764026 72.5
62.603722 29.736833 1331052766024 73.0
62.603704 29.736846 1331052768024 73.5
62.603681 29.736854 1331052770025 73.0
62.603669 29.736859 1331052772025 73.5
62.603666 29.736862 1331052774026 73.5
62.603656 29.736863 1331052776024 73.5
62.603644 29.736853 1331052778024 73.5
62.603632 29.736883 1331052780029 77.0
62.60362 29.736905 1331052782026 78.5
62.603619 29.736918 1331052784026 79.0
62.603623 29.736919 1331052786024 79.5
62.60362 29.736958 1331052788027 82.5
62.603614 29.736941 1331052790028 84.0
62.603606 29.73693 1331052792024 86.0
62.603612 29.736887 1331052794025 87.0
62.603626 29.73685 1331052796026 90.5
62.60364 29.736808 1331052798027 92.5
62.60365 29.736741 1331052800025 92.0
62.603659 29.736676 1331052802027 92.0
62.603674 29.736581 1331052804026 95.0
62.603693 29.736487 1331052806024 98.0
62.603701 29.736409 1331052808022 98.0
62.603723 29.736323 1331052810026 101.0
62.603731 29.736223 1331052812022 101.5
62.603744 29.736119 1331052814022 102.0
62.603755 29.73604 1331052816022 101.5
62.603772 29.73597 1331052818021 101.0
62.603788 29.735918 1331052820021 101.0
62.603804 29.735856 1331052822021 100.5
62.603818 29.735774 1331052824021 100.0
62.60382 29.735686 1331052826025 99.5
62.603824 29.735599 1331052828021 99.0
62.603823 29.73551 1331052830021 98.5
62.603823 29.735422 1331052832021 97.5
62.603832 29.735322 1331052834021 97.5
62.603847 29.735232 1331052836020 96.0
62.603862 29.73514 1331052838023 95.5
62.603876 29.735055 1331052840020 95.5
62.603885 29.734955 1331052842019 95.5
62.603895 29.734862 1331052844020 95.5
62.603902 29.734774 1331052846020 95.5
62.603909 29.734684 1331052848020 95.0
62.603922 29.734587 1331052850021 95.5
62.60393 29.734484 1331052852020 96.0
62.603943 29.734397 1331052854021 94.0
62.603951 29.734302 1331052856023 94.5
62.603958 29.734214 1331052858013 92.5
62.603963 29.734112 1331052860019 92.5
62.603965 29.734008 1331052862019 92.5
62.603972 29.733922 1331052864019 92.5
62.603971 29.733826 1331052866019 92.5
62.60397 29.733713 1331052868019 93.0
62.603976 29.733612 1331052870021 93.5
62.603987 29.733517 1331052872019 94.5
62.603999 29.733432 1331052874016 94.0
62.60401 29.733351 1331052876019 93.5
62.60402 29.733292 1331052878018 92.5
62.604034 29.733235 1331052880019 94.0
62.604046 29.733146 1331052882019 95.5
62.604049 29.733068 1331052884018 95.0
62.604061 29.732996 1331052886018 95.0
62.60407 29.732913 1331052888020 96.0
62.604068 29.732822 1331052890018 96.5
62.604069 29.732723 1331052892018 97.0
62.604075 29.73262 1331052894021 97.0
62.604083 29.732539 1331052896018 97.0
62.604088 29.73247 1331052898018 96.0
62.6041 29.732406 1331052900017 94.5
62.604116 29.732334 1331052902019 93.5
62.604137 29.732255 1331052904018 93.0
62.604147 29.732178 1331052906018 93.0
62.60416 29.732101 1331052908018 92.0
62.60417 29.732027 1331052910018 90.0
62.604181 29.731932 1331052912018 89.5
62.604194 29.73183 1331052914021 88.5
62.604202 29.731723 1331052916018 87.0
62.60421 29.731611 1331052918017 87.0
62.604217 29.731515 1331052920017 86.0
62.60422 29.73144 1331052922018 86.0
62.60422 29.731412 1331052924017 85.5
62.604216 29.731371 1331052926016 86.0
62.604217 29.731335 1331052928017 86.0
62.604215 29.731269 1331052930016 86.5
62.604217 29.731199 1331052932016 85.5
62.60422 29.731113 1331052934016 87.0
62.604224 29.731033 1331052936016 86.5
62.604234 29.730951 1331052938014 86.0
62.604243 29.730865 1331052940017 85.5
62.604249 29.730766 1331052942016 85.0
62.604255 29.730659 1331052944016 85.5
62.604258 29.730562 1331052946019 85.5
62.604263 29.730452 1331052948017 86.0
62.604264 29.730368 1331052950020 85.5
62.604268 29.730281 1331052952016 85.5
62.604267 29.73015 1331052954016 89.0
62.60427 29.730079 1331052956018 89.0
62.604274 29.73002 1331052958015 89.5
62.604267 29.729915 1331052960015 91.5
62.604269 29.729854 1331052962015 91.5
62.604268 29.72977 1331052964015 91.5
62.604262 29.729679 1331052966017 91.5
62.604263 29.729608 1331052968017 91.5
62.604265 29.72955 1331052970015 91.0
62.604271 29.729513 1331052972015 91.0
62.604279 29.729458 1331052974016 90.0
62.604289 29.729408 1331052976018 89.5
62.604295 29.729352 1331052978015 89.5
62.604294 29.729284 1331052980015 90.0
62.604295 29.729241 1331052982016 90.0
62.604296 29.729188 1331052984017 90.5
62.604299 29.72913 1331052986010 91.0
62.604305 29.729049 1331052988014 91.0
62.604308 29.728964 1331052990014 91.5
62.604304 29.728878 1331052992015 91.0
62.604305 29.728801 1331052994014 91.0
62.604306 29.728732 1331052996017 90.5
62.604309 29.728654 1331052998015 90.5
62.604308 29.728571 1331053000014 91.0
62.60432 29.728494 1331053002015 91.0
62.604331 29.728444 1331053004016 90.0
62.604347 29.728371 1331053006015 90.0
62.604367 29.72832 1331053008013 89.5
62.604385 29.728271 1331053010014 90.5
62.604412 29.728226 1331053012014 90.5
62.604436 29.728191 1331053014012 90.5
62.604457 29.728162 1331053016012 91.0
62.604475 29.728141 1331053018014 90.5
62.604498 29.728107 1331053020014 90.5
62.604514 29.72809 1331053022017 90.0
62.604516 29.728079 1331053024011 90.0
62.604518 29.728075 1331053026010 90.0
62.604516 29.728062 1331053027998 90.0
62.604517 29.728052 1331053030007 90.5
62.604521 29.728049 1331053032010 91.0
62.604529 29.728029 1331053034015 93.0
62.604531 29.728008 1331053036010 94.0
62.604536 29.728002 1331053038013 95.0
62.604536 29.727989 1331053040006 95.0
62.604535 29.727981 1331053041994 95.0
62.604537 29.727968 1331053044007 95.5
62.604533 29.727947 1331053045996 95.0
62.60454 29.72794 1331053048001 96.5
62.604539 29.727929 1331053049996 97.0
62.604534 29.727927 1331053052016 96.0
62.604524 29.727923 1331053053996 93.5
62.604519 29.72792 1331053056014 92.5
62.604519 29.727917 1331053058007 92.5
62.604517 29.727914 1331053059995 92.5
62.604513 29.727911 1331053062006 92.0
62.604512 29.727909 1331053063994 91.5
62.604512 29.727905 1331053065995 91.5
62.604513 29.727904 1331053067994 91.5
62.604513 29.727903 1331053069995 91.5
62.604513 29.727903 1331053072005 91.5
62.604511 29.727898 1331053074004 91.0
62.60451 29.727882 1331053076005 90.5
62.604505 29.727859 1331053078003 90.0
62.604509 29.727852 1331053079995 90.5
62.604514 29.727848 1331053081990 91.5
62.604512 29.727823 1331053083992 92.0
62.604512 29.727765 1331053085991 92.0
62.604521 29.727707 1331053087993 92.5
62.604527 29.727615 1331053090007 95.0
62.604526 29.727552 1331053091987 97.0
62.604533 29.727507 1331053094008 97.0
62.604521 29.727436 1331053096007 96.5
62.604512 29.72738 1331053097988 97.5
62.6045 29.727311 1331053100001 98.0
62.604491 29.72724 1331053101992 98.0
62.604481 29.727171 1331053103991 97.5
62.604478 29.727148 1331053106002 98.0
62.604477 29.727138 1331053107994 98.0
62.60447 29.727123 1331053110002 97.5
62.604463 29.72711 1331053111984 97.5
62.604464 29.727102 1331053113986 97.0
62.604464 29.727098 1331053115987 97.5
62.604464 29.72709 1331053117989 97.5
62.604463 29.727087 1331053119993 97.5
62.604465 29.727084 1331053121984 97.0
62.604467 29.727082 1331053124004 97.0
62.604469 29.727079 1331053125981 97.0
62.604471 29.727079 1331053127981 96.5
62.604472 29.727074 1331053129983 96.5
62.604474 29.72707 1331053131980 96.5
62.604474 29.72707 1331053133993 96.5
62.604475 29.72707 1331053135976 96.5
62.604475 29.72707 1331053137981 96.5
62.604475 29.72707 1331053139984 96.5
62.604476 29.72707 1331053141989 96.5
62.604477 29.727071 1331053143977 96.5
62.604478 29.727071 1331053145979 96.5
62.604479 29.72707 1331053147975 97.0
62.604479 29.72707 1331053149979 97.0
62.604479 29.72707 1331053151970 97.0
62.60448 29.727069 1331053153982 97.0
62.60448 29.727069 1331053155988 97.0
62.60448 29.727067 1331053157979 97.0
62.604481 29.727067 1331053159980 97.0
62.60448 29.727045 1331053161979 98.0
62.604482 29.727039 1331053163970 98.0
62.604485 29.727032 1331053165982 99.0
62.604484 29.727029 1331053167991 98.5
62.604481 29.727029 1331053169990 98.5
62.604482 29.727023 1331053171976 98.5
62.604482 29.727013 1331053173968 99.0
62.604481 29.727017 1331053175977 99.0
62.604481 29.72702 1331053177978 99.0
62.604491 29.727054 1331053179984 100.5
62.604495 29.72712 1331053181989 100.0
62.604496 29.727201 1331053183974 98.5
62.604503 29.727291 1331053185976 98.0
62.604503 29.727357 1331053187986 97.5
62.604497 29.727418 1331053189988 96.5
62.604494 29.727469 1331053191988 96.0
62.604492 29.727514 1331053193976 97.0
62.604487 29.727543 1331053195989 97.0
62.604478 29.727578 1331053197970 97.5
62.604468 29.727612 1331053199975 98.5
62.604461 29.727615 1331053201973 100.0
62.604459 29.727628 1331053203972 101.5
62.60444 29.727647 1331053205971 101.5
62.604421 29.727683 1331053207973 102.5
62.604405 29.727719 1331053209989 103.5
62.604385 29.727792 1331053211985 104.5
62.604366 29.727891 1331053213974 106.0
62.604342 29.727984 1331053215977 105.0
62.604324 29.728108 1331053217972 104.0
62.604305 29.728239 1331053219964 101.0
62.604286 29.72837 1331053221963 99.0
62.604262 29.728497 1331053223975 95.5
62.604248 29.728611 1331053225984 95.5
62.604229 29.728701 1331053227968 94.5
62.604218 29.728812 1331053229961 95.5
62.604213 29.72894 1331053231966 97.0
62.604206 29.729078 1331053233958 97.0
62.604188 29.729202 1331053235957 95.0
62.604173 29.729337 1331053237956 92.5
62.604152 29.729494 1331053239955 91.5
62.604139 29.729623 1331053241959 90.0
62.60413 29.729767 1331053243960 89.5
62.60412 29.729883 1331053245968 88.0
62.604104 29.72998 1331053247966 87.0
62.604114 29.730117 1331053249957 88.5
62.604108 29.730254 1331053251956 89.0
62.604097 29.730388 1331053253964 88.0
62.604077 29.730528 1331053255968 86.0
62.604076 29.730683 1331053257960 88.0
62.604072 29.730805 1331053259956 88.5
62.604057 29.730913 1331053261954 88.0
62.604046 29.730991 1331053263956 87.0
62.604031 29.731082 1331053265958 85.5
62.604035 29.731175 1331053267955 88.0
62.604025 29.731262 1331053269954 88.0
62.604012 29.731354 1331053271953 88.0
62.604004 29.731481 1331053273952 91.0
62.603998 29.731595 1331053275961 91.0
62.603989 29.731724 1331053277955 93.0
62.60398 29.731817 1331053279961 92.5
62.603962 29.731906 1331053281971 90.5
62.603951 29.732023 1331053283968 91.5
62.603944 29.732125 1331053285965 93.0
62.603939 29.732236 1331053287974 93.5
62.603934 29.732345 1331053289973 94.0
62.603932 29.732443 1331053291959 93.5
62.603934 29.732578 1331053293959 95.0
62.603923 29.732702 1331053295957 95.0
62.603912 29.73279 1331053297960 95.5
62.603899 29.732896 1331053299957 96.0
62.603884 29.733001 1331053301957 95.5
62.603871 29.733111 1331053303956 95.0
62.603864 29.733236 1331053305958 94.5
62.603859 29.733364 1331053307957 95.0
62.603853 29.733485 1331053309956 95.5
62.603847 29.733596 1331053311966 95.0
62.603839 29.733716 1331053313953 95.0
62.603822 29.73383 1331053315952 93.0
62.603809 29.733934 1331053317968 93.0
62.603807 29.734032 1331053319970 94.0
62.603796 29.734145 1331053321953 94.0
62.60378 29.734244 1331053323954 93.0
62.603772 29.73435 1331053325954 94.0
62.603763 29.734462 1331053327953 94.0
62.603745 29.73456 1331053329952 92.5
62.603735 29.734657 1331053331951 93.5
62.603727 29.734745 1331053333948 94.5
62.603712 29.734822 1331053335952 94.0
62.603692 29.734917 1331053337961 94.0
62.603674 29.735008 1331053339964 92.0
62.603667 29.735093 1331053341948 91.5
62.603664 29.735197 1331053343954 92.0
62.603663 29.735302 1331053345963 94.5
62.603654 29.735416 1331053347962 95.5
62.603643 29.73552 1331053349951 98.0
62.603627 29.735616 1331053351951 99.0
62.60361 29.735723 1331053353948 99.5
62.603609 29.735841 1331053355945 102.5
62.603607 29.73594 1331053357948 104.5
62.603591 29.73603 1331053359936 102.0
62.603586 29.736118 1331053361947 102.0
62.603577 29.736214 1331053363938 102.5
62.60356 29.736301 1331053365951 99.0
62.603537 29.736403 1331053367948 97.0
62.603525 29.736497 1331053369936 96.5
62.603498 29.736601 1331053371944 93.0
62.603476 29.73669 1331053373958 90.0
62.603471 29.736779 1331053375956 90.0
62.603468 29.736841 1331053377940 90.0
62.603459 29.736904 1331053379942 90.0
62.603455 29.736985 1331053381931 89.5
62.603445 29.737068 1331053383931 90.0
62.60344 29.737146 1331053385939 89.5
62.603442 29.737194 1331053387935 90.5
62.603446 29.737243 1331053389945 92.0
62.603446 29.737294 1331053391952 93.0
62.603432 29.737343 1331053393957 90.5
62.603421 29.737394 1331053395943 89.0
62.603407 29.737446 1331053397953 87.5
62.603407 29.737518 1331053399957 88.5
62.603418 29.737596 1331053401941 92.5
62.603417 29.737658 1331053403956 91.5
62.603404 29.73772 1331053405958 89.5
62.603384 29.737769 1331053407941 87.0
62.603375 29.737797 1331053409960 86.5
62.60336 29.737842 1331053411940 85.0
62.603346 29.737894 1331053413941 84.5
62.603338 29.737952 1331053415940 84.5
62.603329 29.738011 1331053417942 83.5
62.603319 29.738082 1331053419952 82.5
62.603305 29.738139 1331053421950 80.5
62.603293 29.73818 1331053423936 79.5
62.60328 29.738217 1331053425953 78.0
62.603272 29.738261 1331053427951 77.0
62.60325 29.738327 1331053429939 75.0
62.603208 29.738517 1331053432472 71.5
62.603207 29.738605 1331053434472 72.0
62.603213 29.738727 1331053436484 74.5
62.603216 29.738857 1331053438472 77.0
62.603223 29.738964 1331053440471 79.0
62.60323 29.739055 1331053442467 81.0
62.603233 29.739152 1331053444467 81.0
62.603246 29.739251 1331053446469 82.5
62.603249 29.739342 1331053448469 81.5
62.603245 29.739405 1331053450478 81.5
62.603244 29.739434 1331053452480 81.5
62.603244 29.739453 1331053454465 81.5
62.603249 29.739481 1331053456478 82.5
62.603253 29.739513 1331053458482 83.5
62.603255 29.739536 1331053460480 83.5
62.603251 29.739557 1331053462478 83.5
62.603245 29.739575 1331053464468 83.0
62.603242 29.739602 1331053466468 83.0
62.603234 29.739649 1331053468471 82.5
62.603219 29.739715 1331053470462 82.5
62.603208 29.739785 1331053472465 82.5
62.603198 29.739852 1331053474467 83.5
62.603172 29.73991 1331053476465 80.5
62.603157 29.739967 1331053478463 79.5
62.603146 29.740032 1331053480474 79.0
62.603122 29.740108 1331053482474 76.0
62.60311 29.740178 1331053484464 76.0
62.603089 29.740272 1331053486463 74.0
62.603081 29.740401 1331053488477 77.5
62.603062 29.740525 1331053490478 79.5
62.603054 29.740607 1331053492462 81.0
62.603039 29.74066 1331053494465 81.0
62.603033 29.740727 1331053496471 82.5
62.603014 29.7408 1331053498475 82.0
62.602991 29.740871 1331053500459 80.0
62.602972 29.740949 1331053502460 78.5
62.602949 29.741017 1331053504463 78.0
62.602935 29.741064 1331053506459 77.0
62.602931 29.741091 1331053508458 77.0
62.602922 29.741117 1331053510457 76.5
62.602922 29.741118 1331053512456 77.0
62.60292 29.74112 1331053514468 76.5
62.602918 29.741126 1331053516471 77.0
62.602919 29.74113 1331053518464 77.0
62.602936 29.741178 1331053520465 85.0
62.602942 29.741181 1331053522465 86.0
62.602945 29.741181 1331053524463 86.5
62.602945 29.741188 1331053526467 87.5
62.602944 29.741197 1331053528468 88.5
62.602939 29.741207 1331053530473 91.5
62.60293 29.741198 1331053532455 91.5
62.602929 29.741197 1331053534455 91.5
62.60293 29.74121 1331053536453 93.0
62.602936 29.741249 1331053538456 94.0
62.602941 29.741268 1331053540454 95.0
62.602948 29.741269 1331053542462 96.5
62.602956 29.741256 1331053544455 97.5
62.602966 29.741226 1331053546453 98.0
62.602986 29.741147 1331053550457 98.5
62.603007 29.741063 1331053554457 99.5
62.603019 29.741036 1331053556455 100.5
62.603034 29.740993 1331053558454 101.5
62.603048 29.740923 1331053560447 102.0
62.603061 29.740856 1331053562459 102.0
62.603077 29.740781 1331053564439 101.0
62.6031 29.740693 1331053566451 102.5
62.603106 29.740617 1331053568438 100.5
62.603123 29.740529 1331053570440 100.5
62.60314 29.740449 1331053572449 101.5
62.603156 29.740374 1331053574435 101.0
62.603172 29.740305 1331053576440 100.0
62.603191 29.740231 1331053578447 100.0
62.603203 29.740147 1331053580449 98.5
62.603214 29.740051 1331053582460 97.5
62.603227 29.739985 1331053584442 95.5
62.603238 29.739951 1331053586460 93.5
62.603245 29.739931 1331053588449 92.0
62.603249 29.739913 1331053590449 91.0
62.603262 29.739914 1331053592444 89.5
62.603273 29.739904 1331053594442 89.0
62.60328 29.739888 1331053596441 88.5
62.603291 29.739841 1331053598444 87.0
62.603298 29.739781 1331053600456 86.0
62.603302 29.739705 1331053602436 86.0
62.603302 29.739643 1331053604457 85.0
62.603301 29.739554 1331053606455 85.0
62.603294 29.739464 1331053608434 82.5
62.603298 29.739352 1331053610440 81.5
62.603294 29.739246 1331053612440 80.0
62.603293 29.739147 1331053614443 80.0
62.603292 29.73906 1331053616428 78.5
62.603295 29.738975 1331053618430 79.0
62.603297 29.738861 1331053620438 80.0
62.603302 29.738761 1331053622427 80.5
62.603312 29.738647 1331053624427 80.0
62.603325 29.738546 1331053626426 79.5
62.603345 29.738462 1331053628425 80.0
62.60337 29.738365 1331053630423 81.5
62.603395 29.738264 1331053632423 82.0
62.603414 29.738165 1331053634432 83.0
62.603425 29.738095 1331053636437 83.0
62.603431 29.738045 1331053638447 83.0
62.603431 29.737997 1331053640447 83.0
62.603435 29.737959 1331053642430 84.0
62.603432 29.737928 1331053644433 84.5
62.603429 29.7379 1331053646431 84.5
62.603427 29.73788 1331053648427 84.5
62.60343 29.73787 1331053650429 84.5
62.603431 29.737848 1331053652429 84.5
62.603432 29.737821 1331053654428 84.0
62.603434 29.737772 1331053656430 84.5
62.603434 29.737728 1331053658442 84.5
62.603437 29.737678 1331053660443 84.5
62.60345 29.73762 1331053662432 85.5
62.603468 29.737575 1331053664433 86.0
62.603484 29.737554 1331053666437 86.0
62.603499 29.73753 1331053668432 86.5
62.603513 29.737517 1331053670428 86.0
62.603531 29.737513 1331053672437 86.5
62.603555 29.73751 1331053674437 86.5
62.603583 29.737506 1331053676437 86.5
62.603617 29.737494 1331053678425 86.5
62.603656 29.73747 1331053680422 86.5
62.603692 29.737446 1331053682427 85.5
62.603726 29.737414 1331053684424 85.5
62.603762 29.737383 1331053686424 85.5
62.603803 29.73734 1331053688421 85.0
62.603845 29.737298 1331053690424 85.0
62.603894 29.737248 1331053692421 84.5
62.60394 29.737205 1331053694422 84.5
62.603981 29.737169 1331053696421 83.0
62.604027 29.737117 1331053698420 82.5
62.604072 29.737084 1331053700437 82.0
62.604117 29.737051 1331053702435 82.0
62.604166 29.737016 1331053704419 83.0
62.60422 29.736963 1331053706427 85.0
62.604269 29.736938 1331053708425 85.0
62.604307 29.736913 1331053710414 84.0
62.604351 29.736889 1331053712414 83.0
62.604392 29.736868 1331053714417 81.5
62.60444 29.736846 1331053716416 81.0
62.604488 29.736824 1331053718415 82.0
62.604529 29.736816 1331053720414 81.5
62.604567 29.736795 1331053722414 82.0
62.604607 29.73678 1331053724413 82.5
62.604657 29.736762 1331053726412 83.0
62.604702 29.736738 1331053728413 83.0
62.604745 29.736712 1331053730430 82.0
62.604787 29.736682 1331053732428 81.5
62.604829 29.736653 1331053734415 82.0
62.604861 29.73662 1331053736414 79.5
62.604902 29.736569 1331053738426 80.0
62.604942 29.736522 1331053740412 79.0
62.60498 29.736476 1331053742415 79.0
62.605016 29.736421 1331053744409 79.5
62.605048 29.736373 1331053746413 79.5
62.605083 29.736316 1331053748410 79.5
62.605119 29.736254 1331053750418 80.5
62.605154 29.736204 1331053752424 80.0
62.605195 29.736147 1331053754410 81.5
62.605247 29.736078 1331053756415 82.0
62.605287 29.736033 1331053758421 82.5
62.60531 29.73601 1331053760414 83.0
62.605331 29.735988 1331053762397 83.0
62.605357 29.735965 1331053764424 82.5
62.60539 29.735939 1331053766413 82.5
62.605427 29.735915 1331053768401 81.5
62.605463 29.735885 1331053770409 81.5
62.605504 29.735852 1331053772396 82.0
62.605542 29.73582 1331053774406 82.0
62.605582 29.735771 1331053776411 81.5
62.605631 29.735717 1331053778396 81.5
62.605671 29.735663 1331053780410 80.0
62.605719 29.735593 1331053782412 80.5
62.605762 29.735526 1331053784398 82.0
62.605806 29.735466 1331053786408 82.5
62.605856 29.735405 1331053788423 83.0
62.605895 29.735354 1331053790408 82.0
62.60594 29.735311 1331053792402 81.0
62.605982 29.735272 1331053794402 78.5
62.606034 29.735231 1331053796402 78.5
62.606086 29.735186 1331053798404 79.5
62.606135 29.735139 1331053800392 80.0
62.606184 29.735093 1331053802392 79.5
62.606239 29.73505 1331053804389 80.5
62.606296 29.735008 1331053806389 81.5
62.606341 29.734965 1331053808387 81.0
62.606389 29.734926 1331053810391 80.5
62.606434 29.734887 1331053812388 80.5
62.606481 29.73482 1331053814390 82.5
62.60653 29.734795 1331053816385 81.5
62.60657 29.734754 1331053818412 81.0
62.606609 29.734707 1331053820410 80.0
62.606647 29.734663 1331053822400 80.5
62.606692 29.734615 1331053824396 80.5
62.606736 29.734575 1331053826413 81.0
62.606771 29.73454 1331053828401 80.5
62.606809 29.734506 1331053830384 80.0
62.606847 29.734478 1331053832395 79.5
62.606887 29.734455 1331053834393 79.5
62.606936 29.734418 1331053836392 80.5
62.606975 29.734376 1331053838395 80.0
62.607014 29.734336 1331053840392 79.5
62.607054 29.7343 1331053842391 78.5
62.6071 29.734253 1331053844392 79.5
62.607143 29.734221 1331053846387 79.5
62.607183 29.73419 1331053848388 79.0
62.607233 29.734154 1331053850390 79.0
62.60728 29.73413 1331053852379 78.5
62.60733 29.734115 1331053854378 78.0
62.607377 29.734101 1331053856381 77.5
62.607425 29.734079 1331053858391 76.5
62.607473 29.734043 1331053860398 75.5
62.607526 29.733989 1331053862387 75.5
62.607576 29.73393 1331053864385 75.5
62.607641 29.733858 1331053866375 77.5
62.607691 29.733793 1331053868374 77.5
62.607746 29.733721 1331053870385 78.0
62.607793 29.733655 1331053872375 77.5
62.607842 29.733588 1331053874371 77.0
62.607891 29.733523 1331053876372 77.0
62.607944 29.733456 1331053878382 76.5
62.607993 29.73339 1331053880385 76.5
62.608045 29.733323 1331053882370 77.0
62.608093 29.733263 1331053884369 78.0
62.608134 29.733206 1331053886368 78.0
62.608173 29.733141 1331053888378 78.5
62.608213 29.733073 1331053890371 79.0
62.608248 29.733016 1331053892377 78.5
62.608285 29.732952 1331053894377 78.5
62.608322 29.732874 1331053896374 79.0
62.608356 29.732793 1331053898371 80.0
62.608396 29.732731 1331053900375 82.0
62.608436 29.732693 1331053902362 83.0
62.608469 29.732662 1331053904367 83.0
62.608508 29.732633 1331053906368 83.5
62.608547 29.73258 1331053908374 83.5
62.608587 29.732537 1331053910370 83.5
62.608619 29.732496 1331053912368 84.0
62.608647 29.732455 1331053914369 84.0
62.608677 29.732411 1331053916367 84.5
62.608721 29.732343 1331053918368 87.5
62.608764 29.732293 1331053920367 88.5
62.608808 29.732249 1331053922368 89.0
62.60885 29.732214 1331053924367 88.5
62.608893 29.732173 1331053926368 87.5
62.60894 29.732128 1331053928363 87.0
62.608988 29.732072 1331053930364 86.0
62.609033 29.732016 1331053932377 85.5
62.60908 29.731968 1331053934378 85.0
62.609131 29.731916 1331053936365 84.0
62.609179 29.731867 1331053938358 82.0
62.609234 29.731815 1331053940364 81.5
62.609291 29.731756 1331053942368 81.5
62.60934 29.731702 1331053944351 80.0
62.60939 29.731652 1331053946357 79.0
62.609436 29.731596 1331053948364 78.5
62.609477 29.731538 1331053950350 78.0
62.609528 29.731472 1331053952353 78.5
62.609574 29.731417 1331053954354 77.5
62.609629 29.731364 1331053956352 78.0
62.60968 29.731316 1331053958351 77.5
62.609732 29.731278 1331053960350 77.5
62.609783 29.73124 1331053962354 78.0
62.609827 29.731194 1331053964369 77.5
62.609867 29.731137 1331053966360 77.0
62.60991 29.731093 1331053968363 76.5
62.609955 29.73101 1331053970347 78.0
62.609998 29.730948 1331053972349 78.0
62.610041 29.730898 1331053974369 77.5
62.610085 29.73083 1331053976356 77.5
62.610134 29.730768 1331053978349 77.0
62.610172 29.730709 1331053980347 76.0
62.61019 29.730629 1331053982346 77.0
62.610213 29.73058 1331053984346 78.0
62.610233 29.730536 1331053986354 78.5
62.610257 29.730495 1331053988344 79.0
62.610277 29.730464 1331053990345 79.5
62.610297 29.730427 1331053992342 80.0
62.61032 29.730387 1331053994351 80.0
62.610339 29.730356 1331053996353 80.5
62.610351 29.73034 1331053998352 80.5
62.610362 29.730321 1331054000344 81.0
62.610375 29.730278 1331054002343 83.5
62.610387 29.730255 1331054004357 84.5
62.610398 29.730241 1331054006360 84.5
62.610421 29.730219 1331054008370 88.5
62.610435 29.730194 1331054010341 89.5
62.610451 29.730166 1331054012353 89.5
62.610476 29.730147 1331054014340 90.0
62.610497 29.730128 1331054016352 90.0
62.610508 29.730116 1331054018351 90.0
62.610518 29.730097 1331054020350 89.5
62.610548 29.730062 1331054022362 88.5
62.61059 29.730017 1331054024351 88.0
62.610633 29.729969 1331054026351 86.5
62.610677 29.729927 1331054028349 86.0
62.610723 29.729872 1331054030344 86.0
62.610767 29.729832 1331054032348 85.5
62.610819 29.72978 1331054034366 86.0
62.610871 29.729732 1331054036352 86.5
62.610926 29.729673 1331054038335 86.5
62.61098 29.729599 1331054040341 87.0
62.611027 29.729519 1331054042336 87.0
62.611073 29.729448 1331054044335 87.5
62.611121 29.729364 1331054046338 87.5
62.61117 29.729296 1331054048334 88.0
62.611214 29.72926 1331054050334 88.5
62.61126 29.729221 1331054052339 88.5
62.611307 29.729173 1331054054329 88.0
62.611348 29.729105 1331054056344 87.5
62.611391 29.72905 1331054058338 87.0
62.61144 29.728987 1331054060335 87.5
62.611507 29.728896 1331054062333 86.5
62.611574 29.728793 1331054064350 85.5
62.611613 29.728726 1331054066333 84.0
62.611653 29.72866 1331054068332 84.5
62.611682 29.728601 1331054070329 85.0
62.611703 29.72855 1331054072330 85.5
62.611731 29.728495 1331054074338 85.5
62.611761 29.728433 1331054076331 85.5
62.61179 29.728354 1331054078328 85.5
62.611813 29.728293 1331054080347 85.0
62.611855 29.72819 1331054082346 87.5
62.611901 29.728094 1331054084333 87.0
62.611944 29.727997 1331054086329 87.5
62.611973 29.727918 1331054088339 88.0
62.611995 29.72784 1331054090338 89.5
62.612009 29.727807 1331054092340 89.0
62.612027 29.727767 1331054094338 88.5
62.612047 29.727723 1331054096325 87.0
62.612073 29.727649 1331054098325 85.5
62.612106 29.7276 1331054100323 84.0
62.612144 29.727535 1331054102328 83.5
62.612183 29.727475 1331054104326 82.5
62.612216 29.727436 1331054106323 80.0
62.61226 29.727383 1331054108323 78.5
62.612301 29.727343 1331054110321 77.5
62.612352 29.727301 1331054112319 77.0
62.6124 29.727265 1331054114331 77.0
62.61245 29.727229 1331054116316 77.0
62.612496 29.727191 1331054118332 76.0
62.612536 29.727142 1331054120340 74.5
62.61257 29.72709 1331054122334 72.5
62.612606 29.727032 1331054124315 71.0
62.612651 29.726953 1331054126318 72.0
62.612693 29.726888 1331054128317 74.0
62.612739 29.726821 1331054130331 76.0
62.612784 29.726753 1331054132315 76.5
62.612829 29.72668 1331054134315 77.5
62.612868 29.726606 1331054136315 78.0
62.612906 29.726532 1331054138318 78.5
62.612944 29.72649 1331054140314 78.5
62.612968 29.726443 1331054142315 78.0
62.613002 29.726367 1331054144322 78.0
62.613035 29.726298 1331054146322 78.0
62.613065 29.726237 1331054148325 77.5
62.6131 29.72617 1331054150323 77.0
62.613135 29.726106 1331054152322 77.0
62.613172 29.726042 1331054154310 77.5
62.613209 29.725967 1331054156321 78.0
62.613242 29.725908 1331054158322 78.5
62.613278 29.725827 1331054160320 79.5
62.613306 29.725745 1331054162319 80.0
62.613328 29.725647 1331054164321 81.0
62.613345 29.725553 1331054166316 80.5
62.613359 29.725458 1331054168318 80.5
62.61338 29.725378 1331054170315 81.0
62.613402 29.7253 1331054172317 81.0
62.613416 29.725202 1331054174314 82.0
62.613438 29.725104 1331054176318 84.0
62.613447 29.725011 1331054178330 83.5
62.613445 29.724911 1331054180330 84.0
62.61344 29.724787 1331054182301 86.5
62.613434 29.724682 1331054184317 88.5
62.613427 29.724626 1331054186329 88.5
62.61345 29.724573 1331054188331 96.0
62.613458 29.724537 1331054190312 98.5
62.613455 29.724494 1331054192313 99.5
62.613445 29.724429 1331054194305 100.0
62.613427 29.724357 1331054196300 100.5
62.613411 29.724278 1331054198299 101.0
62.613395 29.724184 1331054200300 100.0
62.613378 29.724089 1331054202308 100.0
62.613367 29.724004 1331054204306 99.5
62.613358 29.723929 1331054206309 100.0
62.613357 29.723884 1331054208308 101.0
62.613353 29.723834 1331054210318 101.0
62.61335 29.72378 1331054212309 101.0
62.613343 29.723706 1331054214321 101.0
62.613337 29.723622 1331054216302 101.0
62.613331 29.723534 1331054218297 101.0
62.613327 29.723431 1331054220305 101.0
62.613316 29.723333 1331054222307 101.0
62.613302 29.72324 1331054224306 100.5
62.613287 29.723144 1331054226306 100.5
62.613273 29.72306 1331054228301 100.5
62.613264 29.722995 1331054230291 101.0
62.613252 29.722929 1331054232302 100.5
62.613243 29.72286 1331054234302 101.0
62.61323 29.722757 1331054236319 100.5
62.613222 29.722644 1331054238294 99.5
62.61322 29.722543 1331054240316 98.5
62.613218 29.722445 1331054242314 97.5
62.613214 29.722331 1331054244295 97.5
62.613205 29.722229 1331054246298 97.0
62.613193 29.722137 1331054248303 96.5
62.613176 29.722055 1331054250298 96.0
62.61316 29.721989 1331054252302 95.5
62.613146 29.72192 1331054254298 95.0
62.61313 29.721848 1331054256300 95.0
62.613105 29.721759 1331054258296 93.5
62.61308 29.721663 1331054260293 93.5
62.613061 29.721579 1331054262299 93.5
62.61304 29.721489 1331054264308 93.0
62.613018 29.721391 1331054266303 92.0
62.612999 29.721301 1331054268294 92.0
62.612972 29.721201 1331054270289 91.0
62.612939 29.721088 1331054272289 90.5
62.612923 29.72097 1331054274298 90.0
62.612909 29.720857 1331054276284 89.5
62.612894 29.720745 1331054278279 89.5
62.612878 29.720625 1331054280277 90.5
62.612858 29.720517 1331054282278 91.0
62.612834 29.720418 1331054284277 90.5
62.612806 29.720322 1331054286276 90.5
62.612778 29.720232 1331054288277 91.5
62.612762 29.720155 1331054290276 92.0
62.612744 29.720058 1331054292282 91.5
62.61272 29.719931 1331054294286 90.5
62.612689 29.719827 1331054296276 93.0
62.61265 29.719733 1331054298288 93.0
62.612609 29.719646 1331054300287 95.0
62.61256 29.719569 1331054302282 95.0
62.612514 29.719499 1331054304276 95.5
62.612465 29.719435 1331054306293 96.0
62.612414 29.719382 1331054308297 96.5
62.612361 29.719332 1331054310279 97.0
62.61231 29.719298 1331054312272 97.0
62.612271 29.71928 1331054314270 98.0
62.612238 29.719262 1331054316278 98.5
62.612199 29.719259 1331054318283 98.5
62.612164 29.719254 1331054320279 98.0
62.612132 29.719244 1331054322281 98.0
62.612091 29.719234 1331054324278 98.0
62.612051 29.719212 1331054326278 98.5
62.612008 29.719202 1331054328279 99.0
62.611961 29.719202 1331054330275 99.0
62.611917 29.719224 1331054332272 98.0
62.611885 29.719249 1331054334279 97.5
62.611855 29.719275 1331054336275 97.0
62.611818 29.719316 1331054338274 97.0
62.611783 29.719384 1331054340263 97.5
62.61175 29.71943 1331054342273 97.5
62.611717 29.719474 1331054344272 97.0
62.611681 29.719502 1331054346272 97.0
62.611639 29.719542 1331054348271 96.5
62.611599 29.71958 1331054350270 97.0
62.611557 29.719637 1331054352272 97.5
62.611513 29.719673 1331054354271 98.0
62.611471 29.719715 1331054356273 98.5
62.61143 29.719758 1331054358278 98.5
62.611393 29.71979 1331054360267 99.0
62.611359 29.719814 1331054362267 99.0
62.61132 29.719824 1331054364269 98.5
62.61128 29.719836 1331054366267 98.5
62.611237 29.719847 1331054368266 98.0
62.611198 29.719868 1331054370265 98.0
62.611158 29.719916 1331054372264 98.0
62.611113 29.719974 1331054374263 99.0
62.611062 29.720044 1331054376263 98.0
62.611024 29.720116 1331054378262 99.0
62.610979 29.720165 1331054380262 98.5
62.610932 29.720209 1331054382259 97.5
62.610894 29.720246 1331054384255 98.5
62.610853 29.720272 1331054386264 99.5
62.610812 29.720288 1331054388275 100.0
62.610761 29.7203 1331054390266 100.0
62.61071 29.720308 1331054392258 101.0
62.610659 29.720296 1331054394259 101.0
62.61061 29.720283 1331054396255 100.5
62.610574 29.720277 1331054398257 101.5
62.610544 29.720279 1331054400257 101.5
62.610508 29.720281 1331054402256 101.0
62.61048 29.720287 1331054404257 101.0
62.610448 29.720282 1331054406255 101.5
62.610423 29.720284 1331054408255 103.0
62.610405 29.720278 1331054410255 102.5
62.610381 29.720273 1331054412262 102.0
62.610357 29.720262 1331054414268 103.5
62.610339 29.720252 1331054416267 104.0
62.610322 29.720244 1331054418257 104.5
62.610308 29.720234 1331054420255 105.0
62.610286 29.720214 1331054422264 105.0
62.610264 29.72019 1331054424262 104.0
62.610239 29.720152 1331054426254 104.0
62.610213 29.720116 1331054428263 103.5
62.610184 29.720092 1331054430257 103.5
62.610161 29.720095 1331054432251 104.0
62.61014 29.720103 1331054434254 103.5
62.610117 29.720109 1331054436249 103.5
62.610102 29.720119 1331054438247 102.5
62.610086 29.720139 1331054440259 103.5
62.610065 29.720174 1331054442263 103.5
62.610037 29.720229 1331054444251 102.0
62.610012 29.720287 1331054446250 104.0
62.609983 29.720355 1331054448261 105.0
62.609953 29.720413 1331054450258 105.5
62.609922 29.720481 1331054452250 104.0
62.609896 29.720538 1331054454248 103.5
62.609871 29.720596 1331054456259 102.5
62.609845 29.720647 1331054458249 101.0
62.609827 29.720672 1331054460250 99.5
62.609807 29.720715 1331054462246 98.5
62.609778 29.720761 1331054464245 96.5
62.609744 29.720804 1331054466248 94.5
62.609711 29.720847 1331054468261 93.0
62.609675 29.720889 1331054470245 92.0
62.609635 29.720926 1331054472247 91.0
62.609595 29.720964 1331054474254 90.5
62.609553 29.721005 1331054476252 90.5
62.609509 29.72105 1331054478243 90.5
62.609472 29.72111 1331054480243 91.0
62.609445 29.72115 1331054482245 91.0
62.609422 29.721206 1331054484238 91.0
62.609401 29.721261 1331054486254 91.5
62.609385 29.721316 1331054488255 92.0
62.609367 29.721392 1331054490244 93.5
62.609344 29.721461 1331054492240 94.0
62.609319 29.721543 1331054494243 94.0
62.609286 29.721611 1331054496237 93.5
62.60925 29.721649 1331054498237 93.0
62.609211 29.721703 1331054500235 93.0
62.609175 29.721725 1331054502235 93.5
62.609141 29.721744 1331054504234 94.5
62.609102 29.721754 1331054506239 94.5
62.609069 29.72176 1331054508233 94.5
62.609032 29.721769 1331054510238 94.5
62.608994 29.721756 1331054512233 95.0
62.608961 29.721738 1331054514236 95.0
62.608924 29.721713 1331054516234 95.0
62.608892 29.721683 1331054518236 95.0
62.608855 29.721658 1331054520230 95.0
62.608811 29.721656 1331054522230 95.5
62.608774 29.72165 1331054524231 95.5
62.608739 29.72165 1331054526229 96.0
62.608703 29.721654 1331054528231 96.0
62.608669 29.721657 1331054530243 95.5
62.608628 29.721663 1331054532242 95.5
62.608585 29.721668 1331054534227 95.5
62.608539 29.721674 1331054536230 95.5
62.608488 29.721707 1331054538245 97.5
62.608445 29.721722 1331054540244 98.0
62.608402 29.721741 1331054542229 98.5
62.608359 29.721757 1331054544230 99.5
62.60832 29.721763 1331054546242 100.0
62.608273 29.72178 1331054548237 101.0
62.608229 29.721791 1331054550227 101.5
62.608191 29.721804 1331054552227 101.5
62.608152 29.721813 1331054554224 102.0
62.608113 29.721806 1331054556224 101.5
62.608069 29.721783 1331054558223 101.0
62.608029 29.721755 1331054560225 101.0
62.60799 29.721709 1331054562227 100.5
62.607951 29.721657 1331054564239 100.0
62.607917 29.721606 1331054566239 99.5
62.607877 29.721554 1331054568227 100.0
62.607828 29.721497 1331054570226 100.5
62.607782 29.721446 1331054572224 100.5
62.607738 29.721406 1331054574215 101.0
62.607692 29.72137 1331054576213 101.5
62.607645 29.721337 1331054578210 102.0
62.607596 29.721304 1331054580209 102.5
62.60754 29.721273 1331054582221 102.5
62.607489 29.721245 1331054584213 103.0
62.607434 29.721218 1331054586220 103.0
62.607383 29.721199 1331054588223 103.5
62.607331 29.721174 1331054590208 103.0
62.607277 29.721143 1331054592208 102.5
62.607224 29.721106 1331054594210 101.5
62.607173 29.721062 1331054596207 102.0
62.607124 29.721016 1331054598216 102.0
62.60708 29.72096 1331054600210 102.5
62.607035 29.720901 1331054602208 103.0
62.606985 29.720837 1331054604217 103.0
62.606939 29.720779 1331054606209 103.0
62.606896 29.720727 1331054608205 102.5
62.606847 29.720671 1331054610204 103.0
62.606803 29.720611 1331054612204 103.0
62.606756 29.720546 1331054614208 103.5
62.606713 29.720488 1331054616202 104.0
62.606674 29.720431 1331054618202 104.0
62.606631 29.720365 1331054620203 104.0
62.60659 29.720307 1331054622199 103.5
62.606549 29.720246 1331054624202 103.5
62.606505 29.720177 1331054626222 103.5
62.606466 29.720117 1331054628215 103.5
62.606418 29.720055 1331054630199 103.5
62.606372 29.720016 1331054632201 103.5
62.606329 29.720001 1331054634200 103.5
62.606292 29.720007 1331054636197 103.5
62.606249 29.720027 1331054638198 103.5
62.606208 29.720041 1331054640212 103.5
62.60617 29.720055 1331054642196 103.0
62.60613 29.720068 1331054644196 103.0
62.606089 29.720075 1331054646194 103.0
62.606047 29.720087 1331054648204 102.5
62.606009 29.720096 1331054650204 101.5
62.605973 29.720104 1331054652203 100.5
62.605939 29.720105 1331054654191 100.0
62.605899 29.720105 1331054656202 100.0
62.605858 29.720108 1331054658200 100.0
62.60582 29.720105 1331054660204 100.0
62.605777 29.720108 1331054662203 100.0
62.60574 29.720106 1331054664196 99.5
62.6057 29.720109 1331054666211 100.0
62.605659 29.720114 1331054668203 100.0
62.605621 29.720118 1331054670205 100.0
62.605584 29.720124 1331054672198 100.0
62.605557 29.720126 1331054674205 101.0
62.605531 29.720135 1331054676198 101.5
62.6055 29.720135 1331054678198 101.5
62.605463 29.720148 1331054680196 103.0
62.605431 29.720149 1331054682198 103.0
62.605398 29.720142 1331054684214 101.0
62.605361 29.720152 1331054686204 101.0
62.605334 29.720164 1331054688199 101.5
62.605309 29.720177 1331054690197 101.5
62.605271 29.720191 1331054692211 101.5
62.605237 29.720213 1331054694211 101.0
62.605194 29.720233 1331054696195 101.0
62.605172 29.720257 1331054698213 100.5
62.605148 29.720278 1331054700198 100.0
62.605124 29.720304 1331054702195 100.5
62.605093 29.720322 1331054704197 100.0
62.605063 29.720351 1331054706195 99.5
62.605034 29.720391 1331054708191 100.0
62.605015 29.720426 1331054710191 100.0
62.604989 29.720472 1331054712190 100.5
62.604974 29.720514 1331054714189 101.5
62.604957 29.720556 1331054716186 102.0
62.604933 29.720594 1331054718189 101.5
62.604911 29.720652 1331054720189 102.0
62.604894 29.720706 1331054722199 102.5
62.604878 29.720753 1331054724185 103.0
62.604864 29.720799 1331054726189 103.5
62.604842 29.720864 1331054728186 103.0
62.604814 29.720942 1331054730189 101.5
62.604796 29.721003 1331054732188 100.5
62.604783 29.721059 1331054734191 100.0
62.604768 29.72112 1331054736202 99.5
62.60476 29.721189 1331054738202 98.5
62.604754 29.721259 1331054740185 98.5
62.604746 29.72133 1331054742185 98.0
62.604744 29.721405 1331054744186 98.5
62.604738 29.721465 1331054746182 98.5
62.604734 29.721532 1331054748184 98.5
62.604729 29.721596 1331054750182 98.0
62.604726 29.721668 1331054752182 98.5
62.604723 29.721748 1331054754187 98.5
62.604725 29.721847 1331054756184 99.5
62.604727 29.721951 1331054758182 99.5
62.604727 29.722056 1331054760181 99.0
62.604724 29.722168 1331054762182 98.5
62.604724 29.722284 1331054764179 98.5
62.604717 29.722403 1331054766181 98.5
62.604713 29.722508 1331054768177 98.5
62.604703 29.7226 1331054770180 98.5
62.604695 29.722684 1331054772179 98.0
62.604685 29.722766 1331054774182 97.0
62.604673 29.722862 1331054776180 96.5
62.604664 29.722952 1331054778176 96.5
62.604659 29.723024 1331054780176 96.5
62.604654 29.723075 1331054782175 96.5
62.604648 29.723113 1331054784178 97.0
62.604642 29.723159 1331054786175 97.5
62.604634 29.723213 1331054788174 97.5
62.604626 29.723288 1331054790174 97.0
62.604618 29.723366 1331054792173 97.5
62.604601 29.723431 1331054794169 98.0
62.604588 29.723501 1331054796170 98.5
62.604576 29.723572 1331054798173 98.5
62.604566 29.723641 1331054800170 98.5
62.604561 29.723703 1331054802187 98.5
62.60456 29.723779 1331054804185 98.0
62.604559 29.72386 1331054806184 98.0
62.604556 29.72392 1331054808179 98.0
62.604554 29.723982 1331054810185 98.5
62.604554 29.724044 1331054812180 98.5
62.604553 29.724098 1331054814184 98.5
62.604553 29.724146 1331054816184 98.0
62.604549 29.724205 1331054818185 98.0
62.604546 29.724248 1331054820185 98.5
62.604544 29.724278 1331054822184 98.0
62.604543 29.724304 1331054824184 98.0
62.604541 29.724312 1331054826180 98.0
62.604545 29.724322 1331054828184 98.0
62.604547 29.724347 1331054830183 99.5
62.604548 29.724387 1331054832183 99.5
62.604551 29.724444 1331054834183 99.0
62.604554 29.724496 1331054836183 98.5
62.604557 29.724544 1331054838185 99.5
62.604561 29.724602 1331054840187 99.5
62.604567 29.724681 1331054842185 99.5
62.604571 29.724775 1331054844184 99.5
62.604574 29.724869 1331054846171 99.5
62.604575 29.724957 1331054848176 100.0
62.604575 29.725041 1331054850174 99.5
62.604576 29.725135 1331054852170 100.0
62.604577 29.725229 1331054854184 100.0
62.604577 29.725315 1331054856186 99.5
62.604578 29.725417 1331054858186 99.5
62.60458 29.725522 1331054860184 99.5
62.604581 29.72563 1331054862181 99.5
62.604576 29.725737 1331054864184 99.0
62.604567 29.725834 1331054866183 99.0
62.604553 29.725943 1331054868182 99.0
62.604538 29.726034 1331054870170 98.5
62.604521 29.726121 1331054872182 98.5
62.604505 29.726191 1331054874182 98.5
62.604489 29.726254 1331054876182 98.5
62.604475 29.72632 1331054878185 98.0
62.604464 29.726398 1331054880182 97.0
62.604457 29.726494 1331054882180 97.5
62.604455 29.726598 1331054884183 98.0
62.604457 29.726702 1331054886185 98.5
62.604463 29.72681 1331054888182 99.5
62.604471 29.726931 1331054890182 100.5
62.60448 29.727045 1331054892182 101.0
62.604492 29.727144 1331054894174 101.5
62.604496 29.727239 1331054896171 101.5
62.6045 29.727306 1331054898181 102.0
62.604499 29.727364 1331054900170 102.0
62.604494 29.727408 1331054902169 101.5
62.604491 29.727437 1331054904181 101.5
62.604489 29.727467 1331054906180 102.0
62.604488 29.72749 1331054908180 102.0
62.604486 29.727527 1331054910181 102.0
62.604478 29.72755 1331054912180 101.0
62.60447 29.727572 1331054914174 101.5
62.60446 29.72759 1331054916179 101.0
62.60445 29.727605 1331054918180 100.5
62.60443 29.727619 1331054920179 99.5
62.604405 29.727651 1331054922180 99.0
62.604382 29.72769 1331054924178 99.0
62.604358 29.727738 1331054926179 98.5
62.604338 29.727815 1331054928179 98.5
62.604322 29.727896 1331054930179 99.0
62.604312 29.727961 1331054932180 99.5
62.604302 29.728041 1331054934179 100.0
62.604301 29.728135 1331054936169 99.5
62.6043 29.728237 1331054938174 98.5
62.604305 29.728326 1331054940178 98.5
62.604296 29.728426 1331054942179 98.0
62.604277 29.728512 1331054944182 97.5
62.604263 29.728625 1331054946181 97.0
62.60425 29.728698 1331054948179 97.5
62.604235 29.728775 1331054950174 97.0
62.604229 29.728868 1331054952176 97.0
62.604227 29.728967 1331054954178 97.5
62.604228 29.729047 1331054956178 97.5
62.604225 29.729136 1331054958181 96.0
62.604226 29.729238 1331054960177 96.0
62.604226 29.729338 1331054962176 95.0
62.604222 29.72947 1331054964176 95.0
62.60422 29.729578 1331054966176 95.0
62.604214 29.729719 1331054968174 95.5
62.604208 29.729835 1331054970174 95.0
62.604203 29.729959 1331054972171 95.5
62.604201 29.730066 1331054974177 96.0
62.604193 29.730161 1331054976174 96.0
62.604187 29.73026 1331054978174 96.5
62.604185 29.730394 1331054980174 96.0
62.604183 29.730477 1331054982172 95.5
62.604183 29.73057 1331054984174 96.0
62.604184 29.73067 1331054986174 96.0
62.604181 29.730764 1331054988174 96.0
62.604179 29.730849 1331054990173 96.0
62.604177 29.730919 1331054992171 96.0
62.604181 29.730979 1331054994173 96.0
62.604176 29.731044 1331054996173 96.0
62.604158 29.731125 1331054998175 95.5
62.604138 29.731221 1331055000175 96.0
62.604132 29.731299 1331055002170 95.5
62.604113 29.731369 1331055004172 96.5
62.604101 29.73144 1331055006172 97.0
62.604109 29.731553 1331055008173 99.0
62.604092 29.731656 1331055010173 99.5
62.604078 29.731749 1331055012170 100.5
62.604066 29.731819 1331055014174 99.0
62.604064 29.73188 1331055016172 100.5
62.604055 29.73195 1331055018172 100.5
62.604044 29.732024 1331055020173 100.5
62.604034 29.732102 1331055022170 100.5
62.604026 29.732191 1331055024172 99.0
62.60402 29.732274 1331055026172 98.0
62.604017 29.732348 1331055028172 97.0
62.60401 29.732421 1331055030172 96.0
62.604005 29.732505 1331055032170 96.0
62.603992 29.732592 1331055034172 96.5
62.60398 29.73266 1331055036172 96.0
62.603967 29.732736 1331055038172 95.0
62.603959 29.732821 1331055040170 95.5
62.603946 29.732909 1331055042157 95.0
62.603937 29.733 1331055044171 95.0
62.603931 29.733103 1331055046172 94.5
62.60393 29.733208 1331055048171 94.5
62.603926 29.733329 1331055050171 94.0
62.603921 29.733455 1331055052176 93.5
62.603926 29.733606 1331055054165 94.5
62.603928 29.733757 1331055056172 96.5
62.603923 29.733848 1331055058173 96.0
62.603913 29.733952 1331055060170 95.0
62.603902 29.73404 1331055062170 94.5
62.603892 29.734128 1331055064171 94.0
62.603881 29.734218 1331055066170 94.0
62.603871 29.734313 1331055068170 94.0
62.603862 29.734434 1331055070173 93.5
62.603851 29.734509 1331055072170 93.0
62.603835 29.734585 1331055074172 92.5
62.603821 29.734658 1331055076170 92.5
62.603813 29.734717 1331055078171 92.0
62.603811 29.734759 1331055080170 91.5
62.603804 29.7348 1331055082171 91.0
62.603799 29.734846 1331055084170 91.0
62.603797 29.734897 1331055086170 90.0
62.603794 29.734957 1331055088170 89.0
62.603796 29.735089 1331055090170 90.5
62.603768 29.735171 1331055092167 89.0
62.603763 29.735249 1331055094169 88.5
62.603758 29.735322 1331055096169 89.0
62.60375 29.735385 1331055098169 89.5
62.603745 29.735442 1331055100165 89.0
62.603738 29.73549 1331055102165 89.5
62.603713 29.735565 1331055104163 91.0
62.603699 29.735642 1331055106162 91.5
62.603686 29.735712 1331055108161 90.5
62.603677 29.735799 1331055110161 90.5
62.603664 29.735906 1331055112161 90.0
62.603655 29.736004 1331055114155 89.5
62.603643 29.736098 1331055116158 89.0
62.603628 29.736191 1331055118160 89.0
62.603614 29.736278 1331055120162 89.5
62.603603 29.736354 1331055122161 88.5
62.60359 29.736431 1331055124161 88.0
62.603579 29.736514 1331055126166 88.5
62.603571 29.736595 1331055128164 89.0
62.603557 29.736656 1331055130165 87.5
62.603559 29.736696 1331055132164 87.0
62.603562 29.73676 1331055134165 88.0
62.603569 29.736798 1331055136166 88.5
62.603573 29.736835 1331055138165 88.5
62.603576 29.736865 1331055140165 88.0
62.603581 29.736886 1331055142168 86.0
62.603593 29.736912 1331055144167 84.5
62.603606 29.73694 1331055146165 84.0
62.603625 29.736973 1331055148165 84.5
62.603648 29.737 1331055150165 86.5
62.60368 29.737011 1331055152171 88.5
62.603713 29.737008 1331055154165 90.0
62.603746 29.736994 1331055156167 88.0
62.603783 29.736991 1331055158166 89.0
62.603811 29.736981 1331055160167 90.5
62.603834 29.736973 1331055162167 91.5
62.603865 29.736953 1331055164167 92.0
62.603895 29.736927 1331055166167 91.0
62.603929 29.736905 1331055168168 91.5
62.603968 29.736883 1331055170157 93.0
62.604009 29.736852 1331055172166 93.5
62.604046 29.736832 1331055174166 94.0
62.604087 29.736804 1331055176166 93.5
62.604128 29.736776 1331055178166 93.0
62.604166 29.736747 1331055180163 92.5
62.604203 29.736724 1331055182166 91.5
62.60425 29.736708 1331055184168 93.0
62.604292 29.736683 1331055186166 93.5
62.604335 29.736666 1331055188159 93.0
62.604376 29.736647 1331055190167 92.0
62.604425 29.736635 1331055192153 94.0
62.604468 29.736627 1331055194165 95.5
62.604509 29.736619 1331055196155 96.0
62.604553 29.73661 1331055198165 96.0
62.604595 29.736601 1331055200163 96.5
62.604632 29.736599 1331055202154 97.0
62.604666 29.736596 1331055204164 97.0
62.60471 29.73659 1331055206164 98.5
62.604752 29.736586 1331055208164 99.5
62.604789 29.73658 1331055210155 100.0
62.604836 29.736567 1331055212155 101.5
62.604881 29.73655 1331055214158 102.0
62.60492 29.736533 1331055216165 102.5
62.604956 29.73651 1331055218163 103.0
62.604995 29.736487 1331055220154 104.0
62.605029 29.73645 1331055222154 103.0
62.605054 29.736416 1331055224154 102.0
62.605078 29.736376 1331055226164 101.0
62.605101 29.736329 1331055228164 99.5
62.60513 29.736293 1331055230135 100.0
62.605156 29.736251 1331055232148 99.5
62.605188 29.736217 1331055234148 100.0
62.605223 29.736184 1331055236148 102.5
62.60526 29.736142 1331055238147 104.5
62.605297 29.736102 1331055240145 107.0
62.605347 29.73605 1331055242150 108.5
62.605389 29.73601 1331055244138 111.0
62.605404 29.735981 1331055246137 109.5
62.605429 29.735964 1331055248138 110.0
62.605458 29.735937 1331055250147 109.5
62.605493 29.7359 1331055252147 108.5
62.605521 29.73587 1331055254147 107.0
62.605549 29.735842 1331055256147 105.0
62.605577 29.735815 1331055258146 104.0
62.605604 29.735788 1331055260146 103.5
62.605631 29.735762 1331055262137 102.5
62.605674 29.735724 1331055264146 102.5
62.60571 29.735677 1331055266137 103.0
62.605745 29.735623 1331055268146 103.0
62.605777 29.735574 1331055270143 103.0
62.605808 29.735524 1331055272146 104.0
62.605845 29.735482 1331055274145 104.0
62.605882 29.735429 1331055276149 104.5
62.60592 29.735382 1331055278147 104.0
62.605963 29.735347 1331055280146 104.5
62.606008 29.735311 1331055282145 104.5
62.606035 29.735276 1331055284145 101.0
62.606076 29.735236 1331055286148 99.5
62.606123 29.735191 1331055288135 98.5
62.606173 29.735158 1331055290135 100.0
62.606221 29.735122 1331055292138 100.5
62.60627 29.735075 1331055294137 101.0
62.606314 29.735031 1331055296134 101.5
62.606353 29.734997 1331055298145 101.5
62.60639 29.734965 1331055300132 101.0
62.606427 29.734932 1331055302134 100.0
62.606467 29.734904 1331055304145 99.0
62.606507 29.73487 1331055306145 99.5
62.60655 29.734841 1331055308145 100.5
62.606582 29.734816 1331055310144 99.5
62.606616 29.734778 1331055312135 99.5
62.606647 29.734743 1331055314134 99.5
62.606677 29.734712 1331055316143 98.5
62.60671 29.734675 1331055318143 97.5
62.606739 29.734644 1331055320144 96.0
62.606774 29.734621 1331055322143 94.5
62.606811 29.734599 1331055324151 94.5
62.606846 29.734571 1331055326144 94.0
62.606878 29.734536 1331055328145 93.5
62.606911 29.734507 1331055330145 92.0
62.606945 29.734477 1331055332142 91.5
62.606973 29.734445 1331055334144 89.5
62.607011 29.734413 1331055336144 89.0
62.607048 29.734364 1331055338144 87.5
62.607086 29.734344 1331055340146 88.5
62.607124 29.734322 1331055342132 89.0
62.607165 29.734305 1331055344144 90.0
62.607205 29.734295 1331055346144 90.5
62.607244 29.734287 1331055348144 89.5
62.607281 29.734275 1331055350144 88.5
62.60733 29.734261 1331055352144 90.5
62.607365 29.734242 1331055354139 89.5
62.607401 29.734221 1331055356137 90.0
62.60744 29.734187 1331055358148 91.0
62.607483 29.734135 1331055360143 90.5
62.607522 29.734096 1331055362140 91.0
62.607556 29.73406 1331055364146 91.0
62.607594 29.73402 1331055366143 91.5
62.60764 29.733976 1331055368143 93.5
62.607683 29.733921 1331055370142 94.5
62.607733 29.733848 1331055372140 94.5
62.607767 29.733795 1331055374146 94.5
62.607807 29.733737 1331055376142 95.0
62.607846 29.733691 1331055378143 95.5
62.607887 29.733629 1331055380143 94.5
62.607926 29.733587 1331055382138 95.0
62.607977 29.733508 1331055384142 98.0
62.608015 29.73345 1331055386148 99.0
62.608043 29.733411 1331055388144 99.0
62.608082 29.733367 1331055390145 101.0
62.608125 29.733301 1331055392145 101.0
62.608158 29.733254 1331055394147 102.0
62.608206 29.733173 1331055396144 105.5
62.608236 29.733112 1331055398147 106.0
62.608262 29.733052 1331055400144 105.0
62.60829 29.732977 1331055402146 104.0
62.608318 29.732913 1331055404149 104.0
62.608332 29.732857 1331055406142 102.0
62.608341 29.732822 1331055408142 102.0
62.608343 29.732798 1331055410136 102.0
62.608346 29.732798 1331055412139 101.0
62.60835 29.732777 1331055414132 102.0
62.608354 29.73277 1331055416130 102.5
62.608357 29.732754 1331055418175 103.0
62.60837 29.732735 1331055420142 102.5
62.60837 29.732713 1331055422140 103.0
62.608377 29.732706 1331055424141 102.5
62.608405 29.732651 1331055426167 103.5
62.608433 29.732644 1331055428123 103.5
62.608454 29.732622 1331055430138 103.0
62.608486 29.732612 1331055432138 103.0
62.608525 29.732597 1331055434135 102.5
62.608551 29.73256 1331055436141 102.0
62.60859 29.732468 1331055438141 103.5
62.608635 29.732429 1331055440142 105.0
62.608662 29.7324 1331055442142 104.0
62.60868 29.732354 1331055444142 102.5
62.60871 29.732291 1331055446142 102.5
62.608741 29.732259 1331055448142 102.0
62.608773 29.732228 1331055450141 101.5
62.60882 29.732177 1331055452143 103.0
62.608858 29.732142 1331055454140 102.5
62.608886 29.732101 1331055456141 101.5
62.608919 29.732063 1331055458141 101.0
62.608957 29.732021 1331055460143 102.0
62.608982 29.731973 1331055462142 100.0
62.609023 29.731937 1331055464144 101.0
62.609054 29.731903 1331055466141 100.0
62.609091 29.731864 1331055468141 99.5
62.609124 29.731829 1331055470137 98.0
62.609149 29.731795 1331055472142 96.0
62.609178 29.731756 1331055474141 93.5
62.609207 29.731726 1331055476141 92.5
62.60924 29.731699 1331055478143 92.0
62.609275 29.731662 1331055480139 91.0
62.609312 29.731625 1331055482140 91.0
62.609346 29.731587 1331055484137 90.0
62.609383 29.731542 1331055486143 90.0
62.609418 29.731498 1331055488139 90.5
62.609448 29.731455 1331055490139 90.0
62.609485 29.731419 1331055492138 91.0
62.609525 29.731378 1331055494140 92.5
62.609558 29.731342 1331055496142 92.0
62.609592 29.731306 1331055498140 92.0
62.609636 29.73127 1331055500140 92.5
62.609671 29.731242 1331055502139 92.0
62.609707 29.73122 1331055504139 91.5
62.609741 29.731184 1331055506139 90.5
62.609779 29.731165 1331055508139 89.5
62.609812 29.731121 1331055510138 87.5
62.609845 29.731072 1331055512137 86.5
62.609889 29.731012 1331055514140 88.0
62.609927 29.730977 1331055516134 88.5
62.609961 29.730935 1331055518134 88.5
62.61 29.730884 1331055520132 88.0
62.610052 29.730823 1331055522133 90.0
62.610089 29.730782 1331055524132 91.0
62.610119 29.730729 1331055526126 91.0
62.610137 29.730677 1331055528124 91.0
62.610165 29.730614 1331055530128 91.0
62.610192 29.730554 1331055532129 91.0
62.610214 29.730505 1331055534133 90.5
62.610227 29.730472 1331055536135 90.5
62.610237 29.730456 1331055538132 89.5
62.610255 29.730441 1331055540136 90.5
62.610262 29.730436 1331055542137 90.5
62.610273 29.730449 1331055544137 91.0
62.610286 29.730476 1331055546126 91.0
62.610302 29.730502 1331055548138 91.0
62.610315 29.730534 1331055550135 91.5
62.610329 29.730572 1331055552137 92.0
62.610338 29.730593 1331055554136 92.0
62.610353 29.730619 1331055556140 92.0
62.610373 29.730652 1331055558136 92.0
62.610386 29.73068 1331055560135 91.5
62.610405 29.730698 1331055562137 91.0
62.610422 29.730731 1331055564137 90.5
62.610434 29.730754 1331055566138 89.5
62.610453 29.730777 1331055568137 90.0
62.610464 29.730801 1331055570136 89.0
62.61048 29.730841 1331055572134 90.0
62.610493 29.730876 1331055574139 89.0
62.610516 29.730916 1331055576141 89.5
62.610554 29.730957 1331055578133 91.0
62.610589 29.731013 1331055580138 92.0
62.610622 29.731082 1331055582133 93.0
62.610653 29.731146 1331055584137 93.0
62.610682 29.731209 1331055586141 91.5
62.610715 29.731281 1331055588137 91.5
62.610746 29.731348 1331055590137 90.5
62.610775 29.731413 1331055592133 90.0
62.610811 29.731473 1331055594137 90.0
62.610835 29.731544 1331055596139 89.5
62.610862 29.731618 1331055598137 89.0
62.610891 29.731683 1331055600133 88.0
62.610916 29.731748 1331055602132 87.5
62.610936 29.731788 1331055604136 88.0
62.610943 29.731781 1331055606138 89.0
62.610954 29.731778 1331055608135 90.0
62.610964 29.731785 1331055610136 90.5
62.610969 29.73179 1331055612135 90.0
62.610981 29.731806 1331055614136 90.0
62.61099 29.731817 1331055616136 89.5
62.611003 29.731835 1331055618137 89.5
62.611017 29.731864 1331055620138 89.5
62.611033 29.731893 1331055622137 90.5
62.61104 29.731914 1331055624136 90.5
62.611042 29.73193 1331055626135 90.5
62.611052 29.731947 1331055628129 90.5
62.61107 29.73198 1331055630137 91.5
62.611088 29.732021 1331055632135 91.5
62.611109 29.732065 1331055634135 91.5
62.61113 29.732098 1331055636137 92.0
62.611141 29.73211 1331055638134 93.0
62.611146 29.732107 1331055640137 93.0
62.611154 29.732108 1331055642135 94.0
62.611166 29.732113 1331055644123 94.0
62.611172 29.732118 1331055646136 94.5
62.611187 29.732126 1331055648133 95.5
62.611201 29.73215 1331055650136 95.5
62.61122 29.732185 1331055652134 96.5
62.611229 29.732221 1331055654134 95.0
62.611242 29.732251 1331055656134 95.0
62.611265 29.732289 1331055658121 95.5
62.611287 29.73235 1331055660133 95.5
62.611312 29.732427 1331055662136 96.0
62.611327 29.732511 1331055664133 96.0
62.611349 29.732599 1331055666133 96.0
62.611376 29.732684 1331055668133 96.0
62.611404 29.732761 1331055670133 95.5
62.611432 29.732822 1331055672133 95.0
62.611461 29.73287 1331055674127 95.0
62.611482 29.732916 1331055676133 94.5
62.611503 29.732959 1331055678133 94.0
62.611521 29.733004 1331055680133 94.0
62.61154 29.733056 1331055682131 93.5
62.611558 29.733116 1331055684135 92.5
62.611583 29.733176 1331055686136 91.5
62.611608 29.733237 1331055688133 91.0
62.611632 29.733296 1331055690132 89.5
62.611656 29.733355 1331055692130 88.5
62.611678 29.733409 1331055694132 88.0
62.611708 29.733466 1331055696132 88.0
62.611737 29.733523 1331055698134 88.0
62.611762 29.733577 1331055700132 88.0
62.611782 29.733633 1331055702131 88.0
62.611804 29.733693 1331055704132 87.5
62.611825 29.733743 1331055706132 88.5
62.611844 29.733784 1331055708128 89.5
62.611867 29.733837 1331055710132 89.5
62.611902 29.733894 1331055712131 91.0
62.611926 29.733941 1331055714132 90.5
62.611945 29.733981 1331055716131 90.5
62.61196 29.734011 1331055718131 91.0
62.611975 29.734039 1331055720121 91.0
62.611993 29.734069 1331055722118 91.5
62.612003 29.734087 1331055724120 91.5
62.612007 29.734091 1331055726129 92.0
62.612008 29.734091 1331055728129 92.0
62.612009 29.734091 1331055730131 92.0
62.612011 29.734093 1331055732129 92.5
62.612012 29.734094 1331055734128 93.0
62.612013 29.734095 1331055736125 93.0
62.612015 29.734096 1331055738128 93.5
62.612016 29.734097 1331055740126 93.5
62.612017 29.734097 1331055742124 93.5
62.612018 29.734098 1331055744119 93.5
62.612019 29.734098 1331055746128 94.0
62.612019 29.734098 1331055748129 94.0
62.612019 29.734097 1331055750113 94.0
62.61202 29.734102 1331055752123 95.5
62.612022 29.734101 1331055754141 95.5
62.612024 29.734101 1331055756113 95.5
62.612026 29.7341 1331055758125 96.0
62.612028 29.7341 1331055760106 96.0