62.612 29.734104 1333034889852 100.5
62.612 29.734103 1333034890851 100.5
62.612001 29.734103 1333034892852 100.5
62.612002 29.734103 1333034894851 100.5
62.612002 29.734103 1333034896857 100.0
62.612002 29.734103 1333034900841 100.0
62.612003 29.734123 1333034902847 99.0
62.612001 29.734123 1333034904858 98.5
62.611997 29.734116 1333034906858 99.0
62.611986 29.734099 1333034908858 99.5
62.611972 29.73408 1333034910863 98.5
62.611974 29.73406 1333034912862 98.0
62.611957 29.734016 1333034914851 98.0
62.611944 29.73397 1333034916857 99.0
62.611924 29.73393 1333034918846 97.5
62.611911 29.733895 1333034920848 96.0
62.611891 29.733852 1333034922858 96.5
62.611879 29.733822 1333034924844 96.0
62.611865 29.733801 1333034926841 93.5
62.611847 29.733772 1333034928844 92.0
62.611833 29.73375 1333034930840 90.5
62.611817 29.733697 1333034932844 92.5
62.611796 29.733632 1333034934854 93.5
62.611781 29.733584 1333034936850 92.5
62.61176 29.733529 1333034938840 92.0
62.611725 29.733469 1333034940853 91.5
62.611706 29.733413 1333034942854 91.0
62.611678 29.733359 1333034944839 90.5
62.611644 29.733297 1333034946842 89.5
62.61162 29.73323 1333034948841 89.5
62.611603 29.733178 1333034950838 87.5
62.611581 29.733136 1333034952832 86.5
62.611565 29.733096 1333034954836 84.5
62.611557 29.733063 1333034956836 83.0
62.611536 29.733022 1333034958847 83.0
62.611522 29.732995 1333034960836 82.0
62.611506 29.732961 1333034962854 82.5
62.611504 29.732951 1333034964848 83.0
62.611485 29.732908 1333034966848 82.5
62.611484 29.732876 1333034968847 80.0
62.611483 29.732869 1333034970846 78.5
62.611478 29.732844 1333034972836 77.0
62.611468 29.732801 1333034974837 76.0
62.611464 29.732753 1333034976839 76.5
62.611457 29.732714 1333034978831 76.5
62.61145 29.732683 1333034980829 75.0
62.611439 29.732652 1333034982842 74.0
62.611426 29.732609 1333034984828 76.5
62.611415 29.732574 1333034986829 78.0
62.611402 29.732534 1333034988827 80.0
62.611384 29.732498 1333034990827 81.0
62.61136 29.732461 1333034992827 81.5
62.61134 29.732405 1333034994843 84.0
62.611318 29.732376 1333034996840 83.0
62.611295 29.732304 1333034998826 85.0
62.611269 29.732247 1333035000827 87.5
62.61125 29.732188 1333035002837 88.0
62.611235 29.732135 1333035004838 88.0
62.611198 29.732065 1333035006820 90.0
62.611177 29.732013 1333035008823 91.0
62.611162 29.731967 1333035010820 92.0
62.611149 29.731916 1333035012823 94.0
62.611125 29.731868 1333035014823 94.0
62.611099 29.731816 1333035016819 95.5
62.611077 29.731758 1333035018818 97.5
62.611061 29.73171 1333035020816 99.0
62.611044 29.731658 1333035022818 101.0
62.61102 29.731599 1333035024818 101.5
62.610997 29.731565 1333035026813 100.5
62.610978 29.731532 1333035028833 101.0
62.610956 29.731492 1333035030830 100.5
62.610936 29.73145 1333035032814 99.5
62.61092 29.731405 1333035034831 100.0
62.610908 29.731362 1333035036826 101.5
62.610892 29.731322 1333035038816 102.0
62.610866 29.731287 1333035040812 101.0
62.610847 29.731246 1333035042828 99.5
62.610824 29.731215 1333035044811 98.5
62.610806 29.731163 1333035046811 99.5
62.610796 29.731109 1333035048810 102.5
62.610783 29.731056 1333035050821 104.5
62.610778 29.731016 1333035052823 105.5
62.610763 29.730969 1333035054812 107.0
62.610753 29.730921 1333035056810 109.0
62.610727 29.730884 1333035058821 108.0
62.610704 29.730842 1333035060822 109.0
62.610684 29.730802 1333035062807 109.5
62.610661 29.730769 1333035064821 110.0
62.61065 29.73074 1333035066804 111.5
62.610636 29.730709 1333035068807 110.5
62.610625 29.730685 1333035070806 110.5
62.610613 29.730659 1333035072805 110.5
62.610601 29.73063 1333035074806 109.5
62.610591 29.730613 1333035076801 109.0
62.610582 29.730569 1333035078807 107.0
62.610569 29.73053 1333035080820 104.5
62.610563 29.730506 1333035082804 103.5
62.610551 29.730464 1333035084807 103.5
62.610533 29.730444 1333035086815 101.5
62.610517 29.730408 1333035088813 99.5
62.610509 29.730389 1333035090806 98.0
62.610504 29.730375 1333035092812 96.0
62.610503 29.730368 1333035094813 96.0
62.610507 29.730354 1333035096804 95.5
62.610513 29.730342 1333035098801 95.5
62.610506 29.730336 1333035100800 95.5
62.610502 29.730327 1333035102811 95.0
62.610505 29.730313 1333035104797 94.0
62.610513 29.730297 1333035106798 94.0
62.610525 29.730279 1333035108798 94.0
62.610537 29.730262 1333035110808 95.0
62.610555 29.730254 1333035112810 94.5
62.610581 29.730265 1333035114812 94.5
62.610629 29.730281 1333035116813 96.0
62.610659 29.730266 1333035118807 95.0
62.610692 29.730231 1333035120793 93.0
62.610718 29.73018 1333035122795 91.5
62.610756 29.730165 1333035124802 89.5
62.610791 29.730153 1333035126800 87.0
62.61082 29.730115 1333035128791 84.5
62.610845 29.73007 1333035130791 83.0
62.610868 29.730027 1333035132787 81.0
62.610891 29.730009 1333035134790 80.0
62.610919 29.729999 1333035136789 80.0
62.610952 29.729975 1333035138788 79.0
62.610982 29.729942 1333035140787 79.0
62.61099 29.729852 1333035142800 83.0
62.610999 29.729777 1333035144797 84.5
62.611024 29.729714 1333035146792 84.5
62.611046 29.729673 1333035148798 82.5
62.611066 29.729626 1333035150781 80.5
62.611092 29.729565 1333035152802 79.5
62.611137 29.729557 1333035154798 81.5
62.611165 29.729542 1333035156782 80.5
62.61119 29.729541 1333035158782 78.0
62.611206 29.729506 1333035160785 74.5
62.61124 29.729501 1333035162793 79.0
62.611279 29.729438 1333035164780 82.5
62.611271 29.729353 1333035166779 78.0
62.611277 29.729278 1333035168781 73.5
62.611325 29.729228 1333035170777 74.5
62.611366 29.729134 1333035172778 74.0
62.611488 29.729116 1333035174780 89.0
62.611551 29.729061 1333035176780 99.5
62.611563 29.729035 1333035178787 96.5
62.611537 29.728943 1333035180795 94.0
62.611547 29.728931 1333035182770 93.5
62.611558 29.728928 1333035184786 93.0
62.61159 29.728926 1333035186764 93.0
62.611605 29.728929 1333035188771 93.0
62.611641 29.728883 1333035190775 93.0
62.611658 29.728831 1333035192771 94.5
62.611661 29.728786 1333035194768 96.0
62.611668 29.728783 1333035196764 98.5
62.611649 29.728702 1333035198769 97.5
62.611688 29.728635 1333035200769 109.5
62.611706 29.728577 1333035202769 111.5
62.611735 29.728473 1333035204770 115.5
62.611756 29.728442 1333035206766 114.0
62.611784 29.728409 1333035208767 114.5
62.611802 29.728364 1333035210766 114.0
62.61183 29.728293 1333035212774 115.5
62.611843 29.728225 1333035214768 114.0
62.611871 29.728154 1333035216775 115.5
62.611891 29.72808 1333035218765 113.0
62.611938 29.728018 1333035220766 112.0
62.611976 29.727966 1333035222778 109.5
62.612026 29.727922 1333035224762 111.0
62.61205 29.727875 1333035226761 109.5
62.612077 29.727827 1333035228761 111.5
62.612095 29.727787 1333035230759 111.5
62.612102 29.727755 1333035232763 109.5
62.612116 29.727703 1333035234754 109.0
62.612154 29.727672 1333035236772 109.0
62.612178 29.727606 1333035238775 108.0
62.61221 29.727535 1333035240754 108.5
62.612249 29.727505 1333035242771 108.0
62.612281 29.727469 1333035244776 107.0
62.612309 29.727432 1333035246751 106.5
62.612357 29.727431 1333035248759 106.0
62.612392 29.727401 1333035250753 105.5
62.612425 29.727372 1333035252753 105.0
62.612407 29.72729 1333035254756 106.0
62.61245 29.727256 1333035256750 106.5
62.612505 29.727235 1333035258751 107.0
62.61253 29.727189 1333035260755 106.0
62.612573 29.727117 1333035262752 107.5
62.612607 29.727064 1333035264749 108.5
62.612628 29.727029 1333035266745 106.0
62.612672 29.726998 1333035268766 106.0
62.612692 29.726965 1333035270763 102.0
62.612682 29.726912 1333035272760 92.5
62.612704 29.72686 1333035274762 91.5
62.612718 29.726796 1333035276765 91.0
62.612752 29.72676 1333035278746 92.0
62.612785 29.726705 1333035280746 92.5
62.612808 29.72666 1333035282757 89.0
62.61284 29.726633 1333035284747 87.5
62.612855 29.726583 1333035286749 86.0
62.612862 29.726525 1333035288742 83.5
62.61288 29.726465 1333035290744 83.0
62.612897 29.726431 1333035292740 82.5
62.612914 29.72637 1333035294745 83.0
62.612972 29.726357 1333035296759 86.0
62.613006 29.726364 1333035298744 87.0
62.613028 29.726334 1333035300741 89.5
62.613071 29.72631 1333035302755 91.5
62.613105 29.72625 1333035304747 93.5
62.61315 29.726226 1333035306736 98.0
62.613186 29.726174 1333035308738 98.0
62.613222 29.72613 1333035310737 97.0
62.613252 29.726052 1333035312738 97.0
62.613277 29.726001 1333035314734 96.0
62.613318 29.725921 1333035316740 98.0
62.613339 29.72582 1333035318735 102.0
62.61335 29.725716 1333035320737 102.0
62.613382 29.725644 1333035322735 104.5
62.613405 29.725597 1333035324735 105.0
62.613427 29.725547 1333035326732 105.0
62.613422 29.725445 1333035328734 103.0
62.613422 29.725354 1333035330727 101.0
62.613428 29.725259 1333035332730 99.5
62.613423 29.725135 1333035334729 97.0
62.613423 29.725059 1333035336729 96.0
62.613428 29.724966 1333035338727 97.5
62.613423 29.724886 1333035340724 98.0
62.613411 29.724833 1333035342740 96.0
62.613412 29.724774 1333035344726 95.5
62.613402 29.724698 1333035346724 95.0
62.613384 29.724605 1333035348742 97.0
62.613375 29.724556 1333035350722 98.5
62.613362 29.724501 1333035352724 99.0
62.613336 29.724427 1333035354723 98.5
62.61331 29.724352 1333035356720 96.0
62.613298 29.7243 1333035358725 92.5
62.613295 29.724232 1333035360736 93.0
62.61328 29.724178 1333035362720 91.5
62.613284 29.724151 1333035364723 90.5
62.613267 29.724068 1333035366730 88.0
62.613256 29.724 1333035368716 84.0
62.613251 29.723945 1333035370723 82.0
62.613249 29.72387 1333035372713 83.0
62.613244 29.723752 1333035374711 85.5
62.613246 29.723686 1333035376717 85.5
62.613255 29.723586 1333035378711 85.5
62.613256 29.723482 1333035380714 89.0
62.613247 29.723397 1333035382711 89.0
62.613226 29.723297 1333035384713 88.0
62.613224 29.723224 1333035386706 82.5
62.613222 29.72316 1333035388711 79.0
62.613218 29.723095 1333035390709 78.5
62.613207 29.723033 1333035392721 78.0
62.613198 29.722941 1333035394709 78.0
62.613202 29.722879 1333035396712 74.5
62.613193 29.722778 1333035398702 73.5
62.613192 29.722707 1333035400706 72.5
62.613212 29.722676 1333035402716 70.5
62.613211 29.722564 1333035404707 74.0
62.613226 29.722562 1333035406708 74.5
62.613221 29.722555 1333035408717 72.0
62.613217 29.72253 1333035410702 70.0
62.613212 29.722452 1333035412705 72.5
62.613203 29.722383 1333035414704 75.0
62.613203 29.722311 1333035416703 77.5
62.613181 29.722261 1333035418706 76.0
62.61313 29.722155 1333035420704 73.5
62.613099 29.722103 1333035422704 71.0
62.613085 29.722058 1333035424702 70.0
62.613075 29.722019 1333035426703 68.5
62.613069 29.721994 1333035428696 66.0
62.613044 29.721917 1333035430697 65.0
62.613026 29.72182 1333035432696 67.0
62.613018 29.72178 1333035434697 68.0
62.612994 29.721712 1333035436695 66.5
62.612975 29.721616 1333035438697 68.5
62.612958 29.721539 1333035440691 69.5
62.612947 29.721508 1333035442694 69.0
62.612953 29.721458 1333035444693 73.5
62.612956 29.721386 1333035446695 85.5
62.612956 29.721386 1333035448695 89.0
62.612956 29.721353 1333035450692 94.5
62.612952 29.721339 1333035452686 97.5
62.612942 29.721264 1333035454689 101.5
62.612911 29.721196 1333035456688 103.5
62.612954 29.721165 1333035458693 110.0
62.612956 29.721103 1333035460690 112.0
62.612961 29.721022 1333035462707 112.5
62.612962 29.720943 1333035464690 113.5
62.612956 29.720904 1333035466697 112.5
62.612958 29.720884 1333035468694 113.0
62.61295 29.720884 1333035470690 113.5
62.612947 29.720878 1333035472689 115.0
62.612945 29.720872 1333035474685 115.5
62.612947 29.720871 1333035476687 118.0
62.612946 29.720829 1333035478684 119.0
62.612932 29.720767 1333035480683 118.0
62.612908 29.720708 1333035482685 116.0
62.612912 29.720681 1333035484688 117.5
62.612912 29.720655 1333035486688 118.0
62.612919 29.720647 1333035488683 118.5
62.612957 29.720619 1333035494701 122.0
62.612919 29.720482 1333035496680 123.5
62.612898 29.72038 1333035498684 125.0
62.612869 29.720273 1333035500690 124.5
62.61283 29.720182 1333035502678 123.0
62.612813 29.720118 1333035504680 121.0
62.612792 29.720047 1333035506681 122.5
62.612776 29.719957 1333035508684 120.0
62.612749 29.719842 1333035510679 116.5
62.612745 29.719806 1333035512688 114.5
62.612719 29.719728 1333035514697 112.0
62.612685 29.719666 1333035516680 109.5
62.612657 29.719601 1333035518679 109.0
62.612625 29.719541 1333035520678 109.0
62.61257 29.719479 1333035522691 107.5
62.612523 29.719423 1333035524676 108.0
62.612502 29.719369 1333035526669 109.0
62.612472 29.719307 1333035528685 109.5
62.612434 29.719274 1333035530691 115.0
62.612395 29.719255 1333035532674 116.0
62.612365 29.719227 1333035534673 119.0
62.612326 29.719213 1333035536664 118.0
62.612306 29.719205 1333035538672 121.5
62.612265 29.719198 1333035540669 120.5
62.612204 29.719194 1333035542681 117.5
62.61215 29.719166 1333035544658 113.5
62.612111 29.719152 1333035546686 111.5
62.612065 29.719131 1333035548662 107.5
62.612036 29.719118 1333035550667 107.0
62.612 29.71911 1333035552666 103.5
62.611962 29.719132 1333035554668 98.0
62.611922 29.719169 1333035556670 95.5
62.611889 29.719194 1333035558666 94.0
62.611856 29.719256 1333035560663 93.5
62.611814 29.719292 1333035562667 93.0
62.611783 29.719328 1333035564663 91.5
62.611764 29.719358 1333035566662 94.0
62.611736 29.719385 1333035568662 95.5
62.611703 29.71942 1333035570662 96.0
62.611677 29.719453 1333035572663 98.5
62.611626 29.719463 1333035574670 95.5
62.611583 29.719495 1333035576659 94.5
62.611549 29.719522 1333035578660 95.0
62.611513 29.719569 1333035580659 95.0
62.61149 29.7196 1333035582670 96.5
62.61146 29.719632 1333035584660 97.0
62.611445 29.719685 1333035586659 102.0
62.61142 29.719701 1333035588660 101.0
62.611389 29.71971 1333035590674 102.0
62.611364 29.719725 1333035592660 103.5
62.611332 29.719732 1333035594657 105.5
62.611283 29.719744 1333035596651 106.0
62.611257 29.719758 1333035598652 107.5
62.611231 29.719767 1333035600656 108.0
62.611193 29.719779 1333035602662 106.0
62.611177 29.719815 1333035604655 109.0
62.611155 29.719799 1333035606653 109.0
62.611122 29.719864 1333035608653 110.0
62.611098 29.719907 1333035610647 111.0
62.611074 29.719978 1333035612649 113.0
62.611054 29.720017 1333035614645 114.5
62.611031 29.720063 1333035616643 117.5
62.611005 29.720086 1333035618644 118.5
62.610969 29.720112 1333035620645 117.5
62.610952 29.720145 1333035622650 119.5
62.610948 29.720125 1333035624646 119.5
62.610893 29.720173 1333035626643 119.5
62.610847 29.720196 1333035628646 120.5
62.610817 29.720212 1333035630635 123.0
62.610773 29.720245 1333035632643 124.0
62.610767 29.720226 1333035634650 128.5
62.610731 29.72022 1333035636640 129.5
62.610704 29.720213 1333035638639 128.5
62.610682 29.720221 1333035640640 130.5
62.610668 29.720209 1333035642653 126.5
62.610626 29.720234 1333035644637 126.5
62.610595 29.720248 1333035646639 126.0
62.61057 29.720269 1333035648636 127.5
62.610558 29.720288 1333035650633 131.5
62.61056 29.720266 1333035652634 131.5
62.610562 29.720263 1333035654646 132.0
62.610561 29.720268 1333035656628 131.0
62.610556 29.720271 1333035658634 130.5
62.610535 29.7203 1333035660633 130.0
62.610499 29.720324 1333035662634 129.5
62.610489 29.720333 1333035664630 130.0
62.610472 29.720346 1333035666628 128.5
62.610461 29.720348 1333035668634 127.5
62.61046 29.720344 1333035670634 127.0
62.610449 29.720339 1333035672633 125.0
62.610439 29.720338 1333035674631 124.5
62.610439 29.720336 1333035676631 124.0
62.610429 29.720321 1333035678634 122.0
62.610409 29.720297 1333035680627 120.0
62.610398 29.720281 1333035682637 119.0
62.61039 29.72027 1333035684642 119.5
62.61038 29.720258 1333035686628 119.5
62.610351 29.720231 1333035688629 119.0
62.610312 29.720208 1333035690629 115.5
62.610284 29.720187 1333035692636 115.0
62.610266 29.720168 1333035694626 115.0
62.610252 29.720155 1333035696622 113.5
62.610258 29.720138 1333035698627 114.5
62.610217 29.720096 1333035700619 115.0
62.610181 29.720071 1333035702633 115.5
62.610136 29.720042 1333035704623 114.5
62.610118 29.72002 1333035706628 114.5
62.610088 29.720013 1333035708612 113.0
62.610096 29.720002 1333035710625 116.5
62.610076 29.720032 1333035712635 117.0
62.61005 29.720076 1333035714638 118.0
62.610019 29.720124 1333035716625 117.0
62.610002 29.720165 1333035718614 118.5
62.610006 29.720209 1333035720618 119.5
62.610006 29.720251 1333035722618 120.0
62.60998 29.720308 1333035724624 120.0
62.609962 29.720378 1333035726614 119.5
62.609934 29.72045 1333035728612 118.0
62.609923 29.720513 1333035730612 117.5
62.609887 29.720595 1333035732611 117.0
62.609813 29.720679 1333035734614 107.5
62.609777 29.720747 1333035736610 103.5
62.609746 29.720824 1333035738609 100.0
62.609708 29.720885 1333035740610 97.5
62.609674 29.720921 1333035742609 94.0
62.60964 29.720943 1333035744608 92.5
62.609604 29.720973 1333035746606 90.0
62.609572 29.72102 1333035748605 89.0
62.609551 29.721075 1333035750604 88.5
62.609524 29.721133 1333035752602 88.5
62.609502 29.721187 1333035754601 88.0
62.609479 29.721234 1333035756604 87.5
62.60941 29.721337 1333035758601 92.5
62.609375 29.721402 1333035760600 96.0
62.609369 29.721459 1333035762610 97.0
62.609357 29.721507 1333035764595 98.0
62.609341 29.721558 1333035766611 100.0
62.609347 29.721585 1333035768612 100.5
62.609328 29.72163 1333035770600 102.0
62.60928 29.721687 1333035772592 102.5
62.609247 29.721718 1333035774602 103.5
62.609196 29.721761 1333035776593 107.0
62.609175 29.72177 1333035778593 106.5
62.609131 29.72176 1333035780594 105.0
62.609042 29.721801 1333035782591 107.5
62.608973 29.721828 1333035784595 108.0
62.608918 29.721834 1333035786590 109.5
62.608895 29.721807 1333035788589 108.5
62.608879 29.721769 1333035790591 109.5
62.608853 29.721752 1333035792586 111.0
62.608831 29.721741 1333035794584 111.5
62.608795 29.721744 1333035796581 112.0
62.608781 29.721736 1333035798582 113.0
62.608739 29.721733 1333035800587 111.5
62.608685 29.721746 1333035802599 110.5
62.608632 29.721751 1333035804580 110.0
62.608616 29.721757 1333035806598 109.5
62.608584 29.721765 1333035808575 109.5
62.608552 29.721775 1333035810582 109.5
62.608528 29.721779 1333035812580 109.0
62.608511 29.721773 1333035814582 109.0
62.608492 29.721796 1333035816581 108.5
62.608443 29.721812 1333035818579 109.0
62.608401 29.721826 1333035820577 108.0
62.608385 29.721811 1333035822593 108.0
62.608351 29.721831 1333035824575 109.0
62.608337 29.721809 1333035826573 109.5
62.608306 29.721776 1333035828568 109.5
62.608286 29.721803 1333035830572 109.5
62.608203 29.721816 1333035832570 109.5
62.608145 29.721819 1333035834589 110.0
62.608074 29.72181 1333035836567 108.5
62.608032 29.721771 1333035838576 106.5
62.607973 29.721756 1333035840568 108.0
62.607939 29.721724 1333035842572 109.5
62.607918 29.721676 1333035844572 111.5
62.607843 29.72164 1333035846569 109.5
62.607781 29.721588 1333035848566 107.0
62.607714 29.721563 1333035850564 108.5
62.607667 29.721513 1333035852564 109.0
62.607612 29.721478 1333035854570 109.0
62.607566 29.721449 1333035856563 108.0
62.607521 29.721424 1333035858567 107.0
62.607451 29.721404 1333035860563 106.0
62.607401 29.72139 1333035862565 103.0
62.607358 29.721359 1333035864562 102.0
62.60732 29.721324 1333035866574 102.5
62.607279 29.721296 1333035868564 102.0
62.607261 29.721256 1333035870565 104.5
62.607217 29.721233 1333035872560 105.0
62.607176 29.721203 1333035874558 105.0
62.607135 29.72117 1333035876560 105.0
62.607119 29.721118 1333035878555 104.5
62.607083 29.721071 1333035880558 105.0
62.607054 29.721032 1333035882569 107.0
62.607021 29.720996 1333035884557 107.5
62.606993 29.720956 1333035886552 107.5
62.606964 29.720915 1333035888556 107.5
62.606932 29.720876 1333035890555 106.5
62.606908 29.720836 1333035892559 107.0
62.606884 29.720785 1333035894557 106.5
62.60687 29.720739 1333035896549 108.0
62.606844 29.720688 1333035898554 107.5
62.606817 29.720649 1333035900551 108.0
62.606793 29.720609 1333035902552 109.0
62.606773 29.720557 1333035904548 108.0
62.606744 29.720529 1333035906549 109.5
62.606721 29.72048 1333035908552 109.5
62.606685 29.720423 1333035910545 107.5
62.606646 29.720375 1333035912548 106.0
62.606608 29.72033 1333035914548 105.5
62.606605 29.72033 1333035916550 106.0
62.606585 29.720296 1333035918544 107.0
62.606544 29.720242 1333035920545 105.0
62.606516 29.720199 1333035922557 104.5
62.606491 29.720165 1333035924547 106.0
62.606452 29.72013 1333035926543 105.5
62.606404 29.720121 1333035928554 105.0
62.606349 29.720084 1333035930546 105.0
62.606327 29.720087 1333035932537 105.5
62.60629 29.720068 1333035934541 107.0
62.606213 29.720055 1333035936540 107.5
62.606159 29.720057 1333035938541 106.5
62.606129 29.720042 1333035940535 106.0
62.60609 29.720023 1333035942550 105.5
62.606056 29.720019 1333035944538 105.0
62.606017 29.719995 1333035946555 105.0
62.605968 29.719987 1333035948534 103.5
62.605934 29.719989 1333035950551 102.0
62.605906 29.719984 1333035952549 101.5
62.605872 29.719992 1333035954533 103.0
62.605845 29.720011 1333035956534 103.0
62.605804 29.720026 1333035958542 104.0
62.60575 29.720054 1333035960536 105.0
62.605729 29.720059 1333035962539 104.0
62.605694 29.720069 1333035964531 106.5
62.605665 29.720069 1333035966533 107.5
62.605641 29.720073 1333035968529 108.0
62.605625 29.720074 1333035970537 108.5
62.605594 29.720085 1333035972529 108.5
62.605583 29.720081 1333035974525 108.0
62.605565 29.720083 1333035976533 107.0
62.605529 29.720087 1333035978525 107.5
62.605495 29.720106 1333035980529 104.0
62.605452 29.720116 1333035982538 103.5
62.6054 29.720155 1333035984540 98.5
62.605378 29.720174 1333035986524 99.5
62.60534 29.720167 1333035988541 99.5
62.605292 29.720211 1333035990537 98.0
62.605266 29.720211 1333035992516 97.0
62.605229 29.720211 1333035994525 95.0
62.605195 29.720224 1333035996522 96.0
62.605129 29.72026 1333035998524 97.5
62.605115 29.720293 1333036000523 98.0
62.60507 29.720351 1333036002535 98.0
62.60506 29.720363 1333036004522 96.5
62.605038 29.720395 1333036006524 98.5
62.604974 29.720479 1333036008519 103.0
62.604934 29.720547 1333036010523 105.5
62.604902 29.720626 1333036012517 106.0
62.604882 29.720696 1333036014522 106.5
62.604852 29.720751 1333036016521 104.0
62.604833 29.720801 1333036018521 103.5
62.604845 29.720825 1333036020531 105.0
62.604811 29.720899 1333036022513 102.0
62.604792 29.720977 1333036024515 101.5
62.604781 29.721051 1333036026514 100.0
62.604769 29.721147 1333036028520 102.0
62.604764 29.721237 1333036030516 102.5
62.604753 29.721301 1333036032517 103.0
62.604741 29.721377 1333036034516 103.5
62.604748 29.721468 1333036036514 105.0
62.604738 29.721551 1333036038512 105.0
62.604742 29.721637 1333036040508 104.0
62.604737 29.721731 1333036042509 104.0
62.604737 29.721811 1333036044513 104.0
62.604734 29.721889 1333036046508 103.5
62.604732 29.721959 1333036048508 101.5
62.604731 29.72203 1333036050506 100.0
62.604748 29.722125 1333036052506 101.5
62.60474 29.722189 1333036054507 100.5
62.604736 29.72228 1333036056506 100.5
62.604731 29.722371 1333036058502 100.0
62.604726 29.722471 1333036060504 99.0
62.604712 29.722536 1333036062514 97.0
62.604706 29.722609 1333036064505 97.0
62.604696 29.722678 1333036066498 97.0
62.604685 29.722755 1333036068499 96.0
62.604684 29.722826 1333036070499 94.5
62.604682 29.722875 1333036072500 94.5
62.604677 29.722914 1333036074499 95.0
62.604672 29.722988 1333036076496 96.5
62.604659 29.723055 1333036078510 96.5
62.60465 29.72312 1333036080512 97.0
62.604647 29.723178 1333036082496 97.5
62.604646 29.723235 1333036084495 97.5
62.604624 29.723361 1333036086494 100.0
62.604595 29.723461 1333036088493 103.5
62.604571 29.723526 1333036090494 106.5
62.604571 29.723611 1333036092489 105.5
62.604573 29.723706 1333036094491 104.5
62.604576 29.723802 1333036096490 103.5
62.60458 29.723876 1333036098493 101.5
62.604573 29.723949 1333036100506 102.0
62.604565 29.724024 1333036102517 102.0
62.604563 29.724096 1333036104505 101.5
62.604557 29.724136 1333036106489 102.5
62.604551 29.724152 1333036108507 103.0
62.604552 29.724156 1333036110502 103.0
62.604553 29.724168 1333036112488 103.0
62.604551 29.724194 1333036114489 102.5
62.604552 29.72422 1333036116488 102.0
62.604551 29.724258 1333036118487 102.0
62.604549 29.724295 1333036120487 102.5
62.604547 29.724323 1333036122501 102.5
62.604544 29.724346 1333036124486 103.0
62.604543 29.724378 1333036126489 103.0
62.604547 29.72441 1333036128485 103.5
62.604548 29.724437 1333036130482 103.0
62.60455 29.724471 1333036132489 103.5
62.60455 29.7245 1333036134495 103.5
62.604553 29.724541 1333036136504 103.5
62.604555 29.724595 1333036138499 103.5
62.604557 29.724672 1333036140496 102.5
62.604576 29.724765 1333036142494 104.0
62.60458 29.724849 1333036144478 104.5
62.604579 29.724937 1333036146483 104.0
62.60458 29.725009 1333036148481 103.5
62.604579 29.725057 1333036150475 103.5
62.604579 29.725144 1333036152477 103.5
62.604577 29.725228 1333036154478 103.5
62.604577 29.725328 1333036156476 103.0
62.604559 29.725392 1333036158487 104.5
62.604557 29.725452 1333036160478 104.0
62.604558 29.7255 1333036162490 104.0
62.604549 29.725567 1333036164472 105.0
62.604532 29.725673 1333036166483 106.0
62.604513 29.725777 1333036168488 107.0
62.604505 29.725874 1333036170472 107.0
62.604498 29.725935 1333036172488 106.0
62.604501 29.725978 1333036174478 103.5
62.604508 29.726045 1333036176470 101.0
62.604504 29.726137 1333036178467 100.5
62.604485 29.726231 1333036180470 100.0
62.604479 29.726317 1333036182482 100.5
62.604479 29.726457 1333036184472 103.5
62.604421 29.726543 1333036186467 105.5
62.604407 29.726618 1333036188469 106.0
62.604396 29.726681 1333036190471 107.0
62.604398 29.726756 1333036192486 110.5
62.604427 29.726875 1333036194461 110.0
62.604439 29.727031 1333036196466 112.0
62.604471 29.727114 1333036198465 113.0
62.604467 29.727162 1333036200467 109.5
62.604454 29.727218 1333036202463 108.0
62.60443 29.727259 1333036204457 107.0
62.604494 29.727377 1333036206463 109.5
62.604506 29.727424 1333036208462 109.0
62.60449 29.727491 1333036210459 110.0
62.604451 29.727453 1333036212459 105.0
62.604418 29.727446 1333036214459 102.0
62.604382 29.727456 1333036216458 101.5
62.604384 29.727466 1333036218457 99.0
62.604334 29.727526 1333036220456 99.0
62.604345 29.727587 1333036222473 97.0
62.604353 29.727649 1333036224474 94.5
62.60433 29.72775 1333036226458 97.0
62.604316 29.727842 1333036228471 96.5
62.604295 29.727972 1333036230452 98.0
62.604288 29.728058 1333036232455 97.5
62.604279 29.728187 1333036234467 98.0
62.60427 29.728239 1333036236453 96.5
62.604273 29.728321 1333036238451 94.5
62.604291 29.728372 1333036240453 92.0
62.604263 29.72851 1333036242464 94.5
62.604267 29.728582 1333036244451 91.5
62.604253 29.72867 1333036246446 91.5
62.604252 29.728764 1333036248465 90.0
62.604251 29.728872 1333036250466 89.0
62.60424 29.728956 1333036252454 88.5
62.604243 29.729029 1333036254451 88.5
62.604205 29.729088 1333036256461 88.0
62.604202 29.729201 1333036258459 88.0
62.604202 29.72931 1333036260451 87.5
62.604233 29.729394 1333036262461 82.5
62.604238 29.729484 1333036264467 81.5
62.604349 29.729629 1333036266444 80.0
62.604358 29.729723 1333036268445 80.0
62.604335 29.729815 1333036270449 78.5
62.604313 29.729901 1333036272444 74.0
62.604262 29.730003 1333036274439 76.0
62.604254 29.730123 1333036276444 77.5
62.604209 29.730238 1333036278441 79.5
62.604174 29.730291 1333036280444 81.5
62.604145 29.730363 1333036282441 82.0
62.604168 29.730471 1333036284455 83.5
62.604172 29.730574 1333036286454 86.0
62.604164 29.730636 1333036288443 86.0
62.604156 29.730706 1333036290454 85.5
62.60417 29.730818 1333036292440 89.0
62.604154 29.730903 1333036294440 92.5
62.604131 29.730961 1333036296436 95.0
62.604149 29.731055 1333036298433 95.5
62.604126 29.731129 1333036300435 96.0
62.604072 29.731186 1333036302448 95.0
62.604043 29.731257 1333036304432 95.5
62.604078 29.731358 1333036306430 98.0
62.604064 29.73141 1333036308432 96.0
62.604054 29.731464 1333036310433 94.0
62.604066 29.731521 1333036312437 94.5
62.604055 29.731594 1333036314432 92.5
62.604076 29.731676 1333036316434 95.5
62.604095 29.731778 1333036318433 96.0
62.604047 29.731821 1333036320430 95.5
62.604014 29.731888 1333036322440 92.0
62.60401 29.731992 1333036324438 89.5
62.603972 29.73206 1333036326429 89.0
62.603952 29.732171 1333036328425 85.0
62.603952 29.732295 1333036330428 82.0
62.603982 29.73242 1333036332423 83.5
62.603963 29.732512 1333036334425 80.0
62.603934 29.73262 1333036336422 75.5
62.603897 29.7327 1333036338422 75.0
62.603878 29.732768 1333036340423 74.0
62.603871 29.732864 1333036342426 76.5
62.603852 29.732965 1333036344419 79.5
62.603924 29.733094 1333036346421 85.5
62.603932 29.733194 1333036348418 87.0
62.60394 29.733288 1333036350430 87.5
62.603952 29.733379 1333036352432 89.0
62.603972 29.733461 1333036354421 89.5
62.604009 29.733546 1333036356422 93.0
62.604035 29.733637 1333036358419 94.5
62.604072 29.733692 1333036360418 98.5
62.604101 29.733765 1333036362427 98.5
62.604107 29.733836 1333036364414 100.0
62.604106 29.733948 1333036366414 101.0
62.604102 29.733996 1333036368414 99.0
62.604052 29.734112 1333036370416 97.0
62.604079 29.734155 1333036372409 98.0
62.604065 29.734212 1333036374424 98.0
62.604038 29.734287 1333036376411 101.0
62.604019 29.734373 1333036378423 101.0
62.604002 29.734463 1333036380412 100.0
62.603999 29.734545 1333036382412 99.5
62.603994 29.734618 1333036384407 98.0
62.603977 29.734698 1333036386422 96.5
62.604017 29.734744 1333036388413 97.0
62.604014 29.734821 1333036390408 95.0
62.604036 29.734865 1333036392404 95.5
62.604027 29.734945 1333036394407 95.5
62.604055 29.735054 1333036396416 100.0
62.603998 29.735154 1333036398408 100.0
62.603961 29.735254 1333036400406 98.5
62.603952 29.735348 1333036402407 101.0
62.603933 29.735424 1333036404402 102.5
62.60394 29.73551 1333036406418 101.5
62.603943 29.735571 1333036408399 99.5
62.603941 29.735634 1333036410399 96.0
62.603881 29.735664 1333036412401 86.0
62.603856 29.735709 1333036414397 83.0
62.603833 29.735775 1333036416418 80.5
62.603784 29.735832 1333036418399 76.5
62.603742 29.735967 1333036420399 78.5
62.603713 29.736097 1333036422411 78.5
62.603688 29.736183 1333036424397 79.0
62.603671 29.736262 1333036426399 78.5
62.603689 29.736332 1333036428397 80.5
62.603693 29.736435 1333036430396 84.5
62.603654 29.73651 1333036432394 82.5
62.603652 29.736597 1333036434393 84.5
62.603677 29.736704 1333036436394 86.5
62.603667 29.736758 1333036438412 86.5
62.603631 29.736823 1333036440406 85.0
62.603603 29.736868 1333036442416 86.5
62.603606 29.736984 1333036448421 89.5
62.60365 29.736976 1333036450412 91.5
62.60367 29.737002 1333036452404 92.0
62.603683 29.737054 1333036454403 93.0
62.603709 29.737074 1333036456400 94.5
62.603741 29.737091 1333036458403 95.5
62.603786 29.737093 1333036460422 100.5
62.603808 29.737081 1333036462417 100.0
62.603832 29.737064 1333036464403 99.5
62.603861 29.737043 1333036466410 98.0
62.603879 29.737024 1333036468403 95.5
62.603894 29.736987 1333036470415 94.5
62.603938 29.73698 1333036472411 93.5
62.603985 29.736951 1333036474393 94.0
62.604023 29.736935 1333036476413 95.5
62.604041 29.736874 1333036478389 95.5
62.604063 29.736909 1333036480393 96.5
62.604104 29.736877 1333036482395 98.0
62.604144 29.736852 1333036484394 99.0
62.604181 29.736844 1333036486390 101.0
62.604227 29.736825 1333036488390 103.0
62.604274 29.736836 1333036490397 104.0
62.604321 29.73683 1333036492398 105.5
62.60436 29.736825 1333036494392 107.5
62.604396 29.736813 1333036496401 107.0
62.604431 29.736776 1333036498400 107.0
62.604477 29.736723 1333036500393 107.5
62.604512 29.736694 1333036502412 106.0
62.604566 29.736659 1333036504405 107.5
62.604593 29.736626 1333036506392 103.0
62.604625 29.736617 1333036508390 103.0
62.604665 29.736558 1333036510387 100.0
62.604699 29.73655 1333036512391 100.0
62.604717 29.7366 1333036514387 100.0
62.604732 29.736552 1333036516394 95.5
62.604748 29.736545 1333036518387 97.0
62.604756 29.736546 1333036520397 97.5
62.604768 29.736534 1333036522385 96.0
62.604773 29.736536 1333036524380 95.0
62.604768 29.736515 1333036526431 90.0
62.60477 29.736513 1333036528410 88.5
62.604761 29.73651 1333036532395 86.0
62.60476 29.736512 1333036534383 86.5
62.604761 29.736513 1333036536393 86.5
62.604801 29.73651 1333036540384 90.0
62.604816 29.736502 1333036542383 91.0
62.604829 29.736485 1333036544381 91.0
62.604848 29.73648 1333036546378 91.5
62.604886 29.736452 1333036548395 91.5
62.604928 29.736402 1333036550380 92.0
62.604955 29.736365 1333036552395 89.5
62.604987 29.736301 1333036554394 89.0
62.605013 29.736238 1333036556381 88.5
62.60507 29.736177 1333036558380 90.0
62.605099 29.736137 1333036560389 90.0
62.605131 29.736096 1333036562393 90.5
62.605152 29.736066 1333036564380 89.5
62.605174 29.736033 1333036566377 90.0
62.605211 29.735992 1333036568375 91.5
62.605244 29.735934 1333036570376 89.5
62.605284 29.735917 1333036572374 93.5
62.605305 29.735924 1333036574374 94.5
62.605325 29.735887 1333036576374 91.0
62.605339 29.735863 1333036578373 88.5
62.605391 29.735829 1333036580373 90.5
62.605429 29.735804 1333036582374 91.0
62.605464 29.735778 1333036584371 93.0
62.605479 29.735749 1333036586381 90.0
62.605514 29.735709 1333036588382 89.5
62.605562 29.73568 1333036590367 93.0
62.605595 29.735664 1333036592365 96.0
62.605635 29.735624 1333036594368 98.0
62.605695 29.735545 1333036596377 98.0
62.605772 29.735475 1333036598371 102.5
62.605798 29.735421 1333036600365 100.0
62.605837 29.73539 1333036602365 100.0
62.605885 29.735388 1333036604367 99.5
62.60592 29.735362 1333036606365 100.0
62.605957 29.735355 1333036608362 101.5
62.605991 29.735331 1333036610362 104.0
62.60603 29.735292 1333036612364 102.5
62.606051 29.735247 1333036614375 100.0
62.606087 29.735198 1333036616363 98.5
62.606105 29.735104 1333036618361 94.5
62.606149 29.7351 1333036620374 94.0
62.606199 29.735098 1333036622373 95.0
62.606204 29.735059 1333036624361 91.5
62.606243 29.735025 1333036626359 92.5
62.606275 29.735005 1333036628358 90.5
62.606313 29.734964 1333036630356 89.0
62.606348 29.734898 1333036632354 91.5
62.606418 29.734876 1333036634354 97.0
62.606455 29.734808 1333036636354 96.0
62.606489 29.734774 1333036638354 96.0
62.606529 29.734763 1333036640356 96.0
62.606561 29.734739 1333036642354 97.0
62.606614 29.734807 1333036644349 98.0
62.60662 29.734784 1333036646352 91.0
62.606615 29.734721 1333036648366 87.5
62.606652 29.734676 1333036650366 87.5
62.60668 29.734654 1333036652353 84.0
62.60672 29.734635 1333036654352 84.0
62.606766 29.734605 1333036656366 83.5
62.606793 29.734583 1333036658356 82.5
62.606817 29.73454 1333036660350 82.0
62.606841 29.734515 1333036662352 81.0
62.60687 29.734479 1333036664345 80.5
62.606903 29.734454 1333036666347 79.0
62.60694 29.734418 1333036668347 80.5
62.60698 29.734358 1333036670345 78.5
62.607009 29.734315 1333036672342 76.0
62.607043 29.734275 1333036674344 75.5
62.607081 29.734258 1333036676339 77.0
62.607136 29.734217 1333036678343 80.0
62.607189 29.734166 1333036680343 80.0
62.607245 29.73417 1333036682337 84.0
62.607285 29.734146 1333036684339 83.5
62.607323 29.734105 1333036686336 80.0
62.607364 29.734065 1333036688336 81.0
62.607375 29.73405 1333036690338 79.5
62.607398 29.733983 1333036692335 77.5
62.607406 29.733927 1333036694334 74.5
62.607455 29.733879 1333036696334 73.5
62.607516 29.733815 1333036698334 71.5
62.60755 29.733808 1333036700330 72.0
62.607627 29.733712 1333036702333 71.5
62.607718 29.733603 1333036704332 73.5
62.607793 29.733547 1333036706332 79.0
62.607843 29.733496 1333036708333 81.0
62.607901 29.733456 1333036710328 85.5
62.607933 29.733459 1333036712328 91.0
62.607931 29.733448 1333036714328 89.5
62.607944 29.733448 1333036716331 92.0
62.607962 29.733438 1333036718327 95.0
62.607971 29.733435 1333036720330 96.5
62.607966 29.733429 1333036722328 94.0
62.607957 29.733426 1333036724325 89.5
62.607957 29.733427 1333036726321 88.5
62.607956 29.733428 1333036728325 87.5
62.607956 29.733418 1333036730324 86.0
62.607971 29.733387 1333036732326 84.5
62.607985 29.733351 1333036734339 82.0
62.608013 29.733325 1333036736337 80.5
62.608046 29.733309 1333036738331 80.5
62.608072 29.733248 1333036740334 83.5
62.608087 29.733202 1333036742320 81.5
62.608153 29.73318 1333036744335 90.0
62.608187 29.733162 1333036746337 93.0
62.608266 29.733121 1333036748322 104.5
62.608296 29.733078 1333036750319 105.5
62.608326 29.733048 1333036752319 106.0
62.608335 29.732999 1333036754318 104.0
62.608351 29.732992 1333036756317 105.0
62.608359 29.732992 1333036758313 106.5
62.608366 29.733002 1333036760314 107.0
62.608367 29.732995 1333036762313 106.5
62.608364 29.732962 1333036764312 105.0
62.608367 29.732913 1333036766314 103.5
62.608381 29.732886 1333036768313 102.0
62.608396 29.732866 1333036770316 101.0
62.60841 29.732831 1333036772325 99.5
62.608414 29.732784 1333036774325 99.0
62.608419 29.732789 1333036776312 99.0
62.608415 29.732767 1333036778312 99.0
62.608418 29.732763 1333036780305 99.0
62.608422 29.732757 1333036782307 100.0
62.60843 29.732744 1333036784309 101.5
62.608433 29.732735 1333036786308 102.5
62.608438 29.732714 1333036788302 103.5
62.608444 29.732697 1333036790305 104.0
62.608445 29.732695 1333036792301 104.0
62.608445 29.732693 1333036794306 104.0
62.60844 29.73268 1333036796316 105.5
62.608445 29.732654 1333036798300 105.0
62.60847 29.732657 1333036800312 107.0
62.608487 29.732647 1333036802320 107.0
62.608485 29.732624 1333036804298 106.0
62.608501 29.73262 1333036806316 106.5
62.608526 29.73259 1333036808299 108.5
62.60855 29.732569 1333036810303 110.0
62.608564 29.732535 1333036812300 109.0
62.608578 29.732511 1333036814300 107.5
62.608602 29.732499 1333036816298 106.5
62.608619 29.732464 1333036818296 106.5
62.608631 29.732431 1333036820297 106.5
62.608648 29.732411 1333036822300 107.0
62.608658 29.73239 1333036824296 105.5
62.608678 29.732376 1333036826295 106.0
62.608701 29.732347 1333036828312 106.0
62.60872 29.732308 1333036830312 106.5
62.60874 29.732279 1333036832314 107.5
62.608758 29.732253 1333036834293 106.5
62.608789 29.732255 1333036836298 108.0
62.608808 29.732233 1333036838307 107.5
62.608852 29.732219 1333036840294 110.5
62.608885 29.732195 1333036842294 110.0
62.608924 29.732183 1333036844294 110.5
62.608947 29.732134 1333036846292 111.5
62.60897 29.732071 1333036848292 113.0
62.609005 29.732017 1333036850291 114.0
62.609036 29.732003 1333036852290 115.5
62.609065 29.731975 1333036854287 115.0
62.609087 29.731934 1333036856290 113.0
62.60912 29.731904 1333036858285 113.5
62.609136 29.731853 1333036860300 109.5
62.609172 29.731819 1333036862300 112.0
62.609205 29.73178 1333036864286 112.5
62.609232 29.731748 1333036866300 111.0
62.609275 29.731714 1333036868289 114.0
62.609296 29.731699 1333036870287 110.5
62.609322 29.731671 1333036872287 110.0
62.609331 29.731649 1333036874287 108.5
62.609341 29.731646 1333036876285 108.0
62.60934 29.731597 1333036878283 107.0
62.609345 29.731555 1333036880281 104.5
62.609326 29.731519 1333036882281 98.5
62.609323 29.73151 1333036884281 97.5
62.609322 29.731504 1333036886280 97.0
62.609325 29.731504 1333036888291 97.5
62.609346 29.731496 1333036890295 100.0
62.609349 29.73149 1333036892292 100.0
62.609347 29.731477 1333036894295 100.5
62.609359 29.731472 1333036896294 101.0
62.609356 29.731451 1333036898288 99.5
62.609357 29.731446 1333036900276 98.0
62.609368 29.731421 1333036902276 94.5
62.609394 29.731396 1333036904278 89.5
62.609417 29.73135 1333036906274 86.0
62.609472 29.731333 1333036908275 86.5
62.609521 29.731295 1333036910276 86.0
62.609532 29.731271 1333036912275 84.0
62.609574 29.7312 1333036914272 82.5
62.609603 29.731168 1333036916273 83.0
62.609639 29.731117 1333036918271 81.0
62.609678 29.731079 1333036920271 81.5
62.609704 29.731055 1333036922273 82.0
62.609737 29.730984 1333036924281 83.0
62.609788 29.730945 1333036926283 84.5
62.609833 29.730903 1333036928269 85.0
62.609885 29.730849 1333036930269 86.0
62.609917 29.730687 1333036932268 87.5
62.609956 29.730647 1333036934267 87.5
62.610006 29.730615 1333036936267 89.0
62.610086 29.730565 1333036938266 94.5
62.610117 29.730545 1333036940261 94.0
62.610145 29.730503 1333036942263 95.0
62.610167 29.730428 1333036944266 95.0
62.610188 29.730361 1333036946262 96.0
62.61021 29.730271 1333036948258 97.0
62.610227 29.730216 1333036950264 97.5
62.610238 29.730176 1333036952274 98.0
62.610254 29.730147 1333036954266 98.0
62.610276 29.73009 1333036956281 99.0
62.610303 29.730066 1333036958277 98.5
62.610329 29.730055 1333036960264 100.0
62.610328 29.730012 1333036962259 98.5
62.610345 29.729979 1333036964259 96.5
62.610369 29.729963 1333036966259 96.5
62.610424 29.729988 1333036968255 100.0
62.610472 29.729978 1333036970261 102.5
62.610507 29.729941 1333036972261 104.5
62.610537 29.729886 1333036974252 103.5
62.610563 29.729835 1333036976258 104.0
62.610603 29.729799 1333036978254 104.5
62.610653 29.729826 1333036980253 103.0
62.610674 29.729759 1333036982256 100.0
62.610718 29.729722 1333036984256 101.5
62.610757 29.729687 1333036986252 100.5
62.610798 29.729675 1333036988255 98.5
62.610843 29.729652 1333036990253 97.5
62.61088 29.729603 1333036992248 98.0
62.610925 29.729546 1333036994250 99.0
62.610979 29.729508 1333036996250 102.5
62.611004 29.72939 1333036998249 92.0
62.611024 29.729295 1333037000249 83.5
62.611047 29.729238 1333037002248 81.5
62.61107 29.729178 1333037004261 78.5
62.611092 29.729153 1333037006251 79.5
62.611098 29.729144 1333037008250 79.5
62.611112 29.729156 1333037010246 81.5
62.611132 29.729142 1333037012245 81.0
62.611163 29.729139 1333037014246 80.5
62.611206 29.729123 1333037016257 82.0
62.611252 29.729053 1333037018261 85.5
62.611286 29.729024 1333037020243 86.5
62.611324 29.728989 1333037022248 84.5
62.611356 29.728949 1333037024241 83.0
62.61141 29.728918 1333037026241 86.5
62.611469 29.728899 1333037028238 85.0
62.611534 29.728885 1333037030242 84.0
62.611579 29.728849 1333037032238 85.0
62.611598 29.728782 1333037034241 84.0
62.611647 29.728771 1333037036235 86.5
62.611678 29.728702 1333037038233 88.5
62.611718 29.728662 1333037040237 95.5
62.611722 29.728577 1333037042238 94.5
62.611747 29.728618 1333037044234 95.5
62.611772 29.7286 1333037046235 94.5
62.611785 29.728533 1333037048234 92.5
62.611804 29.728472 1333037050236 92.0
62.611824 29.728439 1333037052230 90.5
62.61185 29.728462 1333037054233 87.5
62.611888 29.728363 1333037056232 86.5
62.611932 29.728273 1333037058230 87.5
62.61196 29.728216 1333037060231 88.0
62.611973 29.728157 1333037062227 86.5
62.612006 29.728095 1333037064228 86.5
62.612056 29.728031 1333037066228 86.5
62.612121 29.72795 1333037068225 90.0
62.612166 29.727866 1333037070224 92.0
62.612202 29.727821 1333037072225 91.5
62.612241 29.72773 1333037074220 94.5
62.612296 29.727654 1333037076218 97.5
62.612309 29.72745 1333037078219 99.0
62.612349 29.727351 1333037080227 100.5
62.612381 29.727281 1333037082223 98.5
62.612426 29.727256 1333037084218 98.5
62.612473 29.727237 1333037086218 99.0
62.612517 29.727183 1333037088221 100.0
62.612563 29.727156 1333037090221 101.5
62.612605 29.727108 1333037092217 102.0
62.612655 29.727047 1333037094217 102.5
62.612694 29.726924 1333037096223 102.0
62.612728 29.726862 1333037098217 99.5
62.61276 29.726742 1333037100220 97.0
62.612814 29.726659 1333037102212 97.5
62.612855 29.726584 1333037104213 97.0
62.612892 29.726468 1333037106213 98.5
62.612928 29.72642 1333037108217 97.5
62.612963 29.726375 1333037110210 97.0
62.613016 29.726362 1333037112213 98.5
62.613064 29.726308 1333037114212 99.5
62.613098 29.726228 1333037116211 99.0
62.61314 29.726173 1333037118208 98.5
62.613193 29.726117 1333037120209 98.5
62.613243 29.726042 1333037122206 99.0
62.613264 29.725958 1333037124205 96.5
62.613304 29.725893 1333037126203 96.5
62.613328 29.725836 1333037128205 96.0
62.613349 29.725769 1333037130205 96.5
62.613374 29.72566 1333037132203 98.5
62.61337 29.725595 1333037134208 97.0
62.613377 29.72548 1333037136204 96.5
62.613394 29.725362 1333037138205 96.0
62.613392 29.725185 1333037140205 95.0
62.613399 29.725094 1333037142207 94.5
62.613401 29.724958 1333037144198 96.0
62.613388 29.724841 1333037146201 96.0
62.613375 29.724674 1333037148200 99.0
62.613367 29.7246 1333037150197 98.5
62.61337 29.724543 1333037152211 99.0
62.61337 29.724505 1333037154194 99.5
62.613364 29.724481 1333037156222 99.5
62.613365 29.72441 1333037158191 100.0
62.613365 29.72433 1333037160198 103.5
62.613362 29.724254 1333037162194 104.5
62.613356 29.724108 1333037164195 108.5
62.61335 29.724025 1333037166194 111.5
62.613342 29.723939 1333037168197 113.5
62.613336 29.72387 1333037170193 112.5
62.613329 29.723785 1333037172190 112.5
62.613328 29.723693 1333037174191 112.0
62.61332 29.723601 1333037176185 111.5
62.613322 29.72353 1333037178192 111.5
62.613316 29.723451 1333037180190 110.5
62.613299 29.723346 1333037182186 110.0
62.613283 29.72326 1333037184187 108.0
62.613275 29.723181 1333037186184 106.5
62.613278 29.723122 1333037188188 106.5
62.613281 29.723084 1333037190185 105.5
62.613287 29.723019 1333037192183 105.5
62.613279 29.722918 1333037194184 106.0
62.613276 29.722823 1333037196180 104.0
62.613283 29.722711 1333037198181 101.0
62.61327 29.722593 1333037200182 101.0
62.613272 29.722509 1333037202181 101.0
62.61327 29.722412 1333037204180 101.0
62.613268 29.722355 1333037206184 103.0
62.613246 29.722275 1333037208181 102.5
62.613237 29.722203 1333037210178 102.5
62.613254 29.722123 1333037212181 100.0
62.613239 29.722046 1333037214177 100.0
62.613203 29.721956 1333037216178 99.5
62.613178 29.721856 1333037218175 100.5
62.613146 29.721739 1333037220176 101.5
62.613133 29.721662 1333037222175 102.5
62.613127 29.72161 1333037224172 99.5
62.61311 29.721535 1333037226176 97.0
62.613102 29.721482 1333037228169 98.0
62.613078 29.721367 1333037230171 102.0
62.61306 29.721292 1333037232169 102.0
62.613039 29.721189 1333037234172 102.5
62.613053 29.721125 1333037236169 102.0
62.61304 29.721026 1333037238167 101.5
62.613028 29.720947 1333037240169 100.0
62.612999 29.720833 1333037242168 99.0
62.612988 29.720744 1333037244168 98.0
62.612975 29.720655 1333037246167 96.5
62.612932 29.720538 1333037248174 96.0
62.612922 29.72047 1333037250162 95.0
62.612891 29.72038 1333037252166 94.0
62.612873 29.720308 1333037254169 93.0
62.612851 29.72021 1333037256163 92.0
62.612828 29.720101 1333037258175 91.0
62.612819 29.72002 1333037260164 91.0
62.612814 29.719964 1333037262159 91.0
62.612814 29.719925 1333037264159 93.0
62.612811 29.719902 1333037266161 93.5
62.612806 29.719893 1333037268154 93.5
62.612798 29.719867 1333037270169 94.0
62.61278 29.719829 1333037272162 93.0
62.612725 29.719742 1333037274168 93.5
62.612671 29.719672 1333037276155 94.5
62.61264 29.719622 1333037278160 94.5
62.612559 29.719533 1333037282156 93.0
62.61252 29.719502 1333037284158 94.0
62.612479 29.719476 1333037286156 95.5
62.612434 29.719439 1333037288157 96.0
62.61239 29.719411 1333037290157 98.0
62.612363 29.719379 1333037292153 97.5
62.612318 29.719359 1333037294154 98.0
62.612288 29.719345 1333037296154 98.0
62.612258 29.719332 1333037298167 97.5
62.612188 29.71934 1333037300165 99.5
62.612146 29.719354 1333037302151 101.5
62.612099 29.719343 1333037304152 101.0
62.612072 29.719315 1333037306167 101.5
62.612005 29.719331 1333037308167 107.0
62.611989 29.719345 1333037310147 106.5
62.611967 29.719355 1333037312150 106.5
62.611916 29.719415 1333037314148 107.5
62.611889 29.719421 1333037316153 104.5
62.611866 29.719443 1333037318163 103.5
62.611833 29.719487 1333037320148 103.5
62.611801 29.719527 1333037322147 103.5
62.611763 29.719574 1333037324144 103.0
62.611729 29.719612 1333037326147 102.5
62.61169 29.719651 1333037328146 101.5
62.611649 29.719673 1333037330155 100.5
62.61161 29.719709 1333037332160 100.0
62.61156 29.719744 1333037334143 100.0
62.611534 29.71977 1333037336145 98.0
62.61149 29.7198 1333037338153 99.0
62.611453 29.719827 1333037340158 99.0
62.61142 29.719841 1333037342140 97.5
62.611383 29.71983 1333037344138 96.5
62.611343 29.719838 1333037346135 96.0
62.611321 29.719822 1333037348141 93.5
62.611292 29.719833 1333037350138 91.5
62.611257 29.719836 1333037352136 89.0
62.611211 29.719902 1333037354135 90.5
62.611168 29.719923 1333037356140 90.5
62.611122 29.719974 1333037358134 90.5
62.611082 29.720008 1333037360132 89.5
62.611029 29.720093 1333037362131 94.0
62.610983 29.720148 1333037364127 96.0
62.610958 29.720166 1333037366129 95.0
62.610938 29.720189 1333037368130 94.5
62.610902 29.720212 1333037370131 95.5
62.610849 29.720255 1333037372145 95.5
62.610798 29.720282 1333037374128 97.0
62.610765 29.720284 1333037376129 96.5
62.610714 29.720313 1333037378126 98.0
62.610666 29.720327 1333037380124 101.0
62.610637 29.720317 1333037382125 100.5
62.61059 29.720331 1333037384123 102.5
62.610552 29.720296 1333037386122 102.5
62.610522 29.720282 1333037388119 102.0
62.610502 29.720312 1333037390133 102.5
62.610462 29.720287 1333037392122 97.5
62.610438 29.7203 1333037394140 97.5
62.610418 29.72029 1333037396135 97.5
62.610386 29.72026 1333037398119 97.5
62.610372 29.720209 1333037400132 96.0
62.610346 29.720226 1333037402124 95.0
62.610321 29.720223 1333037404122 95.5
62.610258 29.720274 1333037406120 98.0
62.610218 29.720261 1333037408117 97.0
62.610181 29.720282 1333037410119 94.5
62.610134 29.720302 1333037412116 93.5
62.610079 29.720307 1333037414121 94.0
62.610056 29.720296 1333037416116 93.0
62.610058 29.720332 1333037418116 94.0
62.610019 29.720318 1333037420119 94.5
62.609972 29.720328 1333037422111 95.5
62.609958 29.720336 1333037424125 97.0
62.609938 29.720351 1333037426127 97.0
62.609923 29.720363 1333037428114 96.5
62.609915 29.720384 1333037430113 96.5
62.609913 29.72039 1333037432125 93.5
62.609894 29.720415 1333037434107 93.0
62.609872 29.72046 1333037436108 93.0
62.609853 29.720498 1333037438108 92.0
62.609801 29.720515 1333037440106 91.0
62.609769 29.720553 1333037442108 92.0
62.609745 29.720615 1333037444109 94.5
62.609714 29.720676 1333037446104 96.0
62.609697 29.720722 1333037448107 94.5
62.609681 29.720756 1333037450107 91.0
62.609623 29.720787 1333037452121 92.0
62.609592 29.720847 1333037454102 92.0
62.609551 29.720909 1333037456121 94.0
62.609528 29.720945 1333037458119 92.5
62.609507 29.720983 1333037460102 91.0
62.609473 29.721042 1333037462099 92.5
62.609451 29.7211 1333037464096 93.0
62.609414 29.721194 1333037466098 97.0
62.609387 29.721259 1333037468097 97.5
62.609368 29.721334 1333037470097 98.5
62.609348 29.721415 1333037472098 100.0
62.609328 29.721484 1333037474101 100.0
62.609304 29.721546 1333037476101 100.0
62.60928 29.721597 1333037478114 99.5
62.609252 29.721639 1333037480112 99.5
62.60923 29.721674 1333037482100 98.0
62.609202 29.721695 1333037484113 97.5
62.609185 29.721699 1333037486097 95.0
62.609142 29.721683 1333037488095 94.0
62.609107 29.721703 1333037490111 94.5
62.609066 29.721719 1333037492113 95.5
62.609025 29.721734 1333037494090 95.5
62.608981 29.721746 1333037496092 97.0
62.60895 29.721734 1333037498091 97.0
62.608919 29.721722 1333037500092 98.0
62.608883 29.72169 1333037502088 98.0
62.608845 29.72166 1333037504089 98.0
62.608807 29.721639 1333037506088 96.5
62.608754 29.721651 1333037508096 96.5
62.608724 29.721641 1333037510083 95.5
62.608697 29.721644 1333037512083 96.0
62.608623 29.721637 1333037514083 97.0
62.608589 29.721667 1333037516090 98.0
62.608556 29.721655 1333037518077 97.0
62.608518 29.721658 1333037520094 96.0
62.608474 29.721679 1333037522096 96.5
62.608419 29.721717 1333037524088 99.0
62.608384 29.721718 1333037526086 99.0
62.608345 29.721718 1333037528083 98.0
62.608314 29.721681 1333037530086 95.5
62.60827 29.721685 1333037532085 95.0
62.608225 29.72168 1333037534083 95.0
62.608176 29.721688 1333037536080 94.5
62.608123 29.721707 1333037538083 96.5
62.608075 29.721714 1333037540080 96.5
62.608037 29.721699 1333037542077 96.0
62.60797 29.721735 1333037544073 99.5
62.607933 29.721711 1333037546079 99.0
62.607888 29.721657 1333037548067 99.0
62.607841 29.721641 1333037550081 100.5
62.607799 29.721615 1333037552081 102.5
62.607763 29.721569 1333037554081 103.5
62.60773 29.721512 1333037556079 103.0
62.607694 29.721457 1333037558076 102.0
62.607666 29.721411 1333037560079 103.5
62.607629 29.721384 1333037562075 105.5
62.607594 29.72136 1333037564075 105.5
62.607565 29.721331 1333037566071 106.0
62.607533 29.721309 1333037568061 107.0
62.607488 29.721321 1333037570074 109.5
62.607447 29.721295 1333037572073 108.5
62.607397 29.721286 1333037574067 109.5
62.607358 29.721278 1333037576068 109.0
62.607317 29.721266 1333037578075 107.5
62.607291 29.721235 1333037580072 103.5
62.607246 29.721216 1333037582083 104.0
62.607219 29.721193 1333037584082 103.0
62.607178 29.721177 1333037586065 101.5
62.607144 29.721148 1333037588066 102.0
62.607112 29.721117 1333037590064 100.0
62.607078 29.721086 1333037592063 98.0
62.607036 29.721042 1333037594063 96.5
62.607003 29.720991 1333037596062 94.5
62.606963 29.720927 1333037598061 93.5
62.606923 29.720868 1333037600065 94.0
62.606892 29.720816 1333037602065 91.5
62.606866 29.720779 1333037604080 91.0
62.60685 29.720749 1333037606060 92.5
62.606821 29.720721 1333037608062 93.0
62.606787 29.720681 1333037610057 94.0
62.606748 29.72062 1333037612060 92.5
62.606717 29.720561 1333037614062 94.0
62.606685 29.72052 1333037616069 96.0
62.606646 29.720457 1333037618059 95.5
62.606613 29.720406 1333037620056 96.0
62.606572 29.720339 1333037622055 93.0
62.606528 29.72028 1333037624054 92.5
62.606504 29.720264 1333037626054 91.5
62.606481 29.720263 1333037628046 89.0
62.606444 29.7202 1333037630061 90.0
62.606413 29.720153 1333037632054 92.0
62.606383 29.720125 1333037634049 92.0
62.606353 29.720099 1333037636047 91.5
62.606311 29.72006 1333037638043 92.0
62.606276 29.720036 1333037640044 93.5
62.606233 29.720024 1333037642047 93.0
62.606199 29.72003 1333037644045 94.0
62.606165 29.720038 1333037646048 96.5
62.606134 29.720044 1333037648046 98.0
62.606109 29.720034 1333037650042 97.0
62.606076 29.72004 1333037652043 98.0
62.606038 29.720037 1333037654043 97.0
62.606002 29.720056 1333037656042 98.5
62.605959 29.720055 1333037658040 98.5
62.605925 29.720065 1333037660040 99.0
62.605886 29.720056 1333037662036 98.0
62.605848 29.720039 1333037664046 96.0
62.605816 29.720043 1333037666056 94.5
62.605777 29.720044 1333037668053 93.0
62.605738 29.720051 1333037670053 94.0
62.605697 29.720058 1333037672040 94.5
62.60565 29.720065 1333037674043 96.0
62.605593 29.720061 1333037676055 97.0
62.605553 29.72006 1333037678040 96.5
62.605495 29.720113 1333037680038 101.5
62.605453 29.720105 1333037682038 101.5
62.605408 29.720117 1333037684036 101.5
62.605363 29.720137 1333037686036 103.5
62.605314 29.720149 1333037688038 106.0
62.605275 29.720152 1333037690037 106.0
62.605238 29.720158 1333037692037 107.5
62.605201 29.720192 1333037694037 108.0
62.605169 29.720197 1333037696045 110.5
62.605141 29.720226 1333037698043 111.5
62.605109 29.720238 1333037700037 112.0
62.605068 29.720277 1333037704038 111.0
62.605046 29.720289 1333037706046 108.5
62.605011 29.720317 1333037708037 109.0
62.60494 29.720424 1333037713031 108.5
62.604915 29.720454 1333037715031 107.0
62.604897 29.720492 1333037717030 106.0
62.604882 29.720556 1333037719029 107.5
62.604864 29.720627 1333037721026 107.5
62.604851 29.720693 1333037723023 107.0
62.604824 29.720765 1333037726043 106.0
62.604796 29.720882 1333037729030 106.5
62.604773 29.720977 1333037732042 105.0
62.604745 29.721112 1333037735025 105.5
62.604738 29.721184 1333037737023 105.0
62.604736 29.72125 1333037739024 103.5
62.604749 29.721291 1333037741025 103.5
62.604742 29.721441 1333037745023 104.5
62.604734 29.721564 1333037747024 109.5
62.604725 29.721649 1333037749020 109.5
62.604716 29.721711 1333037751020 110.0
62.604727 29.721897 1333037755030 109.0
62.604732 29.721977 1333037757022 110.5
62.604736 29.722065 1333037759020 110.0
62.604738 29.722145 1333037761020 109.5
62.60474 29.722232 1333037763018 110.0
62.604741 29.722318 1333037765017 109.5
62.604728 29.7224 1333037767014 109.0
62.604724 29.722476 1333037769019 110.0
62.604718 29.722551 1333037771018 109.5
62.604714 29.722624 1333037773017 108.5
62.604709 29.722702 1333037775020 107.5
62.604701 29.722767 1333037777014 106.0
62.604698 29.722821 1333037779016 105.5
62.604692 29.72287 1333037781015 105.0
62.60469 29.72291 1333037783016 104.5
62.604692 29.722946 1333037785013 103.5
62.604693 29.723 1333037787015 103.0
62.604675 29.723064 1333037789013 105.5
62.604666 29.723121 1333037791011 104.5
62.60466 29.723192 1333037793013 103.0
62.604648 29.723264 1333037795011 101.0
62.604645 29.723347 1333037797013 101.0
62.604628 29.723424 1333037799010 100.5
62.604618 29.723508 1333037801011 100.5
62.604606 29.723592 1333037803027 102.5
62.604594 29.723666 1333037805008 104.0
62.604596 29.723734 1333037807009 103.0
62.604601 29.723807 1333037809011 102.5
62.604606 29.723877 1333037811007 102.0
62.60461 29.723928 1333037813008 101.5
62.604613 29.723972 1333037815011 101.0
62.604612 29.724018 1333037817008 101.0
62.604603 29.724074 1333037819006 102.0
62.604602 29.72411 1333037821010 102.0
62.604602 29.724122 1333037823008 101.5
62.604605 29.724136 1333037825011 101.0
62.604597 29.724161 1333037827005 99.5
62.604594 29.724191 1333037829003 99.0
62.604593 29.72422 1333037831003 98.5
62.604582 29.724269 1333037833005 100.5
62.604577 29.7243 1333037835005 100.5
62.604574 29.724327 1333037837004 100.5
62.604571 29.724357 1333037839004 100.5
62.604572 29.724381 1333037841004 99.0
62.604575 29.724405 1333037843006 97.0
62.604573 29.724438 1333037845003 96.5
62.604571 29.724478 1333037847002 96.5
62.604569 29.724529 1333037849004 96.0
62.604568 29.724589 1333037851003 96.0
62.604568 29.724677 1333037853002 97.0
62.604569 29.724772 1333037855002 98.0
62.604575 29.724849 1333037856988 98.0
62.604573 29.724926 1333037859002 98.0
62.604578 29.725013 1333037860998 98.5
62.604579 29.725095 1333037863015 98.5
62.604581 29.725186 1333037864997 97.5
62.604585 29.725279 1333037866989 98.0
62.604593 29.725388 1333037868994 99.5
62.604598 29.725489 1333037870992 100.5
62.604594 29.725591 1333037872996 100.0
62.604591 29.725686 1333037874993 100.5
62.604591 29.725784 1333037876995 101.5
62.60458 29.725877 1333037878992 100.5
62.604569 29.725957 1333037880997 100.5
62.604553 29.726029 1333037882990 100.5
62.604535 29.726111 1333037884989 100.5
62.604517 29.72619 1333037886990 100.5
62.604499 29.726275 1333037888991 101.0
62.604489 29.726353 1333037890988 100.5
62.604488 29.726426 1333037892988 100.0
62.604485 29.726513 1333037894983 100.0
62.604494 29.726611 1333037896987 101.0
62.604502 29.726691 1333037898984 101.0
62.604482 29.726777 1333037900987 101.0
62.604469 29.726871 1333037902982 100.0
62.604474 29.726964 1333037904985 99.5
62.604466 29.727036 1333037906982 98.5
62.604488 29.727119 1333037908988 99.5
62.604488 29.727192 1333037910983 100.5
62.604489 29.727263 1333037912985 100.5
62.604478 29.727319 1333037914982 100.5
62.604472 29.727372 1333037916984 100.5
62.604465 29.727412 1333037918983 100.5
62.604451 29.727435 1333037920984 101.0
62.604443 29.727485 1333037922999 100.0
62.60444 29.727496 1333037924986 98.5
62.60444 29.727491 1333037926980 96.0
62.604422 29.727528 1333037928981 96.0
62.604399 29.727545 1333037930983 96.0
62.604393 29.727577 1333037932980 94.0
62.604392 29.727655 1333037934980 93.0
62.604375 29.727723 1333037936978 92.5
62.604364 29.727829 1333037938977 93.5
62.60434 29.727926 1333037940979 96.0
62.604348 29.727997 1333037942976 95.5
62.604357 29.728114 1333037944977 95.5
62.604354 29.728212 1333037946975 95.5
62.604353 29.72828 1333037948984 94.0
62.604358 29.728376 1333037950974 92.0
62.604351 29.728443 1333037952973 91.0
62.604345 29.728524 1333037954975 91.5
62.60433 29.728527 1333037956976 91.5
62.604331 29.728579 1333037958972 90.5
62.60433 29.728633 1333037960974 89.5
62.604315 29.728765 1333037962975 93.0
62.604301 29.728882 1333037964974 95.5
62.60429 29.728979 1333037966973 98.0
62.604306 29.729083 1333037968973 100.5
62.604281 29.72917 1333037970969 103.0
62.604289 29.729252 1333037972968 102.5
62.60429 29.729336 1333037974967 102.0
62.60428 29.729443 1333037976966 102.0
62.604285 29.729541 1333037978965 100.5
62.604259 29.729638 1333037980961 97.5
62.604256 29.72973 1333037982976 95.5
62.60425 29.729832 1333037984965 96.0
62.604287 29.72991 1333037986961 93.0
62.604302 29.730011 1333037988964 94.0
62.604296 29.730111 1333037990960 94.5
62.60428 29.73019 1333037992955 94.5
62.604276 29.730241 1333037994960 92.5
62.604268 29.730324 1333037996959 92.5
62.604262 29.730395 1333037998960 93.5
62.604274 29.730492 1333038000957 94.5
62.604248 29.730565 1333038002956 95.0
62.604247 29.730632 1333038004953 95.0
62.604234 29.730692 1333038006958 96.0
62.604232 29.730767 1333038008956 97.5
62.60423 29.730848 1333038010953 99.0
62.604226 29.730902 1333038012952 97.0
62.604261 29.730978 1333038014954 96.0
62.604297 29.731043 1333038016949 95.0
62.604294 29.731119 1333038018953 95.0
62.604274 29.731176 1333038020948 95.5
62.604213 29.731284 1333038022951 99.0
62.604185 29.731383 1333038024947 101.0
62.604192 29.73145 1333038026948 98.5
62.604181 29.731545 1333038028964 96.0
62.604173 29.731643 1333038030955 97.0
62.604159 29.731697 1333038032951 98.0
62.604169 29.731794 1333038034962 93.0
62.604171 29.731869 1333038036965 91.0
62.604149 29.731984 1333038038973 90.5
62.604133 29.732058 1333038040952 90.0
62.604178 29.73212 1333038042959 88.0
62.604191 29.732176 1333038044945 86.0
62.60419 29.732242 1333038046943 85.0
62.604183 29.732337 1333038048944 86.0
62.604149 29.732441 1333038050943 85.5
62.604137 29.732548 1333038052939 86.5
62.604131 29.732623 1333038054940 85.5
62.604103 29.732694 1333038056938 86.5
62.604105 29.732751 1333038058941 85.5
62.603993 29.732912 1333038060951 97.5
62.603939 29.733072 1333038062938 104.0
62.603925 29.733154 1333038064936 104.0
62.603928 29.733256 1333038066938 103.0
62.60393 29.733345 1333038068937 102.0
62.603933 29.733429 1333038070937 101.0
62.603977 29.733523 1333038072938 102.0
62.603954 29.733611 1333038074936 101.5
62.603943 29.733697 1333038076934 103.0
62.603958 29.733767 1333038078934 100.5
62.603978 29.73385 1333038080932 98.0
62.60398 29.733899 1333038082936 95.5
62.603988 29.733915 1333038084926 89.5
62.603994 29.733972 1333038086943 88.5
62.603981 29.734067 1333038088944 89.5
62.603982 29.734129 1333038090930 87.0
62.603962 29.734267 1333038092943 90.0
62.603932 29.734349 1333038094939 91.0
62.603937 29.734396 1333038096932 89.0
62.603923 29.73445 1333038098930 87.0
62.603924 29.73451 1333038100933 85.0
62.603932 29.734564 1333038102942 83.0
62.603926 29.734669 1333038104926 84.0
62.603926 29.734764 1333038106928 84.5
62.603902 29.734851 1333038108927 86.0
62.603916 29.734945 1333038110925 86.0
62.603869 29.735101 1333038112920 91.5
62.603856 29.735239 1333038114921 93.5
62.603851 29.735303 1333038116934 92.5
62.603856 29.735376 1333038118937 92.0
62.603858 29.735462 1333038120923 92.0
62.603863 29.735528 1333038122922 92.0
62.603825 29.735643 1333038124920 94.5
62.603803 29.735735 1333038126929 95.0
62.603786 29.73585 1333038128924 98.0
62.603722 29.736011 1333038130920 105.5
62.60372 29.736106 1333038132916 107.5
62.603724 29.736205 1333038134918 107.5
62.603704 29.736302 1333038136914 109.0
62.603706 29.736348 1333038138915 105.0
62.603691 29.736419 1333038140914 102.0
62.603694 29.736455 1333038142917 100.0
62.603708 29.736486 1333038144915 97.0
62.603691 29.736567 1333038146912 96.5
62.60369 29.736626 1333038148910 96.5
62.603672 29.736697 1333038150913 96.5
62.603668 29.736781 1333038152914 99.0
62.603662 29.736854 1333038154911 101.5
62.603663 29.736902 1333038156925 102.0
62.603668 29.736957 1333038158911 103.5
62.603715 29.736968 1333038160912 106.0
62.603734 29.737003 1333038162921 106.0
62.603757 29.73703 1333038164910 106.5
62.603782 29.737053 1333038166907 107.0
62.603807 29.73706 1333038168910 107.0
62.603846 29.737104 1333038170903 107.5
62.603887 29.737109 1333038172905 108.5
62.60394 29.7371 1333038174903 106.5
62.603989 29.737118 1333038176904 105.0
62.604006 29.737058 1333038178904 101.5
62.604022 29.737036 1333038180892 98.5
62.604032 29.736995 1333038182903 96.5
62.60405 29.736971 1333038184901 96.5
62.604045 29.736948 1333038186916 95.0
62.604046 29.736953 1333038188904 95.0
62.604045 29.736958 1333038190899 95.5
62.604044 29.736965 1333038192905 95.5
62.60405 29.736987 1333038194894 97.0
62.604054 29.736996 1333038196898 98.5
62.604062 29.737003 1333038198887 99.0
62.60407 29.737008 1333038200902 98.5
62.604081 29.737002 1333038202898 99.5
62.604105 29.736987 1333038204902 103.0
62.604132 29.736978 1333038206895 103.5
62.604168 29.736984 1333038208896 104.5
62.604189 29.736987 1333038210898 103.0
62.604219 29.736984 1333038212897 105.0
62.604229 29.736975 1333038214916 105.0
62.604259 29.736962 1333038216910 104.5
62.604268 29.736946 1333038218892 102.5
62.604284 29.73694 1333038220892 101.5
62.604289 29.736891 1333038222904 102.0
62.604311 29.736887 1333038224888 103.0
62.604331 29.736871 1333038226894 103.0
62.60436 29.736861 1333038228890 106.0
62.604367 29.736851 1333038230891 103.0
62.604398 29.736837 1333038232887 106.0
62.604403 29.736806 1333038234888 103.5
62.604421 29.736784 1333038236883 103.0
62.604452 29.736774 1333038238904 104.5
62.604479 29.736739 1333038240902 107.0
62.604486 29.73674 1333038242893 107.5
62.604497 29.736736 1333038244898 107.0
62.604521 29.736729 1333038246902 108.5
62.604535 29.736738 1333038248896 111.0
62.604534 29.736732 1333038250886 110.0
62.60453 29.736728 1333038252883 108.5
62.604546 29.73673 1333038254886 110.0
62.604556 29.736724 1333038256886 108.5
62.604575 29.736714 1333038258885 107.5
62.604596 29.736711 1333038260883 107.0
62.604616 29.736697 1333038262885 106.0
62.604646 29.736699 1333038264882 107.5
62.604664 29.736677 1333038266883 105.0
62.604688 29.736651 1333038268892 103.0
62.604716 29.736639 1333038270885 103.5
62.604743 29.736629 1333038272885 103.0
62.604779 29.736606 1333038274894 104.5
62.604812 29.736607 1333038276890 107.0
62.604833 29.736607 1333038278876 108.0
62.604848 29.736585 1333038280877 107.5
62.604854 29.736576 1333038282890 105.5
62.60487 29.736567 1333038284877 105.5
62.60489 29.736561 1333038286877 106.5
62.604918 29.736543 1333038288879 110.0
62.604948 29.736534 1333038290876 114.5
62.604966 29.736516 1333038292875 114.0
62.604992 29.73651 1333038294873 116.5
62.605006 29.736489 1333038296869 116.0
62.605019 29.736475 1333038298871 116.5
62.605019 29.736474 1333038300872 116.5
62.605033 29.736493 1333038302871 117.0
62.60502 29.736457 1333038304864 118.0
62.60502 29.736449 1333038306870 118.0
62.605017 29.736443 1333038308864 117.0
62.605031 29.736436 1333038310866 117.5
62.605044 29.736464 1333038312869 117.5
62.605055 29.736469 1333038314868 119.0
62.605056 29.736472 1333038316865 119.0
62.605049 29.736474 1333038318867 116.0
62.60505 29.736481 1333038320867 117.5
62.605052 29.736478 1333038322864 118.5
62.605053 29.736475 1333038324863 119.0
62.605053 29.736477 1333038326863 119.0
62.605061 29.736459 1333038328859 119.0
62.605062 29.736444 1333038330874 115.5
62.605059 29.736442 1333038332872 114.5
62.605059 29.736437 1333038334873 114.0
62.605062 29.736431 1333038336868 114.0
62.605063 29.73643 1333038338862 114.0
62.605067 29.736428 1333038340858 114.5
62.605066 29.736428 1333038342873 115.0
62.605066 29.736418 1333038344855 114.5
62.605079 29.736385 1333038346853 115.0
62.605105 29.73635 1333038348869 115.0
62.60513 29.736275 1333038350860 113.5
62.605179 29.736179 1333038352856 112.0
62.605206 29.736107 1333038354856 109.5
62.605263 29.736049 1333038356853 109.0
62.605296 29.735975 1333038358843 106.5
62.605323 29.735848 1333038360844 106.5
62.605352 29.735861 1333038362844 108.0
62.605394 29.73585 1333038364840 108.0
62.605437 29.735857 1333038366852 107.5
62.605473 29.735817 1333038368853 107.5
62.605505 29.735762 1333038370849 106.0
62.605507 29.735721 1333038372851 104.0
62.605555 29.735672 1333038374851 103.0
62.605619 29.735628 1333038376848 104.5
62.605675 29.735611 1333038378856 104.5
62.605721 29.735565 1333038380841 104.0
62.605779 29.735514 1333038382837 104.5
62.605826 29.735472 1333038384847 102.5
62.605871 29.735409 1333038386844 102.5
62.605914 29.735327 1333038388832 101.0
62.605949 29.735236 1333038390841 97.0
62.605977 29.735138 1333038392840 98.0
62.60602 29.735101 1333038394842 98.5
62.606066 29.73506 1333038396839 96.5
62.606117 29.73503 1333038398838 95.5
62.606178 29.735036 1333038400840 95.5
62.606207 29.734966 1333038402841 91.0
62.606228 29.734916 1333038404838 89.5
62.606268 29.734904 1333038406842 91.0
62.606308 29.73487 1333038408825 90.5
62.606338 29.734848 1333038410839 88.0
62.60639 29.734863 1333038412840 87.0
62.606442 29.734824 1333038414834 89.0
62.606479 29.734797 1333038416838 88.5
62.60652 29.734811 1333038418835 88.5
62.606567 29.734777 1333038420840 90.0
62.606596 29.734693 1333038422837 89.5
62.606632 29.734713 1333038424838 87.5
62.606669 29.734704 1333038426844 86.5
62.606692 29.73463 1333038428856 85.0
62.606707 29.734566 1333038430836 83.0
62.606709 29.734538 1333038432833 83.0
62.606693 29.734433 1333038434837 81.5
62.606736 29.734458 1333038436828 83.0
62.606774 29.734478 1333038438851 85.0
62.606804 29.734472 1333038440846 87.5
62.606835 29.734429 1333038442830 86.5
62.606852 29.734422 1333038444830 87.5
62.606856 29.734402 1333038446831 87.0
62.606866 29.73439 1333038448827 89.0
62.606862 29.73437 1333038450821 88.0
62.606862 29.734366 1333038452837 87.5
62.606876 29.734355 1333038454841 89.5
62.606874 29.734342 1333038456842 88.5
62.606871 29.734337 1333038458836 87.0
62.606873 29.734337 1333038460824 86.0
62.606875 29.734335 1333038462830 85.0
62.606875 29.734334 1333038464819 84.5
62.606875 29.734334 1333038466823 84.5
62.606871 29.734326 1333038468817 84.0
62.606869 29.73432 1333038470830 84.0
62.606865 29.734291 1333038472837 84.0
62.606855 29.734287 1333038474819 82.5
62.60687 29.734274 1333038476818 84.0
62.606885 29.734231 1333038478820 86.5
62.606899 29.734208 1333038480818 88.5
62.606904 29.734202 1333038482835 89.5
62.606913 29.734191 1333038484817 90.5
62.606909 29.734165 1333038486827 91.0
62.606897 29.73413 1333038488820 90.5
62.6069 29.734121 1333038490812 91.0
62.606912 29.734108 1333038492815 91.5
62.606919 29.734095 1333038494811 91.5
62.606922 29.734082 1333038496807 91.0
62.606927 29.734072 1333038498803 90.5
62.606936 29.734061 1333038500803 90.5
62.606941 29.734059 1333038502815 90.5
62.606946 29.734059 1333038504812 90.5
62.606951 29.734058 1333038506809 91.0
62.606956 29.734055 1333038508807 91.0
62.60696 29.734054 1333038510806 90.5
62.606962 29.734051 1333038512808 90.5
62.606974 29.734064 1333038514819 91.5
62.606975 29.734063 1333038516821 91.5
62.606978 29.734062 1333038518813 91.5
62.60698 29.73406 1333038520807 91.5
62.606981 29.734056 1333038522815 91.5
62.606982 29.734055 1333038524801 92.0
62.606978 29.734044 1333038526803 91.5
62.606974 29.734049 1333038528814 91.0
62.606968 29.734065 1333038530824 90.0
62.606968 29.734088 1333038532815 90.0
62.606968 29.734125 1333038534817 89.0
62.606968 29.734131 1333038536797 88.5
62.606971 29.734148 1333038538804 88.0
62.606983 29.734109 1333038540799 90.5
62.606974 29.734143 1333038542795 88.0
62.606976 29.734138 1333038544815 88.5
62.606976 29.734145 1333038546818 88.5
62.606978 29.734149 1333038548806 88.5
62.606979 29.734154 1333038550794 88.5
62.606987 29.734153 1333038552799 89.5
62.606992 29.73415 1333038554801 90.5
62.607006 29.734139 1333038556797 92.5
62.607001 29.734112 1333038558813 93.5
62.606996 29.734107 1333038560810 93.5
62.60698 29.734118 1333038562798 94.0
62.60698 29.734117 1333038564806 94.0
62.606986 29.734115 1333038566795 94.5
62.606972 29.734123 1333038568795 93.0
62.607005 29.734116 1333038570796 96.5
62.607035 29.734117 1333038572794 99.5
62.607064 29.734111 1333038574809 101.0
62.607071 29.734104 1333038576791 100.0
62.607069 29.734105 1333038578792 101.0
62.607068 29.73412 1333038580792 101.5
62.607076 29.734134 1333038582806 102.5
62.607097 29.734126 1333038584790 105.5
62.60711 29.734149 1333038586793 107.5
62.60712 29.734153 1333038588791 109.0
62.607153 29.734147 1333038590790 114.5
62.607196 29.734147 1333038592806 120.0
62.607237 29.734122 1333038594789 123.5
62.607275 29.734092 1333038596793 124.5
62.607319 29.734078 1333038598788 124.0
62.607364 29.734051 1333038600789 124.0
62.607425 29.734065 1333038602790 123.5
62.607444 29.734092 1333038604789 123.0
62.607491 29.734086 1333038606787 120.5
62.607525 29.734068 1333038608796 120.5
62.60756 29.733995 1333038610783 118.0
62.607612 29.733946 1333038612782 114.5
62.607665 29.733903 1333038614786 112.0
62.60772 29.733839 1333038616780 109.5
62.607774 29.733803 1333038618778 112.0
62.60784 29.733801 1333038620773 111.0
62.607889 29.733736 1333038622778 109.0
62.607935 29.73367 1333038624777 108.0
62.607974 29.733578 1333038626782 108.0
62.608022 29.733505 1333038628779 107.0
62.608082 29.733498 1333038630781 104.5
62.608112 29.733413 1333038632777 104.5
62.608207 29.733507 1333038634777 103.5
62.608253 29.733484 1333038636764 103.5
62.608297 29.733448 1333038638770 101.5
62.608315 29.73335 1333038640772 99.0
62.608331 29.733236 1333038642783 99.0
62.60836 29.733141 1333038644773 98.0
62.608342 29.732985 1333038646766 97.5
62.608353 29.732922 1333038648770 96.0
62.608361 29.732843 1333038650767 95.0
62.608361 29.732798 1333038652769 94.0
62.608337 29.732703 1333038654767 91.0
62.608305 29.732605 1333038656767 89.5
62.608299 29.732534 1333038658765 91.5
62.608288 29.732472 1333038660768 94.0
62.608261 29.732398 1333038662766 96.0
62.608249 29.732359 1333038664764 97.5
62.608218 29.732294 1333038666766 95.5
62.608176 29.732222 1333038668763 95.5
62.608152 29.73215 1333038670761 95.5
62.608117 29.732079 1333038672762 94.5
62.608087 29.732016 1333038674762 94.0
62.608056 29.731949 1333038676763 94.0
62.608031 29.731882 1333038678761 93.5
62.60802 29.731835 1333038680775 92.5
62.608009 29.731786 1333038682768 93.0
62.607996 29.731747 1333038684757 92.5
62.607981 29.731694 1333038686776 92.5
62.607962 29.731634 1333038688761 91.0
62.607937 29.731583 1333038690758 91.0
62.607907 29.731531 1333038692761 90.0
62.607882 29.731466 1333038694760 88.5
62.60786 29.731411 1333038696751 87.0
62.60783 29.731347 1333038698756 87.5
62.607779 29.73128 1333038700757 92.5
62.607752 29.731225 1333038702762 92.0
62.607734 29.731148 1333038704758 92.5
62.607718 29.731143 1333038706751 92.5
62.607685 29.731082 1333038708748 92.5
62.607652 29.731016 1333038710750 92.0
62.607619 29.730958 1333038712746 90.0
62.607585 29.730899 1333038714748 88.5
62.607559 29.73084 1333038716744 88.5
62.607529 29.730776 1333038718747 89.5
62.607499 29.730696 1333038720740 93.0
62.607465 29.730634 1333038722742 94.5
62.607473 29.730576 1333038724743 96.5
62.607453 29.730517 1333038726746 97.0
62.607431 29.73046 1333038728743 100.5
62.607376 29.730359 1333038730744 111.5
62.607347 29.730309 1333038732742 112.0
62.607334 29.730297 1333038734742 112.5
62.607288 29.730205 1333038736745 114.0
62.60727 29.730116 1333038738751 115.5
62.607237 29.730039 1333038740734 114.0
62.607215 29.729987 1333038742742 111.5
62.607194 29.72995 1333038744751 110.5
62.607151 29.729908 1333038746752 108.5
62.607109 29.729875 1333038748735 107.5
62.607054 29.729844 1333038750733 101.5
62.607025 29.729854 1333038752733 101.0
62.606997 29.72984 1333038754731 101.0
62.606952 29.72982 1333038756735 99.5
62.606907 29.729775 1333038758738 95.0
62.606861 29.729717 1333038760744 93.5
62.606805 29.729658 1333038762746 90.0
62.606748 29.729635 1333038764734 96.0
62.60671 29.729628 1333038766731 95.5
62.606669 29.729592 1333038768734 95.5
62.60663 29.729566 1333038770733 96.5
62.606585 29.729526 1333038772732 99.0
62.606545 29.729482 1333038774731 98.0
62.606494 29.729418 1333038776732 97.5
62.606455 29.729371 1333038778729 97.5
62.606413 29.729327 1333038780730 97.5
62.606364 29.72928 1333038782726 101.0
62.60631 29.729222 1333038784727 105.0
62.606266 29.72917 1333038786724 105.5
62.606221 29.729117 1333038788727 108.0
62.606178 29.729054 1333038790729 106.0
62.60614 29.729015 1333038792723 105.5
62.606093 29.728961 1333038794724 107.5
62.606056 29.728911 1333038796726 106.5
62.60602 29.728849 1333038798723 103.5
62.605987 29.728807 1333038800719 102.5
62.605954 29.72876 1333038802727 101.5
62.605909 29.728699 1333038804721 102.5
62.605876 29.728664 1333038806724 101.5
62.605837 29.728623 1333038808720 102.0
62.605803 29.728605 1333038810721 100.0
62.605759 29.728583 1333038812722 101.0
62.605727 29.728558 1333038814717 102.0
62.60569 29.72853 1333038816714 102.5
62.605659 29.728496 1333038818716 102.0
62.605624 29.728445 1333038820716 102.5
62.605588 29.728403 1333038822727 100.5
62.605554 29.728351 1333038824709 99.0
62.605514 29.728297 1333038826710 98.5
62.605466 29.728248 1333038828713 101.0
62.605419 29.728199 1333038830707 101.5
62.605372 29.72815 1333038832707 100.0
62.605324 29.728099 1333038834707 102.0
62.605286 29.728065 1333038836708 101.0
62.605251 29.72803 1333038838722 101.0
62.605205 29.727996 1333038840728 101.5
62.605158 29.727964 1333038842700 103.5
62.605132 29.727944 1333038844702 103.0
62.605099 29.72792 1333038846702 102.0
62.60506 29.727893 1333038848706 102.0
62.605008 29.727897 1333038850707 103.0
62.60497 29.727873 1333038852702 103.0
62.604941 29.727824 1333038854705 100.5
62.604898 29.727818 1333038856704 101.0
62.604873 29.727807 1333038858700 99.5
62.604831 29.727826 1333038860695 100.0
62.604795 29.727832 1333038862695 98.5
62.604749 29.727847 1333038864696 99.0
62.604717 29.727855 1333038866697 97.0
62.604674 29.727838 1333038868694 98.5
62.604639 29.727816 1333038870697 99.0
62.604612 29.727831 1333038872696 101.5
62.604592 29.727846 1333038874693 100.5
62.604572 29.727852 1333038876694 100.0
62.604549 29.727878 1333038878693 99.0
62.604525 29.727922 1333038880692 97.0
62.604488 29.727983 1333038882700 100.5
62.604462 29.727994 1333038884690 102.0
62.604434 29.728018 1333038886695 103.5
62.604409 29.72806 1333038888705 103.5
62.604384 29.728093 1333038890680 103.0
62.604384 29.728177 1333038892708 102.0
62.604373 29.728282 1333038894700 102.0
62.604375 29.72837 1333038896684 101.0
62.604385 29.728462 1333038898688 99.5
62.604372 29.728514 1333038900700 100.5
62.60437 29.728594 1333038902705 100.5
62.604359 29.72865 1333038904687 101.0
62.604337 29.728707 1333038906682 104.0
62.604326 29.728743 1333038908683 103.5
62.604309 29.728794 1333038910683 105.5
62.604294 29.728874 1333038912681 107.0
62.6043 29.728949 1333038914688 110.0
62.604289 29.729037 1333038916701 112.5
62.604282 29.729126 1333038918678 112.5
62.604252 29.729208 1333038920698 113.5
62.604243 29.729307 1333038922696 114.0
62.604233 29.729393 1333038924678 114.5
62.604228 29.729494 1333038926683 117.0
62.604215 29.729616 1333038928687 118.0
62.604201 29.729723 1333038930690 120.5
62.604189 29.729822 1333038932671 121.0
62.60418 29.729913 1333038934678 122.5
62.604181 29.729979 1333038936676 122.0
62.604183 29.73006 1333038938678 120.5
62.604184 29.730129 1333038940675 120.5
62.604184 29.730224 1333038942686 119.5
62.604191 29.730325 1333038944673 118.0
62.604206 29.730417 1333038946672 115.5
62.6042 29.730478 1333038948669 114.5
62.604196 29.730585 1333038950689 111.5
62.604203 29.730706 1333038952669 109.0
62.604213 29.730792 1333038954686 107.5
62.604213 29.730873 1333038956685 106.0
62.604194 29.730936 1333038958673 107.5
62.604186 29.730985 1333038960669 108.0
62.60414 29.731034 1333038962666 109.0
62.604139 29.731082 1333038964670 107.5
62.604123 29.731152 1333038966668 107.5
62.604097 29.731239 1333038968670 107.5
62.604071 29.731332 1333038970665 108.0
62.604061 29.7314 1333038972664 107.0
62.604045 29.73151 1333038974671 107.5
62.604058 29.731591 1333038976666 104.0
62.604054 29.731692 1333038978663 104.0
62.604049 29.731792 1333038980663 104.0
62.604031 29.731847 1333038982664 105.5
62.604044 29.731961 1333038984667 102.5
62.604032 29.73202 1333038986664 102.0
62.604028 29.732085 1333038988660 101.0
62.604035 29.732157 1333038990657 99.0
62.604041 29.732234 1333038992659 97.0
62.604053 29.73231 1333038994656 97.0
62.604078 29.73242 1333038996662 95.0
62.604073 29.732529 1333038998659 96.5
62.604059 29.732631 1333039000658 98.0
62.604059 29.732725 1333039002668 96.5
62.604037 29.732825 1333039004655 101.5
62.60402 29.732944 1333039006654 103.5
62.604028 29.733028 1333039008654 100.0
62.604041 29.733092 1333039010653 95.5
62.604071 29.733171 1333039012654 92.5
62.604071 29.733272 1333039014650 90.5
62.604074 29.73337 1333039016650 88.5
62.604069 29.733482 1333039018658 90.5
62.60406 29.733606 1333039020652 92.5
62.604047 29.733737 1333039022651 94.5
62.60404 29.733805 1333039024651 94.5
62.604038 29.733889 1333039026652 94.0
62.604029 29.733952 1333039028649 94.0
62.604021 29.734028 1333039030646 94.0
62.604017 29.734106 1333039032646 93.5
62.603977 29.734187 1333039034647 96.0
62.603984 29.734262 1333039036649 94.5
62.60399 29.734336 1333039038646 92.0
62.60399 29.734434 1333039040642 91.5
62.603982 29.734511 1333039042638 92.0
62.603976 29.734549 1333039044644 89.0
62.603948 29.734622 1333039046660 89.5
62.603934 29.734688 1333039048653 89.5
62.603918 29.734747 1333039050644 88.0
62.603907 29.734813 1333039052639 87.0
62.603889 29.734896 1333039054642 88.5
62.603891 29.734999 1333039056642 87.5
62.603892 29.735084 1333039058641 88.0
62.603894 29.73518 1333039060640 89.0
62.603891 29.73524 1333039062653 88.0
62.603862 29.735336 1333039064639 90.5
62.603842 29.735402 1333039066636 91.5
62.603819 29.735455 1333039068640 91.0
62.60381 29.735498 1333039070636 89.5
62.603794 29.735588 1333039072651 90.0
62.603764 29.735692 1333039074655 91.5
62.603715 29.73589 1333039076636 100.5
62.6037 29.736004 1333039078638 102.5
62.603701 29.73609 1333039080638 100.5
62.603695 29.736193 1333039082638 100.5
62.603676 29.736251 1333039084637 100.5
62.603659 29.736351 1333039086635 102.0
62.60364 29.736442 1333039088635 103.5
62.603626 29.73651 1333039090634 104.0
62.603622 29.736577 1333039092633 105.0
62.603603 29.736645 1333039094633 106.5
62.603598 29.73672 1333039096635 107.0
62.6036 29.736763 1333039098647 105.0
62.603628 29.736954 1333039100651 103.5
62.603647 29.737041 1333039102631 106.5
62.603651 29.737064 1333039104632 106.5
62.603659 29.737109 1333039106638 105.5
62.60366 29.737178 1333039108632 106.0
62.603654 29.737229 1333039110626 104.5
62.603672 29.737268 1333039112636 103.5
62.60368 29.737297 1333039114639 101.5
62.603687 29.737325 1333039116624 100.5
62.603723 29.737333 1333039118619 101.5
62.603753 29.737311 1333039120622 101.5
62.603766 29.737245 1333039122635 100.5
62.603798 29.737235 1333039124622 101.0
62.603826 29.737194 1333039126619 100.5
62.603844 29.737175 1333039128637 100.5
62.603868 29.737162 1333039130630 99.5
62.603907 29.73713 1333039132622 99.5
62.603936 29.737111 1333039134635 96.5
62.603967 29.737078 1333039136621 96.0
62.604001 29.737049 1333039138618 95.0
62.604044 29.737009 1333039140624 94.5
62.604076 29.736995 1333039142635 94.5
62.604115 29.736945 1333039144620 93.5
62.604149 29.736936 1333039146623 92.0
62.604207 29.736894 1333039148624 94.0
62.604239 29.73686 1333039150615 91.0
62.604271 29.736836 1333039152616 90.0
62.604316 29.736837 1333039154615 93.5
62.604359 29.736817 1333039156621 94.5
62.604385 29.736794 1333039158632 92.0
62.604423 29.73676 1333039160611 89.5
62.604474 29.736769 1333039162613 92.0
62.604517 29.736749 1333039164617 94.5
62.604556 29.736687 1333039166626 87.0
62.604597 29.736667 1333039168611 87.0
62.604649 29.736657 1333039170611 88.5
62.604698 29.736648 1333039172610 91.5
62.604757 29.736673 1333039174613 97.5
62.604807 29.736673 1333039176609 101.5
62.60485 29.736632 1333039178614 103.5
62.60489 29.736604 1333039180596 104.5
62.604911 29.736548 1333039182623 101.0
62.604929 29.736473 1333039184604 97.5
62.604957 29.736423 1333039186609 96.0
62.604995 29.736381 1333039188618 97.5
62.605038 29.73636 1333039190601 98.5
62.605061 29.736319 1333039192619 97.0
62.605107 29.736282 1333039194619 99.0
62.605137 29.736218 1333039196601 97.5
62.605175 29.73617 1333039198605 99.0
62.605211 29.736131 1333039200613 99.0
62.605243 29.736056 1333039202617 99.0
62.605293 29.735976 1333039204602 99.5
62.605327 29.735925 1333039206603 100.0
62.605359 29.735901 1333039208626 100.0
62.60539 29.735865 1333039210603 99.5
62.605426 29.735812 1333039212600 98.5
62.605471 29.735771 1333039214600 97.5
62.605504 29.735714 1333039216597 97.0
62.605561 29.7357 1333039218588 97.0
62.605604 29.735636 1333039220596 99.0
62.60567 29.735619 1333039222613 100.0
62.605699 29.735534 1333039224614 101.5
62.605747 29.735462 1333039226594 102.0
62.605818 29.735477 1333039228595 104.5
62.605872 29.735469 1333039230582 105.5
62.60592 29.735423 1333039232586 107.5
62.605964 29.735427 1333039234594 107.5
62.606005 29.73543 1333039236597 106.5
62.60604 29.735436 1333039238600 106.5
62.606077 29.735458 1333039240595 108.0
62.606111 29.735385 1333039242606 109.0
62.606139 29.73529 1333039244589 106.0
62.606212 29.735289 1333039246589 108.0
62.606269 29.735309 1333039248589 107.0
62.606316 29.73529 1333039250592 105.5
62.606336 29.735242 1333039252591 104.0
62.606394 29.735227 1333039254604 103.0
62.606411 29.735167 1333039256599 99.5
62.606447 29.735154 1333039258587 97.5
62.606494 29.735111 1333039260586 99.0
62.606535 29.735098 1333039262596 101.5
62.606562 29.735032 1333039264601 97.5
62.606585 29.734965 1333039266584 95.0
62.60661 29.73494 1333039268585 95.0
62.606639 29.734864 1333039270586 95.0
62.606686 29.734815 1333039272585 95.5
62.606715 29.734808 1333039274585 95.0
62.606771 29.734821 1333039276586 96.0
62.606846 29.734819 1333039278582 101.0
62.606859 29.734796 1333039280580 98.0
62.606911 29.734736 1333039282582 100.5
62.606954 29.734597 1333039284580 102.0
62.606982 29.734502 1333039286590 101.5
62.606991 29.734435 1333039288593 96.5
62.607022 29.734382 1333039290577 95.0
62.607052 29.734331 1333039292582 93.5
62.607076 29.734279 1333039294589 90.0
62.607088 29.734219 1333039296590 88.5
62.607117 29.734151 1333039298573 86.5
62.607139 29.734115 1333039300580 82.0
62.607163 29.734086 1333039302590 80.0
62.60718 29.734068 1333039304580 77.5
62.607226 29.734049 1333039306575 77.5
62.607272 29.734025 1333039308574 77.5
62.607328 29.734014 1333039310573 80.5
62.607407 29.734003 1333039312575 86.0
62.607426 29.733958 1333039314572 85.0
62.607428 29.733878 1333039316579 84.5
62.607504 29.733833 1333039318586 84.0
62.607551 29.733822 1333039320584 84.0
62.607582 29.733777 1333039322568 84.0
62.607646 29.733722 1333039324571 89.0
62.607696 29.73363 1333039326584 92.0
62.607755 29.73364 1333039328572 94.5
62.607775 29.733545 1333039330567 95.0
62.607826 29.733504 1333039332566 99.5
62.607888 29.733506 1333039334566 104.5
62.607924 29.73346 1333039336566 105.0
62.607939 29.733427 1333039338564 105.5
62.607968 29.733401 1333039340564 105.0
62.608048 29.733361 1333039342562 110.0
62.608086 29.733303 1333039344566 109.5
62.608179 29.733233 1333039346572 115.0
62.608217 29.733116 1333039348562 116.0
62.608255 29.733023 1333039350563 115.0
62.608293 29.732951 1333039352583 115.5
62.608329 29.7328 1333039354574 118.5
62.608357 29.732687 1333039356559 119.0
62.608368 29.732599 1333039358559 117.0
62.608385 29.732529 1333039360558 116.0
62.608424 29.732522 1333039362574 114.5
62.608453 29.732492 1333039364557 114.0
62.60849 29.732481 1333039366555 114.5
62.608545 29.732502 1333039368559 115.0
62.608563 29.732485 1333039370553 114.0
62.608599 29.732454 1333039372551 113.0
62.608636 29.732419 1333039374556 114.0
62.608674 29.732426 1333039376568 114.0
62.608708 29.732404 1333039378556 113.0
62.608744 29.732366 1333039380551 110.5
62.608763 29.732311 1333039382550 109.0
62.608782 29.732266 1333039384548 108.0
62.608804 29.732225 1333039386550 106.5
62.608877 29.732244 1333039388571 108.0
62.608926 29.732241 1333039390549 109.0
62.608966 29.732237 1333039392547 110.5
62.608989 29.732215 1333039394549 111.0
62.609026 29.732211 1333039396545 111.5
62.609061 29.732207 1333039398546 110.5
62.609102 29.732197 1333039400546 113.0
62.609152 29.73219 1333039402545 116.5
62.609202 29.732133 1333039404544 114.5
62.609241 29.732114 1333039406541 114.0
62.609291 29.732087 1333039408554 114.0
62.609334 29.732056 1333039410543 114.5
62.609387 29.732021 1333039412542 113.0
62.609426 29.731969 1333039414541 110.5
62.609461 29.731986 1333039416540 110.5
62.609501 29.731928 1333039418549 111.0
62.609506 29.73186 1333039420538 110.5
62.609492 29.731723 1333039422552 108.0
62.609509 29.731679 1333039424537 107.5
62.609518 29.731604 1333039426535 105.5
62.609547 29.731564 1333039428536 104.5
62.60957 29.731495 1333039430535 102.0
62.609598 29.731466 1333039432534 100.5
62.609634 29.731463 1333039434548 100.5
62.609663 29.73142 1333039436535 99.5
62.609711 29.731376 1333039438535 98.5
62.609752 29.731303 1333039440536 97.5
62.609797 29.73122 1333039442533 99.5
62.609821 29.731187 1333039444535 101.5
62.609851 29.7311 1333039446531 101.5
62.60988 29.730981 1333039448531 101.5
62.609903 29.730908 1333039450537 101.0
62.609934 29.730854 1333039452533 99.0
62.609959 29.730799 1333039454532 97.5
62.609997 29.730773 1333039456530 98.0
62.610051 29.730707 1333039458528 98.5
62.61008 29.730645 1333039460525 97.5
62.61012 29.73059 1333039462530 97.0
62.610164 29.730536 1333039464533 98.0
62.610185 29.730465 1333039466543 97.0
62.610196 29.730404 1333039468545 95.0
62.610228 29.73035 1333039470527 95.5
62.610256 29.730308 1333039472526 95.5
62.610276 29.730263 1333039474538 96.0
62.610289 29.730247 1333039476533 95.0
62.610306 29.730246 1333039478522 95.0
62.610311 29.730247 1333039480529 93.0
62.610317 29.730254 1333039482537 92.0
62.610329 29.730274 1333039484522 92.5
62.610337 29.730297 1333039486524 91.0
62.610352 29.730319 1333039488528 91.5
62.610361 29.730346 1333039490521 92.0
62.610371 29.730387 1333039492519 92.0
62.61039 29.730424 1333039494515 92.5
62.61041 29.730466 1333039496521 94.0
62.610426 29.730491 1333039498531 94.5
62.610446 29.73053 1333039500533 95.0
62.610471 29.730569 1333039502521 96.0
62.610499 29.730595 1333039504533 97.0
62.610524 29.730637 1333039506517 97.0
62.610541 29.730675 1333039508533 96.5
62.610557 29.73072 1333039510514 95.5
62.610582 29.730769 1333039512516 94.5
62.610614 29.730829 1333039514521 94.5
62.610644 29.730884 1333039516518 94.5
62.610684 29.73094 1333039518512 96.0
62.610714 29.730987 1333039520511 96.5
62.610739 29.731043 1333039522514 96.5
62.610758 29.731098 1333039524514 95.5
62.610778 29.731151 1333039526525 94.5
62.610821 29.731193 1333039528525 97.0
62.610849 29.73124 1333039530510 97.5
62.610873 29.731295 1333039532508 97.0
62.610896 29.731345 1333039534512 97.0
62.610919 29.731392 1333039536520 96.0
62.61095 29.731445 1333039538518 96.5
62.610974 29.731506 1333039540511 96.5
62.611001 29.731573 1333039542521 96.5
62.611034 29.731631 1333039544509 98.0
62.611058 29.731687 1333039546506 98.0
62.61109 29.731739 1333039548508 99.0
62.611109 29.731787 1333039550504 98.5
62.611128 29.731844 1333039552504 97.5
62.611151 29.731903 1333039554500 96.5
62.61116 29.731972 1333039556520 96.5
62.611195 29.732021 1333039558505 97.5
62.611221 29.732082 1333039560507 97.5
62.611249 29.732133 1333039562515 98.5
62.611273 29.732177 1333039564503 98.5
62.611293 29.732222 1333039566502 97.5
62.611306 29.732268 1333039568498 96.0
62.611326 29.732312 1333039570491 96.5
62.611338 29.732364 1333039572501 96.5
62.611356 29.732428 1333039574502 97.0
62.611373 29.732497 1333039576486 97.5
62.611393 29.732569 1333039578497 97.5
62.611419 29.732651 1333039580500 98.0
62.611448 29.732715 1333039582497 99.5
62.611467 29.732766 1333039584497 99.5
62.61149 29.732808 1333039586495 99.5
62.611515 29.732842 1333039588494 99.5
62.611541 29.732876 1333039590494 99.5
62.611551 29.732918 1333039592493 98.5
62.611563 29.732961 1333039594495 98.5
62.611572 29.733021 1333039596513 97.0
62.611592 29.73308 1333039598487 96.5
62.611613 29.733141 1333039600492 96.0
62.611641 29.733207 1333039602501 97.0
62.611685 29.733266 1333039604489 99.0
62.611696 29.733331 1333039606489 96.5
62.611726 29.733387 1333039608486 97.5
62.611742 29.73344 1333039610486 96.0
62.611771 29.7335 1333039612489 96.0
62.611815 29.733549 1333039614485 98.5
62.611841 29.733596 1333039616486 99.5
62.611864 29.733629 1333039618473 101.0
62.611876 29.73366 1333039620494 101.5
62.611895 29.733699 1333039622499 102.5
62.611909 29.733729 1333039624483 103.0
62.611921 29.733774 1333039626500 102.5
62.61194 29.733823 1333039628491 102.5
62.611957 29.733867 1333039630481 101.5
62.611978 29.733911 1333039632481 101.5
62.611993 29.733952 1333039634471 101.0
62.61201 29.733983 1333039636483 101.5
62.612013 29.73399 1333039638479 101.5
62.612014 29.733995 1333039640477 101.5
62.612012 29.733998 1333039642476 101.5
62.612011 29.734 1333039644476 101.5
62.612012 29.734001 1333039646476 101.5
62.612014 29.734003 1333039648485 101.5
62.612014 29.734004 1333039650478 101.5
62.612013 29.734005 1333039652489 101.5
62.612014 29.734006 1333039654481 101.5
62.612015 29.734008 1333039656486 102.0
62.612015 29.73401 1333039658486 102.0
62.612015 29.73401 1333039660461 102.0
62.612015 29.73401 1333039662486 102.0
62.612015 29.734011 1333039664471 102.0
62.612014 29.734011 1333039666472 102.0
62.612014 29.734012 1333039668481 102.0
62.612014 29.734012 1333039670471 102.0
62.612014 29.734012 1333039672472 102.0
62.612013 29.734013 1333039674467 102.0
62.612014 29.734013 1333039676481 102.0
62.612014 29.734013 1333039678467 102.0
62.612014 29.734013 1333039680478 102.0
62.612015 29.734013 1333039682477 102.0
62.612015 29.734013 1333039684477 102.0
62.612016 29.734013 1333039686475 102.0
62.612017 29.734013 1333039688480 102.0
62.612018 29.734012 1333039690463 102.0
62.612019 29.734012 1333039692466 102.5
62.612027 29.734013 1333039694466 100.0
62.612024 29.734011 1333039696462 98.5
62.612025 29.734008 1333039698469 98.0
62.612018 29.734013 1333039700469 96.5
62.612018 29.73402 1333039702460 96.0
62.612022 29.734019 1333039704466 96.5
62.61203 29.734013 1333039706457 97.5