62.611101 29.731391 1333305602280 133.5
62.611101 29.731391 1333305602280 133.5
62.611038 29.731441 1333305604279 122.0
62.611026 29.731441 1333305606281 115.0
62.611038 29.731492 1333305608283 115.0
62.611052 29.731542 1333305610269 115.0
62.611067 29.731592 1333305612269 114.0
62.611083 29.731642 1333305614280 113.5
62.611104 29.731693 1333305616281 113.5
62.611125 29.731745 1333305618291 113.5
62.611145 29.731794 1333305620266 113.5
62.61116 29.731836 1333305622266 113.5
62.611177 29.731892 1333305624274 113.0
62.611198 29.731952 1333305626274 112.0
62.611216 29.732003 1333305628268 111.0
62.611234 29.73204 1333305630267 111.0
62.611253 29.732084 1333305632276 111.0
62.611265 29.732111 1333305634264 111.0
62.611269 29.732117 1333305636275 111.0
62.611271 29.732117 1333305638274 111.0
62.611272 29.732117 1333305640265 111.5
62.611274 29.732125 1333305642267 111.5
62.611277 29.732128 1333305644273 111.5
62.611278 29.732129 1333305646275 111.5
62.611278 29.732131 1333305648271 111.5
62.611279 29.73214 1333305650271 111.0
62.611281 29.73216 1333305652271 110.5
62.611291 29.732187 1333305654260 109.5
62.61131 29.732226 1333305656269 109.0
62.611329 29.732267 1333305658268 109.0
62.611344 29.732301 1333305660269 108.5
62.611358 29.732338 1333305662280 108.0
62.611371 29.732387 1333305664259 107.0
62.611382 29.732442 1333305666258 106.5
62.611396 29.732501 1333305668271 106.5
62.611413 29.732559 1333305670267 106.5
62.611434 29.732623 1333305672267 106.5
62.611457 29.732692 1333305674267 106.5
62.611482 29.732754 1333305676255 106.5
62.611505 29.732809 1333305678253 106.0
62.611529 29.732851 1333305680253 107.0
62.611547 29.732883 1333305682263 106.5
62.611564 29.732914 1333305684252 106.0
62.611579 29.732948 1333305686265 105.5
62.611593 29.732979 1333305688270 105.5
62.611605 29.733021 1333305690263 106.0
62.611621 29.73307 1333305692264 106.0
62.611635 29.733117 1333305694251 106.5
62.611653 29.733179 1333305696251 107.5
62.611671 29.733224 1333305698250 107.0
62.611687 29.733271 1333305700249 107.0
62.611704 29.733318 1333305702251 107.0
62.611723 29.733366 1333305704247 106.5
62.611744 29.73342 1333305706258 107.5
62.611761 29.73347 1333305708258 108.5
62.611776 29.733516 1333305710244 108.5
62.611794 29.733561 1333305712244 109.0
62.611811 29.733597 1333305714244 109.5
62.611826 29.733632 1333305716243 111.0
62.61184 29.733671 1333305718265 111.0
62.611858 29.73372 1333305720262 111.0
62.611868 29.733751 1333305722266 111.5
62.611875 29.733771 1333305724257 111.5
62.611889 29.733811 1333305726241 112.5
62.611907 29.73385 1333305728253 113.0
62.61193 29.733892 1333305730242 113.0
62.611949 29.733929 1333305732247 113.0
62.611968 29.733962 1333305734256 114.0
62.611982 29.73399 1333305736255 114.5
62.611991 29.734003 1333305738270 115.0
62.611994 29.734015 1333305740249 115.5
62.611996 29.734021 1333305742260 115.5
62.611998 29.734024 1333305744254 115.0
62.612 29.734026 1333305746244 115.0
62.612 29.734026 1333305748278 115.0
62.612 29.734026 1333305750247 115.0
62.612 29.734027 1333305752246 115.0
62.612001 29.734027 1333305756237 114.5
62.612001 29.734026 1333305758234 114.5
62.612001 29.734026 1333305760244 114.5