62.61691 29.776719 1334855117036 103.5
62.61691 29.776712 1334855118044 103.5
62.616893 29.776749 1334855120041 105.0
62.616883 29.776759 1334855122040 105.0
62.616873 29.776801 1334855124042 106.0
62.616854 29.77684 1334855126033 106.0
62.616845 29.776847 1334855128029 106.0
62.616834 29.776821 1334855130027 106.5
62.61683 29.776857 1334855132035 107.5
62.61684 29.776928 1334855134034 108.5
62.616857 29.776979 1334855136035 108.5
62.616882 29.777001 1334855138035 108.5
62.616906 29.777058 1334855140049 109.5
62.616929 29.776993 1334855142032 109.0
62.616941 29.776997 1334855144035 112.5
62.616939 29.776989 1334855146036 112.0
62.616934 29.777018 1334855148035 114.5
62.616944 29.776978 1334855150030 114.5
62.616946 29.77696 1334855152032 115.0
62.616937 29.776808 1334855154032 114.5
62.616921 29.776621 1334855156035 114.0
62.61689 29.776503 1334855158040 113.0
62.616887 29.776419 1334855160038 110.0
62.616882 29.776351 1334855162032 109.5
62.616913 29.776188 1334855164036 107.0
62.616941 29.77601 1334855166039 104.0
62.616975 29.775826 1334855168036 101.5
62.616981 29.77575 1334855170040 100.0
62.617072 29.77575 1334855172051 98.0
62.617151 29.775719 1334855174040 98.0
62.617256 29.775618 1334855176039 97.5
62.617365 29.775571 1334855178036 98.0
62.617478 29.775439 1334855180040 99.0
62.617581 29.775359 1334855182037 100.0
62.617675 29.775255 1334855184042 101.5
62.617784 29.77524 1334855186029 101.0
62.617859 29.77521 1334855188040 102.5
62.617903 29.775191 1334855190036 102.5
62.617941 29.775064 1334855192036 105.0
62.61797 29.774783 1334855194036 108.0
62.617989 29.774521 1334855196035 110.0
62.618161 29.774214 1334855198028 109.5
62.618231 29.774028 1334855200036 109.0
62.618273 29.773679 1334855202033 108.5
62.618289 29.773366 1334855204033 108.0
62.618304 29.773182 1334855206031 108.0
62.618301 29.773063 1334855208028 108.5
62.618292 29.772819 1334855210028 107.0
62.618279 29.772667 1334855212033 107.0
62.618289 29.772393 1334855214036 107.5
62.618307 29.772226 1334855216038 107.0
62.618371 29.772102 1334855218036 107.0
62.618432 29.771927 1334855220036 106.5
62.618497 29.7717 1334855222041 106.0
62.618596 29.77151 1334855224038 105.5
62.618685 29.771296 1334855226039 105.0
62.618803 29.771082 1334855228036 106.0
62.618911 29.770911 1334855230039 106.0
62.619001 29.770738 1334855232038 106.5
62.619101 29.770524 1334855234038 106.0
62.619167 29.770294 1334855236037 106.5
62.619227 29.77007 1334855238037 106.5
62.619265 29.769814 1334855240032 106.5
62.619296 29.769567 1334855242030 107.0
62.619326 29.769364 1334855244036 107.5
62.619346 29.769197 1334855246036 107.0
62.619368 29.768994 1334855248035 107.5
62.619363 29.768854 1334855250046 107.0
62.619362 29.768764 1334855252040 106.5
62.619346 29.768641 1334855254034 106.5
62.619269 29.768296 1334855256045 108.0
62.619204 29.767914 1334855258041 109.0
62.619166 29.767643 1334855260056 107.5
62.619171 29.767398 1334855262038 107.5
62.619172 29.76725 1334855264036 107.0
62.619217 29.767125 1334855266033 106.0
62.619249 29.767014 1334855268034 104.0
62.619235 29.766856 1334855270037 104.5
62.619212 29.766761 1334855272035 104.5
62.619183 29.766658 1334855274038 104.0
62.619162 29.766537 1334855276035 104.0
62.619142 29.766469 1334855278035 103.5
62.61905 29.766288 1334855280040 106.0
62.618983 29.766047 1334855282035 106.0
62.618919 29.765882 1334855284038 106.0
62.618853 29.765665 1334855286039 105.0
62.618818 29.765462 1334855288043 105.5
62.618747 29.765224 1334855290037 105.0
62.61865 29.765016 1334855292041 103.5
62.618565 29.764803 1334855294029 103.0
62.618506 29.76464 1334855296037 103.0
62.61847 29.764418 1334855298028 102.5
62.618413 29.764229 1334855300034 102.0
62.618389 29.763953 1334855302037 102.0
62.61834 29.76375 1334855304039 102.0
62.618331 29.763511 1334855306035 101.5
62.618295 29.763273 1334855308039 101.5
62.618259 29.763004 1334855310033 101.0
62.618228 29.762759 1334855312036 101.5
62.618188 29.762575 1334855314035 101.0
62.61823 29.762359 1334855316036 100.5
62.618295 29.762093 1334855318033 100.0
62.618326 29.761878 1334855320057 100.5
62.618343 29.761724 1334855322035 100.5
62.618346 29.76141 1334855324028 100.5
62.618355 29.76122 1334855326035 100.5
62.618399 29.761075 1334855328033 99.5
62.61841 29.760906 1334855330035 99.0
62.618402 29.760805 1334855332033 98.5
62.618406 29.760555 1334855334038 99.0
62.618404 29.760208 1334855336029 100.5
62.618402 29.759858 1334855338035 99.0
62.618407 29.759552 1334855340037 99.0
62.618407 29.759259 1334855342039 99.5
62.618428 29.759046 1334855344039 99.0
62.618442 29.758824 1334855346035 99.5
62.618452 29.758622 1334855348037 100.5
62.618458 29.758383 1334855350034 101.5
62.618452 29.758185 1334855352032 101.0
62.618455 29.757969 1334855354034 101.5
62.618448 29.757865 1334855356035 102.0
62.618488 29.757558 1334855358039 102.0
62.618543 29.757383 1334855360036 101.5
62.618569 29.757265 1334855362036 101.5
62.618605 29.757137 1334855364038 100.5
62.618621 29.756912 1334855366037 98.5
62.618659 29.756691 1334855368032 97.0
62.618663 29.756445 1334855370036 94.5
62.618672 29.756076 1334855372038 93.0
62.618666 29.755643 1334855374037 96.0
62.618664 29.755402 1334855376035 96.5
62.618686 29.75519 1334855378033 95.5
62.61869 29.755007 1334855380052 95.0
62.618687 29.754892 1334855382040 95.0
62.618674 29.754738 1334855384028 94.0
62.618669 29.754428 1334855386039 94.0
62.618656 29.754152 1334855388038 93.5
62.618621 29.753751 1334855390031 94.0
62.61862 29.753524 1334855392041 95.5
62.61863 29.753409 1334855394032 95.5
62.618634 29.753258 1334855396031 96.5
62.618635 29.753069 1334855398034 97.0
62.61861 29.753002 1334855400031 97.0
62.618614 29.752847 1334855402032 96.5
62.618552 29.752673 1334855404036 97.0
62.618551 29.752454 1334855406035 97.0
62.61853 29.751988 1334855408036 99.0
62.618565 29.751775 1334855410029 100.0
62.618562 29.751684 1334855412038 100.0
62.618551 29.751611 1334855414035 100.0
62.618502 29.751429 1334855416033 100.0
62.618488 29.75138 1334855418029 100.5
62.618447 29.7513 1334855420032 100.0
62.618404 29.751273 1334855422029 100.0
62.618363 29.751095 1334855424029 99.5
62.618323 29.751095 1334855426036 100.0
62.618298 29.751065 1334855428042 100.0
62.618271 29.751039 1334855430039 100.0
62.618104 29.75092 1334855432036 100.5
62.617999 29.750924 1334855434035 100.5
62.617901 29.750832 1334855436033 100.0
62.617853 29.750812 1334855438035 99.5
62.617703 29.750741 1334855440049 99.5
62.617581 29.750664 1334855442035 99.0
62.61741 29.750652 1334855444036 98.5
62.617341 29.750646 1334855446035 98.5
62.617291 29.750672 1334855448033 98.5
62.617216 29.750676 1334855450035 99.0
62.617195 29.750634 1334855452037 99.5
62.616936 29.750727 1334855454037 103.0
62.616858 29.750743 1334855456035 103.5
62.616787 29.750775 1334855458037 104.0
62.616767 29.750775 1334855460035 104.5
62.616645 29.750789 1334855462034 105.0
62.616596 29.750719 1334855464037 105.0
62.616582 29.750706 1334855466033 105.0
62.616576 29.750723 1334855468025 105.0
62.616471 29.75078 1334855470039 105.0
62.616423 29.750764 1334855472037 105.0
62.616382 29.7508 1334855474032 105.0
62.616348 29.750793 1334855476048 105.0
62.616332 29.750719 1334855478037 105.0
62.61631 29.75062 1334855480028 105.0
62.616306 29.750541 1334855482025 105.0
62.616287 29.750214 1334855484030 105.0
62.616188 29.749855 1334855486036 105.0
62.616093 29.749647 1334855488034 104.5
62.616044 29.749504 1334855490040 104.5
62.61602 29.749336 1334855492040 104.5
62.616014 29.749019 1334855494037 104.5
62.61587 29.748563 1334855496035 104.5
62.615827 29.748444 1334855498034 104.5
62.615738 29.748141 1334855500049 105.0
62.61569 29.748076 1334855502038 107.5
62.61566 29.747864 1334855504038 112.5
62.615653 29.747691 1334855506037 112.5
62.615612 29.747485 1334855508037 110.5
62.615575 29.747274 1334855510037 109.0
62.615548 29.74709 1334855512041 111.0
62.615525 29.746901 1334855514043 111.0
62.615464 29.746618 1334855516039 112.5
62.615447 29.746418 1334855518042 111.5
62.6154 29.746147 1334855520050 109.0
62.615349 29.745877 1334855522040 107.0
62.615344 29.74573 1334855524047 105.0
62.615322 29.745538 1334855526043 102.0
62.615349 29.745306 1334855528043 99.5
62.615359 29.745159 1334855530042 99.0
62.615402 29.744934 1334855532043 100.5
62.615385 29.744682 1334855534038 95.5
62.615372 29.744471 1334855536039 92.0
62.615365 29.744331 1334855538037 91.0
62.615405 29.744144 1334855540035 89.5
62.615406 29.743927 1334855542042 91.0
62.615398 29.743798 1334855544037 90.5
62.615354 29.743648 1334855546039 87.0
62.615384 29.743498 1334855548029 86.5
62.615382 29.743326 1334855550036 84.5
62.615379 29.743145 1334855552039 84.5
62.615322 29.742927 1334855554037 86.5
62.615296 29.742802 1334855556039 87.0
62.615262 29.742689 1334855558044 84.5
62.615147 29.742705 1334855562046 85.0
62.615013 29.74269 1334855564001 85.5
62.614919 29.742695 1334855566003 85.0
62.614918 29.742593 1334855568004 85.5
62.614904 29.742588 1334855569992 85.5
62.614894 29.742561 1334855571996 85.5
62.61486 29.742519 1334855573991 84.0
62.614849 29.742521 1334855575990 84.5
62.614801 29.742606 1334855577991 87.0
62.614799 29.742587 1334855579993 89.5
62.614813 29.742588 1334855581990 91.0
62.614857 29.742599 1334855583987 93.0
62.614795 29.742619 1334855585988 95.0
62.614772 29.742618 1334855587987 96.5
62.614737 29.742564 1334855589980 98.0
62.614693 29.742476 1334855591982 99.0
62.614696 29.7425 1334855593984 99.5
62.614696 29.742515 1334855595992 99.5
62.614699 29.742554 1334855597985 100.0
62.614696 29.742546 1334855600008 100.0
62.614716 29.742579 1334855602002 100.5
62.614726 29.742584 1334855603986 101.0
62.614732 29.742607 1334855605981 101.0
62.614725 29.742612 1334855607987 101.0
62.614731 29.742591 1334855609990 101.0
62.614738 29.74258 1334855612000 101.0
62.614742 29.742535 1334855613989 101.5
62.614745 29.742549 1334855616001 102.5
62.614744 29.742538 1334855617998 103.0
62.614743 29.74252 1334855620007 103.0
62.614745 29.742514 1334855622003 103.0
62.614761 29.742529 1334855623994 104.5
62.614766 29.74252 1334855625993 105.5
62.614768 29.742541 1334855627999 106.0
62.614767 29.742562 1334855629998 106.0
62.614809 29.742704 1334855631998 107.0
62.614826 29.742754 1334855633985 107.0
62.614872 29.742792 1334855635989 107.0
62.61487 29.742865 1334855637994 107.0
62.614909 29.7429 1334855639998 105.5
62.614909 29.742933 1334855641995 106.0
62.614941 29.742969 1334855643998 106.0
62.614969 29.743007 1334855645995 106.5
62.61496 29.743037 1334855647990 106.5
62.614957 29.743029 1334855649997 107.0
62.614965 29.743047 1334855651987 108.0
62.614978 29.743071 1334855653993 109.5
62.614977 29.743078 1334855656005 109.5
62.614928 29.743265 1334855658001 109.5
62.61493 29.74329 1334855659989 109.5
62.614953 29.743297 1334855661987 110.0
62.614972 29.743284 1334855663988 108.0
62.615008 29.743223 1334855665987 110.0
62.615069 29.743148 1334855667989 111.0
62.615112 29.743162 1334855669986 111.0
62.615161 29.743109 1334855671987 111.0
62.615189 29.743113 1334855673987 111.0
62.615216 29.743119 1334855675987 110.5
62.615235 29.743118 1334855677991 110.5
62.615256 29.743076 1334855679998 111.0
62.615265 29.743055 1334855681989 111.0
62.615269 29.743043 1334855683978 111.0
62.61527 29.743042 1334855685973 111.0
62.615098 29.743109 1334855755978 110.5
62.615044 29.743328 1334855758000 101.5
62.615056 29.743367 1334855760001 101.0
62.614945 29.744309 1334855763997 99.5
62.614929 29.744555 1334855766012 98.5