62.598881 29.74526 1334336398340 222.5
62.598368 29.744569 1334336416986 143.5
62.598211 29.744552 1334336589773 102.3
62.598212 29.744602 1334336591712 101.3
62.598214 29.744596 1334336593690 101.2
62.598232 29.744564 1334336595690 100.4
62.598239 29.744545 1334336597688 100.1
62.598276 29.744478 1334336599696 100.2
62.598302 29.744442 1334336601688 99.8
62.598311 29.744415 1334336603695 99.7
62.598324 29.744408 1334336605692 99.0
62.598316 29.744493 1334336607694 97.5
62.598318 29.744537 1334336609690 96.7
62.598322 29.744564 1334336611713 96.7
62.598314 29.744638 1334336613693 96.5
62.598433 29.744722 1334336615690 96.9
62.598555 29.744904 1334336619688 98.4
62.598642 29.745005 1334336621688 99.8
62.598686 29.745073 1334336623693 100.6
62.59883 29.745224 1334336625689 102.7
62.598954 29.745254 1334336627694 101.7
62.599069 29.745295 1334336629697 101.4
62.599198 29.745502 1334336631690 99.8
62.599328 29.745653 1334336633689 98.9
62.599414 29.745799 1334336635690 97.9
62.599478 29.745866 1334336637695 97.7
62.599633 29.745951 1334336639693 96.2
62.599782 29.746071 1334336641701 92.0
62.599893 29.746155 1334336643689 87.9
62.600054 29.746311 1334336645687 87.3
62.6003 29.746455 1334336649694 86.2
62.600386 29.746509 1334336651688 84.7
62.600544 29.746748 1334336653687 81.4
62.600682 29.74677 1334336655689 82.9
62.600719 29.746773 1334336657690 82.7
62.600954 29.746822 1334336659689 86.2
62.60111 29.7469 1334336661691 92.4
62.601242 29.746982 1334336663688 95.3
62.601359 29.747108 1334336665688 102.3
62.601419 29.747202 1334336667691 101.6
62.601578 29.747446 1334336669688 101.0
62.60169 29.747547 1334336671704 95.0
62.601828 29.747624 1334336673690 93.5
62.601916 29.747672 1334336675688 92.2
62.602093 29.74807 1334336679687 82.5
62.602163 29.748284 1334336681693 78.8
62.602234 29.748355 1334336683688 76.9
62.602296 29.748419 1334336685694 76.5
62.602321 29.748469 1334336687690 75.7
62.602367 29.748514 1334336689695 74.8
62.602413 29.748621 1334336691688 74.3
62.602462 29.74873 1334336693690 74.2
62.6025 29.748848 1334336695687 73.6
62.602511 29.748881 1334336697696 73.5
62.602534 29.748932 1334336699688 74.4
62.602545 29.748954 1334336701755 74.5
62.602597 29.749014 1334336703688 75.2
62.602666 29.74907 1334336705691 74.7
62.602758 29.749224 1334336709688 74.4
62.602803 29.749342 1334336711688 73.7
62.602856 29.749418 1334336713694 72.8
62.602888 29.749502 1334336715690 71.8
62.602904 29.749536 1334336717699 71.5
62.602929 29.749761 1334336719690 71.7
62.602964 29.749884 1334336721694 71.7
62.602971 29.750017 1334336723691 71.9
62.602969 29.750188 1334336725688 70.3
62.602973 29.750245 1334336727692 69.8
62.602989 29.750602 1334336729690 67.0
62.603016 29.750807 1334336731719 66.5
62.603069 29.750996 1334336733690 66.7
62.603096 29.751157 1334336735692 67.4
62.603144 29.751363 1334336739687 66.9
62.603182 29.751472 1334336741693 67.1
62.603254 29.751573 1334336743688 67.7
62.603377 29.751619 1334336745698 69.4
62.603454 29.751632 1334336747689 70.1
62.603584 29.751696 1334336749710 71.3
62.603675 29.751726 1334336751687 72.3
62.603771 29.751811 1334336753690 73.5
62.603938 29.751923 1334336755689 75.4
62.603977 29.751966 1334336757695 75.5
62.604105 29.752136 1334336759690 75.2
62.604182 29.752188 1334336761722 76.5
62.604258 29.752309 1334336763688 75.4
62.60431 29.752382 1334336765691 76.2
62.604526 29.752678 1334336769695 77.5
62.604605 29.752811 1334336771692 75.9
62.604672 29.752957 1334336773690 79.7
62.604742 29.752999 1334336775694 81.8
62.604753 29.753008 1334336777708 81.9
62.60484 29.753057 1334336779688 81.5
62.604859 29.753149 1334336781709 82.1
62.604879 29.753164 1334336783690 82.5
62.604924 29.753202 1334336785695 83.0
62.604954 29.753176 1334336787691 83.2
62.605233 29.753158 1334336789690 83.3
62.605295 29.753242 1334336791771 83.7
62.605328 29.753472 1334336793712 83.7
62.605375 29.753518 1334336795692 83.9
62.605436 29.753699 1334336799704 84.1
62.605505 29.754117 1334336801687 84.1
62.605573 29.754278 1334336803691 84.1
62.605648 29.754302 1334336805688 84.2
62.605731 29.7543 1334336807689 84.2
62.605806 29.754301 1334336809695 84.2
62.605836 29.75432 1334336811690 84.2
62.606051 29.75492 1334336813692 84.2
62.606138 29.755098 1334336815688 84.2
62.606386 29.755534 1334336817702 84.2
62.606698 29.755653 1334336819690 84.2
62.606771 29.75567 1334336821734 84.2
62.606978 29.755952 1334336823692 84.2
62.607088 29.756016 1334336825692 84.2
62.607305 29.756061 1334336829689 84.3
62.607335 29.756082 1334336831687 84.3
62.607487 29.755996 1334336833692 84.3
62.607556 29.755977 1334336835688 84.3
62.607594 29.75604 1334336837690 84.3
62.607666 29.756124 1334336839690 84.3
62.607693 29.756152 1334336841695 84.3
62.607842 29.756133 1334336843688 84.2
62.607876 29.75638 1334336845690 84.2
62.607988 29.756524 1334336847714 84.1
62.608017 29.756582 1334336849688 84.1
62.608024 29.756592 1334336851731 84.1
62.608035 29.756638 1334336853695 84.1
62.608154 29.757001 1334336855688 84.1
62.608204 29.757244 1334336859691 84.1
62.608183 29.75734 1334336861695 84.1
62.608181 29.757548 1334336863687 84.1
62.608105 29.757973 1334336865698 84.1
62.608084 29.758185 1334336867696 84.1
62.608035 29.758428 1334336869688 84.1
62.608026 29.758486 1334336871689 84.1
62.60796 29.758794 1334336873687 84.2
62.607959 29.758925 1334336875688 84.2
62.607968 29.758998 1334336877691 84.2
62.607984 29.759128 1334336879687 84.2
62.607784 29.75983 1334336881732 84.3
62.607684 29.760381 1334336883691 84.3
62.607616 29.760808 1334336885689 84.3
62.60756 29.761074 1334336889687 84.3
62.607551 29.761138 1334336891687 84.3
62.607503 29.761391 1334336893707 84.3
62.607454 29.761685 1334336895695 84.3
62.607447 29.761745 1334336897687 84.3
62.607448 29.761891 1334336899687 84.3
62.607448 29.761937 1334336901687 84.3
62.607498 29.762286 1334336903690 84.4
62.607486 29.762509 1334336905690 84.4
62.607404 29.762804 1334336907688 84.4
62.607402 29.762968 1334336909687 84.4
62.607384 29.76307 1334336911724 84.4
62.607359 29.76333 1334336913705 84.4
62.607242 29.763586 1334336915688 84.5
62.607236 29.763786 1334336919690 84.6
62.607192 29.76381 1334336921694 84.6
62.60713 29.763985 1334336923704 84.6
62.607128 29.764101 1334336925696 84.6
62.606998 29.764636 1334336927695 84.6
62.606921 29.765053 1334336929687 84.6
62.606893 29.765159 1334336931687 84.6
62.606852 29.765352 1334336933687 84.7
62.606755 29.765575 1334336935690 84.7
62.606747 29.765743 1334336937688 84.7
62.606748 29.765845 1334336939694 84.7
62.606768 29.765893 1334336941734 84.7
62.606818 29.766076 1334336943689 84.7
62.606855 29.766176 1334336945689 84.7
62.606868 29.766374 1334336949689 84.7
62.606869 29.766449 1334336951694 84.7
62.606993 29.76661 1334336953688 84.7
62.607031 29.76668 1334336955689 84.7
62.607173 29.766856 1334336957689 84.7
62.607199 29.766903 1334336959690 84.7
62.607264 29.766958 1334336961687 84.7
62.607348 29.767076 1334336963696 84.6
62.60743 29.767196 1334336965689 84.6
62.607472 29.767288 1334336967688 84.6
62.607543 29.767316 1334336969687 84.6
62.607555 29.767315 1334336971708 84.6
62.607605 29.767363 1334336973689 84.6
62.607632 29.767514 1334336975695 84.6
62.607599 29.768317 1334336979722 84.7
62.607585 29.768444 1334336981689 84.7
62.60763 29.768832 1334336983715 84.7
62.607636 29.768923 1334336985694 84.7
62.607636 29.768923 1334336987689 84.7
62.607636 29.768923 1334336989687 84.7
62.607795 29.770093 1334336991694 84.6
62.607795 29.770093 1334336993686 84.6
62.607795 29.770093 1334336995689 84.6
62.607795 29.770093 1334336997695 84.6
62.607795 29.770093 1334336999689 84.6
62.607795 29.770093 1334337001803 84.6
62.607795 29.770093 1334337003695 84.6
62.607294 29.771107 1334337005687 85.4
62.607213 29.771378 1334337009687 86.0
62.60721 29.771394 1334337011701 86.0
62.607516 29.77126 1334337013687 85.8
62.607554 29.771304 1334337015729 85.9
62.607687 29.771336 1334337017689 85.7
62.607706 29.771418 1334337019687 85.8
62.607705 29.771477 1334337021687 85.9
62.607768 29.771634 1334337023687 85.9
62.607786 29.771742 1334337025705 85.9
62.607787 29.771953 1334337027695 86.0
62.607794 29.772104 1334337029695 86.0
62.607798 29.772122 1334337031707 86.0
62.607797 29.772479 1334337033687 86.1
62.607794 29.772727 1334337035694 86.1
62.607788 29.77299 1334337039687 86.1
62.607788 29.773043 1334337041689 86.1
62.607788 29.773043 1334337043688 86.1
62.607648 29.773585 1334337045688 86.1
62.607597 29.773806 1334337047690 86.1
62.607465 29.773978 1334337049689 86.2
62.607398 29.774057 1334337051690 86.1
62.607361 29.774233 1334337053701 86.1
62.607356 29.774284 1334337055689 86.1
62.607363 29.774524 1334337057697 86.2
62.607369 29.774596 1334337059695 86.2
62.607319 29.774824 1334337061723 86.3
62.607312 29.775014 1334337063704 86.3
62.607275 29.775287 1334337065688 86.3
62.607423 29.775888 1334337069687 86.3
62.60744 29.776047 1334337071687 86.3
62.607515 29.77646 1334337073701 86.3
62.607548 29.77663 1334337075710 86.2
62.607567 29.776839 1334337077695 86.2
62.607617 29.776995 1334337079687 86.2
62.607602 29.77721 1334337081694 86.3
62.607641 29.777377 1334337083690 86.2
62.607598 29.777564 1334337085689 86.3
62.607618 29.777796 1334337087687 86.4
62.607573 29.778249 1334337089691 86.5
62.607668 29.778514 1334337091715 86.5
62.607688 29.77873 1334337093693 86.3
62.607699 29.77876 1334337095687 86.3
62.60767 29.778862 1334337099696 86.4
62.607671 29.77887 1334337101693 86.4
62.607983 29.78035 1334337103688 86.3
62.608068 29.780873 1334337105700 86.2
62.608253 29.781614 1334337107690 86.1
62.608289 29.781903 1334337109693 86.0
62.608297 29.78221 1334337111706 86.0
62.608301 29.782342 1334337113694 86.0
62.608316 29.782356 1334337115689 86.0
62.608352 29.782738 1334337117692 86.0
62.608396 29.782769 1334337119687 86.0
62.608346 29.782922 1334337121718 86.1
62.608388 29.78313 1334337123718 86.1
62.60839 29.783277 1334337125694 86.1
62.608459 29.78339 1334337129867 86.1
62.608514 29.783453 1334337131687 86.1
62.608522 29.783481 1334337133694 86.1
62.608581 29.783757 1334337135690 86.1
62.608627 29.783926 1334337137687 86.1
62.608745 29.784199 1334337139687 86.1
62.608801 29.784348 1334337141691 86.2
62.608883 29.784551 1334337143687 86.1
62.608992 29.784842 1334337145689 86.1
62.609074 29.785066 1334337147687 86.1
62.609136 29.785202 1334337149689 86.1
62.609171 29.785329 1334337151689 86.1
62.609182 29.785385 1334337153687 86.1
62.609324 29.785897 1334337155702 86.0
62.609441 29.786026 1334337159717 86.0
62.609489 29.786026 1334337161687 86.0
62.609504 29.786075 1334337163693 86.0
62.60955 29.786686 1334337165687 86.0
62.609589 29.786744 1334337167691 86.0
62.609586 29.786811 1334337169687 86.1
62.609614 29.786925 1334337171693 86.1
62.609618 29.786955 1334337173689 86.1
62.609644 29.787202 1334337175689 86.1
62.609561 29.787874 1334337177688 86.1
62.609758 29.788467 1334337179687 86.1
62.609758 29.788467 1334337181704 86.1
62.609864 29.789089 1334337183691 86.1
62.60999 29.789747 1334337185687 86.2
62.610041 29.790094 1334337189689 86.3
62.610087 29.790306 1334337191687 86.3
62.610142 29.790394 1334337193687 86.3
62.610156 29.790477 1334337195687 86.2
62.610158 29.790489 1334337197687 86.2
62.610239 29.79078 1334337199694 86.1
62.610296 29.790896 1334337201688 86.1
62.610293 29.791201 1334337203687 86.1
62.610359 29.791312 1334337205689 86.1
62.610322 29.79139 1334337207695 86.0
62.610411 29.791792 1334337209690 86.0
62.610485 29.791962 1334337211687 86.1
62.610522 29.792064 1334337213719 86.1
62.610519 29.79221 1334337215687 86.2
62.610621 29.792625 1334337219702 86.2
62.610719 29.792864 1334337221695 86.2
62.610748 29.793022 1334337223698 86.2
62.610812 29.793138 1334337225705 86.1
62.610819 29.793274 1334337227716 86.1
62.610959 29.793655 1334337229691 86.1
62.610959 29.793869 1334337231698 86.0
62.61103 29.794171 1334337233747 86.0
62.610972 29.794532 1334337235689 86.0
62.61098 29.794638 1334337237690 86.0
62.610986 29.795015 1334337239689 85.9
62.61122 29.795288 1334337241687 85.9
62.611326 29.795762 1334337243778 85.9
62.611407 29.795882 1334337245696 85.8
62.611548 29.796173 1334337249687 85.8
62.611598 29.796304 1334337251709 85.8
62.611706 29.796504 1334337253689 85.7
62.611803 29.796645 1334337255687 85.7
62.611886 29.79677 1334337257687 85.7
62.611946 29.796854 1334337259687 85.7
62.611982 29.7969 1334337261687 85.7
62.612055 29.79705 1334337263687 85.7
62.612152 29.797187 1334337265707 85.7
62.612222 29.797356 1334337267688 85.7
62.61232 29.797523 1334337269715 85.6
62.612338 29.797539 1334337271693 85.6
62.612447 29.798154 1334337273770 85.6
62.612474 29.798458 1334337275692 85.5
62.612557 29.798868 1334337279687 85.5
62.612573 29.79894 1334337281688 85.5
62.612603 29.799123 1334337283694 85.5
62.612633 29.799252 1334337285690 85.5
62.612654 29.799406 1334337287688 85.5
62.612688 29.799498 1334337289687 85.4
62.612709 29.799552 1334337291687 85.5
62.612814 29.799905 1334337293715 85.4
62.612853 29.800034 1334337295693 85.4
62.61296 29.800201 1334337297687 85.4
62.612992 29.800338 1334337299692 85.4
62.613025 29.800562 1334337301690 85.4
62.61311 29.80095 1334337303782 85.4
62.613138 29.801083 1334337305694 85.3
62.613246 29.802129 1334337309689 85.3
62.613322 29.802333 1334337311707 85.3
62.61341 29.803005 1334337313687 85.3
62.61364 29.80314 1334337315687 86.6
62.613795 29.803317 1334337317688 86.7
62.613866 29.803542 1334337319689 86.6
62.613894 29.803661 1334337321689 86.5
62.613971 29.803973 1334337323688 86.6
62.614046 29.80415 1334337325687 86.5
62.6141 29.804392 1334337327687 86.6
62.614174 29.804597 1334337329689 86.4
62.614197 29.804658 1334337331698 86.4
62.61425 29.805149 1334337333718 86.2
62.614259 29.805419 1334337335691 86.2
62.614259 29.805892 1334337339688 86.0
62.614265 29.805975 1334337341689 86.0
62.614296 29.806389 1334337343717 86.0
62.614342 29.806657 1334337345689 86.1
62.61437 29.80686 1334337347689 86.1
62.614415 29.807027 1334337349689 86.2
62.6144 29.80712 1334337351687 86.2
62.614388 29.80732 1334337353729 86.2
62.614357 29.807526 1334337355689 86.2
62.614382 29.807643 1334337357719 86.2
62.614352 29.807832 1334337359687 86.3
62.614395 29.807924 1334337361697 86.2
62.614399 29.808092 1334337363709 86.3
62.614411 29.808194 1334337365688 86.3
62.614494 29.808654 1334337369694 86.2
62.614519 29.808792 1334337371710 86.2
62.614565 29.809128 1334337373693 86.2
62.614576 29.809189 1334337375695 86.2
62.614684 29.8097 1334337377690 86.2
62.614703 29.809792 1334337379687 86.2
62.614703 29.809792 1334337381690 86.2
62.614703 29.809792 1334337383688 86.2
62.614703 29.809792 1334337385690 86.2
62.614703 29.809792 1334337387688 86.2
62.614703 29.809792 1334337389689 86.2
62.61489 29.811929 1334337391699 86.3
62.614823 29.812125 1334337393721 86.1
62.614745 29.812239 1334337395689 86.1
62.614981 29.812322 1334337399688 85.8
62.61501 29.81245 1334337401690 85.7
62.615088 29.812551 1334337403687 85.7
62.615123 29.812598 1334337405691 85.7
62.615246 29.812677 1334337407689 85.7
62.615263 29.812857 1334337409690 85.6
62.615365 29.813046 1334337411692 85.6
62.615355 29.813307 1334337413712 85.6
62.615351 29.813354 1334337415687 85.5
62.615258 29.81391 1334337417693 85.5
62.615263 29.814088 1334337419699 85.5
62.615284 29.81418 1334337421690 85.5
62.615303 29.814376 1334337423779 85.5
62.615312 29.814435 1334337425692 85.5
62.615411 29.814868 1334337429688 85.5
62.615418 29.81501 1334337431690 85.5
62.615444 29.815252 1334337433689 85.5
62.615448 29.815299 1334337435688 85.5
62.61554 29.815447 1334337437687 85.5
62.61557 29.815497 1334337439690 85.5
62.615691 29.816499 1334337441689 85.3
62.615784 29.817394 1334337443688 85.3
62.615844 29.817846 1334337445687 85.3
62.615892 29.818378 1334337447720 85.3
62.615911 29.818559 1334337449690 85.3
62.615944 29.818841 1334337451689 85.3
62.615972 29.818968 1334337453687 85.2
62.616001 29.819108 1334337455687 85.2
62.616041 29.819248 1334337459710 85.2
62.616119 29.81945 1334337461689 85.2
62.616123 29.819478 1334337463696 85.2
62.616147 29.819842 1334337465704 85.2
62.616077 29.820287 1334337467694 85.3
62.616077 29.820287 1334337469689 85.3
62.616077 29.820287 1334337471687 85.3
62.616077 29.820287 1334337473690 85.3
62.616077 29.820287 1334337475687 85.3
62.616077 29.820287 1334337477689 85.3
62.616077 29.820287 1334337479687 85.3
62.616478 29.822886 1334337481696 84.3
62.616487 29.822877 1334337483692 84.2
62.616562 29.822945 1334337485690 84.2
62.616556 29.823069 1334337489691 84.0
62.61655 29.823118 1334337491692 84.0
62.61652 29.823186 1334337493705 84.1
62.616496 29.823319 1334337495688 84.1
62.616483 29.82346 1334337497690 84.1
62.616472 29.823626 1334337499692 84.1
62.616458 29.82385 1334337501691 84.1
62.616459 29.82388 1334337503690 84.1
62.616449 29.824148 1334337505693 84.1
62.616488 29.824326 1334337507690 84.1
62.616506 29.824532 1334337509690 84.1
62.616522 29.824769 1334337511691 84.1
62.616529 29.824866 1334337513688 84.1
62.616559 29.825207 1334337515688 84.1
62.616559 29.825772 1334337519690 84.1
62.616594 29.825911 1334337521692 84.1
62.616584 29.825967 1334337523688 84.1
62.616686 29.826489 1334337525690 84.0
62.616752 29.826884 1334337527688 84.0
62.616789 29.827005 1334337529695 84.0
62.616818 29.827093 1334337531690 84.0
62.616828 29.82714 1334337533688 84.0
62.616856 29.827335 1334337535695 84.0
62.616967 29.827446 1334337537690 84.0
62.616974 29.82751 1334337539688 84.0
62.616981 29.827584 1334337541712 84.0
62.616981 29.827597 1334337543691 84.0
62.617072 29.828 1334337545688 84.0
62.617162 29.828111 1334337549690 84.0
62.617168 29.828119 1334337551694 84.0
62.617189 29.828193 1334337553690 84.0
62.617559 29.828173 1334337555688 83.9
62.617644 29.828207 1334337557688 83.9
62.617767 29.828224 1334337559687 83.9
62.617816 29.828224 1334337561687 83.9
62.617895 29.828187 1334337563690 83.9
62.617956 29.828242 1334337565693 83.9
62.618082 29.828208 1334337567690 83.9
62.61811 29.828212 1334337569691 83.9
62.618266 29.828375 1334337571696 83.9
62.618313 29.828507 1334337573689 83.9
62.618461 29.828518 1334337575687 83.9
62.618537 29.828521 1334337579688 83.9
62.618553 29.828508 1334337581689 83.9
62.618613 29.828464 1334337583690 83.8
62.618653 29.82838 1334337585697 83.8
62.618661 29.828378 1334337587688 83.8
62.618664 29.828366 1334337589687 83.8
62.618695 29.828343 1334337591687 83.8
62.61873 29.828305 1334337593687 83.8
62.618765 29.828286 1334337595694 83.8
62.618771 29.828274 1334337597687 83.8
62.618774 29.828274 1334337599692 83.8
62.618779 29.828265 1334337601723 83.8
62.618831 29.828346 1334337603688 83.8
62.618914 29.828488 1334337605689 83.8
62.619121 29.82838 1334337609689 83.8
62.619219 29.828302 1334337611693 83.8
62.619247 29.828272 1334337613689 83.8
62.619254 29.828257 1334337615688 83.8
62.619257 29.828251 1334337617688 83.8
62.61926 29.828248 1334337619691 83.8
62.619262 29.828249 1334337621690 83.8
62.619262 29.828249 1334337623690 83.8
62.619262 29.828249 1334337625689 83.8
62.619262 29.828249 1334337627688 83.8
62.619262 29.828249 1334337629691 83.8
62.619262 29.828249 1334337631688 83.8
62.619262 29.828249 1334337633688 83.8
62.619262 29.828249 1334337635691 83.8
62.619262 29.828249 1334337639688 83.8
62.619262 29.828249 1334337641690 83.8
62.619262 29.828249 1334337643692 83.8
62.619262 29.828249 1334337645688 83.8
62.619262 29.828249 1334337647692 83.8
62.619262 29.828249 1334337649690 83.8
62.619262 29.828249 1334337651692 83.8
62.619262 29.828249 1334337653691 83.8
62.618934 29.828065 1334337655695 83.6
62.618811 29.827937 1334337657694 83.5