62.598099 29.744019 1334680207016 93.5
62.598095 29.744173 1334680210916 98.0
62.598064 29.744242 1334680212886 95.5
62.598074 29.744268 1334680214870 95.5
62.598097 29.744266 1334680216871 96.5
62.598106 29.744305 1334680218903 97.5
62.598128 29.744341 1334680220872 101.5
62.598144 29.744348 1334680222882 103.0
62.598163 29.744387 1334680224915 102.5
62.598161 29.744367 1334680226877 102.5
62.59817 29.744359 1334680228872 102.5
62.598172 29.744394 1334680230878 102.0
62.598149 29.744524 1334680232883 104.0
62.598135 29.744643 1334680234887 106.0
62.598148 29.744643 1334680236896 106.5
62.598162 29.744664 1334680238909 103.0
62.598177 29.744677 1334680240864 103.5
62.598177 29.744633 1334680242890 105.0
62.598143 29.74469 1334680244873 106.0
62.598127 29.744736 1334680246881 106.0
62.598139 29.744736 1334680248867 104.0
62.598156 29.744717 1334680250867 102.0
62.598146 29.744934 1334680252900 98.0
62.598152 29.745011 1334680254893 95.0
62.598151 29.744996 1334680256866 95.0
62.598158 29.74497 1334680258886 96.0
62.598159 29.744951 1334680260870 96.0
62.598168 29.744952 1334680262867 96.0
62.598179 29.744943 1334680264885 96.0
62.598186 29.744927 1334680266876 96.5
62.5982 29.744916 1334680268881 97.5
62.598215 29.74502 1334680270875 97.0
62.598239 29.745012 1334680272897 100.5
62.598239 29.745109 1334680274979 97.5
62.598223 29.745036 1334680276864 97.0
62.598212 29.74497 1334680278899 98.5
62.598209 29.74494 1334680280897 97.5
62.5982 29.744997 1334680282903 98.5
62.598199 29.744982 1334680284867 98.0
62.598231 29.745276 1334680286863 98.5
62.598212 29.745217 1334680288893 100.0
62.598215 29.744973 1334680290867 102.5
62.598248 29.744808 1334680292870 104.5
62.598294 29.744788 1334680294884 104.0
62.598343 29.744784 1334680296880 104.5
62.598395 29.744775 1334680298870 104.5
62.598436 29.744787 1334680300878 104.0
62.598488 29.744803 1334680302883 104.5
62.598527 29.744841 1334680304879 105.0
62.598569 29.744878 1334680306884 106.5
62.598616 29.744947 1334680308887 106.0
62.598659 29.74498 1334680310871 105.5
62.598713 29.74501 1334680312873 106.5
62.598755 29.74505 1334680314894 108.5
62.598806 29.745087 1334680316882 108.0
62.59886 29.745151 1334680318879 106.5
62.598917 29.745213 1334680320894 106.5
62.598983 29.745261 1334680322893 106.5
62.599058 29.745325 1334680324883 105.0
62.599124 29.745377 1334680326897 103.5
62.599189 29.74544 1334680328908 104.0
62.599269 29.745516 1334680330876 103.5
62.599346 29.745597 1334680332887 102.0
62.599432 29.745684 1334680334877 101.5
62.599518 29.745768 1334680336890 101.0
62.599616 29.74586 1334680338892 102.5
62.599706 29.745945 1334680340885 102.0
62.599792 29.746027 1334680342878 99.5
62.599883 29.746128 1334680344881 100.5
62.599985 29.746211 1334680346884 100.5
62.60008 29.746309 1334680348876 101.0
62.600162 29.746382 1334680350892 99.5
62.600253 29.74646 1334680352880 101.0
62.600344 29.746552 1334680354911 101.0
62.600434 29.746638 1334680356884 101.5
62.600515 29.746734 1334680358897 100.5
62.600617 29.746809 1334680360895 102.5
62.600684 29.746879 1334680362896 102.0
62.600768 29.746961 1334680364877 99.5
62.600867 29.747043 1334680366877 100.0
62.600971 29.747124 1334680368874 101.0
62.601055 29.747187 1334680370892 99.5
62.601154 29.747276 1334680372898 99.0
62.601236 29.747342 1334680374874 97.5
62.601314 29.747416 1334680376877 96.5
62.601391 29.747479 1334680378872 95.5
62.60146 29.747542 1334680380870 95.0
62.601532 29.747595 1334680382880 94.0
62.601611 29.747628 1334680384884 96.5
62.601671 29.747685 1334680386895 97.0
62.601739 29.747743 1334680388901 98.0
62.601804 29.747809 1334680390872 98.5
62.60186 29.747869 1334680392894 98.0
62.601939 29.747931 1334680394902 100.0
62.602014 29.747999 1334680396871 101.0
62.602091 29.748071 1334680398886 102.0
62.602164 29.748132 1334680400884 103.0
62.602248 29.748188 1334680402894 106.0
62.602301 29.748227 1334680404894 104.0
62.60235 29.748265 1334680406911 103.0
62.602399 29.748287 1334680408885 104.0
62.602431 29.748309 1334680410871 103.5
62.60245 29.748315 1334680412880 103.5
62.602458 29.748329 1334680414893 105.0
62.60245 29.748324 1334680416880 103.0
62.602449 29.748326 1334680418943 102.5
62.602447 29.748328 1334680420927 102.5
62.602447 29.748329 1334680422934 102.0
62.602447 29.748331 1334680424937 102.5
62.602453 29.748327 1334680426937 103.0
62.60248 29.748342 1334680428936 103.0
62.602516 29.748373 1334680430938 104.0
62.602541 29.748427 1334680432921 103.5
62.602583 29.748479 1334680434937 104.0
62.602637 29.748544 1334680436934 104.0
62.60268 29.748629 1334680438925 104.5
62.602731 29.748695 1334680440946 104.5
62.602777 29.748736 1334680442929 103.5
62.602822 29.748767 1334680444934 103.0
62.602861 29.748786 1334680446924 103.5
62.602895 29.748804 1334680448934 103.0
62.602921 29.748827 1334680450939 104.0
62.602956 29.748854 1334680452946 104.0
62.602977 29.748874 1334680454939 103.5
62.602985 29.748867 1334680456925 103.5
62.602972 29.748818 1334680458911 106.0
62.602951 29.748791 1334680460923 106.5
62.602923 29.7488 1334680462926 105.0
62.602908 29.748828 1334680464937 105.0
62.602889 29.748834 1334680466926 105.5
62.60287 29.748848 1334680468931 105.0
62.602831 29.748846 1334680470927 106.5
62.602785 29.748764 1334680472921 107.0
62.602748 29.748693 1334680474942 107.5
62.60271 29.748647 1334680476940 106.0
62.60265 29.748647 1334680478931 105.5
62.602653 29.7486 1334680480921 105.5
62.602635 29.748679 1334680482935 105.5
62.602596 29.748838 1334680484917 106.0
62.602601 29.748969 1334680486932 106.5
62.602631 29.749018 1334680488931 107.0
62.602681 29.749039 1334680490941 106.5
62.602762 29.749037 1334680492928 107.0
62.602829 29.749066 1334680494928 107.0
62.60289 29.749125 1334680496940 105.5
62.602948 29.749219 1334680498928 104.5
62.603021 29.749291 1334680500936 105.0
62.603101 29.749372 1334680502936 105.0
62.603186 29.749455 1334680504935 105.0
62.603262 29.749524 1334680506919 105.5
62.603325 29.749597 1334680508919 105.0
62.60338 29.749666 1334680510930 105.0
62.60343 29.749749 1334680512918 105.0
62.603476 29.749823 1334680514921 105.5
62.603511 29.749922 1334680516929 107.0
62.603529 29.749986 1334680518927 106.0
62.603575 29.750031 1334680520922 105.0
62.603633 29.75008 1334680522921 105.0
62.603689 29.750124 1334680524926 105.0
62.603758 29.750128 1334680526930 105.0
62.603818 29.750132 1334680528930 105.5
62.603882 29.750228 1334680530931 107.5
62.603951 29.750303 1334680532929 107.0
62.604006 29.750341 1334680534943 106.5
62.604068 29.750346 1334680536932 106.5
62.604118 29.750318 1334680538935 106.5
62.604178 29.750291 1334680540931 104.5
62.604232 29.750345 1334680542927 104.5
62.604305 29.750398 1334680544919 104.5
62.604356 29.750486 1334680546941 105.0
62.604448 29.750554 1334680548930 105.0
62.604538 29.750592 1334680550930 105.0
62.604655 29.750663 1334680552927 105.0
62.604769 29.750697 1334680554951 106.5
62.604845 29.750742 1334680556933 106.5
62.604923 29.750793 1334680558954 106.0
62.604987 29.750844 1334680560951 106.0
62.605033 29.750865 1334680562927 106.0
62.605116 29.750794 1334680564945 106.0
62.605197 29.750718 1334680566927 106.5
62.605273 29.750638 1334680568919 106.0
62.60534 29.750541 1334680570968 105.0
62.605393 29.750459 1334680572941 105.5
62.605571 29.750259 1334680578924 100.0
62.605638 29.75018 1334680580936 101.0
62.605714 29.75008 1334680582932 101.0
62.605809 29.749975 1334680584935 103.0
62.605891 29.749875 1334680586928 103.5
62.605972 29.74975 1334680588926 104.5
62.606091 29.749643 1334680590926 106.0
62.606182 29.749544 1334680592923 107.5
62.606266 29.749453 1334680594939 108.5
62.606387 29.74934 1334680596942 109.5
62.606461 29.749251 1334680598929 109.5
62.606541 29.749145 1334680600941 109.0
62.606599 29.749061 1334680602928 111.0
62.606665 29.748983 1334680604925 110.5
62.606724 29.748898 1334680606929 112.0
62.606785 29.748857 1334680608944 111.5
62.606843 29.748825 1334680610932 113.0
62.606875 29.74881 1334680612923 114.5
62.606877 29.748765 1334680614941 115.0
62.606985 29.748646 1334680616931 115.0
62.607052 29.748557 1334680618925 115.0
62.607148 29.748288 1334680620927 117.0
62.60723 29.748174 1334680622928 118.0
62.607383 29.747987 1334680624953 117.5
62.607468 29.747885 1334680626927 117.0
62.607613 29.747695 1334680628928 117.0
62.607701 29.747608 1334680630921 116.5
62.607806 29.747474 1334680632931 115.5
62.607848 29.747426 1334680634918 115.5
62.607952 29.746972 1334680636927 115.0
62.608006 29.746877 1334680638926 115.5
62.608112 29.746738 1334680640921 115.5
62.60817 29.746655 1334680642921 116.0
62.608275 29.746541 1334680644921 116.5
62.608406 29.746425 1334680646921 116.5
62.608506 29.746319 1334680648918 116.5
62.608601 29.746215 1334680650917 118.0
62.608727 29.746086 1334680652925 117.5
62.60885 29.745912 1334680654933 118.0
62.608953 29.745778 1334680656918 118.0
62.60903 29.745703 1334680658917 117.5
62.609094 29.745628 1334680660919 119.0
62.609141 29.745613 1334680662918 119.0
62.60917 29.745582 1334680664913 119.0
62.609328 29.745389 1334680666918 117.0
62.609465 29.745246 1334680668916 117.5
62.609631 29.74508 1334680670916 122.0
62.609761 29.744994 1334680672951 125.5
62.609994 29.744794 1334680676949 125.5
62.610086 29.744729 1334680678921 125.0
62.610182 29.744526 1334680680921 124.5
62.610242 29.744374 1334680682927 124.0
62.610308 29.744241 1334680684921 123.0
62.61051 29.743994 1334680688925 122.5
62.610654 29.743903 1334680690921 122.0
62.61076 29.743756 1334680692918 124.0
62.610873 29.743697 1334680694921 124.5
62.610939 29.7437 1334680696924 122.0
62.611008 29.743629 1334680698930 121.0
62.611071 29.743597 1334680700927 120.5
62.611129 29.743535 1334680702928 119.0
62.611193 29.743459 1334680704931 116.5
62.611247 29.743396 1334680706924 116.5
62.611342 29.743301 1334680708927 116.0
62.6114 29.74324 1334680710933 115.5
62.611485 29.743136 1334680712938 114.0
62.611547 29.743055 1334680714938 113.5
62.6116 29.742996 1334680716929 111.0
62.611696 29.74289 1334680718926 110.5
62.611801 29.742792 1334680720938 110.5
62.611883 29.742703 1334680722929 111.0
62.611996 29.742551 1334680724928 110.5
62.612076 29.742482 1334680726933 110.0
62.612146 29.742423 1334680728937 110.0
62.612226 29.742347 1334680730933 110.5
62.612274 29.742284 1334680732926 110.5
62.612323 29.74225 1334680734934 111.0
62.61243 29.742134 1334680736936 112.0
62.612541 29.741982 1334680738919 112.0
62.612672 29.741742 1334680740920 108.0
62.612783 29.741622 1334680742938 108.0
62.612907 29.741497 1334680744921 107.0
62.613014 29.741384 1334680746938 106.5
62.613127 29.74124 1334680748973 106.5
62.613211 29.7411 1334680750938 107.0
62.613274 29.74093 1334680752932 106.0
62.613325 29.740754 1334680754929 106.5
62.613373 29.740555 1334680756936 107.0
62.613418 29.740372 1334680758920 108.0
62.613343 29.740297 1334680760943 108.0
62.613382 29.740191 1334680762937 108.0
62.6134 29.740114 1334680764916 108.0
62.61347 29.739961 1334680766923 108.5
62.613515 29.739862 1334680768927 108.5
62.613447 29.739764 1334680770932 108.5
62.613471 29.739681 1334680772919 109.5
62.613566 29.739559 1334680774941 109.5
62.613638 29.739502 1334680776921 110.5
62.613696 29.739439 1334680778921 111.0
62.613766 29.739427 1334680780927 112.5
62.613783 29.739405 1334680782929 111.5
62.613805 29.739359 1334680784940 112.0
62.613826 29.739324 1334680786931 111.5
62.613846 29.73935 1334680788938 111.0
62.613853 29.739376 1334680790928 110.5
62.613866 29.739401 1334680792927 110.0
62.613861 29.739432 1334680794924 110.0
62.613859 29.73946 1334680796933 109.5
62.613846 29.739469 1334680798932 109.5
62.61383 29.739484 1334680800934 109.0
62.61381 29.739496 1334680802934 108.5
62.61381 29.739511 1334680804944 108.5
62.613791 29.739504 1334680806931 106.5
62.613791 29.739529 1334680808923 106.5
62.613747 29.739551 1334680810931 105.0
62.61374 29.739593 1334680812934 105.0
62.613675 29.739736 1334680818949 104.5
62.613637 29.739784 1334680820929 104.5
62.613626 29.739794 1334680822925 104.5
62.613628 29.739796 1334680824925 106.5
62.613603 29.739772 1334680826924 107.0
62.613604 29.739786 1334680828937 108.0
62.613589 29.739805 1334680830923 108.0
62.613611 29.739871 1334680832924 111.0
62.61362 29.739901 1334680834934 112.0
62.613506 29.740019 1334680836913 113.0
62.613483 29.740034 1334680838925 113.0
62.613523 29.740029 1334680840921 113.0
62.613568 29.74 1334680842921 113.0
62.613592 29.739992 1334680844916 113.5
62.613654 29.739953 1334680846931 113.5
62.613731 29.739937 1334680848921 113.0
62.613766 29.739864 1334680850927 113.0
62.613796 29.739859 1334680852920 112.5
62.613793 29.739829 1334680854927 112.5
62.613797 29.739788 1334680856933 113.0
62.613848 29.739705 1334680858929 112.5
62.613872 29.739601 1334680860925 112.5
62.613888 29.739547 1334680862924 112.5
62.613904 29.739486 1334680864918 112.5
62.613941 29.739502 1334680866924 112.0
62.614027 29.73953 1334680868945 111.0
62.614082 29.739529 1334680870921 111.0
62.614195 29.739821 1334680876919 108.0
62.614246 29.739919 1334680878931 106.5
62.614287 29.74001 1334680880925 106.5
62.614365 29.740127 1334680882929 106.5
62.614424 29.74024 1334680884921 106.0
62.61449 29.740355 1334680886929 105.5
62.614552 29.740499 1334680888958 106.5
62.614603 29.740599 1334680890934 106.0
62.614652 29.740693 1334680892939 104.0
62.614712 29.740778 1334680894961 106.0
62.614764 29.740848 1334680896936 106.5
62.614831 29.740955 1334680898932 107.5
62.614907 29.741104 1334680900937 108.0
62.614981 29.741264 1334680902925 107.0
62.615027 29.741458 1334680904916 107.0
62.615094 29.741618 1334680906923 108.5
62.615128 29.74175 1334680908938 109.0
62.615166 29.741831 1334680910932 109.0
62.61519 29.741905 1334680912913 109.5
62.615194 29.742011 1334680914923 109.5
62.61521 29.742132 1334680916929 109.5
62.615246 29.742224 1334680918922 110.5
62.615259 29.742332 1334680920944 110.5
62.615249 29.742433 1334680922915 110.0
62.615198 29.742462 1334680924936 107.5
62.615137 29.742479 1334680926927 107.5
62.615092 29.742498 1334680928921 107.5
62.615052 29.742512 1334680930944 107.5
62.615003 29.742572 1334680932926 108.0
62.614932 29.742554 1334680934936 103.0
62.61481 29.742625 1334680938936 98.5
62.614764 29.742713 1334680940933 94.5
62.614763 29.742795 1334680942934 94.5
62.614764 29.742882 1334680944956 93.5
62.614774 29.742971 1334680946928 94.0