62.619963 29.827832 1334356167234 164.7
62.619963 29.827832 1334356169234 164.7
62.619963 29.827832 1334356171236 164.7
62.619963 29.827832 1334356173234 164.7
62.619963 29.827832 1334356175235 164.7
62.619963 29.827832 1334356177237 164.7
62.619963 29.827832 1334356179234 164.7
62.619963 29.827832 1334356181244 13.5
62.620836 29.828712 1334356183233 15.3
62.620874 29.828644 1334356185235 18.7
62.620841 29.828612 1334356187236 21.2
62.620783 29.828537 1334356189237 24.4
62.620745 29.828437 1334356191238 31.3
62.620698 29.828349 1334356195237 38.9
62.620582 29.82833 1334356197235 43.0
62.620578 29.82834 1334356199248 43.3
62.620335 29.828082 1334356201236 54.0
62.620269 29.82805 1334356203235 56.5
62.620228 29.828077 1334356205237 59.1
62.620165 29.828091 1334356207235 59.7
62.620115 29.828114 1334356209235 60.5
62.620046 29.828161 1334356211235 62.8
62.620031 29.828167 1334356213238 63.3
62.620026 29.828161 1334356215235 63.5
62.620018 29.828187 1334356217234 64.0
62.620019 29.828192 1334356219236 64.1
62.620019 29.828192 1334356221232 64.1
62.620018 29.828186 1334356225240 64.1
62.62002 29.82819 1334356227241 64.1
62.620028 29.828211 1334356229236 64.2
62.619986 29.82824 1334356231236 65.0
62.619914 29.828248 1334356233236 65.5
62.619893 29.828249 1334356235236 65.6
62.61984 29.82827 1334356237235 67.2
62.619794 29.828356 1334356239235 67.0
62.619782 29.828475 1334356241236 70.6
62.61973 29.828547 1334356243236 72.8
62.619724 29.828591 1334356245242 74.1
62.61974 29.828632 1334356247234 76.6
62.619689 29.828666 1334356249235 75.9
62.619641 29.828658 1334356251236 82.8
62.619557 29.828708 1334356255234 82.7
62.619444 29.82888 1334356257235 87.1
62.61939 29.828901 1334356259234 86.7
62.619345 29.828908 1334356261234 86.5
62.619305 29.828927 1334356263235 87.0
62.619292 29.828903 1334356265235 88.1
62.619249 29.828865 1334356267234 91.1
62.61917 29.828826 1334356269236 91.3
62.619087 29.828841 1334356271234 91.7
62.618967 29.828862 1334356273236 88.7
62.618932 29.828871 1334356275236 88.4
62.61877 29.828884 1334356277241 88.5
62.618676 29.828864 1334356279241 88.9
62.618615 29.828816 1334356281232 88.1
62.618533 29.828772 1334356285236 89.4
62.618425 29.828748 1334356287235 88.2
62.618304 29.828737 1334356289235 91.6
62.618234 29.828735 1334356291235 88.5
62.618176 29.828666 1334356293240 87.3
62.618143 29.828614 1334356295236 86.4
62.618029 29.828476 1334356297236 91.0
62.617948 29.828427 1334356299236 88.5
62.617863 29.828459 1334356301234 88.2
62.617776 29.828452 1334356303236 88.2
62.617741 29.828466 1334356305234 87.9
62.617618 29.828586 1334356307236 94.6
62.617548 29.828607 1334356309242 95.3
62.617468 29.828553 1334356311232 92.4
62.617333 29.828517 1334356315236 92.3
62.617247 29.82851 1334356317240 92.7
62.617174 29.828482 1334356319236 93.5
62.617128 29.828442 1334356321234 96.2
62.617109 29.82844 1334356323240 96.6
62.617104 29.828428 1334356325234 96.6
62.617107 29.828414 1334356327236 97.9
62.617114 29.82839 1334356329236 98.8
62.617139 29.828345 1334356331235 99.9
62.61715 29.828317 1334356333241 99.8
62.617154 29.828303 1334356335234 100.1
62.617165 29.828259 1334356337234 100.3
62.61716 29.828242 1334356339237 100.2
62.617146 29.828223 1334356341241 101.6
62.617181 29.828289 1334356345240 103.0
62.617211 29.828395 1334356347241 100.1
62.617242 29.828464 1334356349240 99.6
62.617249 29.828458 1334356351235 100.6
62.617251 29.828454 1334356353235 101.4
62.617258 29.82846 1334356355251 103.1
62.61723 29.828449 1334356357287 100.8
62.617224 29.828426 1334356359778 99.3
62.617225 29.828429 1334356361234 99.8
62.61722 29.828416 1334356363266 100.2
62.617217 29.828415 1334356365232 99.8
62.617212 29.828412 1334356367293 99.7
62.617209 29.828409 1334356369232 99.7
62.617209 29.828406 1334356371235 99.6
62.617209 29.828407 1334356375235 99.4
62.617321 29.828372 1334356377260 95.0
62.617294 29.82838 1334356379233 94.3
62.617281 29.828342 1334356381235 95.0
62.617271 29.828335 1334356383233 95.9
62.617198 29.828361 1334356385235 95.9
62.61719 29.828363 1334356387242 95.8
62.61719 29.828364 1334356389233 95.4
62.61718 29.82838 1334356391240 93.7
62.61717 29.828383 1334356393236 92.2
62.617168 29.828404 1334356395241 91.5
62.617179 29.828404 1334356397233 91.3
62.617189 29.82837 1334356399235 91.5
62.617209 29.828358 1334356401233 93.1
62.617208 29.828357 1334356405234 96.9
62.617207 29.828337 1334356407235 97.0
62.617182 29.828346 1334356409233 96.9
62.617182 29.828283 1334356411235 95.8
62.617168 29.828209 1334356413236 93.7
62.617172 29.828114 1334356415233 91.5
62.617139 29.828003 1334356417235 91.6
62.617139 29.827935 1334356419239 90.7
62.61714 29.827726 1334356421235 89.9
62.617139 29.827558 1334356423236 89.3
62.617149 29.827352 1334356425233 88.4
62.617164 29.827147 1334356427235 87.7
62.617166 29.827011 1334356429240 87.5
62.617125 29.82663 1334356431235 86.7
62.617093 29.826257 1334356435233 87.1
62.617088 29.826006 1334356437233 87.8
62.617085 29.825922 1334356439237 88.0
62.617093 29.825602 1334356441234 87.9
62.617091 29.825428 1334356443235 87.8
62.617086 29.825215 1334356445240 88.3
62.617078 29.825072 1334356447235 88.5
62.617072 29.824968 1334356449235 88.3
62.617027 29.824681 1334356451233 88.2
62.617028 29.824564 1334356453235 88.0
62.617006 29.824459 1334356455233 87.3
62.61705 29.824314 1334356457236 86.5
62.617029 29.824174 1334356459233 87.9
62.617006 29.823904 1334356461241 88.0
62.616971 29.823602 1334356465233 88.4
62.616952 29.823474 1334356467233 88.1
62.616946 29.82341 1334356469235 87.9
62.61692 29.823208 1334356471235 88.2
62.616898 29.823117 1334356473233 88.0
62.616848 29.822992 1334356475235 87.4
62.616827 29.822916 1334356477235 88.1
62.616816 29.822879 1334356479233 88.0
62.616727 29.822736 1334356481234 86.0
62.616666 29.822608 1334356483233 84.3
62.616631 29.822462 1334356485236 84.5
62.616607 29.822339 1334356487233 84.7
62.616594 29.822284 1334356489235 84.4
62.61655 29.822144 1334356491234 83.6
62.616507 29.821907 1334356495235 83.1
62.616467 29.821762 1334356497235 83.2
62.616456 29.82168 1334356499233 83.1
62.61642 29.821439 1334356501233 83.1
62.616392 29.821301 1334356503235 83.3
62.616373 29.821136 1334356505235 83.3
62.616366 29.82098 1334356507235 83.3
62.616361 29.820905 1334356509235 81.4
62.616325 29.820699 1334356511233 83.2
62.616288 29.82056 1334356513234 80.6
62.616256 29.820364 1334356515236 80.9
62.616246 29.82019 1334356517233 81.8
62.616242 29.820101 1334356519236 83.2
62.616237 29.819816 1334356521233 83.2
62.616219 29.819456 1334356525240 86.4
62.616198 29.819277 1334356527235 86.5
62.616177 29.819196 1334356529233 84.8
62.616131 29.818984 1334356531235 84.8
62.616093 29.81882 1334356533240 81.5
62.616058 29.818657 1334356535235 81.3
62.616024 29.81849 1334356537233 81.5
62.61601 29.8184 1334356539241 81.1
62.615954 29.818142 1334356541235 78.4
62.615912 29.817981 1334356543233 77.4
62.615886 29.817815 1334356545233 77.2
62.61588 29.81769 1334356547233 76.4
62.615872 29.817636 1334356549233 76.0
62.615847 29.81747 1334356551235 75.6
62.615758 29.817053 1334356555235 78.0
62.615739 29.816873 1334356557235 81.5
62.615735 29.816737 1334356559235 81.4
62.615714 29.81654 1334356561233 80.7
62.61569 29.8163 1334356563235 81.1
62.615677 29.816169 1334356565240 81.1
62.615654 29.816066 1334356567234 81.4
62.615591 29.815952 1334356569233 82.8
62.615419 29.81562 1334356571233 85.8
62.615326 29.815424 1334356573234 85.8
62.615274 29.815251 1334356575235 82.6
62.615232 29.815063 1334356577233 83.0
62.615216 29.814964 1334356579235 82.7
62.615192 29.814649 1334356581240 82.5
62.615122 29.814294 1334356585236 84.1
62.615096 29.814145 1334356587236 84.3
62.615078 29.814066 1334356589233 84.8
62.615056 29.813851 1334356591233 86.5
62.615042 29.813697 1334356593235 87.2
62.615014 29.813598 1334356595233 88.0
62.614988 29.813429 1334356597233 88.0
62.614982 29.813359 1334356599234 88.5
62.614972 29.813167 1334356601235 89.9
62.614938 29.813005 1334356603235 91.6
62.614904 29.812876 1334356605241 91.9
62.614875 29.812791 1334356607235 92.7
62.61486 29.812754 1334356609236 93.2
62.61483 29.812642 1334356611233 93.3
62.614808 29.812535 1334356615235 92.5
62.614803 29.812459 1334356617233 91.1
62.61478 29.812358 1334356619235 89.8
62.614733 29.812113 1334356621235 89.4
62.61467 29.811917 1334356623233 90.5
62.61463 29.811785 1334356625240 90.5
62.614592 29.811654 1334356627233 90.5
62.614569 29.811593 1334356629235 90.6
62.614467 29.81137 1334356631234 90.1
62.614444 29.811202 1334356633233 89.3
62.614425 29.811012 1334356635235 87.8
62.614391 29.810886 1334356637242 87.4
62.614378 29.810831 1334356639235 87.0
62.61437 29.810531 1334356641235 80.2
62.614337 29.810127 1334356645233 75.7
62.614307 29.809995 1334356647233 75.2
62.614294 29.809932 1334356649236 74.8
62.614322 29.809652 1334356651242 75.0
62.614316 29.809532 1334356653235 73.4
62.61434 29.809287 1334356655235 74.0
62.614288 29.808962 1334356657239 76.6
62.614253 29.808826 1334356659242 77.4
62.614238 29.808482 1334356661235 78.4
62.614194 29.808221 1334356663233 76.8
62.614164 29.807951 1334356665261 77.5
62.614135 29.807785 1334356667243 77.5
62.614133 29.807692 1334356669233 77.9
62.614106 29.807427 1334356671233 77.3
62.614123 29.806864 1334356675235 75.0
62.614129 29.806621 1334356677235 74.6
62.614036 29.806456 1334356679235 76.7
62.614039 29.806247 1334356681235 77.1
62.614028 29.80608 1334356683235 77.4
62.61403 29.805926 1334356685233 75.3
62.614008 29.805716 1334356687235 72.8
62.614014 29.805634 1334356689236 72.5
62.614017 29.805303 1334356691233 69.8
62.613995 29.805145 1334356693235 70.2
62.613974 29.804915 1334356695235 71.1
62.613962 29.804725 1334356697233 71.0
62.613952 29.804616 1334356699233 71.6
62.61395 29.804356 1334356701235 72.3
62.61392 29.803857 1334356705235 74.5
62.61388 29.803694 1334356707240 75.8
62.61385 29.803654 1334356709233 75.8
62.613786 29.803466 1334356711233 75.1
62.613751 29.803303 1334356713235 75.1
62.613722 29.803134 1334356715234 74.6
62.6137 29.803009 1334356717236 74.1
62.613692 29.802962 1334356719235 73.8
62.613671 29.802816 1334356721247 74.9
62.61366 29.802724 1334356723235 75.0
62.613642 29.802684 1334356725233 75.6
62.613627 29.802653 1334356727240 76.0
62.613618 29.802626 1334356729234 76.1
62.613602 29.80254 1334356731240 76.4
62.613584 29.802384 1334356735240 77.2
62.613564 29.802336 1334356737233 77.6
62.61356 29.802233 1334356739236 77.6
62.613532 29.801994 1334356741233 77.8
62.613473 29.801432 1334356743233 77.9
62.613455 29.801071 1334356745235 77.7
62.613427 29.800747 1334356747233 77.2
62.613422 29.800669 1334356749260 77.0
62.613375 29.800381 1334356751234 76.9
62.613326 29.800168 1334356753243 77.4
62.613267 29.800016 1334356755233 77.7
62.613192 29.799892 1334356757235 78.4
62.613107 29.799745 1334356759236 78.6
62.612898 29.799183 1334356761233 79.5
62.61275 29.79864 1334356765236 80.1
62.612678 29.798365 1334356767233 80.1
62.612646 29.798217 1334356769233 80.4
62.612478 29.797856 1334356771233 80.6
62.612365 29.797539 1334356773234 80.7
62.612279 29.797306 1334356775236 81.1
62.612201 29.797166 1334356777236 82.0
62.612159 29.797103 1334356779233 82.2
62.612068 29.796932 1334356781235 82.0
62.61195 29.796788 1334356783235 87.0
62.611878 29.796648 1334356785235 86.7
62.611802 29.796561 1334356787240 87.3
62.611769 29.79648 1334356789240 87.3
62.611654 29.796277 1334356791240 84.4
62.611515 29.795999 1334356795241 84.2
62.611457 29.795808 1334356797235 84.8
62.611438 29.795724 1334356799233 85.1
62.611395 29.795502 1334356801233 85.7
62.611398 29.795422 1334356803235 85.4
62.61139 29.795436 1334356805235 85.2
62.611381 29.795415 1334356807235 85.4
62.611388 29.795416 1334356809235 85.4
62.611381 29.795414 1334356811236 87.0
62.611394 29.79548 1334356813262 80.9
62.611393 29.79544 1334356815235 79.8
62.611366 29.795387 1334356817233 79.3
62.611361 29.795368 1334356819233 80.3
62.611326 29.795316 1334356821233 77.9
62.611281 29.795274 1334356825236 79.5
62.611242 29.795186 1334356827236 81.0
62.611229 29.795144 1334356829233 81.8
62.611165 29.794978 1334356831233 85.3
62.611108 29.794874 1334356833235 86.6
62.611085 29.794774 1334356835233 86.9
62.61108 29.794786 1334356837233 87.4
62.611079 29.794788 1334356839235 87.3
62.611067 29.794861 1334356841235 88.3
62.611064 29.79485 1334356843235 88.0
62.611059 29.794809 1334356845235 87.9
62.611065 29.794832 1334356847233 87.7
62.611068 29.794838 1334356849234 87.8
62.611066 29.794784 1334356851237 89.4
62.61102 29.794674 1334356855233 90.0
62.610968 29.794528 1334356857233 90.1
62.610941 29.794421 1334356859240 90.1
62.610844 29.794168 1334356861235 90.4
62.610791 29.794017 1334356863235 90.0
62.610738 29.793882 1334356865233 89.5
62.610684 29.793698 1334356867233 88.2
62.610658 29.793621 1334356869236 87.6
62.610575 29.793327 1334356871233 86.0
62.61054 29.79306 1334356873237 84.7
62.610496 29.792816 1334356875250 84.1
62.610381 29.79266 1334356877233 84.2
62.610366 29.79254 1334356879235 84.5
62.61033 29.792295 1334356881233 84.5
62.610272 29.792007 1334356885235 84.8
62.610261 29.791786 1334356887236 84.2
62.610256 29.791713 1334356889233 84.1
62.610268 29.791294 1334356891232 84.8
62.610266 29.791084 1334356893235 85.0
62.610281 29.790895 1334356895240 85.5
62.610265 29.790786 1334356897236 85.3
62.610265 29.790745 1334356899233 85.3
62.610248 29.790576 1334356901235 85.0
62.610255 29.790448 1334356903237 84.8
62.610168 29.79004 1334356905238 83.3
62.610063 29.789678 1334356907235 82.3
62.610041 29.78958 1334356909233 81.7
62.609914 29.789108 1334356911233 81.5
62.609869 29.788524 1334356915233 81.3
62.609868 29.788306 1334356917233 81.1
62.609875 29.788145 1334356919233 80.9
62.609864 29.787729 1334356921233 80.3
62.609846 29.787591 1334356923261 80.0
62.609805 29.787502 1334356925233 79.9
62.609798 29.78737 1334356927241 80.1
62.609736 29.787178 1334356929233 80.1
62.609624 29.786732 1334356931233 80.4
62.609559 29.786466 1334356933233 80.4
62.609498 29.786264 1334356935233 80.2
62.609432 29.786079 1334356937233 80.3
62.609379 29.786011 1334356940484 80.3
62.609306 29.78591 1334356941275 80.5
62.609201 29.78581 1334356945242 81.0
62.609047 29.785656 1334356947237 82.2
62.608971 29.785487 1334356949235 82.7
62.608925 29.78527 1334356951233 83.0
62.608856 29.785194 1334356953254 83.3
62.608837 29.785153 1334356955233 83.7
62.608725 29.784914 1334356957235 85.7
62.608669 29.784798 1334356959233 86.1
62.608645 29.78472 1334356961233 86.0
62.608635 29.784676 1334356963340 85.8
62.608577 29.784276 1334356965235 85.5
62.608512 29.784082 1334356967243 85.5
62.608447 29.783935 1334356969233 84.1
62.608394 29.783819 1334356971273 84.9
62.608348 29.78367 1334356975240 84.6
62.608323 29.783546 1334356977233 84.7
62.608313 29.783464 1334356979233 85.3
62.608313 29.783464 1334356981255 84.6
62.608206 29.783006 1334356983263 78.2
62.608197 29.7829 1334356985233 77.7
62.608102 29.78265 1334356987235 77.9
62.608069 29.782536 1334356989253 78.7
62.608069 29.782536 1334356991256 80.7
62.607935 29.781955 1334356993263 83.2
62.607898 29.781791 1334356995233 82.3
62.60782 29.781428 1334356997240 83.8
62.607796 29.781314 1334356999237 83.6
62.607771 29.781199 1334357001345 84.6
62.607745 29.780932 1334357005233 84.4
62.607669 29.780533 1334357007233 84.6
62.607641 29.780343 1334357009241 81.3
62.607615 29.780201 1334357011233 80.8
62.607614 29.780005 1334357013245 80.2
62.6076 29.779818 1334357015243 80.0
62.607584 29.779565 1334357017276 78.7
62.607582 29.779127 1334357019290 76.2
62.607593 29.77879 1334357021273 76.5
62.6076 29.778629 1334357023266 77.0
62.607574 29.778356 1334357025243 74.7
62.607569 29.778007 1334357027257 74.7
62.607553 29.777796 1334357029236 73.1
62.607548 29.777637 1334357031340 73.1
62.607542 29.77739 1334357035240 73.2
62.607517 29.777166 1334357037236 73.4
62.607502 29.776962 1334357039236 73.5
62.607488 29.776816 1334357041243 73.5
62.607482 29.776648 1334357043253 73.5
62.607478 29.776581 1334357045233 73.6
62.607466 29.776399 1334357047235 73.7
62.60746 29.776272 1334357049235 73.6
62.607472 29.776029 1334357051233 74.7
62.607479 29.775779 1334357053235 76.0
62.607489 29.775679 1334357055233 75.8
62.607518 29.775406 1334357057236 74.3
62.607508 29.775214 1334357059235 74.7
62.607519 29.77506 1334357061349 72.5
62.60752 29.774854 1334357065233 70.8
62.607523 29.774744 1334357067242 70.0
62.607526 29.774712 1334357069254 69.3
62.607539 29.77468 1334357071269 69.3
62.607504 29.774676 1334357073246 71.2
62.607495 29.774679 1334357075233 71.9
62.607478 29.774682 1334357077233 72.0
62.607483 29.774676 1334357079278 72.1
62.607482 29.774671 1334357081278 72.9
62.607475 29.774665 1334357083268 72.9
62.60748 29.774685 1334357085236 73.1
62.607484 29.774681 1334357087240 72.9
62.607475 29.774679 1334357089235 73.5
62.607469 29.774644 1334357091349 73.6
62.607464 29.774624 1334357095241 73.8
62.607478 29.77459 1334357097235 74.6
62.607499 29.774609 1334357099253 74.5
62.607521 29.774621 1334357101251 74.6
62.607523 29.774608 1334357103248 74.9
62.607519 29.774617 1334357105233 74.7
62.607516 29.774586 1334357107233 73.9
62.607517 29.774586 1334357109236 73.2
62.607517 29.774575 1334357111262 73.1
62.607524 29.774576 1334357113243 72.5
62.607523 29.774573 1334357115236 72.6
62.607524 29.774576 1334357117233 72.3
62.60752 29.774574 1334357119240 72.1
62.607517 29.774583 1334357121294 71.4
62.607506 29.77459 1334357125235 71.0
62.607495 29.774616 1334357127235 71.3
62.60748 29.774649 1334357129235 71.2
62.607472 29.774666 1334357131253 70.6
62.60747 29.774672 1334357133244 70.2
62.607476 29.774676 1334357135233 69.7
62.607494 29.774667 1334357137233 68.9
62.607501 29.77466 1334357139246 68.9
62.60751 29.774662 1334357141287 68.9
62.607518 29.774675 1334357143270 67.2
62.607517 29.774602 1334357145236 64.3
62.607527 29.774558 1334357147240 63.7
62.607524 29.774551 1334357149235 63.0
62.607524 29.774548 1334357151304 62.6
62.607516 29.774558 1334357155235 61.8
62.607519 29.774419 1334357157238 64.1
62.607502 29.774322 1334357159233 65.6
62.607512 29.774229 1334357161235 65.5
62.607505 29.774146 1334357163248 66.2
62.607505 29.774112 1334357165233 66.5
62.607535 29.773981 1334357167245 67.7
62.607583 29.773882 1334357169251 69.1
62.607631 29.773801 1334357171256 69.7
62.607676 29.773734 1334357173243 70.6
62.607698 29.773682 1334357175244 71.4
62.607717 29.773627 1334357177237 73.0
62.607741 29.773573 1334357179241 73.2
62.607768 29.773425 1334357181349 71.4
62.607785 29.77325 1334357185235 70.7
62.607779 29.773051 1334357187235 70.3
62.607767 29.772925 1334357189305 70.6
62.607765 29.772842 1334357191237 70.9
62.607743 29.772752 1334357193243 71.3
62.607734 29.772713 1334357195241 71.4
62.607751 29.772491 1334357197237 72.1
62.60775 29.772437 1334357199301 71.9
62.607746 29.772184 1334357201248 71.2
62.607751 29.772112 1334357203284 70.3
62.607716 29.77189 1334357205236 70.7
62.607675 29.771677 1334357207236 71.7
62.607667 29.771602 1334357209235 72.2
62.607665 29.771421 1334357211341 74.6
62.607572 29.771097 1334357215235 79.8
62.607542 29.770912 1334357217240 75.8
62.607536 29.77085 1334357219236 74.6
62.607544 29.77059 1334357221242 75.1
62.607552 29.770472 1334357223234 75.2
62.607556 29.770338 1334357225252 75.1
62.607572 29.770241 1334357227235 75.5
62.607578 29.770211 1334357229235 75.7
62.60757 29.770093 1334357231233 74.9
62.607591 29.770004 1334357233256 75.3
62.607588 29.769932 1334357235242 74.8
62.607603 29.76983 1334357237235 74.9
62.607634 29.769761 1334357239236 74.1
62.607704 29.76967 1334357241313 73.2
62.607718 29.769495 1334357245235 71.4
62.607705 29.769375 1334357247235 70.8
62.607732 29.769267 1334357249235 71.3
62.607776 29.769159 1334357251241 71.1
62.607786 29.76912 1334357253236 71.4
62.607797 29.769094 1334357255241 71.4
62.607812 29.76904 1334357257235 71.9
62.607811 29.769035 1334357259241 71.9
62.607831 29.769065 1334357261241 71.2
62.607834 29.769068 1334357263243 70.9
62.607831 29.768925 1334357265235 70.7
62.607829 29.768842 1334357267237 70.5
62.607836 29.768769 1334357269233 70.5
62.607828 29.768672 1334357271285 70.7
62.607823 29.768523 1334357275235 70.5
62.607818 29.768379 1334357277235 70.5
62.607813 29.768318 1334357279233 70.5
62.607808 29.76814 1334357281235 70.7
62.607775 29.768088 1334357283241 70.8
62.60777 29.767998 1334357285233 70.8
62.607717 29.76796 1334357287236 71.5
62.607702 29.767929 1334357289233 71.8
62.607667 29.76786 1334357291242 72.5
62.607622 29.767725 1334357293240 72.9
62.607598 29.767613 1334357295233 73.2
62.607554 29.767509 1334357297233 75.4
62.607541 29.767476 1334357299239 75.7
62.607604 29.767299 1334357301276 75.3
62.60774 29.766966 1334357305233 75.6
62.607782 29.766787 1334357307238 74.1
62.607799 29.766719 1334357309241 73.2
62.607803 29.766518 1334357311239 71.1
62.607826 29.766352 1334357313252 70.4
62.607868 29.766201 1334357315241 70.3
62.607907 29.766081 1334357317235 70.6
62.607926 29.766039 1334357319234 70.7
62.607972 29.765724 1334357321290 71.3
62.607994 29.765637 1334357323266 71.9
62.608034 29.765449 1334357325235 71.3
62.608036 29.765378 1334357327235 71.8
62.608043 29.765334 1334357329235 71.6
62.608052 29.76513 1334357331340 73.5
62.608095 29.765062 1334357335243 75.0
62.608158 29.764827 1334357337233 74.5
62.608163 29.764812 1334357339235 74.4
62.608221 29.764722 1334357341275 75.5
62.608236 29.764551 1334357343250 75.1
62.608252 29.76421 1334357345233 75.5
62.608286 29.764016 1334357347233 78.9
62.608334 29.763946 1334357349242 78.8
62.608426 29.763728 1334357351235 79.3
62.608448 29.763628 1334357353248 78.6
62.608448 29.763628 1334357355295 78.6
62.608507 29.763389 1334357357279 80.2
62.60853 29.763334 1334357359233 80.6
62.608587 29.763212 1334357361330 81.4
62.608598 29.763089 1334357365238 83.0
62.608609 29.763078 1334357367235 82.0
62.608613 29.763076 1334357369233 81.8
62.608642 29.763072 1334357371233 81.5
62.608696 29.763117 1334357373260 80.4
62.608727 29.763135 1334357375233 78.5
62.608751 29.763234 1334357377233 78.2
62.608782 29.763225 1334357379233 78.2
62.608839 29.763235 1334357381233 77.0
62.608892 29.763287 1334357383271 74.9
62.608936 29.763356 1334357385235 73.6
62.608974 29.763415 1334357387235 67.2
62.60901 29.763446 1334357389233 66.2
62.609109 29.763472 1334357391309 63.4
62.609237 29.763589 1334357395307 66.4
62.6093 29.763636 1334357397233 66.0
62.609334 29.763648 1334357399235 66.1
62.609408 29.763678 1334357401240 66.9
62.609454 29.763686 1334357403233 66.7
62.609495 29.763636 1334357405244 65.9
62.609513 29.763616 1334357407245 66.3
62.609535 29.763605 1334357409237 66.9
62.609566 29.763657 1334357411233 68.8
62.609577 29.76368 1334357413235 69.4
62.60958 29.763692 1334357415235 70.2
62.609576 29.763716 1334357417236 72.7
62.609581 29.763714 1334357419233 73.5
62.609573 29.763707 1334357421324 74.1
62.609542 29.763683 1334357425235 77.6
62.609529 29.763667 1334357427233 77.8
62.609564 29.763688 1334357429236 76.8
62.609576 29.763598 1334357431244 75.8
62.609619 29.763462 1334357433257 77.7
62.609635 29.763319 1334357435233 78.6
62.609623 29.763184 1334357437233 80.6
62.609634 29.763132 1334357439233 80.9
62.609659 29.763028 1334357441233 81.3
62.609666 29.763001 1334357443265 80.8
62.609666 29.762881 1334357445244 83.2
62.609704 29.762722 1334357447290 84.5
62.609702 29.762617 1334357449234 86.9
62.609785 29.762489 1334357451319 86.1
62.609808 29.762261 1334357455233 86.6
62.609868 29.762159 1334357457285 87.3
62.609885 29.762125 1334357459233 87.5
62.609894 29.762034 1334357461237 87.9
62.609922 29.761961 1334357463233 86.6
62.609922 29.761961 1334357465236 89.9
62.610147 29.761638 1334357467241 94.2
62.610163 29.761565 1334357469236 96.7
62.610245 29.761474 1334357471253 98.2
62.61033 29.761418 1334357473252 96.4
62.61033 29.761418 1334357475245 99.1
62.610484 29.76125 1334357477236 98.9
62.610505 29.761217 1334357479236 99.0
62.61059 29.761012 1334357481292 99.4
62.610666 29.760756 1334357485235 98.5
62.610642 29.760578 1334357487233 98.1
62.610646 29.760544 1334357489233 97.8
62.6107 29.76033 1334357491287 96.1
62.610726 29.760216 1334357493274 96.4
62.610741 29.760076 1334357495240 95.5
62.610752 29.760002 1334357497248 95.1
62.610756 29.759974 1334357499236 95.0
62.61083 29.759796 1334357501242 96.1
62.610864 29.759706 1334357503239 95.3
62.610894 29.759594 1334357505233 95.3
62.610904 29.759555 1334357507239 95.1
62.61098 29.759424 1334357509233 95.5
62.611033 29.759328 1334357511294 95.2
62.611089 29.759084 1334357515235 95.4
62.611148 29.759026 1334357517241 94.9
62.611166 29.759011 1334357519235 94.9
62.611205 29.75886 1334357521245 94.5
62.611225 29.758789 1334357523252 94.4
62.611225 29.758789 1334357525244 94.2
62.611253 29.758649 1334357527233 93.7
62.611266 29.758602 1334357529233 93.4
62.611282 29.758524 1334357531242 93.7
62.611294 29.758457 1334357533262 94.0
62.611312 29.758308 1334357535271 93.6
62.611355 29.758106 1334357537233 93.5
62.611364 29.758031 1334357539234 93.5
62.611411 29.757898 1334357541326 93.0
62.611452 29.757577 1334357545264 92.0
62.611487 29.757355 1334357547235 91.7
62.611504 29.757276 1334357549233 91.6
62.611562 29.756967 1334357551235 91.2
62.611581 29.756887 1334357553241 91.0
62.611581 29.756887 1334357555238 91.3
62.611648 29.756627 1334357557233 92.1
62.611683 29.756494 1334357559233 91.7
62.611694 29.756345 1334357561286 90.5
62.611722 29.756079 1334357563260 88.9
62.611722 29.75596 1334357565233 88.8
62.611798 29.755724 1334357567237 88.5
62.611818 29.755606 1334357569233 88.8
62.611869 29.755338 1334357571277 89.2
62.61194 29.755029 1334357575235 89.4
62.61195 29.754972 1334357577240 89.3
62.61196 29.754869 1334357579242 89.3
62.611993 29.754756 1334357581303 89.5
62.612038 29.754548 1334357583262 90.4
62.612071 29.754402 1334357585233 90.6
62.612116 29.754307 1334357587233 90.7
62.612136 29.754263 1334357589240 90.8
62.61215 29.754209 1334357591252 91.1
62.61214 29.754162 1334357593245 91.0
62.612132 29.754152 1334357595233 91.1
62.612099 29.754168 1334357597233 91.3
62.612103 29.754131 1334357599233 91.9
62.612084 29.754044 1334357601286 92.5
62.612107 29.753988 1334357605252 92.3
62.61212 29.753788 1334357607233 92.3
62.612144 29.753752 1334357609233 92.2
62.612172 29.753548 1334357611251 92.2
62.612182 29.75346 1334357613275 92.2
62.612181 29.75337 1334357615235 92.1
62.612195 29.753312 1334357617236 92.1
62.612208 29.753295 1334357619274 92.2
62.612234 29.753167 1334357621254 92.0
62.61228 29.752838 1334357623294 92.3
62.612306 29.752709 1334357625236 92.5
62.612316 29.7525 1334357627241 92.6
62.612328 29.752406 1334357629240 92.6
62.612391 29.752226 1334357631296 92.5
62.612466 29.752178 1334357635238 91.6
62.61264 29.752187 1334357637235 91.4
62.612699 29.752203 1334357639233 91.1
62.612851 29.752063 1334357641290 91.3
62.612924 29.752018 1334357643256 90.2
62.61313 29.751878 1334357645235 92.3
62.613203 29.751858 1334357647235 92.4
62.613244 29.751807 1334357649236 93.1
62.613359 29.751687 1334357651292 94.3
62.6134 29.751626 1334357653263 96.1
62.613519 29.751449 1334357655233 97.9
62.613577 29.751319 1334357657233 102.7
62.613592 29.75129 1334357659233 102.6
62.613652 29.751037 1334357661263 103.1
62.613666 29.75083 1334357665242 103.0
62.613728 29.750465 1334357667235 101.0
62.613728 29.75037 1334357669235 99.7
62.613734 29.750121 1334357671243 95.9
62.61376 29.749926 1334357673251 93.4
62.613783 29.749787 1334357675233 91.3
62.613779 29.749676 1334357677237 90.5
62.613781 29.749595 1334357679233 89.0
62.613761 29.749218 1334357681245 88.8
62.613784 29.74908 1334357683286 88.7
62.613836 29.748779 1334357685233 88.8
62.61384 29.748648 1334357687235 89.1
62.613844 29.748517 1334357689235 89.7
62.613828 29.748214 1334357691293 89.4
62.613834 29.747756 1334357695240 89.2
62.613839 29.747605 1334357697238 89.8
62.613836 29.747543 1334357699236 90.1
62.613836 29.747438 1334357701246 89.9
62.613837 29.747352 1334357703250 90.9
62.613843 29.747251 1334357705235 90.8
62.61386 29.747132 1334357707236 92.1
62.613857 29.747089 1334357709233 92.0
62.613858 29.747016 1334357711299 91.6
62.613832 29.74699 1334357713254 91.0
62.613813 29.746928 1334357715233 91.9
62.613796 29.746896 1334357717241 92.2
62.613788 29.746868 1334357719233 92.3
62.613778 29.74678 1334357721283 91.0
62.613734 29.746724 1334357725241 93.6
62.613756 29.746656 1334357727233 93.0
62.613759 29.746653 1334357729233 92.8
62.613762 29.746636 1334357731287 91.4
62.613788 29.746618 1334357733272 90.0
62.613797 29.746583 1334357735241 90.8
62.613807 29.746558 1334357737235 90.5
62.613814 29.746552 1334357739233 90.2
62.613875 29.746437 1334357741304 89.0
62.61388 29.74643 1334357743318 89.0
62.613927 29.746316 1334357745240 88.7
62.614022 29.746253 1334357747254 90.9
62.61407 29.746236 1334357749233 91.3
62.614231 29.746158 1334357751256 91.9
62.614425 29.746093 1334357755236 94.9
62.614578 29.746128 1334357757233 103.7
62.614612 29.746131 1334357759234 104.5
62.614722 29.746164 1334357761265 101.5
62.614757 29.746173 1334357763272 102.4
62.614813 29.746224 1334357765233 97.7
62.614853 29.746189 1334357767236 99.8
62.614898 29.746242 1334357769233 94.9
62.614963 29.746332 1334357771261 91.4
62.615043 29.746387 1334357773248 88.8
62.615069 29.746404 1334357775233 87.8
62.615109 29.746263 1334357777233 85.5
62.615172 29.74612 1334357779236 79.5
62.615212 29.745995 1334357781265 77.8
62.615262 29.745386 1334357785235 82.5
62.615263 29.745199 1334357787233 84.6
62.615264 29.745139 1334357789241 84.8
62.61526 29.744825 1334357791246 84.8
62.615238 29.744567 1334357793245 83.0
62.615223 29.744392 1334357795233 81.9
62.615234 29.744243 1334357797237 83.1
62.615212 29.744026 1334357799240 85.0
62.615201 29.743658 1334357801267 87.7
62.61526 29.743388 1334357803273 88.3
62.615262 29.743274 1334357805233 88.7
62.615263 29.743221 1334357807237 88.7
62.615252 29.743176 1334357809236 89.1
62.61524 29.742923 1334357811262 90.0
62.615191 29.742654 1334357815235 88.9
62.615184 29.742568 1334357817233 89.8
62.615182 29.742553 1334357819233 89.5
62.615158 29.742534 1334357821240 89.5
62.61513 29.742486 1334357823254 88.6
62.615129 29.742467 1334357825233 87.3
62.615106 29.742393 1334357827241 84.9
62.615082 29.742348 1334357829235 85.4
62.61503 29.742299 1334357831293 85.8
62.614987 29.742271 1334357833233 86.2
62.614974 29.742262 1334357835233 86.0
62.614954 29.742308 1334357837235 85.8
62.614948 29.742342 1334357839236 85.7
62.614944 29.742363 1334357841248 85.8
62.614944 29.742363 1334357845233 85.8
62.614974 29.742383 1334357847235 85.8
62.615052 29.742472 1334357849240 85.8
62.615128 29.742525 1334357851233 85.8
62.615128 29.742525 1334357853233 85.8
62.615128 29.742525 1334357855233 85.8
62.615128 29.742525 1334357857236 85.8
62.615128 29.742525 1334357859233 85.8
62.615019 29.74239 1334357861241 85.9
62.615014 29.742299 1334357863232 86.0
62.615021 29.74216 1334357865241 86.1
62.615018 29.742174 1334357867241 86.1
62.615013 29.74213 1334357869238 86.1
62.615014 29.74213 1334357871241 86.0
62.614983 29.742278 1334357875241 86.1
62.614983 29.742284 1334357877236 86.1
62.614982 29.74229 1334357879235 86.1
62.614985 29.74229 1334357881239 86.1
62.614985 29.74229 1334357883233 86.1
62.614987 29.742263 1334357885236 86.2
62.614996 29.742311 1334357887241 86.2
62.615012 29.742325 1334357889235 86.1
62.615005 29.742336 1334357891235 86.2
62.615 29.742338 1334357893237 86.2
62.614982 29.742362 1334357895233 86.3
62.614968 29.742382 1334357897235 86.3
62.61497 29.742436 1334357899235 86.3
62.614947 29.742481 1334357901235 86.3
62.614947 29.742534 1334357905241 86.3
62.614947 29.742555 1334357907233 86.3
62.614935 29.742572 1334357909233 86.3
62.614929 29.742587 1334357911235 86.2
62.614928 29.742574 1334357913243 86.3
62.614925 29.742564 1334357915241 86.2
62.61493 29.742554 1334357917233 86.2
62.614988 29.742602 1334357919236 86.7
62.614976 29.742598 1334357921243 87.0
62.614974 29.742598 1334357923233 87.2
62.614969 29.742588 1334357925241 86.7
62.614965 29.742586 1334357927236 86.4
62.614971 29.742582 1334357929233 87.9
62.614963 29.742594 1334357931241 88.3
62.614952 29.742576 1334357935233 88.9
62.614954 29.74255 1334357937233 88.4
62.61494 29.742551 1334357939233 89.6
62.614952 29.742555 1334357941249 88.7
62.614953 29.742561 1334357943233 88.7
62.614948 29.742565 1334357945233 86.7
62.614932 29.742584 1334357947233 86.1
62.614934 29.742588 1334357949233 86.0
62.614937 29.742564 1334357951233 81.6
62.614924 29.74256 1334357953240 79.3
62.614891 29.742557 1334357955236 77.4
62.61488 29.742552 1334357957241 76.2
62.614868 29.742537 1334357959242 75.3
62.614866 29.742546 1334357961241 75.6
62.614852 29.742567 1334357965235 81.7
62.614848 29.742594 1334357967233 84.0
62.614866 29.742606 1334357969233 87.1
62.614848 29.742632 1334357971236 88.0
62.614833 29.742643 1334357973236 88.1
62.614801 29.742614 1334357975233 90.5
62.614799 29.74261 1334357977233 91.1
62.614798 29.742612 1334357979233 91.1
62.614795 29.742597 1334357981233 90.3
62.614793 29.74262 1334357983233 89.9
62.6148 29.742622 1334357985233 85.1
62.614796 29.742645 1334357987236 84.1
62.614767 29.742691 1334357989234 82.3
62.614772 29.742708 1334357991233 82.6
62.614804 29.742675 1334357995233 86.7
62.614802 29.742666 1334357997233 86.6
62.614815 29.742655 1334357999233 88.2
62.614865 29.742582 1334358001236 91.5
62.614872 29.742548 1334358003236 92.7
62.614881 29.742559 1334358005236 94.6
62.614883 29.742551 1334358007233 94.9
62.614834 29.742646 1334358009241 98.1
62.614802 29.742715 1334358011233 99.0
62.614794 29.742778 1334358013233 99.0
62.614792 29.742805 1334358015235 98.8
62.614793 29.74281 1334358017235 98.9
62.614792 29.742809 1334358019233 98.8
62.614792 29.742793 1334358021233 98.8
62.6148 29.742787 1334358025240 99.0
62.614802 29.742783 1334358027236 99.0
62.614828 29.7428 1334358029235 99.1
62.614848 29.742782 1334358031235 99.1
62.614856 29.742756 1334358033241 99.1
62.61486 29.742716 1334358035233 99.1
62.614861 29.742695 1334358037236 99.1
62.614864 29.742669 1334358039288 99.2
62.614882 29.742653 1334358041236 99.2
62.614887 29.742674 1334358043240 99.2
62.614892 29.742683 1334358045233 99.2
62.614894 29.742688 1334358047236 99.2
62.614876 29.742672 1334358049233 99.2
62.614874 29.742705 1334358051233 99.2
62.614856 29.74278 1334358055236 99.3
62.614843 29.742787 1334358057242 99.3
62.614832 29.742844 1334358059235 93.8
62.614829 29.742856 1334358061233 93.5
62.61484 29.742874 1334358063233 93.5
62.614846 29.742881 1334358065236 93.7
62.614818 29.742884 1334358067236 90.3
62.614794 29.742914 1334358069296 90.4
62.614796 29.742936 1334358071233 90.8
62.614787 29.742887 1334358073235 93.0
62.61479 29.742905 1334358075236 93.5
62.6148 29.742925 1334358077234 93.5
62.614839 29.74297 1334358079242 95.1
62.614846 29.742979 1334358081236 96.3
62.614854 29.743006 1334358085241 97.4
62.614856 29.743007 1334358087236 97.7
62.614855 29.743008 1334358089233 98.4
62.614854 29.743003 1334358091233 98.6
62.614854 29.742981 1334358093236 98.9
62.614854 29.742965 1334358095236 99.0
62.614854 29.742962 1334358097241 99.0
62.61487 29.742937 1334358099236 99.0
62.614871 29.742935 1334358101233 99.0
62.614871 29.743003 1334358103233 98.9
62.614885 29.742986 1334358105239 98.9
62.614897 29.74297 1334358107233 98.9
62.614924 29.74299 1334358109239 98.9
62.614934 29.743012 1334358111241 98.9
62.61489 29.74304 1334358115240 98.9
62.614887 29.74303 1334358117235 98.9
62.614933 29.743192 1334358119244 98.9
62.61492 29.743222 1334358121235 98.9
62.614936 29.743248 1334358123236 98.9
62.614983 29.743255 1334358125235 98.9
62.614986 29.743259 1334358127233 98.9
62.615007 29.743244 1334358129241 98.9
62.615014 29.743245 1334358131262 99.0
62.615028 29.743253 1334358133241 99.0
62.615044 29.743254 1334358135235 98.9
62.615052 29.743245 1334358137233 98.9
62.615069 29.743203 1334358139242 98.9
62.615079 29.743192 1334358141236 98.9
62.615058 29.74323 1334358145233 98.8
62.615054 29.743231 1334358147233 98.8
62.615051 29.743203 1334358149235 98.8
62.615052 29.74319 1334358151235 98.8
62.615054 29.743187 1334358153236 98.8
62.615064 29.743187 1334358155233 98.8
62.615055 29.743184 1334358157233 98.8
62.615036 29.743178 1334358159235 98.8
62.615036 29.743178 1334358161235 98.8
62.615041 29.743174 1334358163236 98.8
62.615043 29.743174 1334358165233 98.8
62.615043 29.743174 1334358167236 98.8
62.615043 29.743174 1334358169240 98.8
62.61502 29.743207 1334358171238 98.8
62.61502 29.743207 1334358175236 98.8
62.61502 29.743207 1334358177234 98.8
62.61502 29.743207 1334358179234 98.8
62.61502 29.743207 1334358181255 98.8
62.61502 29.743207 1334358183238 98.8
62.61502 29.743207 1334358185234 98.8
62.61502 29.743207 1334358187241 98.8
62.61502 29.743207 1334358189234 98.8
62.61502 29.743207 1334358191237 98.8
62.61502 29.743207 1334358193234 98.8
62.61502 29.743207 1334358195237 98.8
62.61502 29.743207 1334358197236 98.8
62.615192 29.742944 1334358199274 98.7
62.615199 29.742939 1334358201237 98.7
62.615256 29.742797 1334358205233 98.7
62.615302 29.742636 1334358207240 98.6
62.615302 29.74264 1334358209236 98.6
62.61535 29.742951 1334358211264 98.6
62.61535 29.742951 1334358213238 98.6
62.61535 29.742951 1334358215234 98.6
62.61535 29.742951 1334358217242 98.6
62.61535 29.742951 1334358219234 98.6
62.61535 29.742951 1334358221237 98.6
62.61535 29.742951 1334358223242 98.6
62.61535 29.742951 1334358225234 98.6
62.61535 29.742951 1334358227237 98.6
62.61535 29.742951 1334358229237 98.6
62.61535 29.742951 1334358231234 98.6
62.61535 29.742951 1334358235234 98.6
62.61535 29.742951 1334358237242 98.6
62.61535 29.742951 1334358239235 98.6
62.61535 29.742951 1334358241246 98.6
62.61535 29.742951 1334358243238 98.6
62.61535 29.742951 1334358245234 98.6
62.61535 29.742951 1334358247237 98.6
62.61535 29.742951 1334358249234 98.6
62.61535 29.742951 1334358251254 98.6
62.61535 29.742951 1334358253243 98.6
62.61535 29.742951 1334358255241 98.6
62.61535 29.742951 1334358257237 98.6
62.61535 29.742951 1334358259234 98.6
62.61535 29.742951 1334358261237 98.6
62.61535 29.742951 1334358265234 98.6
62.61535 29.742951 1334358267237 98.6
62.61535 29.742951 1334358269234 98.6
62.61535 29.742951 1334358271244 98.6
62.61535 29.742951 1334358273238 98.6
62.61535 29.742951 1334358275234 98.6
62.61535 29.742951 1334358277242 98.6
62.61535 29.742951 1334358279242 98.6
62.61535 29.742951 1334358281238 98.6
62.61535 29.742951 1334358283238 98.6
62.61535 29.742951 1334358285234 98.6
62.61535 29.742951 1334358287238 98.6
62.61535 29.742951 1334358289234 98.6
62.61535 29.742951 1334358291242 98.6
62.61535 29.742951 1334358295234 98.6
62.61535 29.742951 1334358297237 98.6
62.61535 29.742951 1334358299235 98.6
62.61535 29.742951 1334358301243 98.6
62.61535 29.742951 1334358303238 98.6
62.61535 29.742951 1334358305234 98.6
62.61535 29.742951 1334358307242 98.6
62.61535 29.742951 1334358309234 98.6
62.61535 29.742951 1334358311244 98.6
62.61535 29.742951 1334358313237 98.6
62.61535 29.742951 1334358315234 98.6
62.61535 29.742951 1334358317245 98.6
62.61535 29.742951 1334358319234 98.6
62.61535 29.742951 1334358321234 98.6
62.61535 29.742951 1334358325234 98.6
62.61535 29.742951 1334358327234 98.6
62.61535 29.742951 1334358329237 98.6
62.61535 29.742951 1334358331234 98.6
62.61535 29.742951 1334358333242 98.6
62.61535 29.742951 1334358335234 98.6
62.61535 29.742951 1334358337237 98.6
62.61535 29.742951 1334358339235 98.6
62.61535 29.742951 1334358341243 98.6
62.61535 29.742951 1334358343238 98.6
62.61535 29.742951 1334358345234 98.6
62.61535 29.742951 1334358347239 98.6
62.61535 29.742951 1334358349234 98.6
62.61535 29.742951 1334358351234 98.6
62.61535 29.742951 1334358355234 98.6
62.61535 29.742951 1334358357237 98.6
62.61535 29.742951 1334358359234 98.6
62.61535 29.742951 1334358361237 98.6
62.61535 29.742951 1334358363238 98.6
62.61535 29.742951 1334358365234 98.6
62.61535 29.742951 1334358367242 98.6
62.61535 29.742951 1334358369234 98.6
62.61535 29.742951 1334358371254 98.6
62.61535 29.742951 1334358373243 98.6
62.61535 29.742951 1334358375234 98.6
62.61535 29.742951 1334358377244 98.6
62.61535 29.742951 1334358379234 98.6
62.61535 29.742951 1334358381242 98.6
62.61535 29.742951 1334358385234 98.6
62.61535 29.742951 1334358387237 98.6
62.61535 29.742951 1334358389234 98.6
62.61535 29.742951 1334358391238 98.6
62.61535 29.742951 1334358393238 98.6
62.61535 29.742951 1334358395234 98.6
62.61535 29.742951 1334358397237 98.6
62.61535 29.742951 1334358399234 98.6
62.61535 29.742951 1334358401244 98.6
62.61535 29.742951 1334358403238 98.6
62.61535 29.742951 1334358405234 98.6
62.61535 29.742951 1334358407285 98.6
62.61535 29.742951 1334358411849 98.6
62.61535 29.742951 1334358411871 98.6
62.61535 29.742951 1334358415236 98.6
62.61535 29.742951 1334358417234 98.6
62.61535 29.742951 1334358422803 98.6
62.61535 29.742951 1334358422816 98.6
62.61535 29.742951 1334358423232 98.6
62.61535 29.742951 1334358425237 98.6
62.61535 29.742951 1334358427234 98.6
62.61535 29.742951 1334358429240 98.6
62.61535 29.742951 1334358431244 98.6
62.61535 29.742951 1334358433240 98.6
62.61535 29.742951 1334358435272 98.6
62.61535 29.742951 1334358437237 98.6
62.61535 29.742951 1334358439237 98.6
62.61535 29.742951 1334358441232 98.6
62.61535 29.742951 1334358445235 98.6
62.61535 29.742951 1334358447237 98.6
62.61535 29.742951 1334358449234 98.6
62.61535 29.742951 1334358451237 98.6
62.61535 29.742951 1334358453234 98.6
62.61535 29.742951 1334358455237 98.6
62.61535 29.742951 1334358457585 98.6
62.61535 29.742951 1334358459237 98.6
62.61535 29.742951 1334358461234 98.6
62.61535 29.742951 1334358463234 98.6
62.61535 29.742951 1334358465242 98.6
62.61535 29.742951 1334358467244 98.6
62.61535 29.742951 1334358469234 98.6
62.61535 29.742951 1334358475683 98.6
62.61535 29.742951 1334358478222 98.6
62.61535 29.742951 1334358478251 98.6
62.61535 29.742951 1334358480363 98.6
62.61535 29.742951 1334358481232 98.6
62.61535 29.742951 1334358483241 98.6
62.61535 29.742951 1334358485236 98.6
62.61535 29.742951 1334358487234 98.6
62.614886 29.743485 1334358489490 99.0
62.614886 29.743485 1334358493239 99.0
62.614886 29.743485 1334358493284 99.0
62.614886 29.743485 1334358495234 99.0
62.614886 29.743485 1334358497242 99.0
62.614886 29.743485 1334358499540 99.0
62.614886 29.743485 1334358508275 99.0
62.614886 29.743485 1334358508284 99.0
62.614886 29.743485 1334358508305 99.0
62.614886 29.743485 1334358509235 99.0
62.614886 29.743485 1334358511306 99.0
62.614886 29.743485 1334358513260 99.0
62.614886 29.743485 1334358515234 99.0
62.614886 29.743485 1334358517232 99.0
62.614886 29.743485 1334358519236 99.0
62.614886 29.743485 1334358521260 99.0