62.602645 29.748399 1334647213019 107.0
62.602737 29.748374 1334647215894 107.0
62.602732 29.748432 1334647217908 100.5
62.602685 29.74849 1334647219871 88.5
62.602683 29.748503 1334647221872 87.0
62.602684 29.748524 1334647223890 84.5
62.602681 29.748533 1334647225876 84.0
62.602678 29.748539 1334647227911 83.5
62.602675 29.748542 1334647229875 83.0
62.602676 29.748543 1334647231868 83.0
62.602679 29.748541 1334647233872 84.0
62.602684 29.74854 1334647235910 85.0
62.602687 29.748553 1334647237873 85.0
62.602688 29.748553 1334647239870 86.0
62.602697 29.748566 1334647241906 87.5
62.602696 29.748559 1334647243870 87.5
62.6027 29.748522 1334647245868 87.5
62.602708 29.748423 1334647247901 87.0
62.602729 29.748323 1334647249869 87.0
62.602763 29.748205 1334647251891 89.0
62.602793 29.748079 1334647253892 89.0
62.602817 29.747927 1334647255884 89.5
62.60285 29.747752 1334647257868 90.5
62.602881 29.747558 1334647259883 90.5
62.602914 29.747365 1334647261869 91.0
62.602945 29.747173 1334647263880 91.5
62.602981 29.746995 1334647265878 92.5
62.603009 29.746806 1334647267875 93.0
62.603031 29.746604 1334647269879 95.0
62.603058 29.746385 1334647271867 98.0
62.60309 29.746214 1334647273877 99.5
62.603118 29.746073 1334647275878 100.0
62.603148 29.745907 1334647277887 100.5
62.603172 29.745793 1334647279871 101.5
62.6032 29.745652 1334647281880 102.5
62.603214 29.745509 1334647283881 102.5
62.603241 29.745423 1334647285867 102.0
62.603259 29.745338 1334647287877 101.5
62.603267 29.745254 1334647289877 101.0
62.603284 29.745187 1334647291876 102.0
62.603298 29.745143 1334647293884 102.0
62.603293 29.745096 1334647295879 102.5
62.603281 29.745085 1334647297877 103.0
62.60328 29.745023 1334647299867 103.5
62.603272 29.744959 1334647301879 103.5
62.603246 29.744903 1334647303880 103.5
62.603219 29.744817 1334647305881 103.5
62.603174 29.744766 1334647307880 103.5
62.603126 29.744716 1334647309880 103.0
62.603087 29.744646 1334647311862 104.0
62.603055 29.744562 1334647313877 104.5
62.603022 29.744518 1334647315872 104.5
62.602998 29.744487 1334647317876 104.5
62.602989 29.744441 1334647319884 106.0
62.602967 29.744402 1334647321875 105.5
62.602945 29.744338 1334647323866 105.5
62.602903 29.744301 1334647325875 104.5
62.602885 29.744269 1334647327884 104.0
62.602858 29.744255 1334647329878 104.0
62.602829 29.744229 1334647331877 104.5
62.602795 29.7442 1334647333865 105.5
62.602768 29.744177 1334647335874 107.0
62.602724 29.744168 1334647337878 107.5
62.602686 29.744137 1334647339882 107.0
62.602661 29.744095 1334647341882 107.0
62.602638 29.744046 1334647343881 106.5
62.602579 29.744047 1334647345876 106.5
62.602531 29.744009 1334647347894 106.5
62.602476 29.743983 1334647349870 105.5
62.602425 29.743928 1334647351876 105.5
62.602353 29.743874 1334647353888 104.0
62.602283 29.743808 1334647355884 102.5
62.602203 29.743748 1334647357882 102.0
62.602142 29.743673 1334647359872 100.5
62.602082 29.74362 1334647361889 99.0
62.602026 29.74357 1334647363883 98.5
62.601971 29.743565 1334647365879 97.5
62.60178 29.743734 1334647371881 98.0
62.601641 29.743773 1334647375881 100.5
62.601566 29.743747 1334647377867 100.0
62.601498 29.743705 1334647379886 100.0
62.601429 29.743669 1334647381885 100.0
62.601366 29.743619 1334647383876 101.0
62.601308 29.743565 1334647385872 102.0
62.601257 29.743507 1334647387878 102.0
62.601161 29.743411 1334647391879 102.0
62.601107 29.743357 1334647393868 102.0
62.601051 29.743293 1334647395869 102.0
62.600995 29.743239 1334647397876 101.5
62.600955 29.743192 1334647399873 101.5
62.600928 29.743068 1334647401857 101.5
62.600879 29.743022 1334647403880 102.0
62.600823 29.742987 1334647405891 102.0
62.600767 29.74294 1334647407873 101.5
62.600714 29.7429 1334647409889 101.0
62.60067 29.74286 1334647411887 101.0
62.600637 29.742822 1334647413886 101.5
62.600604 29.7428 1334647415883 100.0
62.600583 29.742769 1334647417884 99.5
62.600562 29.742739 1334647419878 100.5
62.600538 29.742687 1334647421872 99.5
62.600501 29.742621 1334647423860 99.5
62.600467 29.742556 1334647425894 98.5
62.600423 29.742486 1334647427860 98.0
62.60038 29.742406 1334647429870 98.5
62.600332 29.74234 1334647431870 98.0
62.600293 29.742256 1334647433872 99.0
62.600245 29.742194 1334647435867 100.0
62.600191 29.742147 1334647437875 100.0
62.600132 29.7421 1334647439873 99.0
62.60008 29.742063 1334647441881 99.5
62.600028 29.742014 1334647443858 100.0
62.59998 29.741978 1334647445869 100.5
62.599936 29.741934 1334647447854 101.0
62.599897 29.741904 1334647449872 101.5
62.599854 29.741892 1334647451863 102.0
62.599805 29.741872 1334647453862 103.0
62.59976 29.741873 1334647455881 103.0
62.599592 29.74202 1334647465862 102.5
62.599579 29.742088 1334647467871 102.5
62.599573 29.742155 1334647469865 103.0
62.599563 29.742212 1334647471869 103.0
62.599589 29.742227 1334647473880 104.0
62.599608 29.742213 1334647475869 105.0
62.599614 29.742197 1334647477875 105.0
62.599605 29.742186 1334647479875 105.0
62.599607 29.74216 1334647481872 105.5
62.599607 29.742118 1334647483864 104.5
62.599609 29.742041 1334647485885 106.0
62.599623 29.741973 1334647487890 106.0
62.599642 29.741875 1334647489868 105.5
62.599656 29.741773 1334647491887 104.5
62.599658 29.741663 1334647493868 104.5
62.599663 29.741557 1334647495875 104.5
62.599683 29.741466 1334647497889 104.0
62.5997 29.741383 1334647499891 103.5
62.59971 29.74131 1334647501870 103.0
62.599718 29.741283 1334647503865 102.0
62.59972 29.741289 1334647505879 101.0
62.599722 29.741296 1334647507866 99.0
62.599722 29.741298 1334647509885 98.5
62.599719 29.741288 1334647511877 100.0
62.599715 29.741292 1334647513879 98.5
62.599711 29.741293 1334647515878 98.0
62.599709 29.741295 1334647517871 97.5
62.599713 29.741286 1334647519866 98.0
62.59972 29.741282 1334647521879 98.5
62.599722 29.741279 1334647523870 99.0
62.599728 29.741273 1334647525863 99.5
62.599727 29.741267 1334647527881 100.0
62.59973 29.741269 1334647529881 99.0
62.599734 29.74132 1334647531875 99.5
62.599736 29.741353 1334647533870 99.5
62.599732 29.741419 1334647535886 100.0
62.599724 29.741517 1334647537873 99.5
62.599734 29.741594 1334647539868 99.5
62.59977 29.741673 1334647541868 100.0
62.599793 29.741795 1334647543875 100.0
62.599819 29.741916 1334647545860 100.0
62.600052 29.742217 1334647553877 99.5
62.600119 29.742298 1334647555864 100.0
62.600181 29.742331 1334647557871 99.5
62.600253 29.742387 1334647559878 100.5
62.600331 29.742417 1334647561854 103.0
62.600414 29.742444 1334647563869 106.0
62.600475 29.742546 1334647565864 106.0
62.600536 29.742637 1334647567877 107.5
62.600586 29.742697 1334647569865 109.0
62.600619 29.742739 1334647571867 109.0
62.600649 29.742796 1334647573880 110.0
62.600694 29.742865 1334647575862 112.5
62.600744 29.742966 1334647577864 113.0
62.600812 29.743064 1334647579864 114.0
62.600885 29.743162 1334647581869 116.5
62.600959 29.743257 1334647583881 117.0
62.601028 29.743338 1334647585889 117.0
62.601093 29.743409 1334647587863 118.5
62.601162 29.743473 1334647589863 118.0
62.601225 29.743525 1334647591875 117.5
62.601283 29.743576 1334647593873 116.0
62.601345 29.743639 1334647595881 115.0
62.60141 29.743697 1334647597873 114.5
62.601477 29.743725 1334647599883 111.5
62.601548 29.743738 1334647601872 110.0
62.601622 29.743798 1334647603883 110.0
62.601697 29.743873 1334647605868 109.5
62.601759 29.743988 1334647607872 107.5
62.601829 29.744127 1334647609870 107.0
62.601901 29.744235 1334647611873 108.5
62.601971 29.74432 1334647613879 109.0
62.602042 29.744395 1334647615870 108.5
62.602089 29.74449 1334647617875 108.0
62.602102 29.744649 1334647619873 106.5
62.60209 29.744823 1334647621862 105.0
62.602094 29.744909 1334647623875 104.0
62.602074 29.745012 1334647625870 104.0
62.60205 29.745129 1334647627862 104.0
62.60203 29.745275 1334647629872 103.5
62.601994 29.745378 1334647631875 103.0
62.601972 29.745494 1334647633875 102.5
62.601949 29.745611 1334647635871 102.0
62.60193 29.74581 1334647637870 102.0
62.601916 29.74585 1334647639872 102.5
62.601918 29.745857 1334647641875 102.5
62.601923 29.74588 1334647643871 102.5
62.601917 29.745895 1334647645873 102.0
62.60191 29.74592 1334647647870 101.5
62.601908 29.745916 1334647649871 101.0
62.601901 29.745933 1334647651875 100.0
62.601899 29.745928 1334647653872 101.0
62.601858 29.746003 1334647655867 100.5
62.601823 29.74611 1334647657863 100.5
62.601791 29.746284 1334647659884 98.5
62.601744 29.746438 1334647661873 96.5
62.601695 29.746586 1334647663887 95.5
62.601653 29.746724 1334647665863 94.5
62.601615 29.746888 1334647667877 94.0
62.601561 29.747018 1334647669875 94.5
62.601508 29.747132 1334647671868 94.5
62.601444 29.747226 1334647673864 94.5
62.601389 29.747286 1334647675869 94.0
62.601354 29.747368 1334647677871 94.5
62.601358 29.7475 1334647679867 93.0
62.601365 29.747616 1334647681872 94.0
62.601411 29.747695 1334647683864 91.5
62.601502 29.747643 1334647685862 93.5
62.60153 29.747765 1334647687860 93.0
62.601568 29.747768 1334647689870 92.0
62.601599 29.74778 1334647691867 97.5
62.601604 29.747791 1334647693870 99.0
62.601615 29.747753 1334647699879 105.0
62.601619 29.747742 1334647701875 104.5
62.60162 29.747738 1334647703857 104.5
62.601617 29.747743 1334647705868 103.5
62.601614 29.747748 1334647707871 103.0
62.601614 29.747749 1334647709868 102.5
62.601614 29.747749 1334647711865 102.5
62.601615 29.747748 1334647713879 102.5
62.601616 29.747747 1334647715872 102.5
62.601617 29.747746 1334647717873 102.5
62.601617 29.747745 1334647721873 102.5
62.601618 29.747744 1334647723881 102.5
62.601619 29.747743 1334647725868 102.5
62.601618 29.747738 1334647727873 102.5
62.60163 29.74772 1334647729878 105.0
62.601656 29.747641 1334647731876 106.5
62.601645 29.747666 1334647733861 107.0
62.601638 29.747687 1334647735869 106.5
62.601621 29.747702 1334647737868 105.0
62.601613 29.747684 1334647739861 104.0
62.601563 29.74767 1334647741861 102.5
62.601505 29.747634 1334647743866 102.0
62.601449 29.747539 1334647745870 104.5
62.601375 29.747476 1334647747864 104.5
62.601296 29.747397 1334647749869 104.5
62.601229 29.747326 1334647751863 104.0
62.601148 29.747188 1334647753866 105.5
62.601087 29.747084 1334647755866 104.5
62.60102 29.746964 1334647757869 104.0
62.600953 29.746836 1334647759868 103.5
62.600865 29.746727 1334647761870 104.0
62.600761 29.746652 1334647763867 103.5
62.600664 29.746584 1334647765876 103.5
62.600571 29.746492 1334647767868 103.5
62.600466 29.746393 1334647769870 103.5
62.600351 29.746299 1334647771865 104.0
62.600247 29.746194 1334647773860 105.0
62.60014 29.746092 1334647775865 105.5
62.600066 29.746015 1334647777866 106.5
62.599982 29.745953 1334647779865 106.0
62.599894 29.745898 1334647781870 104.0
62.599814 29.74581 1334647783862 104.5
62.599712 29.745697 1334647785863 105.0
62.599617 29.745594 1334647787869 105.0
62.599511 29.74549 1334647789867 104.0
62.59942 29.745419 1334647791868 102.5
62.599349 29.745336 1334647793866 104.0
62.599278 29.745278 1334647795866 104.0
62.599184 29.745214 1334647797869 102.5
62.599103 29.745146 1334647799872 101.5
62.599006 29.745044 1334647801869 103.0
62.598939 29.744981 1334647803869 103.5
62.59886 29.74495 1334647805862 104.5
62.598863 29.744837 1334647807869 104.5
62.598853 29.744801 1334647809860 104.0
62.598801 29.744845 1334647811870 103.0
62.598634 29.744856 1334647813870 102.0
62.59857 29.744772 1334647815866 101.0
62.598495 29.744769 1334647817862 99.0
62.598453 29.744707 1334647819868 97.0
62.598386 29.744613 1334647821858 98.0
62.598328 29.744591 1334647823866 98.5
62.598294 29.74455 1334647825860 97.5
62.598272 29.744521 1334647827858 97.5
62.598275 29.744505 1334647829865 97.5
62.598259 29.744487 1334647831861 97.5
62.598255 29.74448 1334647833870 97.5
62.598236 29.744472 1334647835871 96.5
62.598189 29.744488 1334647839870 97.0
62.598179 29.744481 1334647841860 97.0
62.598166 29.744501 1334647843876 98.0
62.598157 29.744497 1334647845871 98.0
62.598157 29.744491 1334647847868 98.0
62.598138 29.744485 1334647851877 96.0
62.598096 29.744483 1334647853876 97.0
62.598061 29.744445 1334647855875 96.5
62.598023 29.7444 1334647857867 96.5
62.59799 29.74434 1334647859876 96.5
62.597958 29.74429 1334647861864 97.0
62.597926 29.744267 1334647863861 97.0