62.598533 29.745001 1335349448074 57.5
62.598577 29.744958 1335349449854 65.5
62.598594 29.744978 1335349450856 69.5
62.598569 29.745004 1335349452857 71.5
62.598615 29.745047 1335349456857 83.0
62.598617 29.745051 1335349458854 88.0
62.598652 29.74507 1335349460855 89.5
62.598678 29.745054 1335349462874 92.0
62.598716 29.745082 1335349464856 93.5
62.598768 29.745115 1335349466853 95.0
62.5988 29.745134 1335349468852 96.5
62.598815 29.745146 1335349470851 96.5
62.598829 29.745161 1335349472843 96.5
62.598839 29.745166 1335349474855 96.0
62.598829 29.74515 1335349476846 96.5
62.598851 29.74514 1335349478843 96.5
62.598869 29.745144 1335349480853 96.0
62.598888 29.745164 1335349482853 96.0
62.598926 29.745186 1335349484845 96.0
62.598955 29.74523 1335349486845 96.5
62.598996 29.74534 1335349488842 98.0
62.599044 29.745393 1335349490848 99.0
62.599066 29.745394 1335349492842 99.5
62.599089 29.745462 1335349494849 99.5
62.599118 29.745458 1335349496845 100.0
62.599151 29.745501 1335349498843 101.0
62.599183 29.745529 1335349500850 101.0
62.599244 29.745595 1335349502848 102.0
62.59927 29.745616 1335349504847 102.0
62.599317 29.745692 1335349506844 102.0
62.599351 29.745752 1335349508842 101.5
62.59938 29.745771 1335349510854 101.5
62.599397 29.745759 1335349512854 102.0
62.599423 29.745774 1335349514843 101.5
62.599433 29.745762 1335349516849 101.5
62.59946 29.745792 1335349518848 101.5
62.599476 29.745776 1335349520851 102.5
62.599513 29.745783 1335349522847 102.5
62.599558 29.745799 1335349524848 103.0
62.599589 29.745884 1335349526841 102.5
62.599624 29.745941 1335349528853 103.0
62.599654 29.745972 1335349530850 103.0
62.599677 29.74602 1335349532857 103.5
62.599712 29.746026 1335349534869 103.5
62.599737 29.746075 1335349536851 103.0
62.599749 29.746067 1335349538848 103.0
62.599775 29.746063 1335349540856 103.5
62.599797 29.746111 1335349542853 103.5
62.599813 29.746129 1335349544844 103.5
62.599821 29.746129 1335349546847 104.0
62.599849 29.74621 1335349548849 104.0
62.599873 29.746281 1335349550857 104.0
62.599889 29.746273 1335349552849 104.5
62.599894 29.746269 1335349554844 104.5
62.599902 29.746273 1335349556843 104.5
62.599931 29.746256 1335349558846 104.5
62.599941 29.746243 1335349560844 104.5
62.599956 29.746231 1335349562840 104.5
62.599985 29.746288 1335349564845 104.5
62.600049 29.746317 1335349566848 105.0
62.600079 29.746308 1335349568849 105.5
62.600102 29.746321 1335349570844 105.5
62.600126 29.746294 1335349572839 105.0
62.600127 29.746345 1335349574842 105.0
62.600141 29.746344 1335349576846 105.0
62.600157 29.746377 1335349578848 105.0
62.600199 29.746356 1335349580855 105.0
62.600227 29.74641 1335349582850 105.0
62.600246 29.746443 1335349584856 105.0
62.600287 29.746517 1335349586847 105.0
62.6003 29.746557 1335349588849 105.0
62.600312 29.746485 1335349590846 103.0
62.600327 29.746469 1335349592840 103.0
62.600375 29.746533 1335349594861 102.0
62.600412 29.746569 1335349596848 102.0
62.600451 29.746585 1335349598848 102.0
62.600471 29.746604 1335349600850 101.5
62.600487 29.746591 1335349602851 101.0
62.600496 29.746601 1335349604845 101.0
62.600501 29.74659 1335349606861 101.0
62.600538 29.746639 1335349609845 100.5
62.600548 29.74666 1335349610849 100.0
62.600559 29.746697 1335349612856 99.5
62.600581 29.746725 1335349614848 99.5
62.600602 29.746764 1335349616848 99.5
62.60062 29.746795 1335349618853 100.0
62.600633 29.746841 1335349620851 100.0
62.600645 29.746874 1335349622852 100.5
62.600704 29.746951 1335349624850 100.5
62.600748 29.746911 1335349626856 103.0
62.600775 29.746925 1335349628855 102.5
62.600812 29.74691 1335349630856 102.5
62.600834 29.746961 1335349632849 102.5
62.600917 29.746872 1335349634848 102.5
62.600953 29.746961 1335349636850 102.0
62.600978 29.74696 1335349638851 102.0
62.60099 29.747011 1335349640855 102.0
62.601013 29.747043 1335349642856 102.0
62.601028 29.747062 1335349644863 101.5
62.601035 29.747045 1335349646860 101.5
62.60105 29.747035 1335349648853 101.5
62.601081 29.747079 1335349650857 101.0
62.601106 29.747138 1335349652849 100.5
62.601124 29.747177 1335349654864 100.0
62.601147 29.74721 1335349656847 100.0
62.601159 29.747225 1335349658861 100.0
62.601188 29.747202 1335349660843 99.5
62.601235 29.747137 1335349662847 100.5
62.601269 29.747128 1335349664843 100.5
62.601308 29.747182 1335349666843 100.0
62.601332 29.747244 1335349668846 100.0
62.601364 29.747274 1335349670848 99.5
62.601383 29.747269 1335349672845 99.5
62.60141 29.747252 1335349674845 99.5
62.601418 29.747269 1335349676848 99.5
62.60145 29.747342 1335349678847 99.5
62.601455 29.747376 1335349680845 99.5
62.601457 29.74744 1335349682856 99.5
62.601449 29.747452 1335349684842 99.5
62.601455 29.747521 1335349686849 99.5
62.601472 29.747568 1335349688842 99.5
62.601524 29.747646 1335349690845 99.5
62.601529 29.747675 1335349692846 99.5
62.601565 29.747756 1335349694851 99.5
62.601572 29.747792 1335349696853 99.5
62.601593 29.747854 1335349698839 99.5
62.601613 29.747846 1335349700845 99.5
62.601635 29.747906 1335349702843 99.5
62.601645 29.747895 1335349704856 100.0
62.601645 29.747908 1335349706849 100.0
62.601662 29.747938 1335349708855 99.5
62.601662 29.747949 1335349710846 99.5
62.601679 29.747944 1335349712847 99.0
62.601696 29.747934 1335349714857 99.0
62.601713 29.74799 1335349716852 99.0
62.601749 29.748062 1335349718849 98.0
62.60182 29.747992 1335349720849 101.5
62.601889 29.747949 1335349722843 102.5
62.601919 29.747986 1335349724851 103.0
62.601948 29.748015 1335349726847 102.5
62.601988 29.748 1335349728847 104.5
62.602033 29.748049 1335349730846 108.0
62.602081 29.748088 1335349732858 107.5
62.602107 29.748104 1335349734861 108.0
62.602127 29.748119 1335349736852 109.0
62.602154 29.748125 1335349738849 109.5
62.60218 29.748148 1335349740852 108.5
62.602217 29.748143 1335349742863 109.0
62.602258 29.748193 1335349744852 107.0
62.602285 29.748213 1335349746854 106.5
62.602304 29.748292 1335349748855 107.0
62.602318 29.748327 1335349750848 107.5
62.602353 29.748375 1335349752850 106.5
62.602372 29.748384 1335349754852 107.0
62.602394 29.748399 1335349756856 106.5
62.602401 29.748433 1335349758855 107.0
62.602407 29.74844 1335349760850 106.5
62.60244 29.74848 1335349762851 107.0
62.602433 29.748484 1335349764859 104.0
62.60243 29.748527 1335349766852 101.5
62.602462 29.748491 1335349768868 99.0
62.602469 29.748473 1335349770851 98.0
62.602445 29.7485 1335349772870 98.5
62.602459 29.748487 1335349774908 98.0
62.602476 29.748465 1335349776857 102.0
62.602446 29.748512 1335349778874 104.5
62.602466 29.748497 1335349780868 110.0
62.602494 29.748473 1335349782854 112.0
62.602489 29.748486 1335349784861 111.5
62.602482 29.748525 1335349786853 110.5
62.602503 29.748487 1335349788857 112.0
62.602509 29.748455 1335349790856 111.5
62.602528 29.748368 1335349792859 113.0
62.602543 29.748341 1335349794862 113.5
62.602565 29.748313 1335349796871 113.5
62.602594 29.748296 1335349798855 113.5
62.602611 29.74832 1335349800857 113.5
62.602646 29.748362 1335349802867 115.0
62.602682 29.748335 1335349804873 115.0
62.60271 29.748323 1335349806849 115.0
62.602729 29.748356 1335349808867 114.0
62.602766 29.74841 1335349810851 113.0
62.602806 29.748418 1335349812857 113.0
62.60284 29.748436 1335349814846 112.0
62.602854 29.748439 1335349816851 112.0
62.60286 29.748477 1335349818855 108.0
62.602878 29.748501 1335349820858 106.5
62.602884 29.748465 1335349822854 104.0
62.602893 29.748436 1335349824845 103.5
62.602922 29.748488 1335349826849 103.0
62.602942 29.748458 1335349828845 103.5
62.602949 29.74851 1335349830854 104.0
62.602967 29.748521 1335349832852 104.5
62.602992 29.748481 1335349834861 104.0
62.603028 29.748379 1335349836860 105.0
62.603062 29.748288 1335349838848 104.5
62.603069 29.748261 1335349840840 107.0
62.60311 29.748176 1335349842850 109.0
62.603124 29.748159 1335349844844 107.0
62.603129 29.748116 1335349846844 107.0
62.603148 29.748076 1335349848848 107.5
62.603177 29.748045 1335349850848 107.0
62.603196 29.747983 1335349852849 107.0
62.603219 29.747946 1335349854849 107.0
62.603245 29.747896 1335349856852 108.5
62.603261 29.747878 1335349858850 108.0
62.603279 29.747838 1335349860847 106.0
62.603297 29.747777 1335349862850 104.0
62.603311 29.74772 1335349864844 106.5
62.603346 29.747699 1335349866846 105.0
62.603372 29.747645 1335349868848 103.5
62.603394 29.747601 1335349870844 102.5
62.603387 29.74755 1335349872846 102.0
62.603391 29.747503 1335349874844 103.5
62.603384 29.74745 1335349876836 105.0
62.603368 29.747391 1335349878839 106.5
62.603352 29.747337 1335349880830 106.5
62.603345 29.74728 1335349882832 106.5
62.603355 29.747223 1335349884840 106.0
62.603355 29.747166 1335349886842 107.0
62.603367 29.747118 1335349888831 106.5
62.603375 29.747063 1335349890843 106.5
62.60339 29.746997 1335349892840 106.5
62.603413 29.746954 1335349894854 107.0
62.603421 29.746905 1335349896838 107.0
62.603433 29.746846 1335349898835 107.0
62.603433 29.746825 1335349900840 107.5
62.603447 29.746751 1335349902841 107.5
62.603456 29.746697 1335349904843 108.5
62.603467 29.746623 1335349906841 108.0
62.603468 29.746571 1335349908860 108.0
62.60348 29.746508 1335349910852 108.0
62.603488 29.746463 1335349912846 108.0
62.603499 29.746416 1335349914843 108.5
62.603506 29.746352 1335349916839 108.5
62.603525 29.74629 1335349918836 109.5
62.60357 29.746253 1335349920842 110.0
62.603604 29.746191 1335349922835 110.0
62.603616 29.746163 1335349924843 108.0
62.60363 29.74611 1335349926866 108.0
62.603643 29.746056 1335349928844 108.5
62.603653 29.746003 1335349930845 108.5
62.603663 29.745947 1335349932848 109.5
62.603693 29.745859 1335349934843 109.0
62.603721 29.745825 1335349936843 109.5
62.603731 29.745776 1335349938837 110.0
62.603733 29.745731 1335349940840 110.0
62.603718 29.74567 1335349942840 110.5
62.603746 29.74564 1335349944846 110.5
62.603772 29.745601 1335349946842 110.5
62.603786 29.745553 1335349948843 111.0
62.603806 29.745536 1335349950847 111.0
62.6038 29.745469 1335349952846 111.0
62.603797 29.745431 1335349954856 110.5
62.603787 29.745399 1335349956840 110.5
62.603765 29.745372 1335349958845 110.0
62.603739 29.745328 1335349960850 110.0
62.603733 29.745315 1335349962849 110.0
62.603735 29.745322 1335349964846 109.5
62.603739 29.745255 1335349966850 110.0
62.603758 29.745266 1335349968848 109.5