62.615861 29.751409 1337881439229 105.0
62.615873 29.751405 1337881440230 105.0
62.615855 29.751421 1337881442237 105.5
62.615883 29.751419 1337881444227 106.0
62.615901 29.75141 1337881446230 106.5
62.615887 29.751425 1337881448229 106.5
62.615898 29.751517 1337881450234 107.5
62.615915 29.751644 1337881452227 109.0
62.615924 29.751786 1337881454225 108.5
62.615937 29.751929 1337881456222 109.0
62.615938 29.752059 1337881458235 109.5
62.615946 29.752196 1337881460230 110.0
62.615964 29.752336 1337881462219 111.5
62.615973 29.752473 1337881464227 111.5
62.615981 29.752605 1337881466218 111.0
62.615993 29.752729 1337881468225 113.0
62.616003 29.752846 1337881470216 111.0
62.616011 29.752965 1337881472216 109.5
62.616022 29.753104 1337881474215 109.5
62.616028 29.753232 1337881476227 108.0
62.61603 29.753359 1337881478234 106.5
62.616044 29.753492 1337881480227 108.5
62.616069 29.753609 1337881482234 110.0
62.616064 29.753723 1337881484219 107.0
62.616053 29.753834 1337881486217 104.0
62.616043 29.753943 1337881488218 101.5
62.616049 29.754057 1337881490217 99.5
62.616053 29.754165 1337881492221 98.0
62.616055 29.754267 1337881494221 96.5
62.616067 29.754372 1337881496211 93.0
62.616089 29.75449 1337881498210 93.5
62.616102 29.754585 1337881500209 92.5
62.616109 29.754691 1337881502217 91.5
62.616119 29.754799 1337881504222 90.0
62.616137 29.75491 1337881506217 90.0
62.616153 29.755013 1337881508215 91.5
62.616154 29.755106 1337881510215 89.5
62.616162 29.75521 1337881512214 89.0
62.616178 29.755306 1337881514213 87.5
62.616189 29.755401 1337881516213 85.5
62.616191 29.755504 1337881518212 84.0
62.616182 29.755609 1337881520204 84.0
62.616177 29.755713 1337881522211 85.5
62.616173 29.755826 1337881524202 83.5
62.61617 29.755924 1337881526209 83.5
62.616167 29.756031 1337881528203 83.0
62.616151 29.756142 1337881530204 80.0
62.616144 29.756267 1337881532209 80.0
62.616138 29.756388 1337881534208 78.0
62.61613 29.756502 1337881536210 78.0
62.616131 29.756626 1337881538208 79.0
62.61612 29.75674 1337881540206 76.5
62.616119 29.756842 1337881542201 75.5
62.616117 29.756936 1337881544205 74.5
62.61611 29.757032 1337881546207 74.0
62.616121 29.757149 1337881548216 75.0
62.616129 29.757268 1337881550199 75.5
62.616132 29.757381 1337881552203 76.5
62.61614 29.757487 1337881554205 76.5
62.616146 29.757609 1337881556202 75.5
62.616149 29.757729 1337881558193 74.0
62.616161 29.757831 1337881560198 74.5
62.616166 29.757952 1337881562201 73.5
62.616179 29.758081 1337881564200 74.5
62.61618 29.75819 1337881566199 71.5
62.616187 29.758289 1337881568190 72.0
62.616193 29.758414 1337881570198 71.0
62.616207 29.758544 1337881572197 68.5
62.616212 29.758643 1337881574191 68.5
62.61621 29.758756 1337881576188 66.5
62.6162 29.758856 1337881578193 64.0
62.616198 29.758957 1337881580195 65.5
62.616184 29.759047 1337881582194 64.0
62.616163 29.759136 1337881584193 63.0
62.616161 29.759223 1337881586193 64.0
62.61615 29.7593 1337881588192 63.5
62.61615 29.7594 1337881590180 64.0
62.61615 29.759486 1337881592194 64.0
62.616135 29.759571 1337881594194 62.5
62.616118 29.759658 1337881596206 61.5
62.616114 29.759754 1337881598190 63.5
62.616118 29.759845 1337881600181 66.5
62.616102 29.759934 1337881602191 67.5
62.616099 29.760028 1337881604179 70.0
62.616099 29.760129 1337881606176 72.5
62.616093 29.760214 1337881608180 73.5
62.616091 29.7603 1337881610178 76.5
62.616086 29.760392 1337881612184 77.5
62.616075 29.760487 1337881614184 75.5
62.616074 29.760597 1337881616183 78.5
62.616061 29.760676 1337881618176 78.0
62.616058 29.760773 1337881620180 80.0
62.616048 29.76085 1337881622180 79.5
62.616044 29.760952 1337881624182 83.0
62.616043 29.761059 1337881626182 87.0
62.616024 29.761151 1337881628181 87.5
62.616005 29.761222 1337881630180 91.0
62.615977 29.761273 1337881632181 91.0
62.61595 29.761328 1337881634169 93.5
62.615924 29.761372 1337881636179 95.5
62.615905 29.761409 1337881638170 97.0
62.615879 29.761437 1337881640173 97.5
62.615861 29.761465 1337881642182 97.5
62.615835 29.761497 1337881644177 97.0
62.615812 29.76152 1337881646168 99.0
62.615798 29.76154 1337881648168 100.5
62.615773 29.76155 1337881650177 98.0
62.615742 29.761559 1337881652169 96.5
62.61571 29.761565 1337881654166 97.0
62.615674 29.761559 1337881656166 97.0
62.615643 29.76157 1337881658165 96.5
62.615615 29.761574 1337881660164 95.0
62.615588 29.761574 1337881662169 96.0
62.615557 29.761582 1337881664179 96.0
62.615534 29.761615 1337881666175 98.0
62.615503 29.761636 1337881668170 99.0
62.615462 29.76165 1337881670175 98.5
62.615426 29.761676 1337881672167 98.5
62.615386 29.761683 1337881674169 99.5
62.615343 29.761681 1337881676171 98.5
62.615303 29.761686 1337881678160 99.0
62.615258 29.761702 1337881680162 99.0
62.615225 29.761694 1337881682165 101.5
62.615188 29.76169 1337881684167 102.0
62.61516 29.761688 1337881686158 101.5
62.615132 29.761688 1337881688160 102.0
62.615096 29.761684 1337881690157 101.5
62.615059 29.761688 1337881692155 103.0
62.615018 29.761694 1337881694155 104.5
62.614983 29.761696 1337881696156 104.5
62.614952 29.761704 1337881698175 106.0
62.614919 29.761697 1337881700161 108.0
62.614887 29.761694 1337881702155 108.5
62.614848 29.761693 1337881704153 110.0
62.614805 29.761688 1337881706152 109.0
62.614775 29.761696 1337881708152 111.5
62.61474 29.761695 1337881710151 112.5
62.614709 29.761702 1337881712158 113.5
62.614669 29.761694 1337881714146 113.5
62.614632 29.761697 1337881716150 113.5
62.61459 29.761692 1337881718156 113.5
62.614546 29.761684 1337881720148 113.5
62.614493 29.761677 1337881722145 115.0
62.614462 29.761662 1337881724156 115.5
62.614428 29.761649 1337881726160 115.0
62.614392 29.761634 1337881728160 114.0
62.614361 29.761619 1337881730156 112.5
62.614322 29.761601 1337881732146 110.5
62.61428 29.761588 1337881734153 109.5
62.614243 29.76156 1337881736152 109.0
62.614198 29.761536 1337881738153 106.0
62.614147 29.761514 1337881740153 105.0
62.614095 29.761491 1337881742143 102.0
62.614052 29.761468 1337881744150 101.0
62.614017 29.761436 1337881746142 100.0
62.613978 29.7614 1337881748141 99.0
62.613936 29.761378 1337881750148 96.5
62.6139 29.76135 1337881752139 95.0
62.613862 29.76132 1337881754142 94.0
62.613829 29.76129 1337881756138 92.5
62.613788 29.761272 1337881758147 96.0
62.613747 29.761263 1337881760137 93.5
62.613697 29.761258 1337881762136 92.5
62.613646 29.761252 1337881764136 93.0
62.613605 29.76124 1337881766145 93.0
62.613564 29.761241 1337881768136 94.0
62.61353 29.761239 1337881770141 94.5
62.613489 29.761236 1337881772141 96.5
62.61346 29.761237 1337881774133 96.5
62.613413 29.761236 1337881776132 100.0
62.613379 29.761242 1337881778139 103.0
62.613342 29.761255 1337881780139 107.0
62.613267 29.761307 1337881782142 109.5
62.61323 29.761312 1337881784131 112.0
62.613185 29.761323 1337881786130 114.0
62.613142 29.761319 1337881788132 113.5
62.613099 29.761312 1337881790127 114.5
62.613055 29.761298 1337881792129 115.5
62.613014 29.761281 1337881794127 116.5
62.612967 29.761278 1337881796128 114.5
62.612916 29.761294 1337881798127 113.0
62.612874 29.761288 1337881800128 113.0
62.612826 29.761273 1337881802125 112.5
62.612782 29.76124 1337881804123 112.5
62.612742 29.761216 1337881806123 114.0
62.612701 29.761192 1337881808122 114.5
62.612659 29.761149 1337881810124 114.0
62.612618 29.76111 1337881812129 112.5
62.612579 29.761064 1337881814130 112.0
62.61255 29.761011 1337881816131 112.0
62.612527 29.760944 1337881818124 111.5
62.612499 29.760879 1337881820127 111.5
62.612469 29.760808 1337881822126 111.0
62.612453 29.760746 1337881824117 111.0
62.612437 29.760686 1337881826127 110.5
62.612421 29.760617 1337881828133 108.5
62.612399 29.760554 1337881830122 107.0
62.612371 29.760497 1337881832128 105.0
62.612354 29.760429 1337881834135 104.5
62.61234 29.760374 1337881836119 106.0
62.612324 29.760309 1337881838113 107.0
62.612304 29.760237 1337881840123 107.0
62.612287 29.76017 1337881842122 105.0
62.612271 29.760098 1337881844121 102.0
62.612263 29.760025 1337881846121 99.0
62.61225 29.759967 1337881848120 96.5
62.612251 29.759911 1337881850119 97.0
62.612253 29.759869 1337881852110 99.5
62.612272 29.759844 1337881854116 101.0
62.612268 29.759844 1337881856109 103.5
62.612304 29.759821 1337881858122 102.0
62.612328 29.759799 1337881860122 102.0
62.612352 29.75978 1337881862125 101.5
62.612376 29.759754 1337881864119 100.5
62.612393 29.75973 1337881866115 100.0
62.61242 29.759716 1337881868118 98.5
62.612444 29.759692 1337881870115 100.5
62.612474 29.75966 1337881872118 102.5
62.612501 29.759632 1337881874116 102.0
62.612531 29.759608 1337881876114 100.5
62.612557 29.759587 1337881878104 100.5
62.61258 29.75956 1337881880110 100.0
62.612598 29.759538 1337881882107 100.0
62.612619 29.759511 1337881884112 99.5
62.612639 29.759484 1337881886115 98.0
62.61266 29.759468 1337881888103 97.5
62.612689 29.759432 1337881890109 97.5
62.612723 29.759404 1337881892119 99.5
62.61275 29.759382 1337881894112 99.0
62.612785 29.759357 1337881896109 100.0
62.61281 29.759339 1337881898109 100.0
62.612839 29.759312 1337881900129 100.5
62.61286 29.759266 1337881902122 99.5
62.61288 29.759245 1337881904124 99.0
62.612904 29.759227 1337881906123 100.0
62.612926 29.759207 1337881908121 100.0
62.612947 29.759177 1337881910117 98.0
62.612974 29.759152 1337881912118 95.5
62.612997 29.759124 1337881914119 96.0
62.613032 29.759093 1337881916123 98.0
62.61306 29.759071 1337881918118 99.0
62.613087 29.759048 1337881920110 97.5
62.613119 29.759018 1337881922108 97.5
62.613151 29.758981 1337881924123 99.5
62.613177 29.758957 1337881926121 100.0
62.613204 29.758923 1337881928118 101.5
62.613237 29.758893 1337881930109 102.0
62.613267 29.758862 1337881932117 103.5
62.613301 29.75882 1337881934115 106.0
62.613332 29.758772 1337881936109 109.0
62.613363 29.758749 1337881938115 108.0
62.613394 29.758727 1337881940106 107.0
62.613424 29.758716 1337881942114 103.5
62.613455 29.758686 1337881944115 103.0
62.613486 29.75864 1337881946115 104.0
62.613512 29.758609 1337881948104 102.5
62.613545 29.758574 1337881950106 101.5
62.613578 29.758552 1337881952112 100.0
62.613612 29.758538 1337881954110 97.5
62.613643 29.758528 1337881956111 96.0
62.613676 29.758515 1337881958101 95.0
62.613711 29.758478 1337881960101 97.0
62.613733 29.758458 1337881962100 97.0
62.61377 29.758422 1337881964102 98.0
62.613804 29.758368 1337881966107 99.5
62.613831 29.758334 1337881968101 100.0
62.613865 29.758309 1337881970097 98.0
62.613895 29.758296 1337881972103 96.5
62.613929 29.758273 1337881974102 96.0
62.613963 29.758254 1337881976102 96.0
62.613994 29.758231 1337881978092 96.5
62.614023 29.75821 1337881980101 94.5
62.614051 29.758183 1337881982102 96.0
62.614081 29.758162 1337881984104 100.5
62.614103 29.758121 1337881986110 99.0
62.614128 29.758103 1337881988103 96.5
62.614153 29.758091 1337881990097 96.5
62.614179 29.758079 1337881992104 95.5
62.614208 29.758069 1337881994100 95.0
62.614241 29.758053 1337881996092 96.5
62.614273 29.758051 1337881998090 97.5
62.614307 29.758054 1337882000107 98.0
62.614341 29.758053 1337882002098 96.5
62.614362 29.758044 1337882004090 95.5
62.61439 29.758041 1337882006097 94.0
62.614425 29.758031 1337882008100 94.0
62.614461 29.758011 1337882010102 95.0
62.614491 29.757981 1337882012091 95.0
62.614507 29.757941 1337882014091 99.0
62.614536 29.757869 1337882016097 102.5
62.614555 29.757819 1337882018091 105.0
62.614589 29.757752 1337882020091 108.0
62.614616 29.757681 1337882022096 112.5
62.614626 29.757609 1337882024096 116.0
62.614655 29.757533 1337882026096 116.5
62.614665 29.757473 1337882028086 116.5
62.614676 29.757417 1337882030090 115.5
62.614697 29.757353 1337882032087 117.0
62.614728 29.757268 1337882034093 117.5
62.614733 29.757211 1337882036085 115.5
62.614733 29.757142 1337882038084 116.5
62.614757 29.75706 1337882040084 120.0
62.614794 29.756944 1337882042087 119.0
62.614803 29.756855 1337882044081 118.5
62.614796 29.756786 1337882046093 118.0
62.614803 29.756705 1337882048094 118.5
62.614813 29.756618 1337882050090 119.5
62.614802 29.756555 1337882052090 119.5
62.614795 29.756488 1337882054080 120.5
62.614781 29.756426 1337882056087 123.5
62.614772 29.756375 1337882058087 127.0
62.614766 29.756316 1337882060087 129.0
62.614747 29.756247 1337882062086 130.0
62.614748 29.756178 1337882064080 129.0
62.614749 29.756112 1337882066078 129.5
62.614739 29.75605 1337882068085 130.0
62.614726 29.755986 1337882070086 129.0
62.61472 29.755926 1337882072078 129.5
62.614712 29.755878 1337882074077 129.0
62.614704 29.755809 1337882076088 130.5
62.614698 29.755735 1337882078077 132.0
62.614687 29.755654 1337882080077 132.0
62.614682 29.755585 1337882082077 134.0
62.614671 29.755512 1337882084074 136.0
62.614664 29.755435 1337882086084 135.0
62.614654 29.755359 1337882088080 135.5
62.614633 29.755294 1337882090072 137.0
62.614618 29.755214 1337882092080 137.5
62.6146 29.755155 1337882094083 139.0
62.614593 29.755086 1337882096083 137.5
62.614589 29.755001 1337882098076 137.5
62.614588 29.754929 1337882100075 138.0
62.614588 29.754872 1337882102082 138.5
62.614576 29.754808 1337882104083 139.0
62.614566 29.754737 1337882106084 138.0
62.614551 29.754681 1337882108080 137.5
62.61455 29.754628 1337882110080 139.5
62.614541 29.754544 1337882112072 137.0
62.614532 29.75447 1337882114072 137.0
62.614522 29.754409 1337882116074 136.5
62.614514 29.754347 1337882118070 136.5
62.6145 29.754269 1337882120067 136.0
62.614496 29.754213 1337882122077 135.0
62.614493 29.754143 1337882124074 134.5
62.614491 29.754015 1337882126080 126.5
62.614481 29.753943 1337882128077 128.0
62.614489 29.753867 1337882130075 127.0
62.614488 29.753789 1337882132082 125.5
62.61448 29.75372 1337882134071 125.0
62.614476 29.753654 1337882136079 126.5
62.614478 29.75359 1337882138067 129.0
62.614497 29.753514 1337882140075 130.0
62.614521 29.753469 1337882142066 128.5
62.614546 29.753451 1337882144084 123.5
62.614578 29.753437 1337882146074 120.0
62.614602 29.753423 1337882148064 115.5
62.614626 29.7534 1337882150063 113.5
62.614653 29.753365 1337882152066 107.0
62.614681 29.753348 1337882154063 103.0
62.614709 29.753339 1337882156062 100.0
62.614738 29.753315 1337882158061 94.0
62.614778 29.753289 1337882160060 92.5
62.614813 29.753282 1337882162068 91.5
62.614842 29.753273 1337882164067 90.0
62.614862 29.753261 1337882166067 88.5
62.614887 29.753236 1337882168069 89.0
62.614926 29.75322 1337882170068 90.0
62.614957 29.753214 1337882172067 88.0
62.614985 29.753194 1337882174073 86.0
62.615016 29.75316 1337882176069 84.0
62.615056 29.753128 1337882178070 84.5
62.615085 29.753104 1337882180059 82.5
62.615123 29.753091 1337882182058 83.5
62.615148 29.75307 1337882184056 81.5
62.615202 29.753054 1337882187057 77.0
62.615223 29.753047 1337882188065 76.5
62.615259 29.753042 1337882190061 75.5
62.615288 29.753036 1337882192055 74.5
62.615322 29.75304 1337882194060 72.5
62.615356 29.753038 1337882196070 70.5
62.615397 29.753012 1337882198060 71.5
62.615426 29.753005 1337882200061 67.0
62.615458 29.752993 1337882202051 61.5
62.615487 29.753007 1337882204058 61.0
62.615509 29.753043 1337882206058 61.5
62.615524 29.753089 1337882208060 62.0
62.615537 29.753134 1337882210050 63.0
62.615554 29.753196 1337882212053 65.0
62.615588 29.753253 1337882214049 69.0
62.615603 29.753321 1337882216048 71.0
62.615623 29.753377 1337882218048 72.0
62.615648 29.753422 1337882220047 74.5
62.61566 29.753467 1337882222045 75.0
62.615677 29.753516 1337882224070 77.0
62.615694 29.753577 1337882226064 79.0
62.615705 29.753631 1337882228051 81.0
62.615719 29.753698 1337882230054 82.0
62.615742 29.753754 1337882232054 83.5
62.615762 29.753816 1337882234042 84.0
62.61578 29.753867 1337882236048 86.5
62.615799 29.753922 1337882238053 90.5
62.61581 29.753977 1337882240044 91.5
62.615824 29.754046 1337882242052 92.0
62.615838 29.754109 1337882244050 91.5
62.615853 29.754172 1337882246049 91.5
62.615874 29.754242 1337882248048 94.0
62.615888 29.754313 1337882250051 95.5
62.615916 29.754374 1337882252056 99.0
62.615935 29.754444 1337882254050 101.5
62.615963 29.754513 1337882256043 105.0
62.615978 29.754572 1337882258048 107.0
62.61599 29.75463 1337882260054 108.5
62.615996 29.754678 1337882262047 107.5
62.616015 29.754743 1337882264044 108.0
62.616034 29.754819 1337882266046 110.5
62.61605 29.754878 1337882268037 110.5
62.616066 29.754936 1337882270045 110.5
62.616077 29.754987 1337882272042 113.0
62.616083 29.755043 1337882274044 114.0
62.616092 29.755098 1337882276031 115.5
62.61611 29.755167 1337882278036 117.5
62.616113 29.755217 1337882280046 118.0
62.616115 29.755283 1337882282050 118.0
62.616116 29.75532 1337882284036 115.5
62.616132 29.75539 1337882286034 116.0
62.616136 29.755469 1337882288033 115.5
62.616146 29.755551 1337882290052 115.5
62.616145 29.755615 1337882292044 114.5
62.61614 29.755678 1337882294038 113.5
62.616149 29.755751 1337882296038 112.0
62.616149 29.755832 1337882298040 113.0
62.616163 29.75591 1337882300039 115.0
62.616164 29.755997 1337882302038 114.0
62.616164 29.756065 1337882304037 114.5
62.61617 29.756151 1337882306037 116.0
62.616176 29.756251 1337882308027 116.0
62.616178 29.756346 1337882310039 113.0
62.616169 29.756427 1337882312036 108.5
62.616173 29.756514 1337882314026 107.0
62.616181 29.756597 1337882316033 109.0
62.616163 29.756664 1337882318033 105.5
62.616178 29.756769 1337882320035 108.5
62.616187 29.756842 1337882322034 110.0
62.616203 29.756922 1337882324040 110.5
62.616207 29.757004 1337882326035 109.5
62.616216 29.757072 1337882328024 107.0
62.616222 29.757157 1337882330021 104.5
62.616231 29.757222 1337882332028 105.5
62.616239 29.757319 1337882334021 106.5
62.616247 29.757425 1337882336021 105.5
62.616255 29.757503 1337882338031 105.5
62.616267 29.757584 1337882340036 107.5
62.616272 29.757662 1337882342024 107.0
62.616277 29.757731 1337882344042 106.5
62.616275 29.757801 1337882346029 104.5
62.616281 29.757869 1337882348026 105.0
62.616284 29.757942 1337882350033 104.0
62.61629 29.75802 1337882352039 104.0
62.616287 29.758082 1337882354037 104.0
62.616287 29.758151 1337882356026 101.5
62.616292 29.758212 1337882358024 102.0
62.616304 29.758292 1337882360021 104.0
62.616318 29.758375 1337882362022 106.5
62.616334 29.758461 1337882364024 108.5
62.616346 29.75855 1337882366024 108.5
62.616351 29.75867 1337882368015 108.5
62.616357 29.758749 1337882370014 107.5
62.616354 29.758834 1337882372024 104.5
62.61637 29.758933 1337882374022 107.0
62.616369 29.759005 1337882376020 106.5
62.61637 29.759076 1337882378011 107.5
62.616362 29.759151 1337882380023 107.0
62.616361 29.759209 1337882382013 106.0
62.616364 29.759269 1337882384016 107.5
62.616366 29.75934 1337882386022 109.0
62.61637 29.759436 1337882388030 110.5
62.616367 29.759527 1337882390021 110.5
62.616364 29.759594 1337882392017 111.0
62.616361 29.759684 1337882394017 111.5
62.616359 29.75976 1337882396018 113.0
62.61635 29.759813 1337882398009 114.0
62.616343 29.759868 1337882400038 114.0
62.616315 29.759926 1337882402019 111.0
62.6163 29.759984 1337882404027 110.0
62.616295 29.76004 1337882406018 111.5
62.616285 29.760108 1337882408016 112.5
62.616277 29.760173 1337882410017 113.0
62.616273 29.760251 1337882412017 114.5
62.616277 29.760336 1337882414026 116.0
62.616274 29.76042 1337882416011 117.0
62.616262 29.760501 1337882418010 114.5
62.616259 29.760594 1337882420016 115.5
62.616253 29.760684 1337882422007 115.0
62.616247 29.760757 1337882424004 115.0
62.61624 29.760866 1337882426014 119.0
62.616241 29.760969 1337882428015 121.5
62.616226 29.761064 1337882430010 121.5
62.616208 29.761146 1337882432010 122.0
62.616185 29.761221 1337882434008 123.5
62.616155 29.761276 1337882435999 125.5
62.616105 29.761326 1337882438004 123.0
62.616058 29.761365 1337882440000 121.0
62.616029 29.761426 1337882442006 120.5
62.616007 29.761469 1337882444003 120.5
62.615975 29.761508 1337882446003 119.0
62.615941 29.761541 1337882448006 118.5
62.615911 29.76157 1337882450008 118.0
62.61588 29.761588 1337882452008 117.0
62.615846 29.761605 1337882453996 115.5
62.615822 29.761616 1337882456004 116.5
62.615802 29.761625 1337882457996 116.0
62.615787 29.761638 1337882459996 118.5
62.615766 29.761656 1337882461996 119.0
62.615731 29.761666 1337882463997 116.5
62.615691 29.761669 1337882465996 114.0
62.61566 29.761676 1337882467994 114.0
62.615626 29.761682 1337882470007 112.5
62.615591 29.761693 1337882472009 110.5
62.615571 29.761708 1337882474004 112.0
62.615539 29.761712 1337882475993 110.5
62.615509 29.761726 1337882478002 110.0
62.615477 29.761739 1337882479989 110.0
62.615453 29.761747 1337882481992 109.5
62.615425 29.76178 1337882484001 111.0
62.615391 29.761789 1337882486000 110.0
62.61536 29.761794 1337882487989 110.5
62.61532 29.761798 1337882489989 109.0
62.615281 29.761804 1337882492000 108.0
62.615249 29.761803 1337882493987 107.5
62.615219 29.761801 1337882495991 109.0
62.615183 29.761804 1337882497995 109.5
62.615149 29.761807 1337882499995 110.0
62.615112 29.761817 1337882501991 109.0
62.615075 29.761822 1337882503996 109.0
62.615021 29.761837 1337882506003 106.0
62.614982 29.761846 1337882507985 107.5
62.614933 29.761858 1337882509983 107.0
62.614895 29.76187 1337882511987 107.5
62.614848 29.761877 1337882513986 107.5
62.614813 29.761866 1337882515982 108.0
62.614773 29.761851 1337882517994 108.0
62.614732 29.761845 1337882520004 107.5
62.614693 29.761839 1337882522003 107.0
62.614646 29.761836 1337882523993 106.0
62.6146 29.761835 1337882525982 105.0
62.61455 29.761831 1337882527982 104.5
62.61451 29.761823 1337882529981 104.0
62.614472 29.761809 1337882531980 104.0
62.614424 29.761804 1337882533979 106.5
62.614357 29.761815 1337882535978 108.0
62.614319 29.761806 1337882537978 108.5
62.614276 29.761794 1337882539988 108.0
62.61424 29.761777 1337882541986 108.0
62.614208 29.761761 1337882543977 109.0
62.614164 29.761746 1337882545983 109.0
62.614121 29.76173 1337882547982 107.5
62.614081 29.761719 1337882549986 107.5
62.61404 29.761705 1337882551983 107.0
62.614001 29.761671 1337882553997 105.5
62.613968 29.761652 1337882555983 105.5
62.613934 29.761627 1337882557979 105.5
62.613904 29.761598 1337882559973 104.5
62.613873 29.761569 1337882561988 105.0
62.613834 29.761552 1337882563989 104.0
62.613793 29.76153 1337882565969 102.5
62.613747 29.761504 1337882567980 100.5
62.613712 29.761474 1337882569973 101.0
62.613678 29.761445 1337882571971 100.5
62.613638 29.761426 1337882573974 99.5
62.613597 29.761397 1337882575978 97.5
62.613566 29.761389 1337882577970 98.0
62.613529 29.761387 1337882579968 98.5
62.613488 29.761381 1337882581965 98.5
62.613452 29.761377 1337882583970 99.0
62.613423 29.761373 1337882585968 99.0
62.613379 29.761386 1337882587969 100.5
62.613349 29.761397 1337882589966 103.0
62.613331 29.761407 1337882591977 105.5
62.613298 29.761438 1337882593969 109.0
62.613264 29.761462 1337882595968 110.5
62.613227 29.76148 1337882597987 111.0
62.613194 29.761497 1337882599969 112.5
62.613152 29.761519 1337882601970 115.5
62.613124 29.761521 1337882603964 118.5
62.613093 29.761523 1337882605963 120.0
62.61306 29.761507 1337882607960 119.0
62.613019 29.761489 1337882609969 118.5
62.612986 29.761467 1337882611972 117.5
62.612945 29.761457 1337882613968 117.0
62.612916 29.761451 1337882615967 116.5
62.61288 29.761439 1337882617974 115.5
62.612839 29.761435 1337882619969 114.0
62.612799 29.76143 1337882621965 114.5
62.612758 29.761407 1337882623984 113.5
62.612715 29.761374 1337882625963 111.5
62.612682 29.761347 1337882627961 110.5
62.612643 29.761339 1337882629962 115.0
62.612601 29.761313 1337882631960 118.5
62.612561 29.761276 1337882633968 117.0
62.612532 29.76123 1337882635968 115.5
62.612508 29.761181 1337882637967 115.0
62.612479 29.761128 1337882639956 115.0
62.612457 29.761077 1337882641971 113.5
62.612439 29.761012 1337882643968 112.5
62.612418 29.760956 1337882645968 111.0
62.612398 29.760894 1337882647964 110.0
62.612383 29.760831 1337882649977 108.5
62.61237 29.760776 1337882651979 107.5
62.612357 29.760723 1337882653963 107.0
62.612345 29.760651 1337882655954 104.5
62.612329 29.760597 1337882657963 105.5
62.612312 29.760531 1337882659965 105.0
62.612292 29.760481 1337882661955 107.5
62.612267 29.760426 1337882663961 109.5
62.612248 29.760369 1337882665958 109.5
62.612241 29.760311 1337882667959 108.5
62.612227 29.760253 1337882669957 108.5
62.61222 29.760182 1337882671957 107.0
62.612211 29.760122 1337882673956 106.0
62.612196 29.760047 1337882675957 104.5
62.612186 29.75998 1337882677945 104.0
62.612187 29.759903 1337882679945 103.5
62.612204 29.75985 1337882681956 103.0
62.612224 29.759808 1337882683954 102.0
62.612237 29.759777 1337882685964 100.5
62.612259 29.759746 1337882687963 99.5
62.612283 29.75972 1337882689954 97.5
62.612309 29.759684 1337882691951 97.5
62.612335 29.759657 1337882693953 97.0
62.612358 29.759627 1337882695941 96.0
62.612374 29.759602 1337882697951 94.5
62.612402 29.759566 1337882699951 94.0
62.612429 29.759538 1337882701948 95.0
62.612449 29.759501 1337882703950 93.5
62.612472 29.759463 1337882705950 92.5
62.612492 29.75942 1337882707953 92.5
62.612528 29.759406 1337882709947 91.0
62.612547 29.759389 1337882711941 91.0
62.612565 29.759357 1337882713955 90.5
62.612579 29.759326 1337882715951 90.5
62.612589 29.75928 1337882717937 90.0
62.612605 29.759233 1337882719948 91.0
62.612609 29.759197 1337882721952 90.0
62.612613 29.759164 1337882723947 90.0
62.61263 29.759139 1337882725943 89.5
62.612673 29.759155 1337882727947 89.5
62.6127 29.759108 1337882729937 89.0
62.612729 29.759088 1337882731945 89.5
62.612767 29.75911 1337882733943 90.5
62.612786 29.759129 1337882735943 90.5
62.612831 29.759111 1337882737940 91.0
62.612859 29.759092 1337882739931 90.5
62.612855 29.759078 1337882741940 91.5
62.612899 29.759059 1337882743939 91.5
62.612942 29.759035 1337882745938 92.0
62.612968 29.759019 1337882747944 93.0
62.612982 29.759041 1337882749941 94.5
62.613001 29.759022 1337882751928 94.5
62.613019 29.759015 1337882753941 96.5
62.613039 29.759 1337882755936 93.5
62.613069 29.758975 1337882757929 90.5
62.61312 29.75897 1337882759936 90.5
62.613148 29.758969 1337882761927 86.0
62.613167 29.758943 1337882763935 85.0
62.6132 29.758918 1337882765925 84.5
62.613223 29.758881 1337882767933 84.0
62.613255 29.758825 1337882769939 83.0
62.613278 29.758775 1337882771938 81.5
62.613342 29.758724 1337882773924 82.5
62.613392 29.758664 1337882775935 85.5
62.613423 29.758605 1337882777930 86.0
62.613487 29.758575 1337882779929 89.0
62.613562 29.758509 1337882781918 100.0
62.613621 29.758488 1337882783928 102.0
62.613635 29.758442 1337882785927 101.0
62.613667 29.758441 1337882787921 99.5
62.613689 29.758433 1337882789930 97.0
62.613722 29.758432 1337882791927 95.5
62.613776 29.758426 1337882793919 99.0
62.613798 29.758405 1337882795917 97.5
62.613822 29.758354 1337882797916 93.5
62.613941 29.758276 1337882799917 112.0
62.613976 29.758257 1337882801925 110.5
62.614009 29.758251 1337882803922 111.0
62.614025 29.758232 1337882805941 108.5
62.614067 29.758188 1337882807936 111.0
62.614101 29.758162 1337882809936 111.5
62.614142 29.75813 1337882811925 112.0
62.614175 29.758114 1337882813931 111.5
62.614195 29.758099 1337882815923 110.5
62.614222 29.758079 1337882817924 109.5
62.614248 29.758038 1337882819925 109.0
62.614275 29.758011 1337882821923 106.5
62.614299 29.757982 1337882823926 107.0
62.61434 29.75796 1337882825924 109.5
62.614372 29.757922 1337882827919 109.5
62.61442 29.757914 1337882829921 109.0
62.614463 29.757919 1337882831922 108.0
62.614502 29.757918 1337882833916 105.5
62.614538 29.757933 1337882835929 102.5
62.614584 29.757967 1337882837929 98.5
62.614621 29.757978 1337882839915 93.5
62.614692 29.757992 1337882841907 96.0
62.614729 29.757966 1337882843916 94.0
62.614767 29.757966 1337882845916 94.0
62.614813 29.75796 1337882847919 94.5
62.614866 29.757967 1337882849923 96.0
62.614892 29.757968 1337882851919 93.0
62.614916 29.757939 1337882853915 89.0
62.614948 29.757947 1337882855913 89.0
62.614983 29.757922 1337882857904 89.0
62.615017 29.757929 1337882859917 88.5
62.615061 29.757912 1337882861912 89.0
62.615098 29.757934 1337882863911 88.0
62.615128 29.757926 1337882865904 86.5
62.61518 29.757928 1337882867921 88.5
62.615275 29.757932 1337882869917 100.0
62.615313 29.757932 1337882871904 101.5
62.615358 29.757933 1337882873910 102.5
62.615446 29.757908 1337882875908 112.0
62.615515 29.757914 1337882877908 117.0
62.615539 29.757927 1337882879908 115.5
62.615562 29.757925 1337882881910 111.0
62.615597 29.757926 1337882883907 112.5
62.615625 29.757899 1337882885910 110.0
62.615667 29.757893 1337882887905 109.5
62.615717 29.757893 1337882889896 112.0
62.615736 29.757885 1337882891909 109.0
62.615766 29.757884 1337882893903 107.5
62.615803 29.757895 1337882895905 107.5
62.615822 29.757891 1337882897894 104.5
62.615857 29.757891 1337882899905 103.5
62.615876 29.757889 1337882901895 99.0
62.615915 29.757892 1337882903895 99.0
62.615938 29.75788 1337882905905 96.5
62.615992 29.757865 1337882907905 99.0
62.616018 29.757847 1337882909905 98.0
62.616042 29.757851 1337882911906 96.0
62.61609 29.757847 1337882913899 97.5
62.616117 29.757847 1337882915904 96.0
62.616158 29.757866 1337882917895 96.5
62.616189 29.757909 1337882919904 98.0
62.616199 29.757972 1337882921901 98.5
62.616208 29.758033 1337882923894 100.0
62.616208 29.7581 1337882925904 98.5
62.616209 29.758169 1337882927916 98.0
62.616221 29.758239 1337882929905 98.0
62.616229 29.758296 1337882931902 98.5
62.616232 29.758366 1337882933897 99.5
62.616236 29.758437 1337882935901 100.5
62.616243 29.758512 1337882937892 101.5
62.616249 29.758589 1337882939898 102.5
62.616254 29.758664 1337882941890 103.0
62.616263 29.758731 1337882943898 103.5
62.616275 29.75879 1337882945888 104.0
62.616279 29.758856 1337882947887 104.0
62.616279 29.758934 1337882949895 103.5
62.616288 29.759011 1337882951898 104.5
62.616288 29.759082 1337882953909 102.0
62.61629 29.759168 1337882955889 101.5
62.616289 29.759246 1337882957886 100.5
62.61629 29.759313 1337882959893 101.0
62.61627 29.759396 1337882961894 98.5
62.616272 29.75947 1337882963883 99.0
62.616269 29.75954 1337882965893 99.5
62.616269 29.759604 1337882967892 100.0
62.61627 29.75968 1337882969882 102.0
62.616263 29.759759 1337882971881 101.0
62.616272 29.759834 1337882973890 102.5
62.61628 29.759916 1337882975880 104.0
62.616272 29.759986 1337882977889 103.0
62.616274 29.760064 1337882979878 105.5
62.616266 29.760113 1337882981880 105.5
62.616257 29.760172 1337882983878 106.5
62.616244 29.760228 1337882985876 105.5
62.61623 29.76028 1337882987877 105.0
62.616218 29.760328 1337882989881 105.5
62.616205 29.760382 1337882991886 106.5
62.616192 29.760442 1337882993883 106.5
62.616188 29.760501 1337882995874 108.0
62.616178 29.760567 1337882997873 107.5
62.616172 29.760628 1337882999875 108.5
62.61616 29.760694 1337883001872 108.0
62.616153 29.76078 1337883003884 107.0
62.616147 29.760858 1337883005871 107.5
62.616137 29.760921 1337883007870 106.5
62.616125 29.76098 1337883009869 106.5
62.616116 29.761047 1337883011878 106.5
62.616101 29.761113 1337883013877 106.5
62.616088 29.761175 1337883015876 108.0
62.616068 29.761224 1337883017862 108.5
62.616045 29.761277 1337883019863 109.0
62.616026 29.761321 1337883021863 109.0
62.616 29.761353 1337883023866 109.5
62.615976 29.761385 1337883025864 110.0
62.615947 29.761417 1337883027862 110.0
62.615922 29.761432 1337883029862 110.5
62.615893 29.761453 1337883031871 111.5
62.615864 29.761466 1337883033874 110.0
62.615832 29.761488 1337883035870 110.5
62.615803 29.7615 1337883037859 110.0
62.615778 29.761514 1337883039868 111.5
62.615759 29.761534 1337883041861 111.5
62.615733 29.761541 1337883043880 110.5
62.615707 29.761555 1337883045865 108.5
62.615678 29.761564 1337883047867 108.0
62.615645 29.761586 1337883049859 107.0
62.615618 29.7616 1337883051855 104.5
62.615583 29.761609 1337883053856 100.0
62.615548 29.761616 1337883055860 97.0
62.615517 29.761617 1337883057856 95.5
62.615484 29.761614 1337883059856 92.0
62.615455 29.761613 1337883061856 89.5
62.615419 29.76163 1337883063853 89.0
62.615378 29.761632 1337883065854 87.5
62.615345 29.761635 1337883067861 86.5
62.615308 29.761632 1337883069859 85.5
62.615272 29.761636 1337883071849 85.0
62.615237 29.761636 1337883073860 84.0
62.615198 29.76163 1337883075858 83.5
62.615161 29.761643 1337883077859 84.0
62.615115 29.761683 1337883079849 86.0
62.615077 29.76169 1337883081853 88.0
62.615036 29.761709 1337883083848 90.0
62.615 29.761711 1337883085856 89.0
62.614964 29.761699 1337883087855 87.5
62.614934 29.761706 1337883089852 89.0
62.614894 29.761704 1337883091860 89.0
62.614858 29.761696 1337883093854 88.0
62.614821 29.761684 1337883095841 87.0
62.614787 29.761676 1337883097844 86.0
62.614741 29.761651 1337883099843 84.0
62.614699 29.761633 1337883101859 82.5
62.614662 29.761618 1337883103853 83.0
62.614627 29.761606 1337883105850 84.0
62.614596 29.761593 1337883107853 82.5
62.614565 29.761572 1337883109854 80.5
62.614527 29.761545 1337883111840 78.5
62.614491 29.761532 1337883113841 78.0
62.614452 29.761509 1337883115840 78.0
62.614416 29.761484 1337883117841 77.0
62.614369 29.761511 1337883119848 80.5
62.614332 29.761496 1337883121853 80.5
62.614296 29.761466 1337883123842 78.5
62.614262 29.761442 1337883125852 78.0
62.614225 29.761413 1337883127835 78.5
62.614186 29.761386 1337883129837 78.5
62.614148 29.761356 1337883131838 78.0
62.614105 29.76132 1337883133837 77.5
62.614064 29.761297 1337883135837 77.0
62.614026 29.761267 1337883137842 76.0
62.613987 29.761234 1337883139839 75.5
62.613948 29.761201 1337883141844 74.5
62.61391 29.761158 1337883143833 75.0
62.613883 29.761119 1337883145842 73.5
62.613854 29.761094 1337883147832 72.5
62.613823 29.761086 1337883149833 73.5
62.613795 29.761052 1337883151830 73.0
62.613764 29.761016 1337883153841 72.0
62.613733 29.761 1337883155841 71.5
62.613705 29.760962 1337883157831 70.0
62.613672 29.76094 1337883159829 69.0
62.613639 29.760923 1337883161828 69.5
62.613601 29.760919 1337883163827 69.5
62.61356 29.760903 1337883165828 69.5
62.613509 29.760884 1337883167825 68.5
62.613455 29.760925 1337883169829 75.0
62.613377 29.760983 1337883171836 83.0
62.613342 29.760997 1337883173835 83.5
62.613303 29.761008 1337883175826 85.0
62.61325 29.761032 1337883177834 89.5
62.613205 29.761036 1337883179824 89.5
62.613154 29.76104 1337883181824 90.5
62.613107 29.761037 1337883183824 90.0
62.613067 29.761027 1337883185832 89.0
62.613025 29.76102 1337883187833 89.5
62.612983 29.761003 1337883189831 90.0
62.612942 29.760964 1337883191821 90.5
62.612902 29.760943 1337883193820 90.0
62.61285 29.760992 1337883195828 94.5
62.612808 29.760976 1337883197818 93.5
62.61277 29.760978 1337883199819 92.5
62.612718 29.760949 1337883201817 90.0
62.612681 29.760919 1337883203819 90.0
62.612634 29.760888 1337883205817 89.5
62.612589 29.76086 1337883207824 89.0
62.612558 29.760835 1337883209814 88.5
62.61253 29.760808 1337883211829 88.5
62.612502 29.760785 1337883213821 89.0
62.612484 29.760742 1337883215825 87.5
62.612474 29.760705 1337883217822 87.5
62.612464 29.760659 1337883219813 88.5
62.612454 29.760602 1337883221812 88.0
62.612438 29.760544 1337883223824 87.5
62.612426 29.760488 1337883225810 86.5
62.612414 29.760422 1337883227810 86.0
62.612398 29.760375 1337883229811 86.5
62.612397 29.760309 1337883231808 84.5
62.612392 29.760252 1337883233818 83.5
62.61238 29.76018 1337883235807 83.5
62.612374 29.760126 1337883237808 84.0
62.61236 29.760064 1337883239817 84.5
62.612349 29.760004 1337883241822 84.0
62.612335 29.75998 1337883243819 85.5
62.612321 29.759917 1337883245819 85.0
62.612307 29.759835 1337883247813 82.5
62.612298 29.759767 1337883249814 82.5
62.612285 29.759714 1337883251814 82.5
62.612273 29.759641 1337883253803 82.0
62.612279 29.759584 1337883255812 82.5
62.612299 29.759558 1337883257811 83.0
62.612313 29.759554 1337883259812 84.5
62.61233 29.75955 1337883261807 84.5
62.612359 29.759541 1337883263809 84.5
62.612368 29.759517 1337883265797 83.0
62.612383 29.759497 1337883267813 81.0
62.612407 29.759486 1337883269806 80.5
62.612426 29.759502 1337883271797 84.0
62.612439 29.759497 1337883273796 83.0
62.61245 29.75948 1337883275797 81.5
62.612454 29.759468 1337883277799 82.0
62.612479 29.759443 1337883279798 81.0
62.612506 29.75943 1337883281795 82.0
62.612535 29.759425 1337883283807 84.0
62.612536 29.759391 1337883285805 83.0
62.61256 29.759385 1337883287805 82.5
62.612581 29.759373 1337883289799 80.0
62.612601 29.759349 1337883291793 78.5
62.612637 29.759333 1337883293801 79.5
62.612619 29.759264 1337883295793 76.5
62.612635 29.759244 1337883297811 76.0
62.612663 29.759225 1337883299816 74.0
62.612689 29.75919 1337883301802 73.5
62.612719 29.759164 1337883303800 73.0
62.612751 29.75914 1337883305813 74.0
62.612803 29.759162 1337883307798 77.0
62.612836 29.759142 1337883309793 76.5
62.612875 29.759107 1337883311800 77.0
62.612901 29.759121 1337883313789 79.0
62.612932 29.759088 1337883315804 79.5
62.612937 29.759056 1337883317814 76.5
62.612943 29.759002 1337883319799 74.0
62.612964 29.758962 1337883321786 72.0
62.612986 29.758912 1337883323800 70.5
62.613009 29.758895 1337883325795 70.5
62.613035 29.75888 1337883327795 67.0
62.613054 29.758861 1337883329795 63.5
62.613088 29.758821 1337883331792 64.5
62.613111 29.758794 1337883333793 61.0
62.613131 29.758769 1337883335786 57.5
62.613151 29.758734 1337883337785 53.0
62.613162 29.758693 1337883339791 48.5
62.613186 29.758675 1337883341790 46.0
62.613217 29.758654 1337883343781 45.0
62.613238 29.758594 1337883345793 45.0
62.613267 29.758559 1337883347793 43.5
62.613285 29.758547 1337883349788 40.0
62.613311 29.758536 1337883351790 37.0
62.613343 29.758531 1337883353787 36.0
62.613368 29.758543 1337883355787 33.0
62.613408 29.758509 1337883357789 37.0
62.613445 29.758488 1337883359791 38.0
62.613505 29.758463 1337883361800 41.0
62.613548 29.758456 1337883363794 40.5
62.613584 29.758431 1337883365783 40.0
62.613635 29.758408 1337883367785 43.5
62.613667 29.758378 1337883369785 42.5
62.613693 29.758355 1337883371781 42.0
62.613748 29.758333 1337883373785 45.5
62.613846 29.75832 1337883375772 56.0
62.613885 29.758265 1337883377772 59.0
62.613908 29.758234 1337883379771 56.5
62.61394 29.758197 1337883381778 57.0
62.613992 29.758152 1337883383780 58.0
62.614026 29.758128 1337883385774 56.0
62.614061 29.758119 1337883387776 54.0
62.614107 29.758106 1337883389775 54.0
62.614145 29.758092 1337883391776 52.5
62.614215 29.758079 1337883393777 56.0
62.614275 29.75807 1337883395775 57.5
62.614325 29.758097 1337883397782 56.0
62.614386 29.758117 1337883399776 57.0
62.614464 29.758113 1337883401777 62.5
62.614538 29.758091 1337883403772 68.5
62.614612 29.758059 1337883405761 72.5
62.614667 29.758023 1337883407772 75.5
62.614732 29.757971 1337883409771 83.0
62.614774 29.757919 1337883411762 86.5
62.614841 29.757846 1337883413761 97.0
62.614912 29.757766 1337883415762 108.0
62.614959 29.75767 1337883417759 113.5
62.614966 29.757584 1337883419779 110.0
62.61501 29.75749 1337883421774 112.0
62.615059 29.757407 1337883423758 117.0
62.615078 29.757338 1337883425760 119.0
62.615106 29.757264 1337883427767 117.5
62.615125 29.757157 1337883429768 114.5
62.615114 29.75706 1337883431757 116.0
62.615085 29.756918 1337883433759 110.5
62.615063 29.756796 1337883435756 108.0
62.615029 29.75669 1337883437756 109.0
62.615019 29.756565 1337883439756 109.0
62.615002 29.756441 1337883441756 105.5
62.614991 29.756339 1337883443762 108.5
62.614991 29.756218 1337883445756 108.5
62.614968 29.756104 1337883447752 107.0
62.614957 29.755974 1337883449754 105.0
62.614964 29.755876 1337883451750 104.5
62.614968 29.755776 1337883453749 107.5
62.614975 29.755673 1337883455750 107.0
62.614976 29.755574 1337883457751 108.0
62.614969 29.755492 1337883459760 109.5
62.614965 29.755409 1337883461761 110.0
62.614951 29.755329 1337883463745 109.5
62.614932 29.755256 1337883465750 110.0
62.614919 29.755178 1337883467748 112.0
62.614903 29.755076 1337883469761 113.0
62.614893 29.754985 1337883471748 116.0
62.614883 29.7549 1337883473744 118.0
62.614874 29.754805 1337883475744 117.0
62.614868 29.754726 1337883477743 117.5
62.614855 29.754653 1337883479752 116.5
62.614821 29.754579 1337883481752 114.0
62.614803 29.75448 1337883483751 110.5
62.614807 29.754401 1337883485751 113.0
62.614813 29.754319 1337883487744 114.5
62.614804 29.754224 1337883489741 114.0
62.614801 29.754136 1337883491749 114.5
62.614799 29.754056 1337883493739 112.5
62.6148 29.753981 1337883495750 112.5
62.614809 29.753917 1337883497747 114.0
62.614824 29.753866 1337883499751 116.0
62.614824 29.753804 1337883501748 116.5
62.61483 29.753742 1337883503748 118.5
62.614826 29.753676 1337883505739 121.0
62.614821 29.753587 1337883507735 121.5
62.614827 29.753501 1337883509744 122.0
62.614803 29.753426 1337883511742 122.0
62.614765 29.753348 1337883513737 120.5
62.614706 29.7533 1337883515739 120.0
62.614665 29.753279 1337883517743 119.5
62.61463 29.753268 1337883519741 120.0
62.614586 29.753254 1337883521734 117.5
62.614543 29.753256 1337883523732 116.0
62.614506 29.753248 1337883525741 114.5
62.61447 29.753249 1337883527742 112.0
62.614427 29.753224 1337883529737 109.5
62.614389 29.753194 1337883531741 109.5
62.614345 29.753111 1337883533733 107.5
62.614333 29.75303 1337883535727 107.5
62.614368 29.752957 1337883537736 110.5
62.614397 29.752901 1337883539736 113.5
62.614421 29.752842 1337883541734 114.5
62.614444 29.752764 1337883543746 114.5
62.614469 29.752697 1337883545740 116.0
62.614512 29.75263 1337883547736 118.0
62.614538 29.75255 1337883549739 118.5
62.614554 29.752453 1337883551727 119.5
62.614573 29.752377 1337883553734 120.5
62.614581 29.752286 1337883555736 120.0
62.614595 29.75219 1337883557733 120.0
62.614601 29.752102 1337883559733 119.5
62.614627 29.752039 1337883561735 120.5
62.614667 29.751962 1337883563731 120.5
62.614691 29.75188 1337883565721 120.0
62.614722 29.751803 1337883567720 118.5
62.614733 29.751718 1337883569720 117.0
62.614757 29.75164 1337883571726 118.5
62.614776 29.751557 1337883573727 118.0
62.614769 29.751462 1337883575722 120.0
62.614807 29.751385 1337883577722 122.0
62.614791 29.751278 1337883579717 123.0
62.614776 29.75117 1337883581725 122.5
62.614773 29.751067 1337883583716 120.5
62.614761 29.750976 1337883585724 119.0
62.614743 29.750892 1337883587724 119.0
62.614709 29.750779 1337883589724 118.0
62.61465 29.750612 1337883591717 115.0
62.614648 29.750518 1337883593725 115.5
62.61462 29.7504 1337883595713 113.0
62.614578 29.750259 1337883597722 110.5
62.614554 29.750157 1337883599725 108.0
62.614525 29.750026 1337883601721 104.5
62.614531 29.74994 1337883603720 106.0
62.614545 29.749859 1337883605710 108.5
62.614543 29.749759 1337883607713 109.0
62.614559 29.749668 1337883609721 109.5
62.61457 29.749576 1337883611708 110.5
62.614577 29.749474 1337883613708 109.0
62.614589 29.749391 1337883615707 109.0
62.614601 29.74931 1337883617717 111.0
62.614595 29.749192 1337883619706 108.0
62.614587 29.749083 1337883621718 104.5
62.614557 29.748972 1337883623705 102.5
62.614546 29.748882 1337883625714 103.5
62.614558 29.748837 1337883627714 107.0
62.614559 29.748756 1337883629713 107.5
62.61455 29.748651 1337883631702 106.0
62.61452 29.748559 1337883633712 105.0
62.614489 29.748453 1337883635704 104.0
62.614484 29.748345 1337883637712 103.0
62.614484 29.748248 1337883639710 101.5
62.614488 29.748152 1337883641701 101.5
62.614491 29.748081 1337883643710 105.0
62.614485 29.747982 1337883645715 105.5
62.614475 29.747905 1337883647703 106.0
62.614453 29.747812 1337883649707 104.5
62.614444 29.747724 1337883651707 103.0
62.614445 29.747642 1337883653699 103.5
62.614451 29.747578 1337883655698 104.5
62.614451 29.747518 1337883657704 108.5
62.614452 29.747435 1337883659693 108.5
62.614466 29.747329 1337883661698 107.0
62.614503 29.747261 1337883663710 107.0
62.614534 29.747186 1337883665707 108.5
62.614588 29.747157 1337883667696 111.5
62.614624 29.747082 1337883669694 112.0
62.614636 29.747022 1337883671694 110.5
62.614642 29.746923 1337883673694 107.5
62.614665 29.746852 1337883675693 108.5
62.614652 29.74675 1337883677692 105.0
62.614663 29.746685 1337883679701 104.5
62.614654 29.746592 1337883681701 105.0
62.614634 29.746474 1337883683690 105.5
62.614593 29.746345 1337883685692 105.0
62.61457 29.746242 1337883687698 103.5
62.614556 29.746134 1337883689707 103.0
62.61456 29.746042 1337883691708 102.0
62.614558 29.745921 1337883693695 99.5
62.614543 29.745797 1337883695701 97.5
62.61455 29.745712 1337883697699 95.5
62.614538 29.745592 1337883699696 94.5
62.614544 29.745493 1337883701693 92.5
62.614545 29.745393 1337883703700 91.5
62.61454 29.745282 1337883705691 92.0
62.614528 29.745169 1337883707688 92.0
62.614531 29.745079 1337883709696 92.5
62.61453 29.744985 1337883711688 91.0
62.614535 29.744902 1337883713685 90.5
62.614543 29.744809 1337883715693 90.5
62.61454 29.744705 1337883717687 87.5
62.614551 29.744612 1337883719695 86.5
62.614571 29.744537 1337883721690 87.5
62.614569 29.744436 1337883723685 88.0
62.614572 29.744351 1337883725696 87.5
62.614578 29.744285 1337883727684 87.5
62.614565 29.744164 1337883729682 85.5
62.614532 29.744034 1337883731681 83.5
62.614513 29.743926 1337883733680 80.5
62.614506 29.743827 1337883735689 80.0
62.614513 29.743739 1337883737678 81.0
62.614494 29.743642 1337883739678 79.5
62.614482 29.743556 1337883741678 78.5
62.614469 29.743456 1337883743677 77.0
62.614475 29.74337 1337883745689 79.0
62.614502 29.743323 1337883747696 78.0
62.614526 29.74328 1337883749673 76.5
62.614551 29.743252 1337883751701 75.5
62.614579 29.743213 1337883753698 76.5
62.614601 29.743212 1337883755683 76.0
62.614607 29.743193 1337883757676 75.5
62.614617 29.743173 1337883759687 75.5
62.61464 29.743182 1337883761685 76.0
62.614661 29.743179 1337883763672 76.5
62.614676 29.743189 1337883765673 77.0
62.61467 29.743203 1337883767684 75.0
62.614667 29.743202 1337883769672 75.0
62.614669 29.743222 1337883771681 75.5