47.683252 26.027761 1342708181989 339.5
47.683199 26.027817 1342708183974 356.0
47.683219 26.027824 1342708184971 358.5
47.683186 26.027876 1342708186970 365.0
47.683182 26.027876 1342708188972 365.0
47.683176 26.027876 1342708190962 364.5
47.683163 26.027881 1342708192945 363.5
47.683136 26.027864 1342708194963 363.5
47.68313 26.027861 1342708196969 363.5
47.68313 26.027839 1342708198967 363.5
47.683132 26.027827 1342708200967 361.5
47.683166 26.027764 1342708202967 360.0
47.683197 26.02773 1342708204964 360.0
47.683198 26.027702 1342708206965 359.5
47.683206 26.027666 1342708208963 360.5
47.683186 26.027614 1342708210960 360.5
47.683216 26.027528 1342708212962 361.5
47.683259 26.027502 1342708214969 359.5
47.683268 26.027499 1342708216964 360.5
47.683267 26.027508 1342708218960 360.0
47.683246 26.027528 1342708220963 360.0
47.683239 26.027531 1342708222963 357.5
47.683261 26.027498 1342708224961 357.5
47.683254 26.027461 1342708226962 356.5
47.683248 26.027439 1342708228958 356.5
47.683219 26.027399 1342708230958 355.5
47.683175 26.027333 1342708232957 355.0
47.683147 26.027282 1342708234961 355.0
47.683122 26.027215 1342708236951 355.5
47.683053 26.027106 1342708238956 357.0
47.68301 26.027009 1342708240951 358.0
47.682961 26.026878 1342708242960 358.5
47.682905 26.026733 1342708244958 359.5
47.682889 26.026623 1342708246951 360.0
47.682893 26.026523 1342708248954 360.0
47.682894 26.026422 1342708250952 361.0
47.682892 26.026323 1342708252956 362.5
47.68286 26.026181 1342708254953 362.0
47.682844 26.026037 1342708256945 363.5
47.682807 26.02589 1342708258952 364.0
47.682784 26.02575 1342708260953 364.5
47.682721 26.025568 1342708262950 364.5
47.682599 26.025366 1342708264952 364.5
47.682512 26.025173 1342708266949 364.5
47.682373 26.02496 1342708268951 364.0
47.682253 26.024787 1342708270939 363.0
47.682146 26.024681 1342708272947 363.5
47.68204 26.02456 1342708274942 364.0
47.681934 26.024452 1342708276944 364.0
47.681838 26.024359 1342708278937 364.0
47.681745 26.024264 1342708280937 365.0
47.681642 26.024161 1342708282936 365.0
47.681549 26.024046 1342708284935 365.0
47.681464 26.023919 1342708286932 365.0
47.681375 26.023787 1342708288938 365.0
47.681306 26.023659 1342708290943 365.0
47.681196 26.023512 1342708292940 364.0
47.681123 26.023382 1342708294932 364.0
47.681052 26.023251 1342708296942 364.5
47.680984 26.023113 1342708298940 365.0
47.68092 26.022987 1342708300932 365.5
47.680854 26.022859 1342708302937 366.0
47.680789 26.022737 1342708304935 365.5
47.680729 26.022631 1342708306941 367.0
47.680696 26.022533 1342708308932 368.5
47.680644 26.022436 1342708310934 369.0
47.680607 26.022348 1342708312934 369.5
47.680521 26.022242 1342708314933 370.0
47.680453 26.022138 1342708316928 370.5
47.68037 26.022032 1342708318930 370.0
47.680312 26.021936 1342708320932 370.5
47.680234 26.021852 1342708322929 370.0
47.680167 26.021769 1342708324920 370.0
47.680101 26.021682 1342708326928 370.0
47.680023 26.021589 1342708328919 369.0
47.679943 26.021494 1342708330919 369.0
47.679882 26.021407 1342708332925 369.5
47.679809 26.021322 1342708334918 370.0
47.679733 26.02124 1342708336926 371.5
47.679663 26.021167 1342708338923 373.0
47.679591 26.02108 1342708340914 374.0
47.679532 26.021009 1342708342919 375.5
47.679479 26.020939 1342708344923 375.0
47.679428 26.020875 1342708346912 375.0
47.679386 26.020811 1342708348912 374.5
47.679325 26.020744 1342708350914 375.0
47.679284 26.020686 1342708352921 375.5
47.679241 26.020636 1342708354913 376.0
47.6792 26.020584 1342708356920 376.0
47.679154 26.02053 1342708358914 376.5
47.679108 26.020462 1342708360913 377.0
47.679048 26.020394 1342708362915 377.0
47.67898 26.020332 1342708364911 376.5
47.678903 26.020261 1342708366919 376.5
47.678817 26.020183 1342708368914 376.5
47.678734 26.020111 1342708370907 376.5
47.678645 26.020039 1342708372912 376.0
47.678556 26.019967 1342708374906 376.0
47.678458 26.019893 1342708376912 375.5
47.678357 26.019829 1342708378911 375.5
47.678252 26.019763 1342708380903 375.0
47.678145 26.019695 1342708382904 374.5
47.678031 26.019643 1342708384913 374.5
47.677927 26.019581 1342708386911 373.5
47.677812 26.019531 1342708388901 373.0
47.6777 26.019494 1342708390898 372.5
47.677578 26.019477 1342708392908 372.0
47.677457 26.01946 1342708394899 372.5
47.677337 26.019458 1342708396898 372.5
47.677216 26.01947 1342708398901 372.5
47.677096 26.019475 1342708400904 372.5
47.676974 26.019485 1342708402907 373.0
47.676853 26.019498 1342708404905 373.5
47.676746 26.019516 1342708406895 374.5
47.676653 26.019519 1342708408902 374.5
47.676569 26.019512 1342708410892 375.0
47.676494 26.019503 1342708412891 375.5
47.676424 26.019515 1342708414892 376.0
47.676354 26.019523 1342708416895 376.5
47.676289 26.019533 1342708418891 376.5
47.676226 26.019532 1342708420890 376.5
47.676159 26.019536 1342708422894 376.5
47.676089 26.019528 1342708424900 377.0
47.676009 26.019533 1342708426893 377.0
47.675924 26.019544 1342708428896 377.0
47.675842 26.019554 1342708430896 377.0
47.675749 26.019572 1342708432887 377.0
47.675644 26.019581 1342708434887 377.5
47.675539 26.01958 1342708436888 377.0
47.675408 26.01956 1342708438887 377.0
47.675269 26.019495 1342708440896 376.5
47.675131 26.01939 1342708442883 377.0
47.675 26.019253 1342708444891 377.0
47.674869 26.019091 1342708446883 377.0
47.674735 26.018921 1342708448888 377.0
47.67461 26.018762 1342708450891 377.5
47.674484 26.018614 1342708452877 377.0
47.674357 26.018472 1342708454884 375.5
47.674239 26.01836 1342708456885 375.0
47.674136 26.018241 1342708458883 374.0
47.674045 26.018136 1342708460876 374.0
47.673964 26.018061 1342708462881 373.5
47.673865 26.017986 1342708464884 373.5
47.67377 26.017915 1342708466875 374.0
47.673681 26.017847 1342708468874 374.0
47.673587 26.017787 1342708470876 374.0
47.673506 26.017742 1342708472873 374.5
47.673419 26.017684 1342708474875 375.0
47.67333 26.017635 1342708476879 375.5
47.673263 26.0176 1342708478878 375.0
47.673205 26.017547 1342708480872 374.0
47.673131 26.017509 1342708482876 374.0
47.673046 26.017463 1342708484869 374.0
47.672954 26.017419 1342708486881 374.5
47.672866 26.017371 1342708488878 373.5
47.672766 26.017321 1342708490867 373.5
47.672658 26.017281 1342708492867 374.0
47.672548 26.017244 1342708494865 374.0
47.672435 26.017203 1342708496864 374.5
47.672328 26.017166 1342708498872 374.5
47.672221 26.017126 1342708500869 374.0
47.672114 26.017082 1342708502861 373.5
47.672 26.017038 1342708504874 373.0
47.671884 26.016994 1342708506860 373.0
47.671765 26.016942 1342708508858 373.0
47.671645 26.016894 1342708510861 373.0
47.671522 26.016839 1342708512860 373.5
47.671398 26.016784 1342708514859 373.5
47.671271 26.016725 1342708516858 373.0
47.671138 26.01666 1342708518858 373.0
47.671002 26.016594 1342708520857 373.0
47.670862 26.016527 1342708522857 373.0
47.670722 26.016461 1342708524856 372.5
47.670579 26.016395 1342708526853 373.0
47.670441 26.016326 1342708528855 373.0
47.670304 26.016256 1342708530855 373.5
47.670172 26.016176 1342708532851 373.5
47.670043 26.016094 1342708534851 373.5
47.669917 26.016004 1342708536853 373.5
47.669794 26.015903 1342708538852 373.5
47.669673 26.015796 1342708540851 373.5
47.669555 26.015686 1342708542864 374.0
47.669445 26.015586 1342708544861 374.0
47.66934 26.015474 1342708546848 374.0
47.669245 26.015349 1342708548848 374.0
47.669171 26.015204 1342708550845 374.0
47.669021 26.014969 1342708552856 372.5
47.668979 26.014794 1342708554857 372.0
47.668959 26.014631 1342708556845 372.5
47.668936 26.014476 1342708558854 372.5
47.668874 26.014347 1342708560851 372.5
47.668799 26.014249 1342708562846 372.0
47.668734 26.014226 1342708564854 370.0
47.668637 26.014191 1342708566842 369.5
47.668513 26.014195 1342708568853 370.0
47.668395 26.014223 1342708570840 370.5
47.668286 26.014264 1342708572839 370.5
47.668178 26.014304 1342708574840 370.5
47.668071 26.014336 1342708576840 370.0
47.667955 26.014356 1342708578837 370.5
47.667843 26.01436 1342708580840 371.0
47.667734 26.014344 1342708582836 371.0
47.667626 26.014318 1342708584838 371.0
47.667531 26.014257 1342708586835 370.0
47.667437 26.014182 1342708588835 369.5
47.667356 26.014073 1342708590833 368.5
47.667276 26.013965 1342708592830 368.5
47.667192 26.013851 1342708594832 368.5
47.66712 26.013729 1342708596831 369.0
47.667053 26.013609 1342708598834 369.0
47.666986 26.013484 1342708600832 369.0
47.666906 26.013356 1342708602839 368.5
47.666826 26.013231 1342708604827 368.5
47.666737 26.013097 1342708606831 368.5
47.666663 26.01297 1342708608834 368.0
47.666578 26.012837 1342708610828 367.5
47.666503 26.012717 1342708612833 367.5
47.666442 26.012616 1342708614825 368.5
47.666379 26.0125 1342708616836 368.5
47.66632 26.012377 1342708618825 369.0
47.666254 26.012252 1342708620823 369.5
47.666185 26.012119 1342708622825 370.5
47.66612 26.011971 1342708624822 371.0
47.66609 26.011833 1342708626825 371.0
47.666087 26.011698 1342708628825 370.0
47.666072 26.011555 1342708630820 368.5
47.666062 26.011385 1342708632819 369.0
47.666059 26.0112 1342708634826 370.5
47.666045 26.011023 1342708636826 371.0
47.666038 26.010862 1342708638816 371.5
47.666023 26.010692 1342708640823 371.5
47.666021 26.010516 1342708642815 371.5
47.666046 26.010359 1342708644813 372.0
47.666058 26.010188 1342708646820 372.5
47.666095 26.010039 1342708648814 372.0
47.666127 26.009892 1342708650813 372.0
47.666128 26.00973 1342708652820 373.0
47.666099 26.009567 1342708654810 373.0
47.666068 26.009418 1342708656822 372.5
47.666012 26.009253 1342708658816 371.5
47.665962 26.009095 1342708660812 371.5
47.665931 26.008956 1342708662815 371.5
47.665873 26.008806 1342708664816 370.5
47.66583 26.008659 1342708666815 369.5
47.665776 26.008505 1342708668806 369.5
47.665715 26.008351 1342708670804 369.0
47.665667 26.00821 1342708672804 369.0
47.665611 26.008046 1342708674807 369.5
47.665567 26.00788 1342708676813 370.5
47.665511 26.007716 1342708678803 371.5
47.665459 26.007549 1342708680805 373.0
47.665407 26.007401 1342708682802 374.0
47.665362 26.00726 1342708684810 375.0
47.665309 26.007121 1342708686806 375.0
47.665277 26.00699 1342708688809 375.5
47.665242 26.006855 1342708690800 376.0
47.665171 26.00667 1342708692807 375.0
47.665165 26.00655 1342708694807 375.0
47.665062 26.006438 1342708696810 375.5
47.664985 26.006357 1342708698804 375.0
47.664902 26.006286 1342708700803 375.5
47.664804 26.006193 1342708702795 375.5
47.664728 26.006079 1342708704794 375.0
47.664764 26.005968 1342708706801 376.0
47.664771 26.005867 1342708708794 379.0
47.664695 26.005724 1342708710798 379.0
47.66459 26.005594 1342708712805 379.5
47.66449 26.005485 1342708714791 379.0
47.66438 26.005369 1342708716790 378.5
47.664278 26.005265 1342708718790 378.5
47.664169 26.005152 1342708720788 378.0
47.66408 26.005064 1342708722798 378.0
47.664042 26.004976 1342708724797 378.5
47.663895 26.004834 1342708726787 376.0
47.663814 26.004745 1342708728787 376.0
47.663743 26.004662 1342708730787 376.0
47.663674 26.004565 1342708732791 376.0
47.663598 26.004462 1342708734785 375.5
47.663523 26.004354 1342708736784 376.0
47.663442 26.004245 1342708738783 376.5
47.663355 26.004141 1342708740782 376.5
47.663286 26.004042 1342708742785 376.5
47.663228 26.003942 1342708744781 376.5
47.663193 26.003841 1342708746789 376.5
47.663144 26.003702 1342708748782 375.5
47.66311 26.003558 1342708750780 375.5
47.663091 26.003403 1342708752778 375.5
47.66307 26.00324 1342708754775 375.0
47.663047 26.003082 1342708756777 375.0
47.663028 26.00292 1342708758779 375.0
47.663012 26.002751 1342708760776 375.5
47.662991 26.002579 1342708762785 375.5
47.662972 26.002411 1342708764774 376.0
47.662958 26.002249 1342708766785 376.5
47.66294 26.002101 1342708768773 376.5
47.662943 26.001959 1342708770780 378.0
47.662952 26.00184 1342708772772 379.5
47.66292 26.001728 1342708774779 379.5
47.662909 26.001682 1342708776780 379.5
47.662801 26.001587 1342708778772 377.5
47.662726 26.001503 1342708780781 377.0
47.662652 26.001405 1342708782787 377.0
47.662555 26.001287 1342708784779 376.0
47.662462 26.001163 1342708786770 375.0
47.662415 26.001044 1342708788775 374.5
47.662382 26.00092 1342708790765 374.5
47.662342 26.000791 1342708792767 374.5
47.662309 26.00067 1342708794764 374.0
47.662283 26.000553 1342708796764 374.0
47.662261 26.000437 1342708798762 374.5
47.662232 26.000313 1342708800761 374.0
47.662223 26.000204 1342708802761 375.0
47.662209 26.000096 1342708804763 376.0
47.66218 25.999972 1342708806770 376.5
47.662144 25.999845 1342708808759 376.0
47.6621 25.999726 1342708810758 375.5
47.662067 25.999629 1342708812766 375.5
47.662042 25.999533 1342708814765 376.0
47.662025 25.999437 1342708816755 376.0
47.662017 25.999347 1342708818759 377.0
47.661996 25.999251 1342708820763 377.0
47.661979 25.999163 1342708822753 378.0
47.661962 25.999077 1342708824753 378.5
47.661949 25.998992 1342708826759 379.0
47.661935 25.998906 1342708828750 380.0
47.661933 25.998821 1342708830749 381.5
47.661917 25.998734 1342708832750 382.0
47.661906 25.998649 1342708834750 383.5
47.661887 25.998569 1342708836749 383.5
47.661882 25.998502 1342708838749 384.5
47.661872 25.998435 1342708840750 385.0
47.661862 25.998369 1342708842754 385.5
47.661857 25.998302 1342708844746 386.5
47.661847 25.998231 1342708846757 387.5
47.661826 25.998162 1342708848754 387.5
47.661815 25.998089 1342708850753 388.5
47.661802 25.998021 1342708852742 390.0
47.661794 25.997957 1342708854742 391.0
47.661786 25.99789 1342708856744 392.0
47.661779 25.997837 1342708858744 393.0
47.661766 25.997786 1342708860739 393.5
47.661755 25.997732 1342708862739 394.5
47.661737 25.997681 1342708864738 395.0
47.66172 25.99763 1342708866747 395.5
47.661705 25.997581 1342708868737 396.0
47.661695 25.997534 1342708870740 396.5
47.661675 25.997489 1342708872745 396.5
47.661651 25.997442 1342708874745 396.5
47.661634 25.997391 1342708876744 396.0
47.661614 25.997337 1342708878743 395.5
47.661593 25.997283 1342708880733 395.0
47.661569 25.997229 1342708882732 393.5
47.661546 25.997173 1342708884744 392.5
47.661529 25.997121 1342708886732 393.5
47.661517 25.997066 1342708888739 394.5
47.661506 25.997018 1342708890739 395.5
47.661488 25.996975 1342708892738 396.0
47.661461 25.996928 1342708894729 396.5
47.661439 25.996886 1342708896729 396.5
47.661416 25.99684 1342708898728 397.0
47.661393 25.99679 1342708900727 397.5
47.661382 25.996739 1342708902743 398.0
47.661362 25.996688 1342708904734 398.5
47.661333 25.996631 1342708906731 398.5
47.661314 25.996582 1342708908732 399.5
47.661292 25.996531 1342708910732 399.5
47.661263 25.996479 1342708912732 399.5
47.661234 25.996424 1342708914724 399.5
47.661211 25.996372 1342708916721 400.0
47.661188 25.996322 1342708918719 400.0
47.661174 25.99629 1342708920725 400.0
47.661181 25.996266 1342708922717 400.5
47.661181 25.996242 1342708924715 399.0
47.661178 25.996231 1342708926720 399.0
47.661182 25.996214 1342708928712 398.5
47.661184 25.996216 1342708930712 398.5
47.661189 25.996214 1342708932711 398.5
47.661189 25.996216 1342708934711 398.5
47.661178 25.996231 1342708936705 398.5
47.661174 25.996225 1342708938719 398.5
47.661151 25.996245 1342708940721 398.5
47.661141 25.996229 1342708942709 398.5
47.661122 25.996227 1342708944719 398.5
47.661108 25.996187 1342708946713 398.5
47.661109 25.996164 1342708948705 398.5
47.661112 25.996102 1342708950713 398.5
47.661142 25.996 1342708952704 398.5
47.661141 25.995974 1342708954704 398.5
47.661167 25.995896 1342708956704 398.5
47.661168 25.995876 1342708958703 398.5
47.661199 25.995774 1342708960702 398.5
47.661202 25.995755 1342708962708 398.5
47.661228 25.995678 1342708964707 398.5
47.66085 25.994898 1342708990689 398.5
47.66074 25.994817 1342708994691 398.5
47.660539 25.99496 1342708996670 398.5
47.660253 25.994274 1342709006682 399.0
47.660267 25.994169 1342709008680 399.0
47.660318 25.994131 1342709010665 398.5
47.660345 25.994124 1342709012665 398.5
47.660456 25.994058 1342709014664 398.5
47.660489 25.994024 1342709017664 398.5
47.66049 25.993986 1342709018664 398.5
47.660511 25.993931 1342709021662 398.5
47.6605 25.993881 1342709022668 398.5
47.660532 25.993794 1342709025661 398.5
47.660525 25.993711 1342709026661 398.5
47.660446 25.993697 1342709028681 398.5
47.660463 25.9936 1342709030677 398.5
47.660461 25.99358 1342709032678 398.5
47.660452 25.993576 1342709034684 398.5
47.660157 25.993641 1342709036680 398.5
47.660127 25.993562 1342709038681 398.5
47.66013 25.993535 1342709040678 398.5
47.660126 25.993529 1342709042684 398.5
47.660067 25.99347 1342709044679 398.5
47.660042 25.993443 1342709046675 398.5
47.659999 25.99335 1342709048669 398.5
47.659972 25.993245 1342709050669 398.5
47.659966 25.993196 1342709052668 398.5
47.659964 25.993185 1342709054653 398.5
47.659892 25.992221 1342709087662 398.5
47.659924 25.991793 1342709088662 398.5
47.659865 25.9917 1342709091661 399.0
47.659894 25.991604 1342709092656 399.0
47.659861 25.991529 1342709099655 399.0
47.659503 25.99126 1342709100668 399.0
47.659382 25.991191 1342709102662 399.0
47.659214 25.990647 1342709104664 400.0
47.659197 25.990614 1342709106660 400.0
47.659138 25.990457 1342709108658 400.0
47.65913 25.990436 1342709110644 400.5
47.659134 25.990447 1342709113654 400.5
47.659117 25.990485 1342709114654 400.5
47.659132 25.99053 1342709116632 400.5
47.659106 25.990541 1342709119632 400.5
47.659097 25.990502 1342709120631 400.5
47.659058 25.9905 1342709122631 400.5
47.659006 25.990375 1342709124631 400.5
47.658991 25.990331 1342709126630 400.5
47.658976 25.9903 1342709128628 400.5
47.658958 25.989903 1342709131648 400.5
47.658931 25.989838 1342709132646 400.5
47.658905 25.989812 1342709134650 400.5
47.658888 25.989806 1342709136643 400.5
47.658882 25.989807 1342709138629 400.5
47.658886 25.989825 1342709140628 400.5
47.658882 25.989836 1342709142635 400.5
47.658858 25.989854 1342709152622 400.5
47.658798 25.989907 1342709154620 400.5
47.658704 25.989818 1342709156618 400.5
47.658659 25.989809 1342709158618 400.5
47.658596 25.989729 1342709160618 400.5
47.658594 25.989619 1342709162616 400.5
47.658479 25.989302 1342709164617 400.5
47.658473 25.989109 1342709166617 400.5
47.658467 25.989068 1342709168614 400.5
47.658584 25.988895 1342709170613 400.5
47.658604 25.988885 1342709172628 400.5
47.658127 25.987653 1342709186632 401.0
47.658013 25.987533 1342709188634 401.5
47.65797 25.987515 1342709190634 402.0
47.65797 25.987495 1342709192638 402.5
47.657971 25.987471 1342709194639 402.5
47.658003 25.987292 1342709200638 402.5
47.658028 25.987298 1342709202634 402.5
47.658082 25.987469 1342709205624 402.5
47.658105 25.987519 1342709206627 402.5
47.657456 25.987077 1342709210631 402.5
47.657415 25.987013 1342709212626 402.5
47.657215 25.987102 1342709214629 403.0
47.657111 25.987097 1342709216624 403.0
47.657017 25.987081 1342709218627 403.0
47.656962 25.987063 1342709220627 403.5
47.656936 25.987059 1342709222631 403.5
47.656925 25.987062 1342709224625 403.5
47.656921 25.987057 1342709226624 403.5
47.656921 25.987058 1342709228623 403.0
47.656904 25.987076 1342709230626 403.0
47.656902 25.987095 1342709232621 403.0
47.656887 25.987118 1342709234617 403.0
47.656879 25.987147 1342709236621 403.0
47.656873 25.987155 1342709238617 403.0
47.656682 25.987427 1342709258596 403.0
47.656492 25.987454 1342709262602 402.5
47.654591 25.987106 1342709278592 402.5
47.654327 25.986954 1342709280591 402.5
47.654179 25.986787 1342709282575 402.0
47.654112 25.986715 1342709284575 402.0
47.653995 25.986551 1342709286574 402.0
47.653552 25.986641 1342709310566 402.0
47.650861 25.984271 1342709319562 401.0
47.650603 25.984069 1342709320562 401.0
47.650372 25.984811 1342709323575 401.0
47.650303 25.984947 1342709324561 401.0
47.650235 25.985103 1342709327559 401.0
47.650214 25.985115 1342709328558 401.0
47.650103 25.984996 1342709337575 401.0
47.650065 25.984702 1342709338577 401.0
47.649886 25.984567 1342709350555 401.0
47.649387 25.985174 1342709357564 400.0
47.649158 25.98518 1342709358564 400.0
47.649029 25.985256 1342709361560 400.0
47.648855 25.985206 1342709362562 400.0
47.647922 25.98453 1342709365570 401.0
47.647664 25.984381 1342709366570 401.0
47.647074 25.984188 1342709368575 402.0
47.647026 25.984279 1342709370573 402.5
47.646973 25.98427 1342709372574 403.0
47.646955 25.98432 1342709374569 402.5
47.646783 25.984298 1342709376570 403.0
47.646747 25.984314 1342709378572 403.0
47.646673 25.984275 1342709380568 403.0
47.64667 25.984355 1342709382573 402.5
47.646516 25.984326 1342709384572 402.5
47.646489 25.984403 1342709386569 402.5
47.646427 25.984395 1342709388569 402.0
47.646343 25.984543 1342709390565 402.5
47.646165 25.984555 1342709392565 402.5
47.646081 25.984755 1342709394567 403.0
47.646039 25.984814 1342709396564 403.0
47.645966 25.984901 1342709398565 403.5
47.645928 25.984942 1342709400564 403.5
47.645914 25.984967 1342709402560 403.5
47.645908 25.984976 1342709404557 403.5
47.645838 25.985037 1342709406560 403.5
47.645804 25.985066 1342709408563 403.5
47.645786 25.985084 1342709410564 403.5
47.645629 25.98503 1342709412560 403.5
47.645586 25.985026 1342709414555 403.5
47.645453 25.984777 1342709416554 403.5
47.645248 25.984046 1342709426533 404.0
47.644827 25.983142 1342709428531 404.0
47.644681 25.983049 1342709430525 404.0
47.644536 25.982848 1342709432525 404.5
47.644548 25.982775 1342709434524 404.5
47.644502 25.982637 1342709436523 404.5
47.644543 25.982563 1342709438523 404.5
47.644454 25.9824 1342709440522 404.5
47.644497 25.982312 1342709442527 404.5
47.644497 25.982143 1342709444520 404.5
47.644475 25.982117 1342709446520 404.5
47.644343 25.981998 1342709448519 404.5
47.644336 25.98198 1342709450515 404.5
47.644349 25.981904 1342709452515 404.5
47.644349 25.981883 1342709454514 404.5
47.64439 25.981784 1342709456513 404.5
47.644392 25.981749 1342709458513 404.5
47.644469 25.981638 1342709460512 404.5
47.644481 25.98161 1342709462511 404.5
47.644512 25.981529 1342709464513 404.5
47.644514 25.981492 1342709466511 404.5
47.644568 25.981349 1342709468509 404.5
47.644566 25.981294 1342709470508 404.5
47.644639 25.98117 1342709472508 404.5
47.64465 25.981134 1342709474506 404.5
47.644921 25.976556 1342709512499 403.0
47.644871 25.976213 1342709514518 402.5
47.644884 25.976167 1342709516518 402.5
47.644813 25.97611 1342709518523 402.0
47.64472 25.975928 1342709520528 400.5
47.644711 25.975823 1342709522523 400.0
47.644688 25.975731 1342709524535 400.0
47.644676 25.975677 1342709526540 400.0
47.644644 25.975551 1342709528518 400.0
47.644652 25.975505 1342709530519 400.0
47.644652 25.97541 1342709532521 400.0
47.644618 25.975354 1342709534521 400.0
47.64458 25.975279 1342709536513 400.0
47.64459 25.97507 1342709538517 400.0
47.644699 25.974953 1342709540512 400.0
47.644757 25.974876 1342709542517 400.0
47.644755 25.974818 1342709544510 400.0
47.644761 25.974783 1342709546512 400.0
47.644798 25.974696 1342709549514 400.0
47.644814 25.974654 1342709550514 400.0
47.644814 25.974619 1342709552512 400.0
47.644921 25.974317 1342709554512 400.0
47.644915 25.974264 1342709556509 400.0
47.644955 25.974065 1342709558505 400.0
47.644942 25.974012 1342709560497 400.0
47.644997 25.973632 1342709562506 400.0
47.644965 25.973358 1342709564496 400.0
47.644907 25.973257 1342709566496 400.0
47.644902 25.973023 1342709568495 400.0
47.644868 25.972562 1342709572493 400.0
47.644884 25.972309 1342709574494 400.0
47.644872 25.972073 1342709576492 400.0
47.644816 25.971959 1342709578491 400.0
47.6448 25.971654 1342709580490 400.0
47.644795 25.971532 1342709582490 399.5
47.644774 25.971196 1342709584489 399.5
47.644815 25.971087 1342709586488 399.5
47.644863 25.970821 1342709588488 399.5
47.644903 25.970747 1342709590487 399.5
47.644998 25.970251 1342709592507 399.5
47.645055 25.970086 1342709594504 399.5
47.645078 25.969724 1342709596486 399.5
47.645089 25.969606 1342709598492 399.5
47.645043 25.969315 1342709600488 399.5
47.645044 25.969219 1342709602491 399.5
47.645001 25.968957 1342709604485 399.5
47.645034 25.968858 1342709606484 399.5
47.645047 25.968741 1342709608498 399.5
47.645043 25.968672 1342709610494 399.5
47.645097 25.968301 1342709612493 399.5
47.645079 25.968217 1342709614480 399.5
47.645151 25.967706 1342709616478 399.5
47.645118 25.967619 1342709618477 399.5
47.645117 25.967209 1342709620480 399.0
47.645054 25.967129 1342709622483 399.0
47.64502 25.966729 1342709624476 399.0
47.644955 25.966649 1342709626475 399.0
47.644932 25.966451 1342709628474 399.0
47.644891 25.966392 1342709630473 399.0
47.644828 25.966158 1342709632472 399.0
47.644785 25.966107 1342709634474 399.0
47.644759 25.966011 1342709636472 399.0
47.644746 25.965984 1342709638470 399.0
47.644742 25.96594 1342709640470 399.0
47.644757 25.965884 1342709642470 399.0
47.644776 25.965731 1342709644468 399.0
47.644805 25.965627 1342709646468 399.0
47.644822 25.965435 1342709648467 399.0
47.644826 25.965312 1342709650467 399.0
47.644823 25.96515 1342709652466 399.0
47.644835 25.96504 1342709654465 399.0
47.644842 25.964949 1342709656465 399.0
47.644844 25.964853 1342709658464 399.0
47.644853 25.964659 1342709660464 399.0
47.644829 25.964506 1342709662463 399.0
47.644812 25.964285 1342709664462 399.0
47.644831 25.964154 1342709666468 399.0
47.644811 25.963968 1342709668461 399.0
47.644832 25.963863 1342709670463 399.0
47.644855 25.963743 1342709672460 399.0
47.644859 25.963658 1342709675462 399.0
47.644884 25.963519 1342709676458 399.0
47.644872 25.963408 1342709679460 399.0
47.644864 25.96323 1342709680457 399.0
47.644911 25.963016 1342709682463 399.0
47.64493 25.962907 1342709684457 399.0
47.644946 25.962771 1342709687458 399.0
47.644947 25.962707 1342709688455 399.0
47.644961 25.962442 1342709691457 398.5
47.644951 25.962344 1342709692453 398.5
47.645038 25.962092 1342709694453 398.5
47.644971 25.961932 1342709696452 398.5
47.645013 25.961771 1342709698451 398.5
47.644949 25.961641 1342709700454 398.5
47.644952 25.961594 1342709702450 398.5
47.644909 25.961521 1342709704449 398.5
47.644909 25.961463 1342709706449 398.5
47.644872 25.961367 1342709708450 398.5
47.644868 25.96134 1342709710450 398.5
47.644864 25.961231 1342709715449 398.5
47.64486 25.961176 1342709716449 398.5
47.644904 25.961004 1342709718448 398.5
47.64486 25.960824 1342709720445 398.5
47.644872 25.960699 1342709722444 398.5
47.644816 25.960487 1342709724444 398.5
47.644845 25.96036 1342709726443 398.5
47.644819 25.960223 1342709728443 398.5
47.644877 25.960107 1342709730441 398.5
47.644832 25.959932 1342709732441 398.5
47.644882 25.95982 1342709734440 398.5
47.644818 25.95963 1342709736439 398.5
47.644871 25.959524 1342709738439 398.5
47.644779 25.959299 1342709740441 398.5
47.644838 25.959182 1342709742444 398.5
47.644713 25.958917 1342709744439 398.5
47.644717 25.958858 1342709746436 398.5
47.644621 25.958614 1342709748442 398.5
47.644614 25.958574 1342709750439 398.5
47.644935 25.957798 1342709755441 398.0
47.644994 25.957672 1342709756437 398.0
47.645017 25.957611 1342709758442 398.0
47.645012 25.957568 1342709760436 398.0
47.645007 25.9575 1342709763435 398.0
47.645004 25.957466 1342709764428 398.0
47.645025 25.957391 1342709767438 398.0
47.645027 25.957344 1342709768433 398.0
47.645064 25.957242 1342709771428 398.0
47.645039 25.957149 1342709772428 398.0
47.644665 25.956463 1342709774430 398.0
47.644604 25.956307 1342709776425 398.0
47.644485 25.95617 1342709778432 398.0
47.644473 25.956105 1342709780428 398.0
47.644463 25.956085 1342709782416 398.0
47.644497 25.955992 1342709784412 398.0
47.644486 25.95597 1342709786412 398.0
47.644473 25.955867 1342709789124 398.0
47.644516 25.955795 1342709791123 398.0
47.644735 25.955472 1342709794143 398.0
47.644776 25.955266 1342709796142 398.0
47.644755 25.955163 1342709799135 398.0
47.645016 25.954445 1342709806140 397.5
47.644681 25.954456 1342709810138 397.0
47.644438 25.954133 1342709813122 397.0
47.644424 25.954087 1342709814144 397.0
47.64424 25.953836 1342709817135 397.0
47.644091 25.953653 1342709819129 397.0
47.644009 25.953552 1342709821133 397.0
47.643849 25.953336 1342709823131 397.0
47.643773 25.953234 1342709825132 397.0
47.643639 25.953008 1342709827129 397.0
47.643591 25.952921 1342709829117 397.0
47.643556 25.952788 1342709831115 397.0
47.64353 25.952728 1342709833115 397.0
47.643455 25.952537 1342709835114 397.0
47.643406 25.952443 1342709837114 397.0
47.64331 25.952314 1342709839112 397.0
47.643252 25.952244 1342709841111 397.0
47.643129 25.951375 1342709847106 397.0
47.642894 25.951076 1342709867102 396.5
47.64233 25.950101 1342709869098 396.0
47.642241 25.950028 1342709871095 396.0
47.641796 25.949445 1342709903090 395.5
47.641407 25.949314 1342709905081 395.0
47.64097 25.948806 1342709907082 395.0
47.640989 25.948579 1342709912080 395.0
47.640933 25.948514 1342709913079 395.0
47.640704 25.948189 1342709915081 395.0
47.640668 25.948138 1342709920078 395.0
47.640542 25.948121 1342709921083 394.5
47.640297 25.947759 1342709923075 394.5
47.640279 25.947661 1342709925075 394.5
47.640132 25.947441 1342709927074 394.5
47.640154 25.947373 1342709929074 394.5
47.640064 25.947209 1342709931074 394.5
47.640035 25.947088 1342709933072 394.5
47.640021 25.947064 1342709935098 394.5
47.639972 25.94678 1342709939081 394.5
47.639855 25.946539 1342709941077 394.5
47.639771 25.946464 1342709943087 394.5
47.639696 25.946418 1342709945086 394.5
47.639631 25.946364 1342709947073 394.5
47.639572 25.946345 1342709949072 394.5
47.639524 25.946322 1342709951085 394.5
47.639495 25.946292 1342709953084 394.5
47.639418 25.946225 1342709955083 394.5
47.63937 25.946165 1342709957083 394.5
47.639433 25.945641 1342709968066 394.5
47.639088 25.945414 1342709969066 394.0
47.638922 25.945308 1342709971066 394.0
47.638859 25.945253 1342709973063 394.0
47.638722 25.94517 1342709975062 394.0
47.63867 25.945141 1342709977062 394.0
47.638556 25.945019 1342709980061 394.0
47.638547 25.944987 1342709981067 394.0
47.638507 25.944934 1342709983059 394.0
47.638475 25.944784 1342709986058 394.0
47.638465 25.944753 1342709987058 394.0
47.638492 25.944632 1342709989059 394.0
47.638477 25.944586 1342709991056 394.0
47.637868 25.942863 1342710026042 394.0
47.637368 25.942844 1342710027042 394.0
47.637287 25.94278 1342710029064 394.5
47.637265 25.942766 1342710031044 394.5
47.637179 25.942572 1342710034046 394.5
47.636841 25.94203 1342710038065 394.5
47.636791 25.941887 1342710040066 395.0
47.636772 25.941844 1342710041072 395.0
47.636759 25.941811 1342710043060 395.0
47.636739 25.941772 1342710045046 395.0
47.636508 25.941521 1342710047059 395.0
47.636338 25.941496 1342710049064 395.0
47.636236 25.941364 1342710051060 395.0
47.63628 25.941335 1342710053062 395.0
47.636284 25.941283 1342710055069 395.0
47.636288 25.941246 1342710057068 395.0
47.636255 25.941131 1342710059063 395.0
47.636293 25.941092 1342710061062 395.0
47.636412 25.94094 1342710064065 394.5
47.636426 25.940893 1342710065064 394.5
47.636544 25.94059 1342710070060 394.5
47.636558 25.940472 1342710071058 395.0
47.636696 25.940252 1342710073061 395.0
47.636687 25.940034 1342710075058 395.5
47.636778 25.939789 1342710077057 395.5
47.636809 25.939677 1342710079054 395.5
47.636884 25.939602 1342710081055 395.5
47.636899 25.939602 1342710083052 395.5
47.636907 25.939595 1342710085055 395.5
47.636908 25.93962 1342710087047 395.5
47.636912 25.939626 1342710089044 395.5
47.636916 25.939617 1342710091043 395.5
47.636926 25.939616 1342710093045 395.5
47.636935 25.93954 1342710095039 395.5
47.636958 25.939497 1342710097039 395.5
47.636968 25.939449 1342710099038 395.5
47.636969 25.93942 1342710101044 395.5
47.636971 25.939386 1342710103036 395.5
47.636969 25.939356 1342710105037 395.5
47.636936 25.939136 1342710107043 395.5
47.636919 25.938969 1342710109041 395.5
47.636916 25.938935 1342710111041 395.5
47.636927 25.938875 1342710113036 395.5
47.636932 25.938852 1342710115035 395.5
47.636928 25.938797 1342710117036 395.5
47.636922 25.938767 1342710119038 395.5
47.636922 25.938751 1342710121034 395.5
47.637074 25.937827 1342710128035 395.5
47.63707 25.937589 1342710129035 395.5
47.637093 25.937469 1342710131033 395.5
47.637148 25.937098 1342710133032 395.5
47.637153 25.937022 1342710135032 395.5
47.637212 25.936835 1342710137031 395.5
47.637371 25.936144 1342710144032 395.5
47.637374 25.936099 1342710145025 395.5
47.637335 25.935861 1342710148026 395.5
47.637303 25.935819 1342710149028 395.5
47.637284 25.935795 1342710151027 395.5
47.637447 25.935742 1342710153026 396.0
47.6375 25.935762 1342710155023 396.0
47.637541 25.93569 1342710157024 396.0
47.637544 25.935676 1342710159020 396.0
47.637491 25.934143 1342710177019 396.0
47.637449 25.93407 1342710179017 396.0
47.637516 25.933962 1342710181013 396.0
47.63753 25.933935 1342710182997 396.0
47.637552 25.933789 1342710185995 396.5
47.637547 25.933758 1342710186995 396.5
47.637585 25.933563 1342710190994 396.5
47.63761 25.933226 1342710195007 396.5
47.637672 25.932994 1342710197015 396.5
47.637727 25.932877 1342710199007 396.5
47.637749 25.932843 1342710201008 396.5
47.637825 25.932793 1342710202995 396.5
47.637792 25.932683 1342710205013 396.5
47.637759 25.932369 1342710207011 396.5
47.637759 25.932348 1342710209009 396.5
47.637792 25.932303 1342710211008 396.5
47.637762 25.93226 1342710213012 396.5
47.637776 25.932207 1342710215004 396.5
47.637788 25.932185 1342710217005 396.5
47.63779 25.932137 1342710218985 396.5
47.6378 25.932109 1342710220993 396.5
47.637808 25.932032 1342710222983 396.5
47.637821 25.931992 1342710224980 396.5
47.6378 25.931337 1342710230002 396.5
47.6378 25.931247 1342710230999 396.5
47.637823 25.931174 1342710232995 396.5
47.637855 25.931035 1342710234994 396.5
47.637871 25.931012 1342710236997 396.5
47.637916 25.93086 1342710238977 396.5
47.637937 25.930836 1342710240978 396.5
47.638014 25.930753 1342710242976 396.5
47.638037 25.930725 1342710244976 396.5
47.638088 25.930637 1342710246975 396.5
47.638114 25.930595 1342710248972 396.5
47.6382 25.930453 1342710250969 396.5
47.638249 25.930345 1342710252991 396.5
47.638248 25.930249 1342710254988 396.5
47.63825 25.9302 1342710256986 396.5
47.638239 25.930115 1342710258969 396.5
47.638244 25.930074 1342710260985 396.5
47.638387 25.929287 1342710272971 396.0
47.63861 25.929193 1342710274983 396.0
47.638657 25.929168 1342710276971 396.0
47.638665 25.929155 1342710278968 396.0
47.639022 25.926646 1342710303958 396.5
47.639265 25.926306 1342710304956 396.5
47.639821 25.925565 1342710330960 395.5
47.640273 25.925361 1342710332960 395.0
47.640348 25.925351 1342710334948 395.0
47.64035 25.924419 1342710350939 394.5
47.640121 25.923908 1342710352959 394.5
47.640262 25.923706 1342710354939 394.5
47.640167 25.923576 1342710356939 394.5
47.640175 25.923489 1342710358938 394.5
47.640296 25.923232 1342710361954 395.0
47.640307 25.923213 1342710362953 395.0
47.640359 25.923144 1342710365937 395.0
47.640461 25.923295 1342710367955 395.0
47.640487 25.923325 1342710368947 395.0
47.640687 25.923248 1342710370952 395.0
47.640703 25.923243 1342710372951 395.0
47.640907 25.923202 1342710374951 395.0
47.641056 25.923202 1342710376957 395.0
47.641151 25.923132 1342710378953 395.0
47.64119 25.923116 1342710380954 395.0
47.64126 25.923127 1342710382952 395.0
47.641307 25.923137 1342710384954 395.0
47.641362 25.923172 1342710386949 395.0
47.641405 25.923206 1342710388952 395.0
47.641477 25.923235 1342710390952 395.0
47.641556 25.923265 1342710392950 395.0
47.641611 25.923229 1342710394957 395.0
47.641678 25.923207 1342710396958 395.0
47.641747 25.923249 1342710398958 395.0
47.64179 25.923253 1342710400964 395.0
47.641851 25.923289 1342710402957 395.0
47.641933 25.923321 1342710404954 395.0
47.641984 25.923331 1342710406947 395.0
47.64202 25.92334 1342710408953 395.0
47.642052 25.923346 1342710410946 395.0
47.642065 25.923376 1342710412950 395.5
47.642095 25.923373 1342710414949 395.5
47.64211 25.923376 1342710416952 395.5
47.642117 25.923377 1342710418946 395.5
47.642125 25.923368 1342710420949 395.5
47.642128 25.923356 1342710422943 395.5
47.642137 25.923338 1342710424946 395.5
47.642145 25.923302 1342710426942 395.5
47.642155 25.923276 1342710428944 395.5
47.64219 25.923234 1342710430943 395.5
47.642221 25.923211 1342710432944 395.5
47.642258 25.923179 1342710434944 396.5
47.642313 25.923143 1342710436950 396.5
47.642492 25.923019 1342710438941 401.5
47.642526 25.92297 1342710440946 402.5
47.642628 25.922872 1342710442940 407.0
47.642643 25.922842 1342710444941 408.5
47.642718 25.922786 1342710446938 412.5
47.642762 25.922762 1342710448940 414.5
47.642819 25.922704 1342710450940 415.5
47.642841 25.922678 1342710452940 416.5
47.642889 25.922609 1342710454938 419.0
47.642907 25.922571 1342710456938 423.0
47.642974 25.922509 1342710458937 421.0
47.642997 25.922484 1342710460946 423.0
47.643038 25.922469 1342710462935 419.5
47.64305 25.922457 1342710464932 421.5
47.643067 25.922425 1342710466934 424.5
47.643088 25.922395 1342710468934 425.5
47.643147 25.922355 1342710470931 426.5
47.643189 25.92231 1342710472933 427.5
47.643241 25.92225 1342710474932 425.5
47.643275 25.922206 1342710476924 425.0
47.643348 25.922171 1342710478929 430.5
47.643405 25.922134 1342710480931 435.0
47.643465 25.922154 1342710482929 440.0
47.64353 25.922143 1342710484932 443.5
47.643577 25.922139 1342710486928 445.5
47.643616 25.922126 1342710488930 444.0
47.643675 25.922159 1342710490926 444.0
47.643765 25.922148 1342710492927 439.5
47.643817 25.922159 1342710494928 440.5
47.643883 25.922195 1342710496923 442.0
47.64395 25.922262 1342710498924 441.5
47.644008 25.922296 1342710500925 441.0
47.644046 25.922308 1342710502925 440.0
47.644081 25.922319 1342710504925 441.5
47.644152 25.922371 1342710506923 442.0
47.644198 25.922398 1342710508923 444.0
47.644235 25.922434 1342710510921 444.5
47.644273 25.92249 1342710512922 445.5
47.644314 25.922556 1342710514924 445.5
47.644345 25.922593 1342710516921 445.0
47.644381 25.922638 1342710518919 445.0
47.644438 25.922714 1342710520919 445.0
47.644462 25.92271 1342710522910 445.0
47.644504 25.922759 1342710524917 446.0
47.644548 25.922807 1342710526916 446.5
47.644607 25.92286 1342710528918 448.0
47.64465 25.922902 1342710530914 448.5
47.644685 25.922941 1342710532907 449.5
47.644725 25.922983 1342710534905 451.5
47.644773 25.923028 1342710536913 451.5
47.644808 25.923061 1342710538912 451.5
47.644839 25.923094 1342710540915 452.0
47.644866 25.9231 1342710542912 452.0
47.644888 25.923111 1342710544908 452.5
47.644917 25.923143 1342710546908 452.0
47.644941 25.923183 1342710548909 452.0
47.644985 25.923218 1342710550907 451.5
47.645039 25.923266 1342710552907 451.5
47.645081 25.923282 1342710554907 451.5
47.645119 25.923287 1342710556908 451.5
47.645187 25.923331 1342710558909 451.0
47.645262 25.923388 1342710560913 450.5
47.645335 25.923436 1342710562905 449.5
47.645412 25.923504 1342710564905 448.0
47.645495 25.923543 1342710566904 447.5
47.645582 25.923582 1342710568905 446.5
47.645669 25.92362 1342710570905 446.0
47.64575 25.923638 1342710572897 445.5
47.645823 25.923661 1342710574903 445.5
47.645915 25.923648 1342710576895 446.0
47.646015 25.923634 1342710578895 446.0
47.646101 25.923628 1342710580911 446.5
47.646185 25.923632 1342710582900 446.5
47.646248 25.923643 1342710584900 447.0
47.646306 25.923649 1342710586890 446.5
47.646347 25.923653 1342710588895 447.0
47.646379 25.92367 1342710590898 448.0
47.646469 25.923659 1342710592899 448.5
47.646566 25.923659 1342710594898 449.5
47.646615 25.923688 1342710596893 449.5
47.646643 25.923695 1342710598886 449.5
47.646671 25.923671 1342710600900 449.5
47.646729 25.923649 1342710602890 450.0
47.646821 25.923666 1342710604896 449.5
47.646878 25.923683 1342710606892 450.0
47.646949 25.923694 1342710608885 450.0
47.647013 25.923699 1342710610885 451.0
47.647074 25.9237 1342710612882 451.5
47.647135 25.923695 1342710614880 452.0
47.647194 25.92369 1342710616879 452.5
47.647251 25.923704 1342710618887 452.5
47.647313 25.923725 1342710620876 453.5
47.647343 25.923688 1342710622884 454.0
47.647396 25.923712 1342710624885 454.5
47.647465 25.923729 1342710626884 455.0
47.647537 25.923735 1342710628884 455.5
47.647587 25.923729 1342710630882 455.5
47.647654 25.923715 1342710632883 455.5
47.647712 25.923706 1342710634881 455.5
47.647763 25.923706 1342710636871 455.5
47.647814 25.923701 1342710638882 456.0
47.647873 25.923704 1342710640884 456.0
47.647931 25.923699 1342710642876 456.0
47.647984 25.923688 1342710644871 456.0
47.648031 25.92366 1342710646879 456.5
47.648109 25.92364 1342710648869 457.5
47.648166 25.923633 1342710650876 458.0
47.648236 25.923632 1342710652868 458.0
47.648311 25.923633 1342710654874 458.5
47.648382 25.923632 1342710656868 459.0
47.648445 25.923629 1342710658872 459.0
47.648502 25.923623 1342710660876 459.5
47.648558 25.923618 1342710662870 460.0
47.648616 25.923622 1342710664872 459.0
47.648675 25.923625 1342710666874 459.0
47.648716 25.923637 1342710668872 459.0
47.648777 25.92363 1342710670873 459.5
47.648866 25.923614 1342710672869 460.0
47.648931 25.923602 1342710674861 460.0
47.648973 25.923592 1342710676870 460.0
47.64902 25.923583 1342710678874 460.5
47.649073 25.923587 1342710680868 460.0
47.649124 25.923592 1342710682860 460.5
47.649182 25.923601 1342710684859 460.5
47.649238 25.923605 1342710686866 461.0
47.649283 25.923567 1342710688856 461.5
47.649338 25.923587 1342710690858 461.5
47.649424 25.923586 1342710693864 462.0
47.649453 25.923582 1342710694868 462.0
47.649509 25.923571 1342710696865 462.0
47.649556 25.923569 1342710698860 462.0
47.649613 25.923572 1342710700870 462.0
47.649671 25.923578 1342710702866 462.5
47.649732 25.923594 1342710704862 462.5
47.649797 25.923597 1342710706852 463.0
47.649867 25.9236 1342710708852 463.5
47.649927 25.923606 1342710710853 463.5
47.649987 25.923606 1342710712859 463.5
47.650052 25.92362 1342710714865 464.0
47.650115 25.923635 1342710716850 465.0
47.65018 25.923646 1342710718847 465.5
47.650246 25.92366 1342710720849 466.0
47.650297 25.923651 1342710722850 468.0
47.65035 25.923673 1342710724846 471.0
47.650408 25.923679 1342710726846 471.0
47.650478 25.923684 1342710728846 471.5
47.65054 25.923686 1342710730848 472.0
47.650595 25.923693 1342710732843 472.0
47.65064 25.92369 1342710734842 471.0
47.650694 25.923711 1342710736850 471.5
47.650748 25.923726 1342710738852 472.0
47.650809 25.923755 1342710740844 473.5
47.650873 25.923788 1342710742851 475.0
47.650928 25.923811 1342710744841 475.5
47.65098 25.923842 1342710746843 476.0
47.651038 25.923868 1342710748841 477.0
47.651089 25.923906 1342710750838 477.0
47.651139 25.923941 1342710752851 477.5
47.651187 25.923987 1342710754846 479.0
47.651241 25.924013 1342710756837 479.0
47.651293 25.924043 1342710758840 478.5
47.651344 25.924075 1342710760855 478.5
47.651387 25.924096 1342710762844 479.0
47.651436 25.924125 1342710764836 480.0
47.651488 25.924142 1342710766835 480.5
47.651525 25.924169 1342710768845 480.5
47.651555 25.924194 1342710770835 480.5
47.651605 25.924228 1342710772833 480.0
47.651658 25.92426 1342710774834 479.5
47.651721 25.924302 1342710776832 479.0
47.651783 25.924353 1342710778832 479.0
47.651855 25.924394 1342710780831 478.5
47.651938 25.924441 1342710782834 478.5
47.65202 25.924494 1342710784829 479.0
47.652107 25.924557 1342710786829 479.0
47.652199 25.924624 1342710788826 479.0
47.652301 25.924696 1342710790828 479.0
47.65241 25.924769 1342710792830 480.0
47.652519 25.924846 1342710794828 480.0
47.652634 25.924931 1342710796829 480.5
47.652754 25.925007 1342710798825 480.0
47.652875 25.925086 1342710800827 479.5
47.652995 25.925173 1342710802833 479.0
47.653116 25.9253 1342710804837 478.5
47.653234 25.925376 1342710806823 479.0
47.653359 25.925463 1342710808825 478.5
47.653474 25.92555 1342710810821 478.5
47.653593 25.925636 1342710812823 478.0
47.653716 25.925723 1342710814820 477.5
47.653845 25.925802 1342710816832 477.0
47.653988 25.925851 1342710818819 475.5
47.654146 25.92588 1342710820826 474.5
47.654317 25.925875 1342710822828 473.5
47.654482 25.925847 1342710824818 472.5
47.65464 25.925784 1342710826826 471.5
47.654791 25.925695 1342710828816 471.5
47.654937 25.925584 1342710830816 471.5
47.655084 25.925454 1342710832813 471.0
47.655232 25.925323 1342710834815 471.0
47.655379 25.925183 1342710836812 471.0
47.655525 25.925043 1342710838810 470.5
47.655671 25.924897 1342710840822 470.0
47.655815 25.924747 1342710842809 469.0
47.655959 25.924592 1342710844817 468.5
47.656124 25.924503 1342710846812 468.5
47.656297 25.92443 1342710848816 466.5
47.656444 25.924384 1342710850818 465.5
47.656541 25.92436 1342710852810 465.5
47.656597 25.924335 1342710854800 465.0
47.656646 25.924318 1342710856803 465.0
47.656689 25.924311 1342710858799 464.5
47.656718 25.924334 1342710860809 465.0
47.657024 25.925123 1342710868800 464.5
47.65733 25.925517 1342710870797 464.5
47.657544 25.925886 1342710872793 464.5
47.657709 25.926184 1342710874794 464.5
47.657826 25.926486 1342710876789 464.5
47.657997 25.926903 1342710878789 464.0
47.658003 25.927038 1342710880794 464.0
47.658069 25.927204 1342710882794 464.0
47.658103 25.927254 1342710884793 464.0
47.658163 25.927328 1342710886793 464.0
47.658188 25.927349 1342710888788 464.0
47.658248 25.927408 1342710891795 464.0
47.65838 25.927424 1342710892789 464.0
47.658512 25.927359 1342710894790 464.0
47.658691 25.927422 1342710896788 464.0
47.658789 25.927391 1342710898788 464.0
47.658982 25.927422 1342710900784 464.0
47.659076 25.927378 1342710902785 464.0
47.659177 25.927286 1342710904780 464.0
47.659233 25.927251 1342710906777 464.0
47.659373 25.927157 1342710908788 464.0
47.659444 25.927128 1342710910778 464.0
47.659688 25.927062 1342710912778 464.0
47.659779 25.927037 1342710914784 464.0
47.660007 25.927103 1342710916786 464.0
47.660126 25.927099 1342710918784 464.0
47.660267 25.927053 1342710920785 464.0
47.660343 25.927039 1342710922783 464.0
47.660482 25.927041 1342710924778 464.0
47.660548 25.927032 1342710926781 464.0
47.66066 25.926985 1342710928780 464.0
47.660722 25.926995 1342710930778 464.0
47.660828 25.926757 1342710932776 464.0
47.660906 25.926763 1342710934782 464.0
47.661021 25.926612 1342710936773 464.0
47.66114 25.926682 1342710938776 464.0
47.661216 25.926653 1342710940781 464.0
47.661314 25.926715 1342710942773 464.0
47.661426 25.926679 1342710944773 464.0
47.661498 25.926702 1342710946771 464.0
47.661593 25.926646 1342710948771 464.0
47.661712 25.926688 1342710950773 464.0
47.661752 25.926676 1342710952769 464.0
47.661865 25.92668 1342710954769 463.5
47.661925 25.926661 1342710956767 463.5
47.661995 25.92666 1342710958766 463.5
47.662056 25.926622 1342710960763 463.5
47.662163 25.926646 1342710962765 463.5
47.662267 25.926608 1342710964764 464.0
47.662316 25.926599 1342710966760 464.0
47.66236 25.926667 1342710968760 463.5
47.662397 25.926694 1342710970760 463.5
47.662498 25.926843 1342710972761 463.5
47.66252 25.926865 1342710974761 463.5
47.662661 25.927062 1342710976756 463.5
47.662683 25.927091 1342710978759 463.5
47.662849 25.927296 1342710980759 463.5
47.662873 25.927309 1342710982763 463.5
47.66288 25.927333 1342710984756 463.5
47.663237 25.92764 1342710987760 463.0
47.663336 25.927674 1342710988758 463.0
47.663647 25.927599 1342710990757 463.0
47.663748 25.927591 1342710992756 463.0
47.663771 25.927598 1342710994759 463.0
47.663893 25.927583 1342710996757 463.0
47.66395 25.927584 1342710998759 463.0
47.664 25.927579 1342711000760 463.0
47.664033 25.92756 1342711002753 463.0
47.664136 25.927628 1342711004755 463.0
47.664175 25.927592 1342711006756 463.0
47.664187 25.927561 1342711008747 463.0
47.664312 25.92752 1342711010749 463.0
47.664332 25.927493 1342711012746 463.0
47.664371 25.927414 1342711014745 463.0
47.66442 25.927427 1342711016746 463.0
47.664485 25.927433 1342711018750 463.0
47.664589 25.927474 1342711020752 463.0
47.664716 25.92744 1342711022748 463.0
47.664837 25.927438 1342711024747 463.0
47.664988 25.92737 1342711026747 462.5
47.665053 25.927398 1342711028744 462.5
47.665215 25.927334 1342711030740 462.5
47.665259 25.927347 1342711032746 462.5
47.665375 25.927301 1342711034743 462.5
47.665449 25.927383 1342711036744 462.5
47.665494 25.927419 1342711038744 462.5
47.66555 25.927466 1342711040742 462.5
47.665597 25.92747 1342711042741 462.5
47.665632 25.927486 1342711044739 462.5
47.665657 25.927469 1342711046738 462.5
47.665681 25.927472 1342711048740 462.5
47.665704 25.927442 1342711050739 462.5
47.665742 25.927461 1342711052735 462.5
47.665774 25.927422 1342711054738 462.5
47.665826 25.927443 1342711056735 462.5
47.66586 25.927402 1342711058735 462.5
47.665949 25.927442 1342711060746 462.5
47.666001 25.927393 1342711062731 462.5
47.666182 25.927445 1342711064728 462.5
47.666347 25.92737 1342711066727 462.5
47.666417 25.927391 1342711068727 462.5
47.666482 25.92738 1342711070727 462.5
47.66655 25.927423 1342711072740 462.5
47.666637 25.927394 1342711074727 462.5
47.666654 25.927388 1342711076724 462.5
47.666666 25.927358 1342711078720 462.5
47.667147 25.927771 1342711080721 462.5
47.667309 25.92777 1342711082720 462.0
47.667357 25.927758 1342711084720 462.0
47.667522 25.927689 1342711086718 462.0
47.667577 25.927684 1342711088718 462.0
47.667712 25.927622 1342711090715 462.0
47.667774 25.927618 1342711092713 462.0
47.667875 25.927575 1342711094715 462.0
47.667946 25.927578 1342711096712 462.0
47.668034 25.927527 1342711098712 462.0
47.66809 25.927527 1342711100710 462.0
47.668206 25.927475 1342711102712 462.0
47.668309 25.927569 1342711104717 462.0
47.668381 25.927548 1342711106716 462.0
47.668402 25.927531 1342711108715 462.0
47.668621 25.927463 1342711110712 462.0
47.668955 25.927572 1342711112717 462.0
47.669536 25.927566 1342711114719 462.0
47.669906 25.927364 1342711116717 462.0
47.670025 25.927316 1342711118714 462.0
47.670109 25.927155 1342711120721 462.0
47.670138 25.927144 1342711122713 462.0
47.670163 25.927147 1342711124713 462.0
47.67019 25.927158 1342711126710 462.0
47.670233 25.927182 1342711128712 462.0
47.670255 25.927186 1342711130711 462.0
47.67026 25.927187 1342711132706 462.0
47.670271 25.927204 1342711134706 462.0
47.670276 25.927215 1342711136705 462.0
47.670285 25.927216 1342711138704 462.0
47.670282 25.927322 1342711140707 462.0
47.670317 25.92737 1342711142705 462.0
47.670372 25.927364 1342711144697 462.0
47.670399 25.927366 1342711146687 462.0
47.670387 25.927293 1342711148685 462.0
47.670635 25.928031 1342711157697 462.0
47.670855 25.928184 1342711158692 462.0
47.670908 25.928222 1342711160697 462.0
47.670919 25.928229 1342711162689 462.0
47.670923 25.928231 1342711164688 462.0
47.67092 25.92823 1342711166688 462.0
47.670918 25.928227 1342711168699 462.0
47.670877 25.928214 1342711170694 462.0
47.670855 25.928213 1342711172696 462.0
47.670851 25.928195 1342711174696 462.0
47.670804 25.928248 1342711176696 462.0
47.670818 25.928277 1342711178691 462.0
47.670823 25.928253 1342711180697 462.0
47.670848 25.928268 1342711182691 462.0
47.670847 25.92829 1342711184691 462.0
47.670886 25.92832 1342711186689 462.0
47.670891 25.928333 1342711188679 462.0
47.670898 25.928346 1342711190683 462.0
47.670902 25.928371 1342711192683 462.0
47.670906 25.928382 1342711194681 462.0
47.670901 25.928417 1342711196680 462.0
47.670899 25.928429 1342711198680 462.0
47.670867 25.928629 1342711200679 462.0
47.67086 25.928661 1342711202680 462.0
47.670823 25.928739 1342711204674 462.0
47.670862 25.928829 1342711206676 462.0
47.670835 25.928917 1342711208676 462.0
47.670882 25.929006 1342711210674 462.0
47.670881 25.929041 1342711212676 462.0
47.670926 25.929119 1342711214675 462.0
47.670923 25.929161 1342711216675 462.0
47.670944 25.929203 1342711218675 462.0
47.670939 25.929231 1342711220677 462.0
47.670977 25.929289 1342711222670 462.0
47.670983 25.929306 1342711224670 462.0
47.671037 25.929369 1342711226674 462.0
47.671042 25.929384 1342711228673 462.0
47.671052 25.929383 1342711230674 462.0
47.671052 25.929385 1342711232669 462.0
47.671053 25.929385 1342711234668 462.0
47.671086 25.929449 1342711236670 462.0
47.671101 25.92947 1342711238672 462.0
47.671113 25.929503 1342711240674 462.0
47.671119 25.929521 1342711242666 462.0
47.67113 25.929589 1342711244662 462.0
47.671132 25.929621 1342711246663 462.0
47.671172 25.929741 1342711248669 462.0
47.671191 25.929792 1342711250671 462.0
47.671272 25.929859 1342711252667 462.0
47.671286 25.929881 1342711254667 462.0
47.671319 25.929974 1342711256664 462.0
47.671366 25.930033 1342711258664 462.0
47.671382 25.930044 1342711260662 462.0
47.671421 25.930072 1342711262664 462.0
47.671459 25.930106 1342711264659 462.0
47.671515 25.930171 1342711266661 462.0
47.671568 25.930277 1342711268658 462.0
47.671584 25.930293 1342711270655 462.0
47.671601 25.930313 1342711272654 462.0
47.671618 25.930319 1342711274659 462.0
47.671648 25.930334 1342711276654 462.0
47.671673 25.930332 1342711278658 462.0
47.671683 25.930326 1342711280653 462.0
47.671687 25.930322 1342711282654 462.0
47.671692 25.930318 1342711284637 462.0
47.671945 25.930277 1342711295647 462.0
47.672327 25.930268 1342711296642 462.5
47.672407 25.930359 1342711298642 462.5
47.672502 25.930336 1342711300651 462.5
47.672538 25.930345 1342711302644 462.5
47.672587 25.930334 1342711304640 462.5
47.672623 25.930351 1342711306635 462.5
47.672673 25.930377 1342711308643 462.5
47.672724 25.930408 1342711310640 462.5
47.672767 25.930404 1342711312639 462.5
47.672788 25.930395 1342711314637 462.5
47.67284 25.930373 1342711316637 462.5
47.67286 25.930355 1342711318641 462.5
47.672924 25.930322 1342711320640 462.5
47.672974 25.930376 1342711322639 462.5
47.673045 25.930363 1342711324638 462.5
47.673081 25.930355 1342711326637 462.5
47.673135 25.93036 1342711328637 462.5
47.673167 25.930359 1342711330636 462.5
47.673195 25.930349 1342711332632 462.5
47.673303 25.930324 1342711334632 462.5
47.673368 25.930281 1342711336637 462.5
47.67341 25.930271 1342711338638 462.5
47.67343 25.930262 1342711340632 462.5
47.673538 25.930216 1342711342636 462.5
47.673615 25.930192 1342711344629 462.5
47.673654 25.930187 1342711346631 462.5
47.673677 25.930184 1342711348628 462.5
47.673803 25.930174 1342711350636 462.5
47.673911 25.930161 1342711352632 462.5
47.674017 25.930102 1342711354629 462.5
47.674089 25.930051 1342711356631 462.5
47.674117 25.930024 1342711358633 462.5
47.674186 25.92997 1342711360635 462.5
47.674205 25.929956 1342711362625 462.5
47.67423 25.929935 1342711364625 462.5
47.674241 25.929928 1342711366632 462.5
47.674243 25.929931 1342711368608 462.5
47.674288 25.929923 1342711370623 462.5
47.674307 25.929942 1342711372620 462.5
47.674368 25.929937 1342711374618 462.5
47.674384 25.929944 1342711376618 462.5
47.674409 25.929994 1342711379622 462.5
47.674492 25.930002 1342711381620 462.5
47.674595 25.92998 1342711382620 462.5
47.674778 25.929951 1342711384622 463.0
47.674816 25.929953 1342711386620 463.0
47.674901 25.929892 1342711388616 462.5
47.675033 25.929801 1342711390617 462.5
47.675062 25.929835 1342711392614 462.5
47.675065 25.929842 1342711394615 462.5
47.675066 25.929829 1342711396610 462.5
47.675067 25.929827 1342711398612 462.5
47.675203 25.929812 1342711400616 462.5
47.675477 25.929721 1342711402621 462.5
47.675674 25.929695 1342711404625 462.0
47.675834 25.92969 1342711406615 462.0
47.676003 25.929641 1342711408622 460.5
47.6761 25.929593 1342711410626 464.5
47.676156 25.929559 1342711412615 467.0
47.676187 25.929545 1342711414609 467.5
47.676273 25.929414 1342711417615 470.0
47.676287 25.929386 1342711418619 470.0
47.676345 25.929335 1342711420638 472.5
47.676453 25.929344 1342711422615 471.5
47.676529 25.929224 1342711424606 473.0
47.676594 25.929198 1342711426615 470.5
47.676665 25.92917 1342711428612 468.0
47.676762 25.92918 1342711430612 465.5
47.676855 25.929115 1342711432611 464.0
47.6769 25.929089 1342711434606 464.0
47.676919 25.929072 1342711436605 464.0
47.676971 25.928928 1342711439603 464.0
47.676992 25.928885 1342711440599 464.0
47.67756 25.928994 1342711445602 464.0
47.677808 25.928891 1342711446598 464.0
47.677918 25.928857 1342711448605 464.0
47.678133 25.928564 1342711450612 463.5
47.678202 25.92853 1342711452616 464.5
47.678354 25.928517 1342711454612 464.0
47.678458 25.928503 1342711456622 464.0
47.678575 25.928495 1342711458614 465.0
47.678662 25.928469 1342711460606 464.5
47.678784 25.928477 1342711462601 464.5
47.678904 25.928485 1342711464607 465.0
47.679013 25.928471 1342711466607 465.0
47.679097 25.92843 1342711468620 464.0
47.679214 25.928429 1342711470604 463.5
47.679304 25.928408 1342711472602 465.0
47.679348 25.928377 1342711474603 466.0
47.679453 25.928359 1342711476604 467.0
47.679533 25.928365 1342711478608 467.5
47.679586 25.928343 1342711480613 467.5
47.679655 25.928326 1342711482604 467.5
47.679724 25.928314 1342711484605 467.5
47.679791 25.928297 1342711486604 467.5
47.679904 25.928286 1342711488617 464.5
47.679993 25.928288 1342711490608 464.0
47.680092 25.928296 1342711494865 465.5
47.680184 25.928347 1342711496881 468.5
47.680299 25.928395 1342711498874 469.0
47.680419 25.928457 1342711500864 469.5
47.680509 25.928527 1342711502864 470.0
47.680587 25.928616 1342711504873 469.5
47.680645 25.928717 1342711506874 468.0
47.680685 25.928782 1342711508874 468.5
47.680712 25.92883 1342711510870 468.5
47.680724 25.928957 1342711512870 468.5
47.680725 25.929052 1342711514870 468.5
47.680703 25.929201 1342711516873 469.0
47.680682 25.92931 1342711518871 468.5
47.680637 25.929399 1342711520873 468.5
47.680601 25.92952 1342711522871 464.0
47.680541 25.929641 1342711524863 458.0
47.680499 25.929787 1342711526870 455.5
47.680464 25.929952 1342711528871 453.0
47.680438 25.930142 1342711530873 450.0
47.68046 25.930351 1342711532869 449.0
47.680455 25.93054 1342711534866 447.5
47.680482 25.930731 1342711536865 446.0
47.680493 25.930903 1342711538874 445.0
47.680513 25.931041 1342711540876 446.0
47.680548 25.931181 1342711542889 446.0
47.680578 25.931316 1342711544882 445.0
47.680649 25.931431 1342711546873 444.5
47.680737 25.931536 1342711548874 442.5
47.680836 25.931618 1342711550871 440.5
47.680953 25.931686 1342711552876 441.0
47.681063 25.93176 1342711554877 439.0
47.68117 25.931834 1342711556873 439.0
47.68125 25.931963 1342711558878 438.5
47.681315 25.932122 1342711560870 436.5
47.681359 25.932335 1342711562875 436.0
47.681378 25.932549 1342711564878 434.0
47.681377 25.932724 1342711566866 434.0
47.681375 25.932903 1342711568864 431.5
47.681372 25.933068 1342711570864 429.5
47.681398 25.933212 1342711572865 428.5
47.681451 25.933343 1342711574863 427.0
47.681531 25.933442 1342711576871 426.0
47.681662 25.93349 1342711578871 425.5
47.681811 25.933545 1342711580865 424.0
47.681972 25.933575 1342711582860 422.5
47.682146 25.933615 1342711584860 421.5
47.682315 25.93367 1342711586863 421.0
47.682601 25.933853 1342711588577 421.0
47.682711 25.933963 1342711590579 420.0
47.682816 25.934079 1342711592576 419.5
47.682877 25.934186 1342711594574 419.5
47.682942 25.934276 1342711596577 418.5
47.682988 25.93436 1342711598575 418.5
47.683013 25.934438 1342711600587 417.5
47.683035 25.934508 1342711602575 416.5
47.683058 25.93456 1342711604574 415.5
47.683078 25.9346 1342711606572 415.5
47.683098 25.934641 1342711608580 416.5
47.683113 25.934679 1342711610581 417.5
47.683129 25.934732 1342711612574 417.5
47.683149 25.934799 1342711614569 418.0
47.683179 25.934859 1342711616577 419.0
47.683201 25.934917 1342711618576 419.5
47.683222 25.93497 1342711620569 420.0
47.683243 25.935031 1342711622566 419.5
47.68328 25.93509 1342711624565 419.5
47.683305 25.935174 1342711626573 420.0
47.68333 25.935259 1342711628567 420.5
47.683351 25.93534 1342711630567 421.0
47.683365 25.935427 1342711632574 421.0
47.683374 25.935501 1342711634565 421.5
47.683379 25.935569 1342711636564 421.5
47.683382 25.935821 1342711647517 423.0
47.683387 25.935852 1342711648521 423.0
47.683392 25.935916 1342711650523 423.5
47.683397 25.935977 1342711652537 423.5
47.683398 25.936037 1342711654522 422.5
47.683399 25.936091 1342711656523 422.5
47.683399 25.936126 1342711658519 422.5
47.6834 25.936149 1342711660494 422.5
47.683453 25.936289 1342711671500 422.5
47.683482 25.936351 1342711672501 422.5
47.683553 25.936511 1342711675503 422.5
47.683581 25.936571 1342711676499 422.0
47.683615 25.936961 1342711687499 422.0
47.683621 25.937059 1342711688500 422.0
47.683517 25.937246 1342711690499 422.0
47.683535 25.937397 1342711692492 422.0
47.68351 25.93747 1342711694492 422.0
47.683537 25.937586 1342711696492 422.0
47.683545 25.937616 1342711698491 422.0
47.683569 25.937701 1342711700491 422.0
47.683584 25.937722 1342711702491 422.0
47.683613 25.937816 1342711704496 422.0
47.68362 25.937832 1342711706490 422.0
47.683629 25.937862 1342711708490 422.0
47.683639 25.937879 1342711710489 422.0
47.683652 25.937922 1342711712489 422.0
47.683659 25.937942 1342711714489 422.0
47.683688 25.938008 1342711716494 422.0
47.683683 25.938034 1342711718488 422.0
47.683692 25.938131 1342711720475 422.0
47.683691 25.938149 1342711722491 422.0
47.683753 25.938277 1342711724492 422.0
47.683749 25.938307 1342711726489 422.0
47.683751 25.938401 1342711728487 422.0
47.683736 25.938438 1342711730489 422.0
47.683761 25.938613 1342711732497 422.0
47.683767 25.938663 1342711734498 422.0
47.683764 25.938715 1342711736497 422.0
47.683727 25.938779 1342711738491 422.0
47.683713 25.938889 1342711740200 422.0
47.683684 25.939021 1342711742197 422.0
47.683693 25.939104 1342711744199 422.0
47.683682 25.939166 1342711746193 422.0
47.683683 25.939213 1342711748192 422.0
47.683662 25.939281 1342711750191 422.0
47.683651 25.939315 1342711752190 422.0
47.683607 25.939388 1342711754188 422.0
47.683579 25.939421 1342711756188 422.0
47.683509 25.939524 1342711758186 422.0
47.683171 25.939803 1342711763183 421.5
47.6831 25.939867 1342711764183 421.5
47.682967 25.940094 1342711767181 421.5
47.682928 25.940181 1342711768183 421.5
47.682869 25.940288 1342711771180 421.5
47.683111 25.940803 1342711772182 421.5
47.683175 25.940984 1342711774180 421.5
47.683279 25.941461 1342711776179 421.5
47.683385 25.941415 1342711778185 421.5
47.683408 25.941487 1342711780184 421.5
47.683423 25.941516 1342711782181 421.5
47.683431 25.941595 1342711784185 421.5
47.683542 25.941583 1342711786185 421.5
47.683577 25.941506 1342711788180 421.5
47.680069 25.93804 1342711895130 0.0
47.68009 25.938029 1342711896124 0.0
47.687072 25.935348 1342711923113 23.0
47.687175 25.93508 1342711924113 23.5
47.686292 25.933352 1342712014085 27.5
47.6862 25.93273 1342712016107 28.0
47.687928 25.93254 1342712071070 26.5
47.68825 25.932519 1342712072069 26.0
47.688466 25.932808 1342712074068 26.0
47.691854 25.932244 1342712150044 29.0