62.603762 29.758493 1342040433007 93.5
62.603763 29.758459 1342040434006 93.5
62.603775 29.758399 1342040436003 93.5
62.603781 29.758249 1342040437997 93.5
62.603769 29.758141 1342040440002 93.5
62.603777 29.758072 1342040442015 93.5
62.603791 29.75806 1342040444006 93.5
62.603786 29.758037 1342040446003 93.5
62.603944 29.757508 1342040447999 93.5
62.604072 29.757197 1342040450008 93.5
62.604167 29.756573 1342040452001 93.5
62.604226 29.756137 1342040454004 93.5
62.604304 29.755889 1342040456006 93.5
62.604347 29.755539 1342040458011 93.5
62.604389 29.755394 1342040460001 93.5
62.604409 29.755232 1342040461997 93.5
62.60445 29.754976 1342040463993 93.5
62.604525 29.754813 1342040465997 93.5
62.604571 29.754628 1342040468001 93.5
62.604668 29.754464 1342040469996 93.5
62.604696 29.754242 1342040471998 93.5
62.604863 29.75395 1342040473999 93.5
62.604864 29.753722 1342040476000 93.5
62.604872 29.753642 1342040477996 93.5
62.604891 29.753264 1342040479996 93.5
62.604955 29.753149 1342040481997 93.5
62.605 29.752929 1342040484001 93.5
62.605104 29.752773 1342040485997 93.5
62.605119 29.752719 1342040487998 93.5
62.605282 29.752541 1342040489996 93.5
62.605312 29.752506 1342040491997 93.5
62.605429 29.752376 1342040493994 93.5
62.605434 29.75199 1342040495999 93.5
62.605466 29.751858 1342040497999 93.5
62.6055 29.751713 1342040499997 93.5
62.605627 29.751437 1342040502010 93.5
62.605643 29.751355 1342040504000 93.5
62.60567 29.751332 1342040505998 93.5
62.605678 29.751324 1342040508007 93.5
62.605743 29.751223 1342040509997 93.5
62.605761 29.751194 1342040511996 93.5
62.605857 29.751094 1342040513997 93.5
62.605883 29.751078 1342040516002 93.5
62.605946 29.75097 1342040517995 93.5
62.606238 29.750509 1342040520996 93.5
62.606447 29.750418 1342040524005 93.5
62.606822 29.749848 1342040526001 93.5
62.606879 29.749772 1342040528001 93.5
62.607025 29.74958 1342040529999 93.5
62.60706 29.749518 1342040532003 93.5
62.607276 29.749188 1342040533999 93.5
62.607321 29.749109 1342040536002 94.0
62.607546 29.748767 1342040537999 94.0
62.607575 29.748694 1342040540003 94.0
62.607866 29.748233 1342040541998 94.0
62.607897 29.748143 1342040544018 94.0
62.608222 29.747614 1342040545999 94.0
62.608251 29.747534 1342040547999 94.0
62.608416 29.747135 1342040550002 94.0
62.608456 29.747073 1342040552004 94.0
62.608546 29.746749 1342040554004 94.0
62.608655 29.746529 1342040559999 94.0
62.609092 29.745542 1342040562012 94.0
62.609247 29.745399 1342040564000 94.0
62.60952 29.745036 1342040565999 94.0
62.610178 29.743773 1342040569993 94.0
62.610343 29.743508 1342040572993 94.0
62.610518 29.742927 1342040573999 93.5
62.611054 29.741786 1342040586015 93.5
62.613234 29.7416 1342040619006 95.0
62.613686 29.741341 1342040622014 95.0
62.61369 29.740445 1342040627000 95.0
62.613883 29.739539 1342040630003 95.0
62.614009 29.739345 1342040632006 95.0
62.614041 29.739294 1342040634003 95.0
62.61408 29.73919 1342040636009 95.0
62.614088 29.739181 1342040638004 95.0
62.614093 29.739147 1342040639997 95.0
62.614095 29.73914 1342040641029 95.0
62.614211 29.739446 1342040644001 95.0
62.614254 29.739603 1342040646000 95.0
62.614597 29.740684 1342040651997 94.5
62.614634 29.740879 1342040653996 94.5
62.614658 29.741085 1342040655996 94.5
62.614652 29.741175 1342040657995 94.5
62.614631 29.741455 1342040660013 94.5
62.614535 29.741951 1342040661938 94.5
62.614838 29.742321 1342040663932 94.0
62.615155 29.743026 1342040676941 93.0
62.61515 29.743046 1342040677927 93.5
62.615161 29.743068 1342040679939 89.0
62.61515 29.743063 1342040681939 87.5