60.478701 22.303888 1345996857071 61.5
60.478732 22.303958 1345996857976 60.0
60.478798 22.304219 1345996859968 59.0
60.478992 22.304996 1345996873980 75.0
60.479156 22.30531 1345996877961 81.5
60.479355 22.305506 1345996881961 85.5
60.479537 22.305704 1345996885959 87.5
60.479757 22.306155 1345996889960 89.5
60.479852 22.306228 1345996893959 90.0
60.479911 22.306129 1345996897959 90.0
60.479936 22.306038 1345996902958 90.0
60.480056 22.306708 1345996910967 90.5
60.478765 22.305233 1345996915986 92.5
60.478835 22.304625 1345996917979 92.0
60.478733 22.304597 1345996919978 92.0
60.478717 22.304603 1345996921963 92.0
60.478755 22.304008 1345996923981 92.0
60.478753 22.303912 1345996925978 92.5
60.47876 22.303839 1345996927993 92.5
60.478762 22.30382 1345996929978 92.5
60.478759 22.303589 1345996931978 92.5
60.478756 22.303583 1345996933973 92.5
60.478746 22.303686 1345996935994 92.5
60.478746 22.303733 1345996937974 92.5
60.478834 22.303495 1345996987954 92.5
60.479121 22.303095 1345997157936 92.5
60.479078 22.30315 1345997161935 92.5
60.479 22.303101 1345997165941 92.5
60.478964 22.302922 1345997170935 92.5
60.478467 22.303614 1345997182935 92.0
60.478679 22.303631 1345997211495 92.5
60.478024 22.303243 1345997296848 91.5
60.477838 22.302737 1345997299845 91.5
60.477576 22.302741 1345997303845 91.0
60.477301 22.302883 1345997307844 91.0
60.476994 22.303035 1345997309842 91.0
60.476942 22.30303 1345997311844 91.0
60.476902 22.3031 1345997315841 91.0
60.477005 22.302901 1345997323840 91.0
60.477181 22.30274 1345997331838 91.0
60.477256 22.302865 1345997335839 91.0
60.477199 22.30325 1345997339836 91.0
60.477337 22.303557 1345997494060 91.5
60.478172 22.3032 1345997499043 92.0
60.478222 22.303494 1345997503043 92.0
60.478135 22.303537 1345997507061 92.0
60.478088 22.303519 1345997508055 92.0
60.477959 22.303371 1345997511043 92.0
60.477919 22.303346 1345997512042 92.0
60.477837 22.303356 1345997515040 92.0
60.477575 22.303608 1345997540058 92.0