60.478568 22.304004 1345996204160 46.5
60.478033 22.30245 1345996215139 46.0
60.477952 22.30224 1345996216138 46.0
60.477844 22.302025 1345996219150 46.0
60.477825 22.301989 1345996220139 46.0
60.477585 22.302116 1345996229138 46.0
60.477796 22.302618 1345996231138 46.0
60.477868 22.302796 1345996232138 46.0
60.477755 22.302335 1345996235137 46.0
60.477813 22.302267 1345996237138 46.0
60.478576 22.303513 1345996241142 45.0
60.478596 22.303568 1345996242140 45.0
60.478606 22.303592 1345996244142 45.0
60.478614 22.303615 1345996246171 45.0
60.478617 22.303614 1345996248157 45.0
60.47868 22.303443 1345996250154 45.0
60.47871 22.303362 1345996252177 45.0
60.478701 22.303366 1345996254158 45.0
60.478717 22.303315 1345996256162 45.0
60.478719 22.303299 1345996258157 45.0
60.478731 22.303266 1345996260155 45.0
60.478713 22.303328 1345996262175 45.0
60.478708 22.303334 1345996264173 45.0
60.478693 22.303356 1345996266155 45.0
60.478674 22.30342 1345996268157 45.0
60.477877 22.303825 1345996386126 44.5
60.477617 22.302901 1345996395125 44.0
60.477646 22.303185 1345996403144 44.0
60.478435 22.304027 1345996415123 44.5
60.478588 22.304251 1345996416124 44.5
60.478673 22.304055 1345996423138 45.0
60.478688 22.30353 1345996549131 44.5
60.478567 22.302636 1345996550116 44.5
60.478316 22.302567 1345996558112 44.5
60.478464 22.303145 1345996581128 44.5
60.478617 22.303452 1345996582115 44.5
60.478728 22.303666 1345996586110 44.5
60.478586 22.303303 1345996594128 44.5
60.478527 22.303239 1345996596110 44.5
60.478605 22.303245 1345996603121 44.5
60.478626 22.303255 1345996604107 44.5
60.478711 22.303261 1345996607127 44.5
60.478738 22.303272 1345996608124 44.5
60.478814 22.303273 1345996611107 44.5
60.478836 22.303277 1345996612109 44.5
60.478863 22.303288 1345996615106 45.0
60.478878 22.303306 1345996616107 45.0