62.603236 29.756075 1347198546150 91.0
62.603251 29.756552 1347198551165 118.0
62.603262 29.756507 1347198553136 122.0
62.603259 29.756513 1347198554968 122.0
62.603244 29.756354 1347198556987 115.0
62.603228 29.756286 1347198558961 110.0
62.60323 29.756276 1347198560960 109.5
62.603228 29.756263 1347198562963 109.0
62.603223 29.756221 1347198564965 108.0
62.603229 29.756207 1347198566960 107.0
62.603231 29.756214 1347198568956 106.5
62.603219 29.756204 1347198570987 106.5
62.60323 29.756196 1347198572960 108.5
62.603244 29.756199 1347198574958 110.5
62.603253 29.756188 1347198576979 111.0
62.603263 29.756181 1347198578977 111.5
62.603298 29.75619 1347198580976 112.0
62.603316 29.756206 1347198582981 112.0
62.603356 29.756239 1347198584985 111.5
62.603398 29.756275 1347198586966 111.0
62.603428 29.75629 1347198588964 110.5
62.603468 29.756332 1347198590973 110.5
62.603488 29.75631 1347198592962 108.5
62.603544 29.75634 1347198594963 107.5
62.603579 29.75639 1347198596964 109.5
62.6036 29.756415 1347198598965 109.5
62.603632 29.756478 1347198600957 109.0
62.603686 29.75644 1347198602958 109.0
62.603775 29.756552 1347198604964 109.5
62.603862 29.756726 1347198606959 110.0
62.60389 29.756827 1347198608961 110.5
62.60401 29.756906 1347198610950 116.0
62.604119 29.757016 1347198612959 118.0
62.60421 29.757101 1347198614957 118.0
62.604264 29.757174 1347198616970 117.5
62.604355 29.757238 1347198618968 117.0
62.604431 29.757284 1347198620960 116.5
62.604506 29.757329 1347198622956 115.5
62.604591 29.757361 1347198624956 115.0
62.604619 29.757414 1347198626948 113.0
62.604676 29.757495 1347198628942 113.0
62.604721 29.757541 1347198630957 112.0
62.604788 29.757541 1347198632972 110.5
62.604859 29.757564 1347198634967 110.0
62.604933 29.757592 1347198636965 110.0
62.605 29.757658 1347198638976 110.5
62.605077 29.757657 1347198640963 110.5
62.605134 29.757707 1347198642950 110.0
62.605162 29.757831 1347198644960 107.0
62.605211 29.757903 1347198646952 107.0
62.605269 29.757941 1347198648949 107.0
62.605296 29.757953 1347198650952 106.5
62.605327 29.757959 1347198652968 106.0
62.60539 29.758002 1347198654961 106.5
62.605427 29.758113 1347198656969 106.5
62.605496 29.758204 1347198658964 104.0
62.605589 29.758292 1347198660949 103.5
62.605672 29.758386 1347198662955 103.0
62.605785 29.758444 1347198664952 102.5
62.605863 29.758519 1347198666957 101.5
62.605951 29.75858 1347198668967 101.5
62.606035 29.758653 1347198670966 103.0
62.606104 29.758746 1347198672970 103.0
62.606187 29.75882 1347198674957 103.5
62.606265 29.758884 1347198676959 102.0
62.606304 29.758967 1347198678952 102.0
62.606391 29.759004 1347198680940 102.5
62.606537 29.758998 1347198682949 103.0
62.606658 29.759003 1347198684946 102.5
62.606749 29.75907 1347198686949 103.0
62.606836 29.759152 1347198688943 103.5
62.606914 29.759256 1347198690946 104.0
62.60701 29.759368 1347198692943 106.5
62.607071 29.759518 1347198694955 109.0
62.60718 29.759609 1347198696945 109.0
62.60729 29.759709 1347198698941 110.0
62.607392 29.759792 1347198700947 109.5
62.607458 29.759902 1347198702953 107.0
62.607478 29.760058 1347198704998 108.5
62.607527 29.760128 1347198706949 108.0
62.607606 29.76024 1347198708940 107.5
62.607723 29.760291 1347198710940 109.0
62.607795 29.760422 1347198712932 108.5
62.607804 29.760608 1347198714940 105.0
62.607751 29.76083 1347198716931 102.5
62.607693 29.761026 1347198718954 101.0
62.607639 29.76123 1347198720948 98.5
62.607601 29.761442 1347198722933 98.5
62.607574 29.761639 1347198724958 99.5
62.607537 29.761829 1347198726933 99.5
62.607501 29.762002 1347198728942 102.0
62.607466 29.762175 1347198730928 103.0
62.607424 29.762232 1347198732929 103.0
62.607391 29.762328 1347198734941 104.0
62.607382 29.762451 1347198736924 104.0
62.60738 29.76259 1347198738928 105.5
62.607365 29.762703 1347198740923 105.5
62.607345 29.762825 1347198742937 105.5
62.607315 29.762945 1347198744936 106.5
62.607288 29.763073 1347198746934 107.0
62.607262 29.763224 1347198748924 108.0
62.607231 29.763353 1347198750933 106.0
62.607199 29.763488 1347198752939 104.5
62.607185 29.763612 1347198754953 103.5
62.607189 29.763732 1347198756923 102.0
62.607172 29.763838 1347198758927 100.5
62.607148 29.763931 1347198760935 102.0
62.607129 29.76404 1347198762921 100.0
62.607104 29.764182 1347198764967 102.0
62.607071 29.764354 1347198766943 102.0
62.607026 29.764542 1347198768946 101.0
62.606981 29.764731 1347198770929 100.0
62.606937 29.764924 1347198772935 99.0
62.606895 29.765117 1347198774932 98.0
62.606845 29.765308 1347198776932 97.0
62.606804 29.765515 1347198778937 97.5
62.606764 29.765724 1347198780928 98.5
62.606745 29.765938 1347198782932 100.0
62.606709 29.766121 1347198784918 100.5
62.606681 29.766289 1347198786921 101.0
62.606696 29.766436 1347198788917 101.0
62.606722 29.766543 1347198790922 101.0
62.606779 29.766627 1347198792936 101.0
62.606864 29.766682 1347198794917 100.0
62.606952 29.766731 1347198796913 100.0
62.607053 29.766776 1347198798920 100.0
62.607135 29.766852 1347198800920 99.0
62.607211 29.76693 1347198802939 99.0
62.607284 29.767 1347198804945 98.0
62.607345 29.767068 1347198806941 97.5
62.607404 29.76712 1347198808922 97.5
62.607468 29.76716 1347198810924 97.0
62.607524 29.767229 1347198812927 98.0
62.607534 29.767315 1347198814942 97.5
62.607602 29.767415 1347198816929 97.0
62.607635 29.767509 1347198818931 97.0
62.607716 29.767671 1347198820921 97.0
62.607729 29.767779 1347198822925 96.5
62.60772 29.767898 1347198824932 97.0
62.607757 29.768026 1347198826917 97.0
62.607711 29.768094 1347198828937 97.5
62.607705 29.768168 1347198830936 94.0
62.607661 29.768341 1347198832933 99.5
62.607687 29.768641 1347198834917 100.0
62.607687 29.768847 1347198836925 95.0
62.607676 29.769042 1347198838912 92.5
62.607625 29.769205 1347198840915 89.5
62.607603 29.769418 1347198842938 89.5
62.607574 29.769609 1347198844935 88.5
62.607561 29.769807 1347198846925 85.5
62.607551 29.77002 1347198848907 85.5
62.607565 29.770264 1347198850918 87.0
62.607546 29.770463 1347198852914 85.5
62.607531 29.770649 1347198854915 85.5
62.607525 29.770808 1347198856912 83.5
62.607564 29.770966 1347198858927 82.0
62.607583 29.771109 1347198860931 80.5
62.607603 29.771243 1347198862922 81.0
62.60762 29.77135 1347198864919 81.0
62.607618 29.771449 1347198866915 80.0
62.607621 29.771544 1347198868904 83.0
62.607626 29.771619 1347198870905 85.0
62.60763 29.771687 1347198872914 88.0
62.607628 29.771757 1347198874912 88.5
62.607636 29.771838 1347198876925 90.0
62.607648 29.771937 1347198878907 91.0
62.607641 29.772016 1347198880918 90.0
62.607642 29.772109 1347198882912 91.0
62.607652 29.772191 1347198884924 93.5
62.607654 29.772291 1347198886904 93.0
62.607643 29.772368 1347198888904 91.0
62.607656 29.772475 1347198890927 91.0
62.607649 29.772579 1347198892932 90.0
62.607629 29.772675 1347198894921 87.5
62.6076 29.772773 1347198896921 85.5
62.607589 29.772885 1347198898920 85.0
62.607592 29.773024 1347198900906 85.5
62.607564 29.773146 1347198902904 83.5
62.607528 29.773277 1347198904915 84.0
62.607502 29.773418 1347198906914 84.0
62.607473 29.773585 1347198908932 84.5
62.607442 29.773735 1347198910906 85.5
62.607402 29.773875 1347198912918 87.0
62.60738 29.774028 1347198914929 88.0
62.607375 29.77419 1347198916915 88.5
62.607381 29.774368 1347198918914 89.5
62.607393 29.774546 1347198920901 90.5
62.6074 29.774713 1347198922900 90.5
62.6074 29.774875 1347198924923 91.0
62.607394 29.775031 1347198926920 91.0
62.607376 29.775195 1347198928914 90.5
62.607359 29.775371 1347198930918 90.5
62.607341 29.775544 1347198932902 90.0
62.607319 29.775703 1347198934906 89.0
62.607318 29.77586 1347198936945 90.0
62.60732 29.775992 1347198938892 90.0
62.607318 29.77613 1347198940896 90.0
62.60726 29.776223 1347198942926 90.0
62.6072 29.776297 1347198944937 91.0
62.607178 29.776487 1347198946920 92.5
62.607173 29.776722 1347198948894 94.5
62.607214 29.776971 1347198950899 96.0
62.607259 29.77719 1347198952907 96.0
62.607304 29.777428 1347198954905 96.0
62.607335 29.777693 1347198956914 95.5
62.607342 29.777964 1347198958924 95.0
62.607336 29.778223 1347198960915 94.5
62.607328 29.778479 1347198962893 94.5
62.607333 29.778735 1347198964905 95.0
62.607338 29.778986 1347198966895 95.5
62.607321 29.779225 1347198968898 94.0
62.607321 29.779477 1347198970911 93.0
62.607338 29.77974 1347198972914 92.5
62.607359 29.780003 1347198974911 92.0
62.607379 29.780266 1347198976914 90.5
62.607414 29.780557 1347198978890 90.5
62.607459 29.780851 1347198980897 90.0
62.607492 29.781155 1347198982893 89.0
62.607526 29.781462 1347198984892 89.0
62.607572 29.78176 1347198986896 89.5
62.607626 29.782064 1347198988913 89.0
62.607669 29.78238 1347198990908 88.5
62.607728 29.782693 1347198992890 89.0
62.607777 29.783004 1347198994889 88.5
62.607837 29.7833 1347198996901 88.0
62.607912 29.783555 1347198998887 89.5
62.607982 29.78376 1347199000907 90.5
62.608042 29.78394 1347199002902 90.0
62.608153 29.78421 1347199005197 88.5
62.60822 29.784342 1347199007198 88.0
62.608288 29.784465 1347199009195 88.0
62.608361 29.784577 1347199011212 90.0
62.608417 29.784686 1347199013219 90.5
62.608457 29.784782 1347199015204 91.0
62.608514 29.78489 1347199017193 92.5
62.608563 29.785011 1347199019194 93.0
62.608607 29.785137 1347199021202 92.5
62.608662 29.78524 1347199023217 94.0
62.608707 29.785336 1347199025208 93.5
62.608749 29.785437 1347199027222 94.0
62.608796 29.785554 1347199029215 94.5
62.608854 29.785679 1347199031194 94.5
62.608914 29.785831 1347199033197 94.5
62.608977 29.786005 1347199035193 94.5
62.609041 29.78618 1347199037217 93.5
62.609095 29.786373 1347199039210 93.5
62.609155 29.78658 1347199041197 94.5
62.609221 29.786816 1347199043200 94.0
62.609276 29.787092 1347199045194 94.5
62.609333 29.787378 1347199047190 96.0
62.609376 29.78766 1347199049195 96.0
62.609417 29.78794 1347199051196 96.0
62.60945 29.788211 1347199053217 96.5
62.609474 29.788468 1347199055195 97.5
62.609491 29.788717 1347199057201 96.5
62.609503 29.788967 1347199059196 95.5
62.609515 29.789223 1347199061202 95.5
62.609526 29.789479 1347199063202 94.5
62.609541 29.789707 1347199065188 93.0
62.609559 29.789933 1347199067191 92.5
62.609582 29.790171 1347199069202 92.5
62.609597 29.790407 1347199071218 92.5
62.609623 29.790651 1347199073190 92.5
62.609653 29.790886 1347199075204 92.5
62.609683 29.791127 1347199077199 92.0
62.609696 29.79128 1347199079187 89.0
62.609722 29.791496 1347199081183 89.5
62.609743 29.791692 1347199083191 89.5
62.609753 29.79187 1347199085184 87.0
62.609774 29.792065 1347199087202 85.0
62.609805 29.79226 1347199089200 83.5
62.609851 29.792455 1347199091187 83.0
62.609898 29.792641 1347199093194 82.0
62.60996 29.792822 1347199095185 83.0
62.610025 29.792998 1347199097184 84.0
62.610076 29.793178 1347199099202 86.0
62.610122 29.793371 1347199101200 85.0
62.61016 29.793588 1347199103183 85.5
62.610211 29.793793 1347199105182 85.0
62.610268 29.793997 1347199107188 85.5
62.610325 29.794195 1347199109180 85.5
62.610386 29.794391 1347199111182 85.0
62.610448 29.79458 1347199113191 84.0
62.610506 29.794752 1347199115185 82.0
62.610556 29.794931 1347199117191 80.5
62.610612 29.795099 1347199119180 78.5
62.610675 29.795279 1347199121186 78.0
62.610744 29.795443 1347199123203 77.5
62.610812 29.795614 1347199125179 77.5
62.610866 29.795777 1347199127192 75.5
62.610936 29.795927 1347199129199 75.5
62.611011 29.79608 1347199131192 76.0
62.611087 29.796242 1347199133186 78.0
62.611163 29.796391 1347199135177 78.5
62.611241 29.796519 1347199137174 77.5
62.611296 29.796649 1347199139186 76.0
62.611345 29.796776 1347199141171 75.5
62.611372 29.796895 1347199143177 73.0
62.611409 29.797015 1347199145182 73.0
62.611454 29.79715 1347199147191 73.0
62.6115 29.797304 1347199149180 72.5
62.611545 29.797461 1347199151183 70.5
62.611605 29.797628 1347199153185 70.5
62.611675 29.797784 1347199155191 70.0
62.611756 29.79794 1347199157200 70.5
62.611828 29.798094 1347199159189 69.5
62.61191 29.79822 1347199161203 69.5
62.611996 29.798338 1347199163175 70.5
62.612074 29.798426 1347199165184 69.0
62.612154 29.798489 1347199167172 68.5
62.61221 29.798572 1347199169172 68.5
62.612263 29.798669 1347199171175 68.5
62.612304 29.798772 1347199173184 67.0
62.612348 29.798867 1347199175188 67.5
62.61238 29.798964 1347199177183 67.0
62.612437 29.799056 1347199179171 68.5
62.612478 29.79916 1347199181168 69.5
62.612533 29.79926 1347199183181 72.0
62.612566 29.799397 1347199185165 73.0
62.612604 29.79954 1347199187173 73.5
62.612667 29.7997 1347199189196 74.0
62.612733 29.799863 1347199191165 74.5
62.612771 29.800016 1347199193176 74.0
62.612817 29.800175 1347199195176 73.5
62.612891 29.800332 1347199197164 76.5
62.612986 29.800488 1347199199169 80.5
62.613054 29.800661 1347199201184 82.0
62.613091 29.800838 1347199203158 82.0
62.613132 29.801012 1347199205168 80.5
62.613166 29.801187 1347199207172 79.5
62.613198 29.80136 1347199209170 78.0
62.613241 29.801533 1347199211163 78.0
62.613281 29.801706 1347199213174 78.0
62.613345 29.801877 1347199215164 81.0
62.613382 29.80205 1347199217173 82.5
62.613408 29.802229 1347199219166 82.0
62.61344 29.802407 1347199221168 82.0
62.61347 29.802581 1347199223161 81.5
62.613501 29.802757 1347199225161 82.0
62.613522 29.802929 1347199227163 80.5
62.613559 29.803089 1347199229176 81.5
62.613582 29.803229 1347199231165 82.0
62.613611 29.803353 1347199233165 82.5
62.613627 29.803477 1347199235170 82.5
62.613642 29.803595 1347199237161 83.5
62.613671 29.803737 1347199239185 84.0
62.613685 29.80389 1347199241176 83.0
62.613694 29.804042 1347199243192 81.5
62.613709 29.80419 1347199245185 81.0
62.613728 29.804337 1347199247160 81.5
62.613745 29.804484 1347199249165 81.5
62.613749 29.804633 1347199251155 80.0
62.61376 29.804791 1347199253177 79.5
62.613781 29.80496 1347199255169 79.5
62.613814 29.805142 1347199257185 81.0
62.613823 29.805322 1347199259173 81.5
62.613824 29.805498 1347199261175 80.0
62.613844 29.805683 1347199263164 81.0
62.613838 29.805864 1347199265164 80.5
62.613876 29.806043 1347199267154 83.5
62.613893 29.806231 1347199269184 85.0
62.61389 29.806419 1347199271177 84.5
62.613895 29.806602 1347199273169 84.0
62.613897 29.806788 1347199275169 84.5
62.613903 29.806973 1347199277165 85.0
62.613923 29.807156 1347199279156 86.5
62.613931 29.807333 1347199281151 85.0
62.613933 29.80751 1347199283152 85.5
62.613925 29.807689 1347199285154 85.5
62.613925 29.807871 1347199287159 85.5
62.613933 29.808056 1347199289176 86.0
62.613935 29.808244 1347199291165 87.0
62.613934 29.808436 1347199293159 88.0
62.613941 29.808631 1347199295157 89.5
62.613943 29.808832 1347199297151 89.5
62.613952 29.809035 1347199299154 90.5
62.61396 29.809229 1347199301145 88.5
62.613975 29.809432 1347199303161 89.0
62.614004 29.80964 1347199305161 90.5
62.614033 29.809853 1347199307174 91.5
62.614066 29.810045 1347199309162 93.0
62.6141 29.810257 1347199311166 93.0
62.614141 29.810486 1347199313152 93.5
62.614179 29.810733 1347199315156 93.5
62.614234 29.810991 1347199317155 96.5
62.614266 29.811231 1347199319153 96.5
62.614291 29.811456 1347199321151 97.5
62.614326 29.811666 1347199323149 98.5
62.614361 29.811871 1347199325169 99.5
62.614386 29.812077 1347199327138 100.0
62.614415 29.81228 1347199329149 100.0
62.614448 29.812471 1347199331150 99.0
62.614481 29.812655 1347199333143 97.5
62.614526 29.81284 1347199335166 97.5
62.614543 29.813031 1347199337165 98.0
62.614507 29.813196 1347199339147 97.0
62.614425 29.813292 1347199341151 97.5
62.614335 29.81335 1347199343150 96.5
62.61426 29.8134 1347199345143 96.0
62.614188 29.81353 1347199347152 99.0
62.614112 29.813619 1347199349156 101.5
62.614031 29.81369 1347199351157 102.5
62.613968 29.813827 1347199353137 102.5
62.613919 29.813958 1347199355148 101.0
62.613864 29.814004 1347199357150 97.5
62.613866 29.814113 1347199359150 97.5
62.613913 29.814236 1347199361162 99.0
62.613957 29.814388 1347199363199 100.5
62.613983 29.814538 1347199365163 98.0
62.614014 29.814687 1347199367160 98.0
62.614055 29.814847 1347199369147 98.0
62.614083 29.81499 1347199371144 96.5
62.614129 29.815165 1347199373148 98.5
62.614163 29.815312 1347199375144 98.0
62.614212 29.815497 1347199377153 98.0
62.614265 29.815618 1347199379147 98.0
62.614282 29.815787 1347199381143 95.5
62.614313 29.815942 1347199383142 94.0
62.61433 29.816108 1347199385143 93.5
62.61438 29.816258 1347199387142 92.0
62.614424 29.816413 1347199389150 92.0
62.614455 29.816575 1347199391154 93.0
62.614478 29.816724 1347199393158 93.5
62.614462 29.816909 1347199395157 92.5
62.61442 29.817099 1347199397130 94.0
62.614366 29.817264 1347199399139 95.5
62.614294 29.817333 1347199401138 97.5
62.614221 29.81743 1347199403132 96.5
62.614142 29.817558 1347199405139 98.0
62.614069 29.817639 1347199407126 96.5
62.614005 29.817708 1347199409157 95.0
62.613938 29.817767 1347199411140 92.5
62.613862 29.817818 1347199413138 93.0
62.613789 29.817876 1347199415136 91.5
62.613698 29.817928 1347199417131 90.5
62.613709 29.818075 1347199419137 91.5
62.61374 29.818267 1347199421145 91.0
62.613783 29.818469 1347199423186 95.0
62.613827 29.818695 1347199425131 97.5
62.613883 29.818923 1347199427123 103.5
62.613927 29.819138 1347199429127 106.0
62.613975 29.819333 1347199431119 107.0
62.614021 29.81949 1347199433123 106.0
62.614054 29.819641 1347199435152 104.5
62.614084 29.819803 1347199437154 103.0
62.614118 29.81996 1347199439136 103.0
62.614161 29.820107 1347199441124 103.5
62.614196 29.820235 1347199443124 102.5
62.614239 29.820372 1347199445129 105.0
62.61427 29.820494 1347199447143 104.5
62.614296 29.820608 1347199449149 104.5
62.614323 29.820717 1347199451155 106.5
62.614355 29.820828 1347199453151 107.0
62.614392 29.820958 1347199455131 108.5
62.61441 29.821094 1347199457119 111.0
62.614436 29.821222 1347199459119 111.5
62.614453 29.821354 1347199461117 112.0
62.614481 29.821501 1347199463146 113.0
62.614508 29.821649 1347199465137 114.0
62.614532 29.821784 1347199467146 112.5
62.614563 29.821926 1347199469119 112.0
62.614596 29.822072 1347199471116 113.5
62.614623 29.822215 1347199473130 114.0
62.614654 29.822356 1347199475148 116.0
62.614679 29.822498 1347199477144 117.0
62.614713 29.822634 1347199479144 118.0
62.614746 29.822786 1347199481134 119.5
62.614768 29.822922 1347199483138 119.0
62.614793 29.82305 1347199485119 118.0
62.614825 29.823199 1347199487128 118.5
62.614846 29.823355 1347199489128 118.5
62.61488 29.823506 1347199491131 118.0
62.614915 29.82366 1347199493144 118.5
62.614955 29.823796 1347199495125 116.5
62.61499 29.82394 1347199497124 116.0
62.615023 29.824091 1347199499113 115.0
62.615053 29.824247 1347199501116 113.5
62.615092 29.824407 1347199503143 113.0
62.615139 29.824568 1347199505129 112.0
62.615188 29.82473 1347199507140 112.5
62.615223 29.824898 1347199509119 112.0
62.615268 29.825047 1347199511120 112.5
62.615298 29.82521 1347199513119 114.0
62.615338 29.825371 1347199515110 113.0
62.615344 29.825499 1347199517133 111.5
62.615377 29.825656 1347199519123 110.5
62.615389 29.825815 1347199521124 108.5
62.615409 29.825959 1347199523120 106.0
62.615397 29.826071 1347199525113 103.5
62.615363 29.826176 1347199527109 101.5
62.615354 29.826321 1347199529116 102.5
62.615381 29.826486 1347199531138 105.0
62.615389 29.826635 1347199533111 105.5
62.615415 29.826829 1347199535117 107.0
62.615424 29.827005 1347199537118 105.0
62.615356 29.827048 1347199539102 103.0
62.615324 29.826982 1347199541115 102.0
62.615262 29.826941 1347199543128 100.0
62.615186 29.826921 1347199545104 99.0
62.615118 29.826867 1347199547116 98.0
62.615064 29.82687 1347199549114 96.5
62.615031 29.826966 1347199551113 96.0
62.614959 29.827006 1347199553106 96.0
62.614906 29.826941 1347199555109 95.5
62.614843 29.826912 1347199557113 93.5
62.614772 29.826921 1347199559116 93.5
62.614686 29.826981 1347199561099 93.5
62.614596 29.827053 1347199563100 95.0
62.614537 29.827111 1347199565110 95.5
62.614453 29.827107 1347199567109 94.5
62.614368 29.827255 1347199569109 95.5
62.614314 29.827383 1347199571122 95.5
62.614337 29.827566 1347199573110 97.5
62.61435 29.827789 1347199575115 94.5
62.61437 29.827919 1347199577115 93.5
62.614382 29.827972 1347199579112 95.0
62.61438 29.827948 1347199581112 93.0
62.614393 29.827964 1347199583107 93.5
62.614393 29.827967 1347199585109 94.0
62.614394 29.827963 1347199587111 94.5
62.614395 29.827966 1347199589119 95.0
62.614396 29.827967 1347199591091 95.5
62.614396 29.827955 1347199593100 94.5
62.614392 29.827964 1347199595103 95.0
62.614385 29.827963 1347199597098 94.5
62.614376 29.827949 1347199599102 93.0
62.614365 29.827933 1347199601105 91.5
62.614375 29.827935 1347199603162 91.0
62.614383 29.827911 1347199605101 90.0
62.614401 29.827935 1347199607098 89.5
62.614417 29.827964 1347199609093 88.5
62.614423 29.827976 1347199611156 90.0
62.614417 29.827982 1347199613118 90.5
62.614415 29.827982 1347199615120 90.0
62.614406 29.82797 1347199617102 89.0
62.614401 29.827966 1347199619099 89.5