62.614975 29.743625 1349045869001 72.0
62.61497 29.743725 1349045872006 72.0
62.614969 29.743757 1349045874720 73.0
62.614962 29.743791 1349045875723 73.0
62.614952 29.743834 1349045877723 73.0
62.614944 29.743807 1349045879718 73.0
62.61488 29.74381 1349045881728 70.0
62.614816 29.743792 1349045883735 67.0
62.614784 29.74375 1349045885721 66.0
62.614817 29.743699 1349045887720 69.0
62.614829 29.743659 1349045889724 71.0
62.614836 29.74364 1349045891721 70.0
62.614837 29.743605 1349045893722 70.0
62.614831 29.743604 1349045895723 69.0
62.614829 29.743527 1349045897738 71.0
62.614856 29.74355 1349045899723 73.0
62.614853 29.743563 1349045901724 72.0
62.614847 29.743577 1349045903723 73.0
62.614839 29.743599 1349045905722 73.0
62.614845 29.743577 1349045907721 73.0
62.614856 29.743541 1349045909739 73.0
62.614869 29.743508 1349045911722 72.0
62.614863 29.743438 1349045913725 72.0
62.614886 29.743438 1349045915723 72.0
62.614869 29.743415 1349045917721 72.0
62.614793 29.743343 1349045919724 72.0
62.614777 29.743352 1349045921724 72.0
62.614814 29.743269 1349045923725 71.0
62.614796 29.743269 1349045925726 71.0
62.614818 29.743311 1349045927723 73.0
62.614815 29.743368 1349045929724 73.0
62.614842 29.743388 1349045931723 72.0
62.614875 29.743415 1349045933725 72.0
62.614883 29.743495 1349045935726 72.0
62.614895 29.743552 1349045937724 72.0
62.61491 29.743656 1349045939725 72.0
62.614917 29.743706 1349045941726 71.0
62.614952 29.743772 1349045943734 72.0
62.61501 29.743807 1349045945729 74.0
62.615069 29.743745 1349045947727 81.0
62.61508 29.743699 1349045949729 85.0
62.615072 29.743731 1349045951726 85.0
62.615039 29.743805 1349045953727 82.0
62.615002 29.743844 1349045955729 78.0
62.614968 29.743897 1349045957728 73.0
62.614944 29.743912 1349045959728 70.0
62.614909 29.743937 1349045961730 63.0
62.614886 29.743929 1349045963729 61.0
62.61487 29.743879 1349045965728 62.0
62.614883 29.743836 1349045967727 66.0
62.614929 29.743809 1349045969728 73.0
62.614951 29.743829 1349045971729 73.0
62.614935 29.743897 1349045973729 64.0
62.614917 29.743924 1349045975731 64.0
62.614895 29.74394 1349045977731 63.0
62.61489 29.743956 1349045979729 65.0
62.614878 29.743988 1349045981731 62.0
62.614876 29.74401 1349045983735 59.0
62.614897 29.744008 1349045985731 60.0
62.614925 29.744026 1349045987730 63.0
62.614947 29.744058 1349045989729 62.0
62.614958 29.744059 1349045991731 63.0
62.614973 29.744062 1349045993731 63.0
62.614962 29.744002 1349045995731 66.0
62.614937 29.743977 1349045997735 66.0
62.614901 29.743964 1349045999733 65.0
62.614865 29.743955 1349046001732 65.0
62.614888 29.743905 1349046003732 68.0
62.614893 29.743893 1349046005734 69.0
62.614896 29.743885 1349046007732 70.0
62.614886 29.743884 1349046009731 67.0
62.614901 29.743879 1349046011730 68.0
62.614911 29.743897 1349046013731 68.0
62.614944 29.743908 1349046015733 72.0
62.614957 29.743908 1349046017733 75.0
62.614971 29.743941 1349046019732 74.0
62.614982 29.743963 1349046021734 75.0
62.614979 29.743971 1349046023733 78.0
62.614982 29.743976 1349046025733 79.0
62.614995 29.743964 1349046027735 82.0
62.615003 29.743935 1349046029735 83.0
62.615019 29.743902 1349046031733 84.0
62.615015 29.743888 1349046033734 84.0
62.614979 29.743888 1349046035733 83.0
62.614948 29.743856 1349046037733 83.0
62.614923 29.743817 1349046039732 84.0
62.614881 29.743801 1349046041734 85.0
62.614853 29.743761 1349046043735 85.0
62.614862 29.743783 1349046045732 83.0
62.614862 29.743769 1349046047735 84.0
62.614846 29.743758 1349046049736 84.0
62.614834 29.743761 1349046051736 82.0
62.614836 29.743785 1349046053736 80.0
62.614823 29.743808 1349046055736 76.0
62.614866 29.743795 1349046057711 80.0
62.614949 29.743755 1349046059722 91.0
62.615061 29.743696 1349046061723 103.0
62.615136 29.74367 1349046063719 114.0
62.615158 29.743696 1349046065721 119.0
62.615166 29.743702 1349046067724 123.0
62.615153 29.743678 1349046069724 123.0
62.615154 29.743671 1349046071733 124.0
62.61515 29.74369 1349046073731 126.0
62.615145 29.743683 1349046075733 127.0
62.61514 29.743664 1349046077735 128.0
62.615136 29.743677 1349046079733 131.0
62.615123 29.74369 1349046081731 130.0
62.615111 29.743724 1349046083735 128.0
62.615096 29.743746 1349046085735 129.0
62.615077 29.743785 1349046087735 120.0
62.615068 29.743818 1349046089735 117.0
62.61505 29.743857 1349046091736 110.0
62.615038 29.743886 1349046093734 106.0
62.615026 29.743911 1349046095734 103.0
62.615016 29.743923 1349046097734 101.0
62.615002 29.743936 1349046099733 98.0
62.61499 29.743945 1349046101735 95.0
62.61499 29.743938 1349046103734 95.0
62.61499 29.743925 1349046105734 94.0
62.61498 29.743921 1349046107735 94.0
62.614967 29.743923 1349046109738 93.0
62.614974 29.743945 1349046111734 95.0
62.614978 29.743986 1349046113736 96.0
62.614983 29.743981 1349046115736 96.0
62.614993 29.743967 1349046117739 99.0
62.615 29.743955 1349046119737 101.0
62.615007 29.74394 1349046121737 103.0
62.615005 29.743926 1349046123734 103.0
62.615001 29.743893 1349046125736 104.0
62.614997 29.743867 1349046127736 104.0
62.614998 29.743801 1349046129734 106.0
62.614999 29.743792 1349046131737 104.0
62.614997 29.743778 1349046133734 104.0
62.615 29.743733 1349046135734 105.0
62.615001 29.743708 1349046137740 106.0
62.615005 29.743703 1349046139737 107.0
62.615009 29.743691 1349046141744 108.0
62.615011 29.743683 1349046143745 108.0