46.06846 20.636082 1349872835082 139.0
46.068315 20.636509 1349872837169 139.0
46.068169 20.636943 1349872839096 138.0
46.068019 20.637371 1349872841093 139.0
46.067866 20.637812 1349872843093 139.0
46.067719 20.63825 1349872845099 139.0
46.067572 20.638682 1349872847101 139.0
46.067419 20.639124 1349872849098 138.0
46.067258 20.639584 1349872851098 137.0
46.067187 20.639898 1349872853091 137.0
46.067049 20.640355 1349872855084 137.0
46.066919 20.640767 1349872857096 137.0
46.06677 20.641182 1349872859091 134.0
46.066617 20.64151 1349872861097 134.0
46.066429 20.641772 1349872863097 136.0
46.066213 20.641871 1349872865096 135.0
46.066004 20.64187 1349872867094 135.0
46.06577 20.641846 1349872869094 135.0
46.065495 20.641814 1349872871092 136.0
46.065182 20.641786 1349872873099 134.0
46.064829 20.641736 1349872875085 136.0
46.064446 20.641688 1349872877102 135.0
46.064009 20.641666 1349872879094 138.0
46.063576 20.641609 1349872881085 138.0
46.063125 20.641596 1349872883089 138.0
46.062729 20.64153 1349872885098 138.0
46.062345 20.641497 1349872887093 135.0
46.061992 20.641492 1349872889098 134.0
46.061643 20.641509 1349872891097 134.0
46.06144 20.641507 1349872893099 134.0
46.061072 20.641553 1349872895097 135.0
46.06072 20.641535 1349872897093 133.0
46.060382 20.641628 1349872899095 134.0
46.060034 20.641732 1349872901090 134.0
46.059679 20.641837 1349872903087 134.0
46.059322 20.641945 1349872905099 134.0
46.058977 20.642037 1349872907105 134.0
46.058627 20.642138 1349872909119 133.0
46.058303 20.642239 1349872911098 133.0
46.057985 20.642346 1349872913087 132.0
46.05767 20.642475 1349872915101 133.0
46.05736 20.642637 1349872917090 133.0
46.057056 20.642852 1349872919091 133.0
46.056743 20.643055 1349872921087 132.0
46.056413 20.643256 1349872923088 130.0
46.056079 20.643472 1349872925094 130.0
46.055753 20.643683 1349872927094 131.0
46.055431 20.643896 1349872929094 133.0
46.055121 20.644099 1349872931100 134.0
46.054931 20.644248 1349872933099 134.0
46.054596 20.644509 1349872935098 133.0
46.054236 20.644747 1349872937105 132.0
46.053864 20.644968 1349872939098 132.0
46.053479 20.645218 1349872941100 133.0
46.05308 20.645483 1349872943102 132.0
46.052667 20.645764 1349872945097 131.0
46.05225 20.646046 1349872947099 131.0
46.051814 20.646362 1349872949104 131.0
46.051366 20.646662 1349872951098 130.0
46.05092 20.646968 1349872953105 130.0
46.050271 20.647424 1349872956094 129.0
46.04957 20.647904 1349872959106 130.0
46.049069 20.648209 1349872961096 130.0
46.04856 20.648543 1349872963094 130.0
46.048039 20.648877 1349872965099 130.0
46.047514 20.649223 1349872967107 130.0
46.046974 20.649581 1349872969095 130.0
46.046432 20.649946 1349872971117 130.0
46.045887 20.650304 1349872973108 129.0
46.045332 20.650674 1349872975102 129.0
46.044774 20.651045 1349872977096 129.0
46.043931 20.651617 1349872980098 129.0
46.043369 20.65199 1349872982119 130.0
46.041986 20.6529 1349872987111 130.0
46.040898 20.653628 1349872991093 129.0
46.040089 20.654173 1349872994115 129.0
46.039556 20.654524 1349872996094 129.0
46.039023 20.654877 1349872998106 129.0
46.038756 20.65505 1349872999105 129.0
46.038231 20.655396 1349873001102 129.0
46.037216 20.656071 1349873005095 129.0
46.036725 20.656396 1349873007094 130.0
46.036246 20.656718 1349873009102 130.0
46.035772 20.657031 1349873011099 129.0
46.035302 20.657348 1349873013114 130.0
46.034831 20.657664 1349873015105 129.0
46.034354 20.657979 1349873017095 129.0
46.033878 20.658299 1349873019094 129.0
46.033399 20.658621 1349873021097 129.0
46.03291 20.658949 1349873023102 129.0
46.032408 20.659283 1349873025105 129.0
46.0319 20.659617 1349873027113 130.0
46.031122 20.660136 1349873030120 130.0
46.030858 20.660314 1349873031096 130.0
46.030328 20.660664 1349873033097 129.0
46.02952 20.661207 1349873036124 129.0
46.029247 20.661392 1349873037098 129.0
46.028164 20.662126 1349873041112 129.0
46.027641 20.662482 1349873043098 129.0
46.027121 20.662834 1349873045097 130.0
46.026598 20.66319 1349873047098 130.0
46.026071 20.663547 1349873049098 130.0
46.02554 20.663905 1349873051099 130.0
46.025008 20.664278 1349873053097 131.0
46.024468 20.664618 1349873055107 130.0
46.023911 20.664958 1349873057109 129.0
46.023373 20.665315 1349873059099 130.0
46.022844 20.665683 1349873061106 131.0
46.022306 20.666027 1349873063110 131.0
46.021777 20.666384 1349873065106 131.0
46.021258 20.666742 1349873067102 131.0
46.020741 20.667089 1349873069101 130.0
46.0192 20.66815 1349873075101 135.0
46.018659 20.6685 1349873077100 137.0
46.018108 20.668867 1349873079098 138.0
46.017569 20.669245 1349873081100 139.0
46.017026 20.669585 1349873083102 141.0
46.016493 20.669925 1349873085101 141.0
46.015963 20.670266 1349873087103 141.0
46.015442 20.670636 1349873089101 142.0
46.014899 20.670989 1349873091102 143.0
46.01435 20.671356 1349873093102 144.0
46.013819 20.67174 1349873095101 140.0
46.013274 20.672104 1349873097101 139.0
46.012726 20.672453 1349873099104 135.0
46.012182 20.672807 1349873101103 135.0
46.011648 20.673175 1349873103103 135.0
46.011344 20.673377 1349873105101 136.0
46.010756 20.673841 1349873107101 138.0
46.010211 20.674212 1349873109103 136.0
46.009665 20.674575 1349873111102 137.0
46.009122 20.674934 1349873113103 135.0
46.008601 20.675264 1349873115102 137.0
46.008092 20.675623 1349873117108 137.0
46.007584 20.676039 1349873119105 136.0
46.007087 20.676481 1349873121106 136.0
46.006568 20.676912 1349873123103 138.0
46.006114 20.677328 1349873125105 136.0
46.005632 20.67776 1349873127104 136.0
46.005162 20.678193 1349873129104 136.0
46.004689 20.678607 1349873131103 135.0
46.00422 20.679047 1349873133102 135.0
46.003766 20.67947 1349873135103 133.0
46.00331 20.679892 1349873137104 133.0
46.002851 20.680303 1349873139104 133.0
46.002395 20.680713 1349873141104 133.0
46.001938 20.681143 1349873143105 133.0
46.001463 20.681584 1349873145105 133.0
46.000985 20.682013 1349873147103 134.0
46.000508 20.682453 1349873149100 134.0
46.000028 20.682891 1349873151100 134.0
45.999548 20.683337 1349873153105 134.0
45.999056 20.683789 1349873155090 133.0
45.998576 20.684249 1349873157084 132.0
45.998116 20.684693 1349873159084 130.0
45.99765 20.685111 1349873161083 130.0
45.997185 20.685536 1349873163086 130.0
45.996715 20.685967 1349873165081 131.0
45.996241 20.686397 1349873167080 129.0
45.995768 20.686831 1349873169081 130.0
45.995295 20.68727 1349873171081 129.0
45.994817 20.687713 1349873173084 130.0
45.99433 20.688159 1349873175086 129.0
45.993859 20.6886 1349873177090 130.0
45.993387 20.68904 1349873179081 129.0
45.992909 20.689474 1349873181082 129.0
45.992439 20.689908 1349873183082 128.0
45.991982 20.690325 1349873185082 128.0
45.991554 20.6907 1349873187081 130.0
45.991136 20.691092 1349873189083 132.0
45.990719 20.691502 1349873191083 129.0
45.99029 20.691916 1349873193082 128.0
45.989837 20.692307 1349873195082 125.0
45.989381 20.692717 1349873197085 127.0
45.988906 20.693115 1349873199084 129.0
45.988458 20.693516 1349873201083 126.0
45.987992 20.693951 1349873203083 127.0
45.987536 20.694409 1349873205085 126.0
45.987084 20.694845 1349873207083 124.0
45.986628 20.695291 1349873209083 121.0
45.986374 20.695503 1349873211101 121.0
45.985861 20.695938 1349873213089 123.0
45.98536 20.696377 1349873215085 126.0
45.984875 20.696807 1349873217085 127.0
45.984396 20.697244 1349873219087 126.0
45.983913 20.697657 1349873221086 122.0
45.983433 20.698088 1349873223085 118.0
45.982931 20.698553 1349873225085 119.0
45.982455 20.699016 1349873227086 120.0
45.98196 20.699474 1349873229086 122.0
45.981434 20.699894 1349873231087 130.0
45.981093 20.700096 1349873233086 131.0
45.980515 20.700736 1349873235088 131.0
45.98002 20.701251 1349873237095 132.0
45.979484 20.701783 1349873239091 131.0
45.978997 20.702232 1349873241092 128.0
45.978521 20.702702 1349873243095 130.0
45.978033 20.703164 1349873245088 126.0
45.977546 20.703632 1349873247098 128.0
45.977056 20.704086 1349873249107 125.0
45.97656 20.704537 1349873251089 122.0
45.976071 20.704995 1349873253089 125.0
45.97558 20.705441 1349873255088 124.0
45.975077 20.705881 1349873257088 130.0
45.974576 20.706339 1349873259089 131.0
45.974077 20.706803 1349873261090 127.0
45.973576 20.707279 1349873263088 126.0
45.973263 20.70763 1349873265088 123.0
45.972753 20.70812 1349873267089 118.0
45.972164 20.70863 1349873269088 127.0
45.971649 20.709131 1349873271089 127.0
45.971136 20.709597 1349873273089 127.0
45.970563 20.710041 1349873275090 126.0
45.970059 20.710533 1349873277089 126.0
45.969796 20.710753 1349873279091 128.0
45.969254 20.711262 1349873281091 132.0
45.968783 20.711677 1349873283093 136.0
45.968346 20.71211 1349873285091 133.0
45.967838 20.712599 1349873287091 137.0
45.967407 20.712994 1349873289091 141.0
45.966992 20.713383 1349873291091 139.0
45.966565 20.713787 1349873293091 141.0
45.9662 20.714183 1349873295092 138.0
45.966174 20.71424 1349873297097 137.0
45.966001 20.714777 1349873299103 137.0
45.965859 20.715352 1349873301099 138.0
45.965713 20.716138 1349873303101 142.0
45.965688 20.716586 1349873305102 140.0
45.965654 20.71721 1349873307095 140.0
45.965711 20.717965 1349873309099 139.0
45.965771 20.718679 1349873311093 143.0
45.965831 20.719395 1349873313095 142.0
45.965874 20.720111 1349873315097 142.0
45.9659 20.720874 1349873317097 143.0
45.965938 20.721567 1349873319098 140.0
45.965994 20.722279 1349873321095 140.0
45.966044 20.723 1349873323096 140.0
45.966084 20.723753 1349873325096 138.0
45.966138 20.724529 1349873327098 138.0
45.966183 20.725328 1349873329095 135.0
45.966241 20.726114 1349873331095 135.0
45.966292 20.726884 1349873333099 133.0
45.966345 20.727628 1349873335097 134.0
45.966393 20.72836 1349873337098 134.0
45.966441 20.729072 1349873339104 133.0
45.966489 20.729799 1349873341099 131.0
45.966533 20.73053 1349873343096 126.0
45.966585 20.73129 1349873345095 124.0
45.966642 20.732052 1349873347097 124.0
45.966693 20.732793 1349873349099 125.0
45.966747 20.733537 1349873351096 124.0
45.966791 20.73428 1349873353097 120.0
45.966844 20.735029 1349873355096 118.0
45.966901 20.735779 1349873357099 119.0
45.966957 20.736559 1349873359100 122.0
45.967004 20.737301 1349873361098 121.0
45.967049 20.738063 1349873363097 119.0
45.967123 20.738807 1349873365098 120.0
45.967196 20.739565 1349873367099 123.0
45.967269 20.740341 1349873369099 126.0
45.967322 20.74114 1349873371101 129.0
45.967373 20.741946 1349873373100 129.0
45.967431 20.742751 1349873375100 128.0
45.967481 20.743537 1349873377100 129.0
45.967536 20.744314 1349873379099 128.0
45.967597 20.74507 1349873381100 130.0
45.967649 20.745791 1349873383103 130.0
45.967695 20.746463 1349873385102 130.0
45.967741 20.747092 1349873387100 129.0
45.967788 20.747702 1349873389100 128.0
45.967828 20.748294 1349873391100 128.0
45.967828 20.748853 1349873393100 127.0
45.967806 20.749373 1349873395100 131.0
45.967767 20.749896 1349873397101 133.0
45.967706 20.750434 1349873399104 129.0
45.967652 20.750944 1349873401102 128.0
45.967605 20.751443 1349873403102 128.0
45.967567 20.751921 1349873405102 130.0
45.967519 20.752407 1349873407102 130.0
45.967471 20.752885 1349873409102 130.0
45.967421 20.753362 1349873411103 131.0
45.967373 20.753828 1349873413102 130.0
45.967319 20.754281 1349873415102 129.0
45.967275 20.754722 1349873417103 130.0
45.967229 20.755158 1349873419104 130.0
45.967189 20.755593 1349873421104 130.0
45.967152 20.755968 1349873423105 132.0
45.967127 20.756175 1349873425105 132.0
45.967091 20.756564 1349873427104 133.0
45.96706 20.756943 1349873429104 132.0
45.967023 20.75736 1349873431104 130.0
45.966981 20.757755 1349873433104 132.0
45.966937 20.758143 1349873435105 130.0
45.966901 20.758514 1349873437105 131.0
45.966859 20.758878 1349873439106 130.0
45.966824 20.759257 1349873441104 131.0
45.96678 20.75963 1349873443104 130.0
45.966752 20.759981 1349873445105 130.0
45.966751 20.760317 1349873447105 132.0
45.966779 20.760703 1349873449104 131.0
45.966864 20.761111 1349873451105 131.0
45.96698 20.761439 1349873453105 130.0
45.967115 20.761767 1349873455105 130.0
45.967271 20.762068 1349873457106 130.0
45.967433 20.762368 1349873459106 130.0
45.967596 20.762659 1349873461105 130.0
45.967752 20.762936 1349873463079 129.0
45.967903 20.763199 1349873465081 129.0
45.967959 20.763404 1349873467083 129.0
45.968067 20.763763 1349873469082 130.0
45.968118 20.764125 1349873471083 132.0
45.968143 20.764529 1349873473082 131.0
45.968166 20.764915 1349873475083 131.0
45.968186 20.765271 1349873477084 133.0
45.968187 20.765672 1349873479082 133.0
45.968197 20.76606 1349873481083 133.0
45.968197 20.76643 1349873483083 133.0
45.968201 20.7668 1349873485084 133.0
45.968207 20.767159 1349873487084 133.0
45.968209 20.767511 1349873489084 133.0
45.96821 20.767874 1349873491084 133.0
45.968205 20.768229 1349873493084 132.0
45.9682 20.7686 1349873495089 132.0
45.968201 20.768974 1349873497082 134.0
45.968196 20.769367 1349873499084 136.0
45.968188 20.769769 1349873501084 136.0
45.968179 20.770152 1349873503084 135.0
45.968165 20.770555 1349873505085 134.0
45.968163 20.770953 1349873507085 135.0
45.968154 20.771344 1349873509084 135.0
45.968144 20.771744 1349873511084 134.0
45.968134 20.772143 1349873513084 134.0
45.96812 20.772533 1349873515085 132.0
45.968113 20.772906 1349873517086 132.0
45.968109 20.773278 1349873519086 131.0
45.968111 20.773651 1349873521086 131.0
45.968108 20.774044 1349873523085 128.0
45.968111 20.774432 1349873525086 128.0
45.968108 20.774834 1349873527086 128.0
45.968113 20.775217 1349873529087 128.0
45.968112 20.775605 1349873531087 128.0
45.968122 20.775906 1349873533090 129.0
45.96812 20.776291 1349873535089 129.0
45.968134 20.776679 1349873537088 129.0
45.968152 20.777095 1349873539088 130.0
45.968168 20.777503 1349873541088 130.0
45.968182 20.777904 1349873543089 130.0
45.968197 20.778312 1349873545088 130.0
45.968209 20.778707 1349873547088 130.0
45.968224 20.7791 1349873549088 130.0
45.968246 20.779358 1349873551090 130.0
45.96825 20.779806 1349873553091 129.0
45.968251 20.780219 1349873555091 132.0
45.968245 20.780538 1349873557091 130.0
45.96822 20.780793 1349873559089 129.0
45.968193 20.781044 1349873561093 129.0
45.968157 20.781361 1349873563090 128.0
45.968102 20.781766 1349873565090 127.0
45.968083 20.782215 1349873567091 128.0
45.968016 20.782618 1349873569090 130.0
45.967999 20.783088 1349873571111 131.0
45.968025 20.783593 1349873573092 130.0
45.96805 20.784154 1349873575091 132.0
45.968101 20.785088 1349873578093 132.0
45.968121 20.785406 1349873579092 132.0
45.968158 20.786061 1349873581092 132.0
45.96821 20.787088 1349873584093 132.0
45.968229 20.787437 1349873585093 132.0
45.968262 20.788148 1349873587093 132.0
45.968293 20.788869 1349873589093 132.0
45.968334 20.789577 1349873591095 133.0
45.968374 20.79031 1349873593094 132.0
45.968413 20.791049 1349873595094 133.0
45.968451 20.791782 1349873597094 133.0
45.968483 20.792513 1349873599109 133.0
45.968514 20.793255 1349873601111 133.0
45.968552 20.794005 1349873603111 133.0
45.968587 20.794755 1349873605111 133.0
45.968627 20.795491 1349873607112 133.0
45.968651 20.796138 1349873609112 131.0
45.968577 20.796693 1349873611113 130.0
45.968287 20.797508 1349873614107 131.0
45.968059 20.798071 1349873616096 131.0
45.967933 20.798366 1349873617095 128.0
45.967681 20.798965 1349873619096 128.0
45.96742 20.799606 1349873621097 130.0
45.967162 20.800194 1349873623096 131.0
45.966911 20.800754 1349873625096 132.0
45.966697 20.801295 1349873627097 131.0
45.96658 20.801869 1349873629097 131.0
45.966575 20.802474 1349873631100 133.0
45.966636 20.80311 1349873633098 132.0
45.966707 20.803795 1349873635098 132.0
45.966789 20.804513 1349873637099 133.0
45.966882 20.805266 1349873639099 131.0
45.966979 20.806068 1349873641099 131.0
45.967083 20.806885 1349873643099 133.0
45.96718 20.807721 1349873645100 133.0
45.967276 20.808571 1349873647100 133.0
45.967371 20.809411 1349873649100 133.0
45.967466 20.810221 1349873651100 133.0
45.96756 20.811034 1349873653100 132.0
45.967656 20.811844 1349873655100 132.0
45.967742 20.812656 1349873657101 131.0
45.967847 20.813455 1349873659100 132.0
45.967944 20.81427 1349873661102 130.0
45.96804 20.815061 1349873663102 131.0
45.968135 20.815831 1349873665101 132.0
45.968223 20.816579 1349873667101 132.0
45.968314 20.817321 1349873669102 132.0
45.968401 20.81804 1349873671101 132.0
45.968479 20.818681 1349873673102 133.0
45.968541 20.819228 1349873675102 135.0
45.968556 20.819722 1349873677102 136.0
45.968472 20.82017 1349873679102 135.0
45.968314 20.820545 1349873681100 136.0
45.968107 20.820867 1349873683102 135.0
45.967913 20.821139 1349873685101 137.0
45.967824 20.821296 1349873687102 137.0
45.967724 20.82146 1349873689105 137.0
45.967696 20.821507 1349873691102 138.0
45.967626 20.821558 1349873693103 140.0
45.967615 20.821562 1349873695104 140.0
45.967583 20.821575 1349873698103 140.0
45.967582 20.821592 1349873699103 140.0
45.967586 20.821607 1349873701104 139.0
45.967575 20.821595 1349873703103 137.0
45.967572 20.821607 1349873705103 140.0
45.967567 20.821604 1349873707103 141.0
45.967566 20.821605 1349873709104 140.0
45.967562 20.821599 1349873711104 143.0
45.967562 20.821598 1349873713103 144.0
45.967564 20.821602 1349873715104 144.0
45.967566 20.821623 1349873717104 142.0
45.967568 20.821638 1349873719105 142.0
45.967565 20.821641 1349873721105 141.0
45.967564 20.821642 1349873723105 141.0
45.967565 20.821642 1349873725105 141.0
45.967565 20.821643 1349873727106 141.0
45.967566 20.821643 1349873729106 141.0
45.967566 20.821643 1349873731106 141.0
45.967566 20.821643 1349873733106 141.0
45.967571 20.821646 1349873736107 141.0
45.96757 20.821645 1349873737106 141.0
45.967569 20.821644 1349873739106 141.0
45.967569 20.821643 1349873741106 141.0
45.967572 20.821643 1349873743107 140.0
45.967573 20.821642 1349873745106 140.0
45.967572 20.821641 1349873747107 140.0
45.967572 20.821641 1349873749107 140.0
45.967572 20.821641 1349873751107 140.0
45.967573 20.821641 1349873753108 140.0
45.967572 20.82164 1349873755108 140.0
45.967572 20.82164 1349873757110 140.0
45.967573 20.82164 1349873759109 140.0
45.967573 20.82164 1349873761110 140.0
45.967573 20.82164 1349873763110 140.0
45.967573 20.82164 1349873765111 140.0
45.967573 20.82164 1349873768123 140.0
45.967573 20.821639 1349873769110 140.0
45.967573 20.82164 1349873771111 140.0
45.967573 20.82164 1349873773111 140.0
45.967573 20.821641 1349873775110 140.0
45.967573 20.821642 1349873777115 140.0
45.967573 20.821642 1349873779086 140.0
45.967567 20.821642 1349873781085 142.0
45.967564 20.821643 1349873783085 142.0
45.96756 20.821638 1349873785085 143.0
45.967559 20.821652 1349873787086 142.0
45.967561 20.821663 1349873789086 142.0
45.967558 20.821696 1349873791096 140.0
45.967566 20.821697 1349873793094 139.0
45.967555 20.821689 1349873795086 141.0
45.967555 20.82165 1349873798085 140.0
45.967555 20.821642 1349873799086 140.0
45.967566 20.821616 1349873801126 140.0
45.967566 20.821596 1349873804102 138.0
45.967571 20.821603 1349873805087 138.0
45.967562 20.821645 1349873807090 137.0
45.967509 20.821758 1349873809090 136.0
45.967427 20.821885 1349873811090 136.0
45.96732 20.822055 1349873813090 135.0
45.967214 20.822208 1349873815090 136.0
45.967104 20.822384 1349873817091 135.0
45.966964 20.82259 1349873819091 136.0
45.966786 20.822832 1349873821090 141.0
45.966593 20.82312 1349873823091 139.0
45.966384 20.823416 1349873825091 142.0
45.96615 20.823749 1349873827091 144.0
45.96602 20.823962 1349873829092 143.0
45.965736 20.824386 1349873831091 145.0
45.965446 20.824817 1349873833093 144.0
45.965143 20.825262 1349873835095 144.0
45.964833 20.825717 1349873837092 144.0
45.964515 20.82619 1349873839091 143.0
45.964191 20.826665 1349873841093 142.0
45.96386 20.827152 1349873843093 142.0
45.963526 20.827646 1349873845092 141.0
45.963176 20.828155 1349873847093 141.0
45.962816 20.82868 1349873849104 140.0
45.962447 20.829212 1349873851094 139.0
45.962066 20.829762 1349873853094 140.0
45.961678 20.830322 1349873855094 140.0
45.961286 20.830889 1349873857095 141.0
45.960896 20.831464 1349873859094 140.0
45.960496 20.832044 1349873861095 140.0
45.960092 20.832628 1349873863095 140.0
45.959685 20.833224 1349873865094 138.0
45.959275 20.83382 1349873867095 138.0
45.958877 20.834405 1349873869095 137.0
45.958487 20.834974 1349873871095 137.0
45.958107 20.835524 1349873873099 136.0
45.957737 20.836062 1349873875095 136.0
45.957393 20.836563 1349873877096 136.0
45.95706 20.837051 1349873879096 138.0
45.956731 20.837567 1349873881095 137.0
45.956392 20.838102 1349873883097 131.0
45.956015 20.838659 1349873885096 127.0
45.955622 20.839208 1349873887095 126.0
45.955204 20.839792 1349873889097 125.0
45.954781 20.840394 1349873891097 123.0
45.954347 20.84102 1349873893097 123.0
45.953916 20.841653 1349873895097 121.0
45.953473 20.842295 1349873897097 122.0
45.953029 20.842957 1349873899097 122.0
45.952572 20.843636 1349873901098 119.0
45.952109 20.844312 1349873903098 118.0
45.951637 20.844999 1349873905098 117.0
45.951168 20.845692 1349873907097 118.0
45.950679 20.846373 1349873909098 119.0
45.950198 20.847049 1349873911099 119.0
45.949727 20.84772 1349873913099 119.0
45.949258 20.848395 1349873915099 118.0
45.948797 20.849066 1349873917099 120.0
45.94835 20.849721 1349873919099 119.0
45.947906 20.850362 1349873921100 119.0
45.947478 20.851 1349873923100 119.0
45.94706 20.851607 1349873925100 119.0
45.946647 20.852202 1349873927100 119.0
45.94623 20.852815 1349873929101 119.0
45.945808 20.853409 1349873931102 121.0
45.945386 20.854009 1349873933101 121.0
45.944959 20.854624 1349873935101 121.0
45.94453 20.855248 1349873937103 121.0
45.944101 20.855879 1349873939101 121.0
45.943659 20.856506 1349873941101 123.0
45.943223 20.857141 1349873943102 123.0
45.942781 20.85778 1349873945102 125.0
45.942343 20.858417 1349873947102 125.0
45.941911 20.859048 1349873949102 125.0
45.941485 20.859659 1349873951103 128.0
45.941087 20.860237 1349873953103 128.0
45.940918 20.860537 1349873955103 128.0
45.940571 20.861198 1349873957103 130.0
45.940299 20.861809 1349873959103 130.0
45.940051 20.862458 1349873961103 130.0
45.939776 20.863113 1349873963103 129.0
45.939464 20.863732 1349873965104 129.0
45.939128 20.864388 1349873967104 129.0
45.938769 20.865064 1349873969105 129.0
45.938412 20.865745 1349873971104 128.0
45.938062 20.866424 1349873973105 129.0
45.937701 20.867115 1349873975105 129.0
45.937322 20.86782 1349873977106 129.0
45.936957 20.868533 1349873979105 129.0
45.936586 20.869257 1349873981106 129.0
45.936212 20.869975 1349873983105 129.0
45.935841 20.870681 1349873985106 129.0
45.935089 20.87212 1349873987309 129.0
45.934724 20.872835 1349873989311 129.0
45.934368 20.87353 1349873991311 129.0
45.93401 20.874212 1349873993312 129.0
45.93366 20.87488 1349873995309 129.0
45.933317 20.87553 1349873997311 129.0
45.932982 20.876173 1349873999311 129.0
45.932655 20.876823 1349874001310 128.0
45.932319 20.877458 1349874003309 131.0
45.93198 20.878091 1349874005312 132.0
45.93165 20.878719 1349874007312 132.0
45.931328 20.879336 1349874009311 132.0
45.931014 20.879954 1349874011312 132.0
45.930711 20.880536 1349874013313 132.0
45.930425 20.881086 1349874015312 131.0
45.93016 20.881588 1349874017312 131.0
45.929915 20.882055 1349874019312 131.0
45.929685 20.882479 1349874021313 131.0
45.929467 20.882894 1349874023312 131.0
45.929256 20.883306 1349874025313 131.0
45.929051 20.883708 1349874027314 131.0
45.928848 20.884095 1349874029314 131.0
45.928644 20.88448 1349874031314 130.0
45.928446 20.884867 1349874033314 130.0
45.928246 20.885261 1349874035314 130.0
45.928045 20.885656 1349874037313 130.0
45.92784 20.886052 1349874039316 130.0
45.927637 20.886447 1349874041314 130.0
45.92743 20.886843 1349874043314 130.0
45.926793 20.888047 1349874049314 130.0
45.926586 20.888441 1349874051316 130.0
45.926387 20.888821 1349874053316 130.0
45.926198 20.889195 1349874055316 130.0
45.926041 20.889573 1349874057316 130.0
45.925909 20.889959 1349874059317 130.0
45.925779 20.890367 1349874061315 130.0
45.925622 20.890771 1349874063318 130.0
45.925425 20.891142 1349874065317 130.0
45.925196 20.891431 1349874067315 134.0
45.924993 20.891689 1349874069317 134.0
45.924812 20.891941 1349874071317 136.0
45.924726 20.892107 1349874073318 137.0
45.924627 20.892297 1349874075317 138.0
45.924501 20.89244 1349874077316 138.0
45.924347 20.892749 1349874079318 137.0
45.924204 20.893063 1349874081318 136.0
45.924024 20.893456 1349874083317 137.0
45.923867 20.893776 1349874085317 137.0
45.923686 20.89409 1349874087317 136.0
45.923497 20.894439 1349874089318 137.0
45.923291 20.894835 1349874091293 137.0
45.923099 20.895208 1349874093293 137.0
45.922906 20.895588 1349874095294 136.0
45.922697 20.895987 1349874097295 136.0
45.922477 20.896402 1349874099295 136.0
45.922257 20.896821 1349874101293 136.0
45.922026 20.897256 1349874103293 136.0
45.921788 20.897704 1349874105295 137.0
45.921525 20.898164 1349874107294 136.0
45.921264 20.898639 1349874109294 136.0
45.921 20.899137 1349874111295 135.0
45.920722 20.899636 1349874113294 135.0
45.920445 20.900146 1349874115295 135.0
45.920175 20.90066 1349874117297 135.0
45.919896 20.901196 1349874119295 134.0
45.9196 20.901757 1349874121298 134.0
45.919298 20.902349 1349874123296 134.0
45.918989 20.902974 1349874125299 135.0
45.918662 20.903611 1349874127297 134.0
45.918329 20.904251 1349874129297 136.0
45.917982 20.90489 1349874131301 135.0
45.917629 20.905544 1349874133297 134.0
45.917269 20.906226 1349874135298 134.0
45.91691 20.906903 1349874137305 134.0
45.916557 20.907578 1349874139298 134.0
45.916212 20.90825 1349874141299 136.0
45.915857 20.908931 1349874143298 136.0
45.915503 20.909604 1349874145299 134.0
45.915153 20.910279 1349874147298 135.0
45.914798 20.910958 1349874149303 137.0
45.914452 20.911641 1349874151299 139.0
45.914092 20.912324 1349874153299 137.0
45.913906 20.912859 1349874155297 139.0
45.913519 20.913574 1349874157299 137.0
45.913137 20.914309 1349874159300 134.0
45.912759 20.914993 1349874161299 134.0
45.912353 20.915743 1349874163299 133.0
45.911974 20.916471 1349874165300 133.0
45.911583 20.917221 1349874167302 133.0
45.911197 20.917961 1349874169301 133.0
45.910829 20.918684 1349874171301 132.0
45.910438 20.919422 1349874173300 131.0
45.910056 20.92013 1349874175300 128.0
45.9097 20.920812 1349874177301 128.0
45.909358 20.921472 1349874179304 131.0
45.90901 20.922125 1349874181302 130.0
45.908663 20.922781 1349874183302 130.0
45.908315 20.923453 1349874185302 131.0
45.90796 20.924118 1349874187303 130.0
45.90761 20.924788 1349874189304 128.0
45.907259 20.925462 1349874191303 128.0
45.906905 20.926142 1349874193303 128.0
45.906556 20.926813 1349874195303 129.0
45.906211 20.927487 1349874197304 131.0
45.905851 20.928157 1349874199303 129.0
45.905499 20.928819 1349874201305 129.0
45.905143 20.929457 1349874203304 125.0
45.904804 20.930083 1349874205303 125.0
45.904472 20.930701 1349874207313 122.0
45.904157 20.931289 1349874209306 122.0
45.903846 20.931878 1349874211304 123.0
45.90352 20.932459 1349874213304 119.0
45.9032 20.933074 1349874215308 119.0
45.902879 20.933686 1349874217305 120.0
45.90255 20.934312 1349874219305 121.0
45.902386 20.934636 1349874221304 122.0
45.902028 20.935378 1349874223307 123.0
45.901695 20.936029 1349874225307 124.0
45.901395 20.936622 1349874227306 126.0
45.901084 20.937193 1349874229308 126.0
45.900781 20.937789 1349874231309 127.0
45.900462 20.938403 1349874233306 128.0
45.90015 20.939019 1349874235308 128.0
45.899828 20.939638 1349874237308 128.0
45.899524 20.940236 1349874239308 130.0
45.899224 20.940813 1349874241309 130.0
45.898934 20.941378 1349874243309 131.0
45.898651 20.941932 1349874245309 131.0
45.89837 20.942475 1349874247309 132.0
45.898095 20.943004 1349874249308 134.0
45.897821 20.943516 1349874251309 133.0
45.897553 20.944019 1349874253309 133.0
45.897291 20.944491 1349874255309 133.0
45.897037 20.944962 1349874257308 134.0
45.896779 20.945438 1349874259309 133.0
45.896517 20.945904 1349874261309 130.0
45.89628 20.946382 1349874263308 132.0
45.896042 20.946838 1349874265310 132.0
45.895801 20.947307 1349874267312 134.0
45.89555 20.947783 1349874269308 134.0
45.8953 20.948261 1349874271310 133.0
45.895059 20.948729 1349874273313 134.0
45.894834 20.949169 1349874275311 134.0
45.894632 20.949577 1349874277311 136.0
45.894436 20.94995 1349874279311 136.0
45.894241 20.950319 1349874281310 136.0
45.894051 20.950681 1349874283309 136.0
45.893863 20.95103 1349874285310 137.0
45.893667 20.951384 1349874287310 136.0
45.893486 20.951737 1349874289312 136.0
45.893301 20.952092 1349874291313 136.0
45.893086 20.952439 1349874293313 134.0
45.892855 20.952789 1349874295310 134.0
45.892602 20.95314 1349874297311 133.0
45.89235 20.953481 1349874299312 133.0
45.892103 20.95381 1349874301311 131.0
45.89188 20.95411 1349874303312 132.0
45.891646 20.954371 1349874305314 133.0
45.891417 20.954608 1349874307312 133.0
45.891189 20.954856 1349874309314 133.0
45.890947 20.955103 1349874311313 133.0
45.890696 20.955342 1349874313314 133.0
45.890437 20.955603 1349874315313 133.0
45.890169 20.95586 1349874317315 133.0
45.889913 20.956114 1349874319314 135.0
45.889664 20.956368 1349874321313 135.0
45.889412 20.956609 1349874323314 133.0
45.889185 20.956837 1349874325316 129.0
45.888973 20.957045 1349874327316 128.0
45.888766 20.957264 1349874329314 129.0
45.888558 20.957486 1349874331315 127.0
45.888346 20.957715 1349874333317 125.0
45.888138 20.957946 1349874335317 125.0
45.887923 20.958157 1349874337316 124.0
45.887711 20.958375 1349874339317 123.0
45.887487 20.958594 1349874341316 122.0
45.88727 20.958814 1349874343318 121.0
45.886605 20.959493 1349874349317 121.0
45.886368 20.959741 1349874351318 122.0
45.886134 20.959989 1349874353318 123.0
45.88589 20.96024 1349874355317 123.0
45.885655 20.960481 1349874357319 123.0
45.885421 20.960736 1349874359319 127.0
45.885183 20.960978 1349874361319 131.0
45.88494 20.961215 1349874363320 129.0
45.884702 20.961467 1349874365319 129.0
45.884456 20.961711 1349874367320 130.0
45.88421 20.961946 1349874369319 130.0
45.883977 20.962182 1349874371320 131.0
45.883742 20.962416 1349874373321 130.0
45.883514 20.962654 1349874375320 130.0
45.88328 20.962884 1349874377320 130.0
45.883049 20.963128 1349874379320 130.0
45.882822 20.96336 1349874381319 130.0
45.882595 20.963592 1349874383320 129.0
45.882364 20.963819 1349874385320 131.0
45.882137 20.964048 1349874387321 131.0
45.881911 20.964276 1349874389323 131.0
45.881695 20.9645 1349874391322 131.0
45.881472 20.964725 1349874393323 131.0
45.881245 20.964947 1349874395323 133.0
45.881009 20.965135 1349874397323 133.0
45.880762 20.965262 1349874399323 133.0
45.880459 20.965356 1349874401323 134.0
45.880128 20.965396 1349874403322 137.0
45.879797 20.965378 1349874405322 138.0
45.879494 20.965333 1349874407297 138.0
45.879197 20.965286 1349874409299 136.0
45.87889 20.965232 1349874411297 135.0
45.87857 20.965175 1349874413298 136.0
45.878239 20.965133 1349874415297 136.0
45.877892 20.965086 1349874417298 135.0
45.877545 20.96503 1349874419297 138.0
45.877204 20.965001 1349874421298 138.0
45.876889 20.96496 1349874423299 137.0
45.876581 20.964917 1349874425298 135.0
45.876284 20.964895 1349874427299 134.0
45.875993 20.964934 1349874429299 134.0
45.875726 20.965058 1349874431300 135.0
45.875462 20.965291 1349874433300 136.0
45.875215 20.965615 1349874435299 135.0
45.874982 20.966019 1349874437300 137.0
45.874784 20.966447 1349874439300 139.0
45.874607 20.966864 1349874441301 139.0
45.874439 20.967265 1349874443302 138.0
45.874269 20.967665 1349874445300 138.0
45.874091 20.96809 1349874447317 140.0
45.873907 20.968519 1349874449301 141.0
45.873732 20.968909 1349874451301 140.0
45.873562 20.96928 1349874453300 135.0
45.873393 20.969653 1349874455301 132.0
45.873226 20.970013 1349874457302 134.0
45.873063 20.970368 1349874459303 132.0
45.872883 20.970744 1349874461302 130.0
45.872678 20.971177 1349874463300 133.0
45.872478 20.971595 1349874465300 133.0
45.872262 20.972057 1349874467301 134.0
45.87205 20.972497 1349874469302 130.0
45.871923 20.972809 1349874471303 130.0
45.871714 20.973223 1349874473304 129.0
45.871589 20.97354 1349874475303 132.0
45.871352 20.974066 1349874477302 131.0
45.871129 20.974527 1349874479303 133.0
45.870892 20.974996 1349874481304 131.0
45.87064 20.975449 1349874483304 132.0
45.870406 20.975884 1349874485304 130.0
45.870158 20.976333 1349874487303 129.0
45.869895 20.976807 1349874489303 129.0
45.86964 20.977284 1349874491304 129.0
45.869386 20.977755 1349874493305 129.0
45.869131 20.978218 1349874495305 129.0
45.868867 20.978698 1349874497305 129.0
45.8686 20.979166 1349874499305 128.0
45.868342 20.97965 1349874501306 128.0
45.868086 20.980119 1349874503306 127.0
45.867826 20.98058 1349874505305 126.0
45.867575 20.981045 1349874507307 126.0
45.867312 20.981519 1349874509306 125.0
45.867061 20.982003 1349874511307 126.0
45.866793 20.982508 1349874513307 125.0
45.866543 20.983013 1349874515307 125.0
45.866296 20.983476 1349874517308 126.0
45.866041 20.983911 1349874519311 125.0
45.865779 20.984415 1349874521306 122.0
45.865493 20.984941 1349874523306 121.0
45.865189 20.985504 1349874525308 121.0
45.864844 20.986097 1349874527307 121.0
45.864509 20.986711 1349874529307 120.0
45.864154 20.987294 1349874531309 122.0
45.863807 20.987853 1349874533309 120.0
45.863491 20.98841 1349874535308 118.0
45.863194 20.988965 1349874537309 118.0
45.862911 20.989496 1349874539308 119.0
45.862671 20.989905 1349874541311 120.0
45.862462 20.990287 1349874543310 120.0
45.862262 20.990655 1349874545311 120.0
45.862047 20.991041 1349874547312 122.0
45.861825 20.991448 1349874549311 122.0
45.861609 20.991887 1349874551311 122.0
45.861364 20.99231 1349874553311 121.0
45.861108 20.992749 1349874555311 119.0
45.86084 20.993206 1349874557311 116.0
45.860565 20.993689 1349874559312 117.0
45.86028 20.99419 1349874561312 117.0
45.860011 20.994701 1349874563312 117.0
45.85988 20.995045 1349874565312 119.0
45.859584 20.995632 1349874567313 119.0
45.859265 20.996211 1349874569312 118.0
45.858947 20.996779 1349874571312 119.0
45.85868 20.997356 1349874573313 121.0
45.858363 20.997895 1349874575313 119.0
45.858097 20.99843 1349874577312 119.0
45.857809 20.998951 1349874579312 120.0
45.857627 20.99926 1349874581313 120.0
45.857314 20.999805 1349874583313 120.0
45.856993 21.000363 1349874585314 120.0
45.856606 21.000998 1349874587312 120.0
45.856248 21.001632 1349874589315 120.0
45.856231 21.00173 1349874591313 120.0
45.855729 21.002739 1349874593315 120.0
45.855219 21.00342 1349874595315 119.0
45.854851 21.004033 1349874597313 119.0
45.854477 21.004652 1349874599315 119.0
45.854082 21.005283 1349874601315 120.0
45.85371 21.005908 1349874603316 120.0
45.853335 21.006532 1349874605315 120.0
45.852959 21.007153 1349874607315 121.0
45.852585 21.007778 1349874609314 121.0
45.852211 21.008404 1349874611316 120.0
45.851829 21.009038 1349874613316 120.0
45.85144 21.009674 1349874615315 119.0
45.851061 21.010306 1349874617317 118.0
45.850676 21.010926 1349874619317 118.0
45.8503 21.01155 1349874621318 117.0
45.849923 21.012172 1349874623317 117.0
45.849547 21.012796 1349874625318 117.0
45.849166 21.013414 1349874627318 117.0
45.848785 21.014044 1349874629319 117.0
45.848411 21.014666 1349874631318 118.0
45.848041 21.01528 1349874633318 118.0
45.847674 21.015894 1349874635320 118.0
45.847309 21.016517 1349874637318 119.0
45.846957 21.017106 1349874639319 119.0
45.846603 21.017703 1349874641318 119.0
45.846264 21.018265 1349874643319 119.0
45.845925 21.018841 1349874645322 119.0
45.845573 21.019434 1349874647320 119.0
45.845219 21.020027 1349874649319 118.0
45.844859 21.020625 1349874651320 118.0
45.844493 21.021219 1349874653321 118.0
45.84413 21.021808 1349874655322 118.0
45.843764 21.022389 1349874657321 118.0
45.843395 21.022975 1349874659321 118.0
45.843019 21.023563 1349874661322 118.0
45.842644 21.02416 1349874663321 119.0
45.842258 21.024764 1349874665322 118.0
45.841873 21.025366 1349874667324 118.0
45.841494 21.025964 1349874669323 118.0
45.841113 21.026562 1349874671333 119.0
45.840731 21.027167 1349874673322 119.0
45.84035 21.027772 1349874675323 119.0
45.839967 21.02838 1349874677323 119.0
45.839583 21.028986 1349874679323 119.0
45.839205 21.029593 1349874681322 119.0
45.838825 21.030199 1349874683322 119.0
45.838443 21.030803 1349874685325 119.0
45.83806 21.031411 1349874687327 119.0
45.837678 21.032015 1349874689325 119.0
45.837294 21.032622 1349874691330 119.0
45.836909 21.03323 1349874693326 119.0
45.836529 21.033829 1349874695325 119.0
45.836154 21.034437 1349874697326 120.0
45.835791 21.035014 1349874699325 120.0
45.835445 21.035572 1349874701324 120.0
45.835099 21.036114 1349874703325 120.0
45.834762 21.036642 1349874705325 120.0
45.834435 21.037161 1349874707325 120.0
45.83412 21.037664 1349874709326 121.0
45.833814 21.038138 1349874711326 121.0
45.833541 21.038572 1349874713325 121.0
45.833285 21.038982 1349874715337 121.0
45.833045 21.039362 1349874717325 121.0
45.832861 21.039762 1349874719327 122.0
45.832733 21.040166 1349874721330 121.0
45.832677 21.040564 1349874723303 120.0
45.832684 21.040955 1349874725304 120.0
45.832729 21.041372 1349874727307 121.0
45.832802 21.041805 1349874729303 122.0
45.832879 21.042246 1349874731306 122.0
45.832957 21.042678 1349874733304 123.0
45.833036 21.043087 1349874735305 123.0
45.833114 21.043473 1349874737304 123.0
45.833183 21.043861 1349874739303 123.0
45.833255 21.044249 1349874741303 124.0
45.833329 21.044642 1349874743303 123.0
45.833399 21.045035 1349874745306 123.0
45.833465 21.045433 1349874747308 122.0
45.833549 21.045875 1349874750318 124.0
45.833573 21.046134 1349874751305 124.0
45.833643 21.046563 1349874753304 124.0
45.833712 21.046959 1349874755304 120.0
45.833773 21.047374 1349874757304 120.0
45.833837 21.047809 1349874759306 121.0
45.833915 21.048207 1349874761305 122.0
45.83401 21.048605 1349874763304 122.0
45.834083 21.048989 1349874765305 120.0
45.834149 21.049419 1349874767305 120.0
45.834179 21.049514 1349874769322 121.0
45.834282 21.050235 1349874772310 119.0
45.834311 21.050483 1349874773308 120.0
45.834381 21.050997 1349874775322 120.0
45.834404 21.051466 1349874777318 119.0
45.834398 21.051909 1349874779309 117.0
45.834324 21.052345 1349874781322 114.0
45.834212 21.05279 1349874783317 120.0
45.83407 21.053259 1349874785312 124.0
45.833918 21.053718 1349874787325 125.0
45.833753 21.054199 1349874789318 129.0
45.833581 21.054757 1349874791314 129.0
45.833399 21.055333 1349874793308 129.0
45.833198 21.055932 1349874795308 125.0
45.833009 21.056521 1349874797308 125.0
45.832813 21.057099 1349874799308 125.0
45.832619 21.057676 1349874801308 125.0
45.832438 21.058254 1349874803308 125.0
45.832248 21.058863 1349874805309 124.0
45.832045 21.059485 1349874807309 124.0
45.831856 21.060113 1349874809310 125.0
45.831646 21.060739 1349874811310 125.0
45.831453 21.061359 1349874813310 126.0
45.831244 21.06198 1349874815327 127.0
45.831037 21.062602 1349874817322 125.0
45.830831 21.06324 1349874819322 123.0
45.830612 21.063891 1349874821310 122.0
45.830386 21.06455 1349874823311 126.0
45.830172 21.065204 1349874825310 124.0
45.829956 21.065864 1349874827310 125.0
45.829739 21.066529 1349874829313 125.0
45.829524 21.067199 1349874831313 124.0
45.829409 21.067585 1349874833314 124.0
45.829189 21.068294 1349874835313 126.0
45.828961 21.069044 1349874837312 128.0
45.828715 21.069758 1349874839312 134.0
45.828471 21.070477 1349874841312 142.0
45.828262 21.071161 1349874843313 140.0
45.828031 21.071867 1349874845313 140.0
45.8278 21.072556 1349874847313 139.0
45.827571 21.073274 1349874849314 139.0
45.827365 21.073982 1349874851313 130.0
45.827138 21.074683 1349874853312 128.0
45.826907 21.075384 1349874855313 130.0
45.82668 21.076102 1349874857314 128.0
45.826453 21.076822 1349874859314 125.0
45.826203 21.077551 1349874861315 125.0
45.825968 21.078281 1349874863315 125.0
45.825725 21.079005 1349874865314 124.0
45.825489 21.079732 1349874867315 126.0
45.825265 21.080434 1349874869314 129.0
45.825045 21.081098 1349874871314 131.0
45.824855 21.08167 1349874873316 132.0
45.82475 21.081923 1349874875318 132.0
45.82467 21.082202 1349874877317 132.0
45.824553 21.082495 1349874879316 131.0
45.824439 21.082718 1349874881316 131.0
45.824354 21.082901 1349874883317 130.0
45.824304 21.083024 1349874885318 133.0
45.824278 21.083111 1349874887318 132.0
45.824248 21.08319 1349874889319 132.0
45.824229 21.083239 1349874891318 133.0
45.824192 21.083304 1349874893318 133.0
45.824137 21.083419 1349874895319 133.0
45.824054 21.083606 1349874897318 131.0
45.823951 21.083857 1349874899319 132.0
45.823814 21.08416 1349874901320 132.0
45.823653 21.084526 1349874903318 131.0
45.823475 21.084923 1349874905319 132.0
45.823285 21.085363 1349874907320 133.0
45.823078 21.085823 1349874909320 133.0
45.82286 21.086304 1349874911321 133.0
45.822628 21.086796 1349874913320 133.0
45.822388 21.087318 1349874915320 133.0
45.822137 21.087874 1349874917320 133.0
45.821873 21.088444 1349874919320 133.0
45.8216 21.089035 1349874921321 133.0
45.821338 21.089618 1349874923321 134.0
45.821088 21.090208 1349874925320 134.0
45.820807 21.090805 1349874927321 134.0
45.82054 21.091407 1349874929322 134.0
45.820271 21.092014 1349874931322 134.0
45.819991 21.092632 1349874933322 134.0
45.819714 21.093255 1349874935322 133.0
45.819429 21.09388 1349874937323 133.0
45.819141 21.094508 1349874939321 134.0
45.818848 21.095153 1349874941320 134.0
45.818556 21.095796 1349874943321 133.0
45.818271 21.096431 1349874945321 133.0
45.817995 21.09701 1349874947322 135.0
45.817981 21.097097 1349874949322 135.0
45.817716 21.097706 1349874951327 133.0
45.817454 21.098276 1349874953322 132.0
45.817212 21.098838 1349874955322 133.0
45.81708 21.099188 1349874957324 136.0
45.816774 21.099915 1349874959323 135.0
45.816519 21.100506 1349874961323 133.0
45.816231 21.101045 1349874963326 133.0
45.815967 21.101616 1349874965323 133.0
45.815686 21.102176 1349874967324 129.0
45.815416 21.102769 1349874969326 128.0
45.815142 21.103372 1349874971325 127.0
45.814864 21.103994 1349874973324 128.0
45.814589 21.104605 1349874975337 130.0
45.814319 21.10521 1349874977324 129.0
45.814026 21.105818 1349874979326 127.0
45.813699 21.106436 1349874981326 127.0
45.813408 21.10705 1349874983327 126.0
45.813133 21.107673 1349874985325 127.0
45.812859 21.108297 1349874987326 128.0
45.812586 21.108912 1349874989326 128.0
45.812316 21.109511 1349874991326 128.0
45.812037 21.110129 1349874993326 128.0
45.811784 21.110711 1349874995327 128.0
45.811523 21.111281 1349874997327 128.0
45.811274 21.111846 1349874999327 128.0
45.811047 21.112381 1349875001330 129.0
45.810816 21.112912 1349875003328 130.0
45.810603 21.11346 1349875005329 132.0
45.810434 21.114045 1349875007329 132.0
45.810319 21.11463 1349875009330 132.0
45.810211 21.115239 1349875011329 131.0
45.810101 21.115857 1349875013329 131.0
45.810001 21.116471 1349875015329 130.0
45.809898 21.11708 1349875017330 130.0
45.809794 21.117709 1349875019330 130.0
45.809677 21.118361 1349875021331 128.0
45.809572 21.119059 1349875023331 128.0
45.80947 21.119756 1349875025330 129.0
45.809396 21.120475 1349875027331 130.0
45.809307 21.121234 1349875029329 130.0
45.809211 21.122028 1349875031330 130.0
45.809094 21.12282 1349875033331 130.0
45.808976 21.123596 1349875035332 130.0
45.808861 21.124334 1349875037308 131.0
45.808749 21.125064 1349875039310 131.0
45.808651 21.125784 1349875041309 132.0
45.808544 21.12651 1349875043306 131.0
45.808444 21.127279 1349875045308 132.0
45.808321 21.128057 1349875047307 133.0
45.808184 21.128838 1349875049308 132.0
45.808054 21.12959 1349875051308 131.0
45.807946 21.130247 1349875053307 132.0
45.807847 21.13088 1349875055308 133.0
45.807758 21.131513 1349875057308 133.0
45.807663 21.132133 1349875059307 134.0
45.807567 21.13275 1349875061311 133.0
45.807473 21.133362 1349875063309 133.0
45.807371 21.133976 1349875065312 132.0
45.807284 21.134593 1349875067309 132.0
45.807203 21.135185 1349875069310 132.0
45.80713 21.135771 1349875071310 132.0
45.807062 21.136347 1349875073310 131.0
45.807003 21.136898 1349875075311 132.0
45.80691 21.137447 1349875077310 131.0
45.806768 21.13801 1349875079311 132.0
45.806555 21.13856 1349875081311 132.0
45.806375 21.139165 1349875083312 133.0
45.806216 21.139821 1349875085312 133.0
45.806056 21.14052 1349875087312 133.0
45.805913 21.141214 1349875089312 133.0
45.805776 21.141901 1349875091312 133.0
45.805635 21.142564 1349875093312 133.0
45.805495 21.143208 1349875095312 132.0
45.805359 21.143847 1349875097313 132.0
45.805217 21.144502 1349875099312 132.0
45.805078 21.145193 1349875101314 132.0
45.80493 21.145918 1349875103313 131.0
45.804774 21.146668 1349875105312 132.0
45.804607 21.147441 1349875107314 132.0
45.804439 21.148238 1349875109314 133.0
45.804273 21.149048 1349875111314 133.0
45.804106 21.149856 1349875113315 132.0
45.803946 21.15064 1349875115314 133.0
45.803791 21.151403 1349875117314 132.0
45.803644 21.15215 1349875119315 133.0
45.803496 21.15288 1349875121315 134.0
45.803353 21.153583 1349875123314 133.0
45.803221 21.154254 1349875125313 132.0
45.803103 21.154904 1349875127315 133.0
45.802987 21.155523 1349875129315 133.0
45.802863 21.156166 1349875131315 132.0
45.802736 21.156823 1349875133315 132.0
45.802602 21.157483 1349875135316 132.0
45.802458 21.15816 1349875137316 133.0
45.802322 21.158844 1349875139317 133.0
45.802188 21.159514 1349875141317 133.0
45.80206 21.160155 1349875143317 133.0
45.801931 21.160783 1349875145316 134.0
45.801803 21.161382 1349875147315 133.0
45.801684 21.161977 1349875149318 132.0
45.801562 21.162541 1349875151317 131.0
45.801434 21.163073 1349875153317 133.0
45.80131 21.163549 1349875155315 133.0
45.801259 21.16376 1349875157316 133.0
45.801167 21.164116 1349875159316 133.0
45.801117 21.164289 1349875161316 133.0
45.801048 21.164505 1349875163316 132.0
45.800968 21.164764 1349875165320 135.0
45.800841 21.165042 1349875167319 136.0
45.800723 21.16537 1349875169318 135.0
45.800571 21.165725 1349875171319 136.0
45.800418 21.166095 1349875173318 135.0
45.800267 21.166474 1349875175319 133.0
45.80011 21.166883 1349875177319 133.0
45.799953 21.167318 1349875179322 132.0
45.799785 21.167773 1349875181319 134.0
45.799621 21.168242 1349875183319 133.0
45.799448 21.168725 1349875185319 132.0
45.799283 21.169212 1349875187319 130.0
45.79912 21.16971 1349875189319 128.0
45.798952 21.170217 1349875191319 133.0
45.798811 21.17072 1349875193320 136.0
45.798706 21.171206 1349875195322 135.0
45.798669 21.171706 1349875197321 132.0
45.79869 21.172248 1349875199322 134.0
45.798708 21.172792 1349875201322 134.0
45.798736 21.173353 1349875203321 135.0
45.798738 21.173695 1349875205321 137.0
45.798789 21.174308 1349875207323 136.0
45.798819 21.174951 1349875209322 135.0
45.798854 21.175569 1349875211322 134.0
45.798874 21.176192 1349875213321 133.0
45.798891 21.176811 1349875215321 131.0
45.7989 21.17742 1349875217320 133.0
45.798927 21.178022 1349875219323 135.0
45.798946 21.178615 1349875221321 134.0
45.798965 21.179203 1349875223321 132.0
45.798992 21.179787 1349875225322 131.0
45.799011 21.180342 1349875227321 130.0
45.798991 21.180835 1349875229323 128.0
45.79894 21.181294 1349875231324 125.0
45.79886 21.181786 1349875233325 127.0
45.798741 21.182264 1349875235325 128.0
45.798593 21.182713 1349875237325 128.0
45.798407 21.183117 1349875239325 129.0
45.798234 21.183439 1349875241325 131.0
45.798004 21.183758 1349875243328 133.0
45.797754 21.184102 1349875245324 135.0
45.797496 21.184472 1349875247327 135.0
45.797362 21.184657 1349875249330 134.0
45.797336 21.184804 1349875251326 135.0
45.797005 21.185441 1349875253326 134.0
45.796738 21.18583 1349875255325 133.0
45.796471 21.18621 1349875257326 133.0
45.796155 21.18663 1349875259324 137.0
45.795878 21.187012 1349875261324 139.0
45.795661 21.187303 1349875263325 134.0
45.79548 21.187459 1349875265328 136.0
45.795282 21.187688 1349875267328 137.0
45.795127 21.187797 1349875269328 136.0
45.794949 21.187844 1349875271328 134.0
45.794775 21.187886 1349875273329 139.0
45.794651 21.188145 1349875275329 138.0
45.79457 21.188463 1349875277328 139.0
45.79444 21.188748 1349875279330 139.0
45.794242 21.189065 1349875281330 141.0
45.794002 21.18939 1349875283330 141.0
45.793758 21.189737 1349875285330 141.0
45.7935 21.190093 1349875287330 141.0
45.793251 21.190437 1349875289330 141.0
45.793011 21.190765 1349875291330 141.0
45.792777 21.191083 1349875293331 140.0
45.792546 21.191391 1349875295329 140.0
45.792317 21.191699 1349875297330 139.0
45.792097 21.192 1349875299331 139.0
45.79187 21.192309 1349875301331 139.0
45.791637 21.192624 1349875303330 138.0
45.791409 21.192932 1349875305330 138.0
45.791177 21.193246 1349875307330 138.0
45.79095 21.193559 1349875309330 138.0
45.79073 21.193854 1349875311332 138.0
45.790515 21.194139 1349875313332 137.0
45.790298 21.194436 1349875315333 137.0
45.790085 21.194728 1349875317330 135.0
45.789868 21.195019 1349875319331 135.0
45.789648 21.195313 1349875321332 136.0
45.789437 21.195594 1349875323334 136.0
45.789209 21.195907 1349875325332 136.0
45.788974 21.196224 1349875327335 137.0
45.788723 21.196559 1349875329332 138.0
45.788349 21.19705 1349875332348 138.0
45.788224 21.197215 1349875333335 138.0
45.787968 21.197572 1349875335342 137.0
45.787692 21.197936 1349875337333 137.0
45.787419 21.198299 1349875339334 135.0
45.787146 21.198662 1349875341335 136.0
45.786871 21.199044 1349875343349 137.0
45.786602 21.199404 1349875345335 137.0
45.78622 21.199925 1349875348339 137.0
45.786101 21.200095 1349875349339 135.0
45.785859 21.200438 1349875351344 137.0
45.785608 21.200775 1349875353309 138.0
45.785369 21.201101 1349875355311 139.0
45.785108 21.201424 1349875357310 134.0
45.784877 21.201736 1349875359312 132.0
45.782474 21.204884 1349875380326 127.0
45.782163 21.205306 1349875383333 133.0
45.781736 21.205875 1349875387313 135.0
45.781521 21.20621 1349875389311 135.0
45.781307 21.206524 1349875391313 136.0
45.781054 21.206775 1349875393311 133.0
45.780825 21.207022 1349875395314 134.0
45.780604 21.207293 1349875397313 135.0
45.780378 21.207575 1349875399315 135.0
45.780182 21.20782 1349875401315 135.0
45.779957 21.208087 1349875403315 135.0
45.779732 21.208332 1349875405315 133.0
45.779554 21.208581 1349875407322 132.0
45.779259 21.208951 1349875411314 135.0
45.779077 21.209183 1349875413314 134.0
45.778905 21.209435 1349875415315 133.0
45.778771 21.209649 1349875417314 131.0
45.778654 21.209803 1349875419314 129.0
45.778531 21.20996 1349875421315 126.0
45.778378 21.210115 1349875423315 123.0
45.778229 21.210256 1349875425317 121.0
45.778103 21.210381 1349875427312 130.0
45.778073 21.210479 1349875429312 129.0
45.777892 21.210732 1349875431313 129.0
45.777674 21.210983 1349875433314 129.0
45.777441 21.211263 1349875435314 127.0
45.777246 21.211575 1349875437315 129.0
45.777009 21.211858 1349875439317 133.0
45.776758 21.21213 1349875441315 130.0
45.776488 21.212393 1349875443315 133.0
45.776265 21.212611 1349875445315 135.0
45.776044 21.212833 1349875447316 133.0
45.775787 21.213056 1349875449317 136.0
45.775568 21.213249 1349875451317 136.0
45.775351 21.213419 1349875453318 139.0
45.775142 21.21364 1349875455319 140.0
45.774948 21.213855 1349875457317 140.0
45.774736 21.214062 1349875459317 141.0
45.774535 21.214308 1349875461317 140.0
45.77431 21.21457 1349875463315 141.0
45.774061 21.21485 1349875465315 139.0
45.773843 21.215158 1349875467320 140.0
45.773614 21.215318 1349875469316 143.0
45.773485 21.215461 1349875471320 141.0
45.773329 21.215751 1349875473318 141.0
45.773168 21.215938 1349875475319 139.0
45.773027 21.215927 1349875477318 139.0
45.773004 21.215945 1349875479318 140.0
45.772953 21.216009 1349875481322 141.0
45.772949 21.216151 1349875483320 141.0
45.772951 21.216172 1349875485323 142.0
45.772911 21.216175 1349875487323 138.0
45.772894 21.216177 1349875489321 139.0
45.772863 21.2162 1349875491323 140.0
45.772855 21.216153 1349875493323 139.0
45.772821 21.216182 1349875495323 139.0
45.772811 21.216181 1349875497320 139.0
45.772766 21.21615 1349875499320 135.0
45.772758 21.216157 1349875501320 134.0
45.772756 21.216141 1349875503321 134.0
45.772758 21.216066 1349875505320 135.0
45.772776 21.216094 1349875507326 137.0
45.772753 21.216189 1349875509325 137.0
45.772763 21.216183 1349875511323 137.0
45.772728 21.216168 1349875513321 132.0
45.772707 21.216201 1349875515322 132.0
45.772712 21.216226 1349875517323 133.0
45.772644 21.216328 1349875519325 133.0
45.772529 21.216427 1349875521323 133.0
45.772409 21.216577 1349875523324 134.0
45.772256 21.216698 1349875525324 131.0
45.772174 21.216802 1349875527326 132.0
45.772093 21.216943 1349875529323 132.0
45.771902 21.217132 1349875531324 133.0
45.771693 21.217308 1349875533324 133.0
45.771479 21.217542 1349875535323 134.0
45.771294 21.217704 1349875537323 131.0
45.771117 21.217891 1349875539326 131.0
45.770962 21.218123 1349875541325 132.0
45.770823 21.218347 1349875543325 137.0
45.770687 21.218473 1349875545325 138.0
45.770559 21.218604 1349875547326 140.0
45.770459 21.218673 1349875549326 138.0
45.770362 21.218763 1349875551327 137.0
45.770304 21.218801 1349875553326 140.0
45.770235 21.218824 1349875555327 139.0
45.770201 21.218877 1349875557326 142.0
45.770171 21.21891 1349875559326 140.0
45.770117 21.219009 1349875561326 140.0
45.770038 21.219113 1349875563326 141.0
45.769954 21.219263 1349875565327 147.0
45.769898 21.219327 1349875567328 147.0
45.769804 21.219464 1349875569328 145.0
45.769748 21.219459 1349875571327 145.0
45.769734 21.219523 1349875573327 143.0
45.76971 21.21956 1349875575325 143.0
45.76968 21.219569 1349875577327 142.0
45.769686 21.219549 1349875579326 142.0
45.769682 21.219525 1349875581327 142.0
45.769653 21.219558 1349875583326 142.0
45.769638 21.219553 1349875585328 142.0
45.769576 21.219552 1349875587326 141.0
45.769555 21.219564 1349875589326 141.0
45.769537 21.219585 1349875591326 140.0
45.769516 21.219584 1349875593328 140.0
45.76952 21.219626 1349875595328 140.0
45.769504 21.219606 1349875597329 141.0
45.76945 21.219693 1349875599329 139.0
45.769362 21.219768 1349875601330 139.0
45.769256 21.219883 1349875603332 142.0
45.769156 21.21998 1349875605331 142.0
45.769127 21.220003 1349875607331 141.0
45.769093 21.22002 1349875609331 143.0
45.769073 21.220082 1349875611332 146.0
45.769086 21.22014 1349875613333 147.0
45.769098 21.220138 1349875615332 147.0
45.769088 21.220165 1349875617331 148.0
45.769102 21.220128 1349875619333 142.0
45.769108 21.220109 1349875621333 141.0
45.769103 21.220114 1349875623332 141.0
45.769102 21.220066 1349875625334 137.0
45.769106 21.220023 1349875627334 137.0
45.769114 21.220009 1349875629334 138.0
45.769121 21.220036 1349875631330 138.0
45.769134 21.220025 1349875633330 136.0
45.768794 21.220668 1349875651331 135.0
45.768871 21.220405 1349875653330 135.0
45.768846 21.220257 1349875655331 134.0
45.766498 21.222896 1349875691313 134.0
45.766053 21.223347 1349875693312 133.0
45.765744 21.223625 1349875695312 134.0
45.765517 21.223896 1349875697314 134.0
45.765331 21.224065 1349875699314 137.0
45.76515 21.224275 1349875701316 139.0
45.765045 21.22439 1349875703315 141.0
45.76496 21.224474 1349875705315 141.0
45.764897 21.224531 1349875707316 139.0
45.764861 21.224555 1349875709317 141.0
45.764863 21.224546 1349875711316 141.0
45.764835 21.224553 1349875713315 140.0
45.764806 21.224571 1349875715321 138.0
45.764769 21.224551 1349875717316 136.0
45.76475 21.224568 1349875719317 136.0
45.764752 21.224538 1349875721315 138.0
45.764715 21.224563 1349875737318 139.0
45.764696 21.224575 1349875739319 140.0
45.764663 21.224604 1349875741320 138.0
45.764643 21.224634 1349875743321 138.0
45.764632 21.224645 1349875745321 138.0
45.764635 21.224634 1349875747322 138.0
45.764647 21.224614 1349875749321 138.0
45.764651 21.224612 1349875751321 138.0
45.764653 21.22461 1349875753326 138.0
45.76466 21.224608 1349875755348 138.0
45.764661 21.224607 1349875757324 138.0
45.764663 21.224603 1349875759323 138.0
45.764665 21.224604 1349875761322 138.0
45.764667 21.224603 1349875763325 138.0
45.764666 21.224604 1349875765321 138.0
45.764672 21.224597 1349875767321 138.0
45.764695 21.224597 1349875769322 138.0
45.7647 21.224571 1349875771321 133.0
45.764693 21.224576 1349875773321 135.0
45.764668 21.224624 1349875775322 133.0
45.764649 21.224694 1349875777322 132.0
45.764593 21.224734 1349875779325 133.0
45.764446 21.224795 1349875781323 137.0
45.764334 21.224748 1349875783322 142.0
45.764244 21.22472 1349875785322 143.0
45.764057 21.22479 1349875787322 144.0
45.763925 21.224914 1349875789322 145.0
45.763857 21.225001 1349875791320 148.0
45.763701 21.225314 1349875793322 147.0
45.763565 21.225528 1349875795324 144.0
45.763421 21.22562 1349875797324 142.0
45.763285 21.225741 1349875799322 141.0
45.763084 21.225856 1349875801325 142.0
45.762888 21.225987 1349875803324 141.0
45.762677 21.226107 1349875805324 141.0
45.762478 21.226219 1349875807327 139.0
45.762265 21.226335 1349875809326 138.0
45.762087 21.226435 1349875811326 140.0
45.761902 21.226542 1349875813325 142.0
45.761859 21.226576 1349875815327 143.0
45.761691 21.226722 1349875817324 143.0
45.761623 21.22676 1349875819324 143.0
45.761512 21.226855 1349875821325 143.0
45.761366 21.226921 1349875823325 144.0
45.76123 21.226966 1349875825326 145.0
45.76117 21.226958 1349875827325 144.0
45.76114 21.227017 1349875829327 141.0
45.761126 21.227034 1349875831328 141.0
45.761074 21.227071 1349875833326 140.0
45.760991 21.227126 1349875835326 144.0
45.760929 21.227125 1349875837326 145.0
45.760889 21.22714 1349875839328 144.0
45.760861 21.227147 1349875841328 143.0
45.760843 21.227157 1349875843327 145.0
45.760852 21.227186 1349875845328 145.0
45.76086 21.227224 1349875847328 144.0
45.760868 21.227232 1349875849327 142.0
45.760863 21.227255 1349875851339 140.0
45.760832 21.22731 1349875853328 140.0
45.760766 21.227343 1349875855329 138.0
45.760739 21.227356 1349875857329 136.0
45.760712 21.227374 1349875859329 135.0
45.760683 21.2274 1349875861330 134.0
45.760636 21.227411 1349875863330 135.0
45.760629 21.22746 1349875865329 134.0
45.760585 21.227447 1349875867330 133.0
45.760529 21.227451 1349875869342 132.0
45.760463 21.227436 1349875871328 130.0
45.760429 21.227422 1349875873331 131.0
45.760416 21.227442 1349875875332 133.0
45.760389 21.22746 1349875877332 132.0
45.760377 21.22747 1349875879332 130.0
45.760337 21.227516 1349875881332 127.0
45.760278 21.227548 1349875883331 128.0
45.760223 21.227555 1349875885332 127.0
45.760217 21.227564 1349875887331 130.0
45.760202 21.227614 1349875889330 130.0
45.76017 21.227628 1349875891332 130.0
45.760119 21.227688 1349875893346 131.0
45.760038 21.227732 1349875895332 132.0
45.76001 21.227767 1349875897333 131.0
45.759974 21.227763 1349875899332 131.0
45.759923 21.227815 1349875901334 130.0
45.75986 21.227827 1349875903335 128.0
45.759817 21.227802 1349875905333 131.0
45.759787 21.227751 1349875907333 132.0
45.759724 21.227691 1349875909334 136.0
45.759665 21.227647 1349875911336 136.0
45.759587 21.227633 1349875913334 140.0
45.759515 21.227649 1349875915335 140.0
45.759416 21.227687 1349875917335 138.0
45.759341 21.227775 1349875919334 138.0
45.759301 21.227883 1349875921338 138.0
45.759267 21.227997 1349875923335 135.0
45.759238 21.228059 1349875925337 133.0
45.75923 21.228086 1349875927337 133.0
45.759225 21.228107 1349875929336 130.0
45.759239 21.228099 1349875931338 131.0
45.759237 21.228077 1349875933337 132.0
45.759226 21.2281 1349875935337 130.0
45.759205 21.228144 1349875937348 131.0
45.759178 21.228211 1349875939337 130.0
45.759124 21.228306 1349875941351 126.0
45.759021 21.228296 1349875943349 123.0
45.758932 21.228266 1349875945333 123.0
45.758873 21.228212 1349875947336 123.0
45.758802 21.228266 1349875949334 123.0
45.758098 21.228845 1349875958338 123.0
45.758205 21.228503 1349875959337 123.0
45.75812 21.228416 1349875961339 123.0
45.758015 21.228352 1349875963338 124.0
45.757958 21.228305 1349875965338 125.0
45.757879 21.228334 1349875967338 126.0
45.757814 21.228293 1349875969340 126.0
45.75777 21.228261 1349875971342 127.0
45.757732 21.228219 1349875973341 129.0
45.757698 21.228207 1349875975337 129.0
45.757686 21.228203 1349875977336 129.0
45.757688 21.228146 1349875979337 129.0
45.757678 21.228184 1349875981339 130.0
45.757668 21.228177 1349875983316 127.0
45.75766 21.228211 1349875985315 128.0
45.757671 21.228207 1349875987314 129.0
45.757661 21.228208 1349875989315 129.0
45.75764 21.228195 1349875991328 129.0
45.757636 21.228195 1349875993314 130.0
45.757662 21.228138 1349875995312 130.0
45.75768 21.228095 1349875997314 130.0
45.757652 21.228144 1349875999314 130.0
45.757624 21.228137 1349876001315 130.0
45.757577 21.228171 1349876003315 129.0
45.757541 21.228152 1349876005316 129.0
45.757439 21.2281 1349876007314 128.0
45.757386 21.228252 1349876009314 131.0
45.757521 21.228355 1349876011312 132.0
45.756419 21.228282 1349876016314 133.0
45.756371 21.228304 1349876017314 133.0
45.756653 21.227757 1349876037317 133.0
45.756598 21.227853 1349876042316 133.0
45.756527 21.227944 1349876043317 134.0
45.756571 21.228142 1349876047316 134.0
45.756601 21.228137 1349876049317 134.0
45.756537 21.228148 1349876051318 134.0
45.756469 21.228324 1349876053320 133.0
45.756486 21.228302 1349876055320 130.0
45.75647 21.228278 1349876057321 131.0
45.756436 21.228229 1349876059319 132.0
45.756381 21.228164 1349876061321 133.0
45.756253 21.228186 1349876063321 132.0
45.756114 21.228125 1349876065321 126.0
45.756001 21.228056 1349876067321 126.0
45.75591 21.228015 1349876069321 128.0
45.755805 21.227902 1349876071324 132.0
45.755693 21.227874 1349876073323 132.0
45.75559 21.227963 1349876075321 128.0
45.755519 21.227966 1349876077324 129.0
45.755397 21.227886 1349876079323 130.0
45.755282 21.227843 1349876081321 130.0
45.755223 21.22784 1349876083321 130.0
45.755176 21.227821 1349876085322 131.0
45.755151 21.227894 1349876087322 129.0
45.75512 21.227914 1349876089325 128.0
45.755072 21.227961 1349876091322 128.0
45.755033 21.228021 1349876093323 128.0
45.754939 21.227945 1349876095324 128.0
45.754872 21.228022 1349876097323 126.0
45.754835 21.228097 1349876099322 126.0
45.754779 21.228129 1349876101325 127.0
45.754665 21.227992 1349876103324 127.0
45.753931 21.227766 1349876106322 139.0
45.753616 21.227698 1349876107326 141.0
45.75386 21.227842 1349876109324 142.0
45.753873 21.227726 1349876116326 141.0
45.753993 21.22772 1349876117324 141.0
45.753696 21.228081 1349876125327 143.0
45.753569 21.228044 1349876127326 142.0
45.753456 21.228002 1349876129327 142.0
45.753294 21.227987 1349876131327 139.0
45.753178 21.227959 1349876133330 136.0
45.753027 21.227935 1349876135329 133.0
45.752906 21.227911 1349876137329 133.0
45.752815 21.227873 1349876139329 131.0
45.752764 21.227838 1349876141329 133.0
45.752739 21.227832 1349876143330 134.0
45.75271 21.227837 1349876145329 133.0
45.752678 21.227819 1349876147329 132.0
45.752601 21.227769 1349876149331 132.0
45.752543 21.227736 1349876151330 132.0
45.752484 21.227724 1349876153330 131.0
45.752436 21.227698 1349876155330 135.0
45.752373 21.227669 1349876157330 137.0
45.752314 21.227642 1349876159330 137.0
45.752293 21.227608 1349876161330 139.0
45.752211 21.227546 1349876163332 140.0
45.752203 21.227546 1349876165331 140.0
45.752171 21.227581 1349876167331 139.0
45.752071 21.22756 1349876169335 143.0
45.752023 21.227556 1349876171333 145.0
45.751972 21.227593 1349876173332 146.0
45.751878 21.227573 1349876175335 150.0
45.751819 21.227538 1349876177335 148.0
45.7518 21.227531 1349876179333 146.0
45.751793 21.227489 1349876181337 144.0
45.751759 21.227425 1349876183348 145.0
45.751739 21.227402 1349876185335 145.0
45.751721 21.22739 1349876187337 142.0
45.751692 21.227397 1349876189334 142.0
45.751657 21.227407 1349876191333 144.0
45.751643 21.22738 1349876193334 144.0
45.751605 21.227388 1349876195335 145.0
45.751555 21.227476 1349876197334 145.0
45.75158 21.227427 1349876199332 145.0
45.751581 21.227435 1349876201334 145.0
45.751589 21.227502 1349876203330 144.0
45.75161 21.227448 1349876205332 144.0
45.751657 21.227383 1349876207333 143.0
45.751664 21.227424 1349876209332 144.0
45.751692 21.227333 1349876211337 143.0
45.751722 21.227238 1349876213335 143.0
45.75177 21.227142 1349876215335 143.0
45.75175 21.227107 1349876217334 143.0
45.751617 21.227143 1349876219335 145.0
45.751563 21.227071 1349876222333 145.0
45.751552 21.227078 1349876223336 145.0
45.751431 21.227132 1349876225335 145.0
45.751375 21.22724 1349876227332 144.0
45.751394 21.227158 1349876229335 144.0
45.751177 21.226889 1349876235334 144.0
45.750737 21.227523 1349876243347 144.0
45.750718 21.227505 1349876245348 144.0
45.75074 21.227583 1349876247334 144.0
45.750769 21.227654 1349876253338 144.0
45.75089 21.227374 1349876255337 145.0
45.750895 21.227308 1349876257338 145.0
45.750965 21.227148 1349876259338 146.0
45.75105 21.227192 1349876261340 146.0
45.750995 21.227086 1349876263340 146.0
45.751008 21.227087 1349876265340 147.0
45.750939 21.227035 1349876267341 148.0
45.750878 21.226957 1349876269356 148.0
45.75088 21.226806 1349876271354 146.0
45.750894 21.226556 1349876273341 146.0
45.750904 21.22629 1349876275342 147.0
45.750929 21.22608 1349876277348 146.0
45.75095 21.225826 1349876279342 148.0
45.750986 21.225632 1349876281344 148.0
45.750999 21.225473 1349876283342 149.0
45.750999 21.225436 1349876285344 150.0
45.750994 21.225306 1349876287342 149.0
45.750916 21.225338 1349876289343 147.0
45.750838 21.225385 1349876291343 146.0
45.75068 21.22546 1349876293341 146.0
45.750431 21.225463 1349876295347 145.0
45.750222 21.225471 1349876297344 145.0
45.750058 21.225519 1349876299333 144.0
45.749787 21.225546 1349876301321 145.0
45.749571 21.225597 1349876303324 146.0
45.74931 21.225703 1349876305321 146.0
45.749196 21.22573 1349876307321 146.0
45.749142 21.225713 1349876309323 144.0
45.749105 21.225701 1349876311321 142.0
45.749057 21.225706 1349876313323 142.0
45.74907 21.225722 1349876315324 142.0
45.749043 21.225736 1349876317326 140.0
45.749012 21.225747 1349876319325 143.0
45.749019 21.225772 1349876321323 142.0
45.748991 21.225796 1349876323323 145.0
45.74897 21.225791 1349876325324 146.0
45.748971 21.225788 1349876327330 146.0
45.748967 21.225793 1349876329321 145.0
45.748968 21.225808 1349876331321 144.0
45.748961 21.225818 1349876333331 144.0
45.748992 21.225806 1349876335337 144.0
45.748951 21.225829 1349876337322 144.0
45.748901 21.225875 1349876339320 144.0
45.748867 21.2259 1349876341323 144.0
45.74891 21.225831 1349876343322 143.0
45.748929 21.225803 1349876345321 143.0
45.748947 21.225802 1349876347322 143.0
45.748955 21.22578 1349876349321 143.0
45.749105 21.225706 1349876351322 140.0
45.749004 21.225719 1349876353320 140.0
45.742242 21.225817 1349876506335 139.0
45.742263 21.225809 1349876507335 139.0
45.742261 21.225766 1349876509352 139.0
45.742123 21.2259 1349876511354 141.0
45.742005 21.225894 1349876513354 139.0
45.741832 21.225868 1349876515353 140.0
45.741722 21.225811 1349876517344 139.0
45.741623 21.225708 1349876519340 138.0
45.741556 21.22558 1349876521339 138.0
45.741536 21.225467 1349876523340 138.0
45.74154 21.225393 1349876525342 137.0
45.741521 21.225393 1349876527344 137.0
45.741441 21.225395 1349876531341 141.0
45.741439 21.225396 1349876533340 141.0
45.741439 21.225398 1349876535342 144.0
45.741424 21.225383 1349876537342 144.0
45.741385 21.225326 1349876539354 144.0
45.741362 21.225258 1349876541340 144.0
45.741337 21.225185 1349876543340 147.0
45.741261 21.225032 1349876545342 143.0
45.741193 21.224895 1349876547343 144.0
45.741128 21.224678 1349876549342 144.0
45.741058 21.224445 1349876551341 145.0
45.740997 21.224218 1349876553341 145.0
45.740941 21.224015 1349876555344 146.0
45.74088 21.223836 1349876557340 146.0
45.740832 21.223665 1349876559340 146.0
45.74075 21.223565 1349876561341 143.0
45.740709 21.223515 1349876563343 143.0
45.740707 21.223479 1349876565342 142.0
45.74071 21.223451 1349876567343 143.0
45.74069 21.223408 1349876569344 144.0
45.740656 21.223368 1349876571343 141.0
45.74062 21.22326 1349876573344 137.0
45.740578 21.223089 1349876575344 139.0
45.740526 21.222904 1349876577347 137.0
45.740505 21.222763 1349876579346 136.0
45.74042 21.222558 1349876581346 137.0
45.740368 21.222346 1349876583347 138.0
45.740294 21.222167 1349876585348 140.0
45.740198 21.221982 1349876587350 141.0
45.740126 21.221787 1349876589347 145.0
45.740065 21.221625 1349876591348 146.0
45.740001 21.221437 1349876593348 146.0
45.739923 21.221261 1349876595347 142.0
45.739878 21.22112 1349876597350 144.0
45.739807 21.22105 1349876599348 141.0
45.739776 21.220999 1349876601349 140.0
45.739761 21.220973 1349876603350 139.0
45.739753 21.220975 1349876605349 140.0
45.73973 21.220961 1349876607350 135.0
45.739732 21.220945 1349876609386 135.0
45.739728 21.220946 1349876611350 133.0
45.739737 21.220943 1349876613349 134.0
45.739737 21.220943 1349876615326 134.0
45.739737 21.220944 1349876617328 133.0
45.739736 21.220938 1349876619326 132.0
45.73971 21.220938 1349876621327 130.0
45.739716 21.220939 1349876623325 130.0
45.739752 21.22094 1349876625326 132.0
45.739759 21.22094 1349876627327 133.0
45.739753 21.220938 1349876629329 132.0
45.739751 21.220928 1349876631330 131.0
45.739752 21.220921 1349876633328 130.0
45.739758 21.220923 1349876635332 131.0
45.739761 21.220924 1349876637328 132.0
45.739775 21.220926 1349876639327 132.0
45.73977 21.220923 1349876641326 132.0
45.739769 21.220926 1349876643327 132.0
45.739767 21.220927 1349876645327 132.0
45.739767 21.220927 1349876647327 132.0
45.739767 21.220928 1349876649330 132.0
45.739767 21.220928 1349876651329 132.0
45.739766 21.220928 1349876653328 132.0
45.739766 21.220928 1349876655329 132.0
45.739765 21.220928 1349876657330 132.0
45.739765 21.220928 1349876659342 132.0
45.739764 21.220928 1349876661329 132.0
45.739764 21.220928 1349876663330 132.0
45.739775 21.220928 1349876665330 133.0
45.739783 21.220939 1349876667331 134.0
45.73977 21.220946 1349876669329 133.0
45.739776 21.220929 1349876671331 135.0
45.739732 21.220868 1349876673332 132.0
45.739698 21.220754 1349876675332 131.0
45.739683 21.220641 1349876677332 133.0
45.739685 21.220584 1349876679333 136.0
45.739672 21.220564 1349876681346 136.0
45.739643 21.220543 1349876683347 136.0
45.739606 21.220551 1349876685332 136.0
45.739556 21.220587 1349876687333 135.0
45.739516 21.220611 1349876689335 135.0
45.739479 21.220677 1349876691332 135.0
45.739466 21.220711 1349876693330 134.0
45.739455 21.220733 1349876695332 132.0
45.73945 21.220743 1349876697333 131.0
45.739455 21.220747 1349876699334 131.0
45.739459 21.220746 1349876701334 129.0
45.739448 21.220722 1349876703334 131.0
45.739445 21.220718 1349876705333 130.0
45.739433 21.220727 1349876707331 129.0
45.739436 21.22072 1349876709347 130.0
45.739445 21.220734 1349876711345 129.0
45.739443 21.220738 1349876713344 129.0
45.739446 21.220757 1349876715345 129.0
45.739452 21.220762 1349876717340 130.0
45.739453 21.220758 1349876719335 130.0
45.739454 21.220768 1349876721333 128.0
45.739447 21.220744 1349876723334 131.0
45.739437 21.220733 1349876725337 132.0
45.739435 21.220734 1349876727336 131.0
45.739432 21.220736 1349876729336 132.0
45.739431 21.220736 1349876731338 132.0
45.73943 21.220736 1349876733349 132.0
45.73943 21.220735 1349876735345 131.0
45.73943 21.220734 1349876737338 131.0