45.739605 21.220052 1349889004977 123.0
45.739573 21.220184 1349889007968 123.0
45.739456 21.220249 1349889009967 125.0
45.739431 21.220254 1349889010983 125.0
45.739367 21.220362 1349889013968 125.0
45.739255 21.220315 1349889015968 126.0
45.739239 21.220274 1349889017967 127.0
45.739295 21.220316 1349889019969 127.0
45.739365 21.220323 1349889021944 130.0
45.739461 21.220378 1349889024547 131.0
45.739507 21.220446 1349889025544 131.0
45.739481 21.220565 1349889027544 131.0
45.739327 21.221891 1349889196595 122.0
45.738844 21.218506 1349889206598 153.0
45.738844 21.218506 1349889206598 153.0
45.738777 21.218685 1349889209571 179.0
45.738777 21.218685 1349889209571 179.0
45.738917 21.219022 1349889211573 175.0
45.738917 21.219022 1349889211573 175.0
45.738933 21.219142 1349889213570 176.0
45.738933 21.219142 1349889213570 176.0
45.73892 21.219179 1349889214794 176.0
45.73892 21.219179 1349889214794 176.0
45.738866 21.219143 1349889216794 176.0
45.738866 21.219143 1349889216794 176.0
45.738852 21.219161 1349889218795 175.0
45.738852 21.219161 1349889218795 175.0
45.738802 21.219133 1349889220794 174.0
45.738802 21.219133 1349889220794 174.0
45.738738 21.219038 1349889222798 175.0
45.738738 21.219038 1349889222798 175.0
45.738815 21.219307 1349889224794 175.0
45.738815 21.219307 1349889224794 175.0
45.738878 21.219511 1349889226803 176.0
45.738878 21.219511 1349889226803 176.0
45.738919 21.219615 1349889228794 176.0
45.738919 21.219615 1349889228794 176.0
45.738876 21.219629 1349889230793 175.0
45.738876 21.219629 1349889230793 175.0
45.738917 21.219664 1349889232790 176.0
45.738917 21.219664 1349889232790 176.0
45.739028 21.219778 1349889234792 176.0
45.739001 21.219757 1349889236792 176.0
45.739002 21.219731 1349889238996 176.0
45.738952 21.219675 1349889241013 175.0
45.738892 21.219613 1349889242995 175.0
45.739024 21.219695 1349889244996 175.0
45.739083 21.219769 1349889247015 175.0
45.739075 21.219829 1349889248997 175.0
45.739094 21.219881 1349889250995 175.0
45.739085 21.219929 1349889252994 175.0
45.73908 21.21988 1349889254996 175.0
45.739164 21.220027 1349889256997 175.0
45.739195 21.220069 1349889259014 175.0
45.73913 21.220008 1349889260997 175.0
45.739127 21.220077 1349889262997 175.0
45.739133 21.220105 1349889265016 175.0
45.739133 21.220105 1349889265016 175.0
45.739133 21.220105 1349889265016 175.0
45.739242 21.220298 1349889266997 174.0
45.739242 21.220298 1349889266997 174.0
45.739242 21.220298 1349889266997 174.0
45.739279 21.220403 1349889268995 174.0
45.739279 21.220403 1349889268995 174.0
45.739279 21.220403 1349889268995 174.0
45.739291 21.220451 1349889271015 174.0
45.739291 21.220451 1349889271015 174.0
45.739291 21.220451 1349889271015 174.0
45.739244 21.220472 1349889272998 174.0
45.739244 21.220472 1349889272998 174.0
45.739244 21.220472 1349889272998 174.0
45.739344 21.220541 1349889274999 174.0
45.739344 21.220541 1349889274999 174.0
45.739344 21.220541 1349889274999 174.0
45.739419 21.220568 1349889276996 174.0
45.739419 21.220568 1349889276996 174.0
45.739419 21.220568 1349889276996 174.0
45.739404 21.220573 1349889278997 174.0
45.739404 21.220573 1349889278997 174.0
45.739404 21.220573 1349889278997 174.0
45.739307 21.220491 1349889280999 175.0
45.739307 21.220491 1349889280999 175.0
45.739307 21.220491 1349889280999 175.0
45.739331 21.220449 1349889283000 175.0
45.739331 21.220449 1349889283000 175.0
45.739331 21.220449 1349889283000 175.0
45.739236 21.220444 1349889284998 174.0
45.739236 21.220444 1349889284998 174.0
45.739236 21.220444 1349889284998 174.0
45.739162 21.220412 1349889286997 174.0
45.739162 21.220412 1349889286997 174.0
45.739162 21.220412 1349889286997 174.0
45.739197 21.220384 1349889289017 174.0
45.739197 21.220384 1349889289017 174.0
45.739197 21.220384 1349889289017 174.0
45.73918 21.220332 1349889291001 174.0
45.73918 21.220332 1349889291001 174.0
45.73918 21.220332 1349889291001 174.0
45.739186 21.220367 1349889293000 174.0
45.739186 21.220367 1349889293000 174.0
45.739186 21.220367 1349889293000 174.0
45.739228 21.220334 1349889295019 174.0
45.739228 21.220334 1349889295019 174.0
45.739245 21.220291 1349889296998 174.0
45.739245 21.220291 1349889296998 174.0
45.739305 21.220376 1349889299001 174.0
45.739305 21.220376 1349889299001 174.0
45.739246 21.220391 1349889301019 174.0
45.739246 21.220391 1349889301019 174.0
45.739207 21.220395 1349889303001 174.0
45.739207 21.220395 1349889303001 174.0
45.739268 21.22041 1349889305000 174.0
45.739268 21.22041 1349889305000 174.0
45.739265 21.220429 1349889307001 174.0
45.739265 21.220429 1349889307001 174.0