47.683217 26.027543 1350311026519 362.0
47.683222 26.027554 1350311027524 361.0
47.683221 26.027553 1350311029523 361.0
47.683219 26.027553 1350311031554 362.0
47.683218 26.027552 1350311033531 362.0
47.68321 26.027501 1350311036556 361.0
47.683206 26.027479 1350311037533 361.0
47.683202 26.027407 1350311039525 361.0
47.683178 26.027312 1350311041523 361.0
47.68311 26.027156 1350311044515 362.0
47.683069 26.027037 1350311046516 362.0
47.683028 26.026925 1350311048531 363.0
47.682999 26.026809 1350311050515 363.0
47.68298 26.026739 1350311051534 364.0
47.682938 26.026532 1350311054530 364.0
47.682889 26.02638 1350311056519 363.0
47.682861 26.026217 1350311058521 363.0
47.682827 26.026043 1350311060543 363.0
47.682776 26.025864 1350311062518 362.0
47.682745 26.025775 1350311063524 361.0
47.682645 26.025469 1350311066558 361.0
47.682544 26.025278 1350311068521 360.0
47.682489 26.025174 1350311069526 361.0
47.682327 26.024875 1350311072544 361.0
47.682259 26.024731 1350311074517 360.0
47.682135 26.024597 1350311076521 359.0
47.681975 26.024436 1350311078532 360.0
47.681837 26.024331 1350311080517 360.0
47.681826 26.024284 1350311081522 360.0
47.681615 26.024111 1350311084534 360.0
47.681564 26.024041 1350311085522 361.0
47.681466 26.023911 1350311087528 361.0
47.681379 26.02374 1350311089522 362.0
47.6813 26.023579 1350311091522 363.0
47.681209 26.023431 1350311093525 362.0
47.681125 26.023273 1350311095533 364.0
47.681044 26.023116 1350311097522 364.0
47.680959 26.022963 1350311099527 365.0
47.680882 26.022796 1350311101524 366.0
47.680784 26.022642 1350311103528 367.0
47.680643 26.02243 1350311106520 368.0
47.680594 26.022324 1350311108536 369.0
47.680479 26.022178 1350311110518 370.0
47.680383 26.022032 1350311112517 371.0
47.68028 26.021877 1350311114539 371.0
47.680176 26.02174 1350311116520 372.0
47.680125 26.021674 1350311117526 371.0
47.679978 26.021474 1350311120537 372.0
47.679931 26.021409 1350311121524 372.0
47.67984 26.021281 1350311123526 371.0
47.679703 26.021091 1350311126540 372.0
47.67962 26.020992 1350311128520 371.0
47.679576 26.020941 1350311129523 372.0
47.679472 26.020792 1350311132539 371.0
47.679376 26.020695 1350311134516 372.0
47.679308 26.020611 1350311136520 372.0
47.679229 26.020523 1350311138538 372.0
47.679151 26.020444 1350311140519 373.0
47.679107 26.020405 1350311141525 373.0
47.678969 26.020288 1350311144539 373.0
47.67892 26.020246 1350311145524 373.0
47.678818 26.020163 1350311147546 373.0
47.678657 26.020072 1350311150540 371.0
47.678605 26.020033 1350311151524 371.0
47.67849 26.019953 1350311153527 371.0
47.678314 26.019848 1350311156541 371.0
47.678262 26.019816 1350311157522 371.0
47.678147 26.019752 1350311159533 370.0
47.678034 26.019698 1350311161523 369.0
47.677845 26.019605 1350311164518 369.0
47.677722 26.019582 1350311166519 369.0
47.677595 26.019558 1350311168542 369.0
47.677463 26.019547 1350311170519 369.0
47.677394 26.019532 1350311171536 370.0
47.677202 26.019515 1350311174542 371.0
47.67714 26.019515 1350311175524 372.0
47.677015 26.019516 1350311177525 372.0
47.676902 26.01952 1350311179523 372.0
47.676783 26.019553 1350311181524 372.0
47.676666 26.019566 1350311183527 372.0
47.676548 26.019583 1350311185522 372.0
47.676444 26.019608 1350311187524 372.0
47.676337 26.019611 1350311189526 372.0
47.676224 26.019618 1350311191525 373.0
47.676065 26.019631 1350311194521 373.0
47.675963 26.019648 1350311196522 372.0
47.675908 26.019641 1350311197536 372.0
47.675795 26.019641 1350311199526 372.0
47.675669 26.01963 1350311201523 373.0
47.675531 26.019616 1350311203523 371.0
47.675295 26.019503 1350311206540 369.0
47.675214 26.019434 1350311207524 369.0
47.675061 26.019267 1350311209524 367.0
47.674911 26.019074 1350311211530 366.0
47.674686 26.01877 1350311214526 364.0
47.674609 26.018683 1350311215526 364.0
47.674463 26.018509 1350311217524 364.0
47.67431 26.018349 1350311219531 364.0
47.674161 26.018206 1350311221522 364.0
47.67402 26.018066 1350311223522 364.0
47.673877 26.017946 1350311225528 365.0
47.673742 26.017843 1350311227523 364.0
47.673613 26.017757 1350311229525 364.0
47.673506 26.01769 1350311231525 363.0
47.673395 26.017616 1350311233524 364.0
47.673281 26.017549 1350311235526 364.0
47.67317 26.017495 1350311237526 364.0
47.673054 26.017431 1350311239525 364.0
47.672923 26.017374 1350311241526 364.0
47.672798 26.017325 1350311243538 365.0
47.672672 26.017273 1350311245526 366.0
47.672556 26.017254 1350311247526 364.0
47.672416 26.01719 1350311249543 365.0
47.672282 26.017136 1350311251531 366.0
47.672148 26.017101 1350311253527 365.0
47.672013 26.017046 1350311255526 365.0
47.671881 26.016997 1350311257526 365.0
47.67175 26.016953 1350311259527 364.0
47.671615 26.016877 1350311261528 365.0
47.671488 26.016833 1350311263528 365.0
47.671354 26.016774 1350311265527 365.0
47.671219 26.016708 1350311267527 365.0
47.671086 26.016647 1350311269526 366.0
47.670961 26.016579 1350311271529 367.0
47.670851 26.016535 1350311273529 366.0
47.670734 26.016443 1350311275529 366.0
47.670628 26.016372 1350311277528 366.0
47.670489 26.016287 1350311279534 367.0
47.670376 26.01623 1350311281530 366.0
47.670265 26.016185 1350311283529 364.0
47.670119 26.016056 1350311285530 367.0
47.669997 26.015992 1350311287530 364.0
47.669882 26.01591 1350311289530 364.0
47.66976 26.015793 1350311291530 364.0
47.669636 26.015689 1350311293530 365.0
47.669522 26.015566 1350311295530 366.0
47.669418 26.015449 1350311297536 366.0
47.669317 26.015312 1350311299530 366.0
47.669232 26.015172 1350311301533 365.0
47.669162 26.015005 1350311303532 365.0
47.669126 26.014821 1350311305530 365.0
47.669086 26.01465 1350311307532 365.0
47.669069 26.014568 1350311309535 365.0
47.668985 26.014389 1350311311533 365.0
47.668844 26.01429 1350311313532 366.0
47.668713 26.014223 1350311315533 368.0
47.668587 26.014225 1350311317533 368.0
47.668446 26.014235 1350311319533 369.0
47.668323 26.014283 1350311321532 368.0
47.668187 26.014322 1350311323534 368.0
47.668061 26.014343 1350311325534 369.0
47.667935 26.014347 1350311327543 369.0
47.667811 26.014335 1350311329527 370.0
47.667699 26.014318 1350311331527 369.0
47.667585 26.014256 1350311333532 370.0
47.667427 26.014107 1350311336533 370.0
47.667381 26.014041 1350311337527 370.0
47.667285 26.013909 1350311339529 371.0
47.667193 26.013781 1350311341539 372.0
47.667151 26.01369 1350311343523 371.0
47.667097 26.013573 1350311345527 368.0
47.666975 26.013346 1350311348536 368.0
47.666943 26.013284 1350311349525 368.0
47.666806 26.013078 1350311352514 369.0
47.666721 26.012934 1350311354535 369.0
47.666642 26.012796 1350311356524 369.0
47.666607 26.012732 1350311357526 367.0
47.666493 26.012527 1350311360548 366.0
47.666462 26.012463 1350311361523 366.0
47.66638 26.012319 1350311363532 366.0
47.666316 26.01218 1350311365528 367.0
47.666259 26.012038 1350311367527 367.0
47.666232 26.011896 1350311369533 367.0
47.66621 26.011736 1350311371525 367.0
47.66621 26.011508 1350311374527 367.0
47.666205 26.01144 1350311375525 367.0
47.666201 26.01129 1350311377524 368.0
47.666194 26.011143 1350311379523 367.0
47.666169 26.010992 1350311381525 368.0
47.666144 26.010832 1350311383526 368.0
47.666142 26.010617 1350311386521 369.0
47.666172 26.010415 1350311388513 369.0
47.666192 26.01025 1350311390526 369.0
47.666215 26.010083 1350311392513 371.0
47.66621 26.010058 1350311393526 371.0
47.666191 26.009899 1350311395522 373.0
47.666188 26.00972 1350311397530 373.0
47.666199 26.009574 1350311399530 373.0
47.666183 26.009394 1350311401527 374.0
47.66616 26.009279 1350311403522 374.0
47.66613 26.009111 1350311405523 374.0
47.666056 26.008888 1350311408523 375.0
47.666048 26.008814 1350311409523 375.0
47.665995 26.008658 1350311411525 375.0
47.665949 26.008496 1350311413525 375.0
47.665898 26.008337 1350311415526 377.0
47.665846 26.008162 1350311417531 376.0
47.665792 26.008007 1350311419528 377.0
47.665753 26.007892 1350311421530 379.0
47.66568 26.007707 1350311423531 379.0
47.665626 26.007583 1350311425528 379.0
47.665533 26.007446 1350311427527 378.0
47.665471 26.00728 1350311429534 378.0
47.665418 26.007138 1350311431529 378.0
47.665371 26.006998 1350311433524 377.0
47.665314 26.006821 1350311435524 378.0
47.665243 26.006655 1350311437522 378.0
47.665196 26.006505 1350311439528 379.0
47.665102 26.006387 1350311441526 378.0
47.665006 26.006274 1350311443524 378.0
47.664903 26.006155 1350311445529 377.0
47.66479 26.006024 1350311447544 377.0
47.664689 26.005887 1350311449529 376.0
47.66461 26.005725 1350311451529 376.0
47.664512 26.005551 1350311453534 378.0
47.66441 26.005424 1350311455542 378.0
47.66431 26.005319 1350311457531 377.0
47.664216 26.005216 1350311459532 376.0
47.664127 26.005105 1350311461525 376.0
47.664038 26.004995 1350311463524 377.0
47.66395 26.004879 1350311465523 377.0
47.663867 26.004758 1350311467524 377.0
47.663782 26.004647 1350311469523 376.0
47.663696 26.004546 1350311471527 376.0
47.663614 26.004425 1350311473522 375.0
47.663529 26.004311 1350311475523 375.0
47.663452 26.004194 1350311477525 376.0
47.663377 26.004085 1350311479524 375.0
47.663306 26.003961 1350311481523 374.0
47.663241 26.003831 1350311483527 374.0
47.663182 26.003675 1350311485537 374.0
47.663158 26.003537 1350311487527 374.0
47.663131 26.003369 1350311489532 374.0
47.66311 26.003203 1350311491525 373.0
47.663094 26.003031 1350311493529 373.0
47.663071 26.002855 1350311495525 373.0
47.663061 26.002676 1350311497525 373.0
47.663032 26.0025 1350311499524 372.0
47.663019 26.00232 1350311501526 371.0
47.66299 26.002154 1350311503526 372.0
47.662968 26.002002 1350311505525 372.0
47.662965 26.001872 1350311507527 372.0
47.662956 26.001818 1350311509528 373.0
47.662877 26.001655 1350311511528 372.0
47.662785 26.001521 1350311513535 372.0
47.662702 26.001407 1350311515529 371.0
47.662612 26.001273 1350311517526 371.0
47.662569 26.00118 1350311519535 371.0
47.662531 26.001021 1350311521532 369.0
47.662482 26.000856 1350311523527 369.0
47.662441 26.000711 1350311525528 368.0
47.66241 26.000574 1350311527528 367.0
47.662381 26.000433 1350311529530 367.0
47.662341 26.000295 1350311531529 367.0
47.662309 26.000161 1350311533530 367.0
47.662283 26.000033 1350311535529 366.0
47.662265 25.999896 1350311537529 367.0
47.662233 25.99977 1350311539529 367.0
47.662228 25.999646 1350311541530 365.0
47.662234 25.999562 1350311543535 365.0
47.662233 25.999448 1350311545532 364.0
47.662218 25.999312 1350311547530 364.0
47.662191 25.999171 1350311549533 364.0
47.662155 25.999018 1350311551532 364.0
47.662119 25.99891 1350311553531 364.0
47.662105 25.998794 1350311555537 365.0
47.662074 25.998671 1350311557532 365.0
47.66204 25.998556 1350311559533 366.0
47.661998 25.99845 1350311561531 367.0
47.661975 25.998337 1350311563532 369.0
47.661951 25.998225 1350311565531 369.0
47.661909 25.998116 1350311567533 370.0
47.661887 25.998036 1350311569532 371.0
47.661841 25.997932 1350311571533 372.0
47.661823 25.99785 1350311573532 373.0
47.661795 25.99777 1350311575531 374.0
47.661773 25.997702 1350311577532 376.0
47.661759 25.99764 1350311579533 376.0
47.661736 25.997599 1350311581552 376.0
47.661716 25.997546 1350311583545 378.0
47.661692 25.997496 1350311585533 380.0
47.661676 25.997447 1350311587533 382.0
47.661643 25.9974 1350311589535 382.0
47.661625 25.997329 1350311591533 383.0
47.661592 25.997254 1350311593536 385.0
47.661579 25.997198 1350311595538 386.0
47.661575 25.99715 1350311597534 387.0
47.661557 25.997085 1350311599545 389.0
47.661534 25.997039 1350311601533 390.0
47.661528 25.997017 1350311603532 389.0
47.661515 25.996981 1350311605533 389.0
47.661503 25.996894 1350311607536 390.0
47.661482 25.996843 1350311609535 390.0
47.661443 25.996784 1350311611536 390.0
47.6614 25.99674 1350311613536 390.0
47.661374 25.996692 1350311615537 390.0
47.661339 25.996637 1350311617537 389.0
47.661311 25.996578 1350311619536 390.0
47.661282 25.996519 1350311621537 391.0
47.661274 25.996453 1350311623538 391.0
47.661259 25.996396 1350311625538 391.0
47.661207 25.996244 1350311627827 392.0
47.66119 25.996189 1350311629805 392.0
47.661174 25.996117 1350311631805 392.0
47.661163 25.996058 1350311633816 393.0
47.661144 25.99599 1350311635810 393.0
47.661125 25.995929 1350311637804 394.0
47.661117 25.99585 1350311639829 394.0
47.661084 25.995782 1350311641793 395.0
47.661053 25.995717 1350311643794 395.0
47.661033 25.995657 1350311645804 395.0
47.661001 25.99559 1350311647780 396.0
47.660963 25.995529 1350311649781 395.0
47.66093 25.995469 1350311651805 395.0
47.660899 25.995405 1350311653786 397.0
47.660896 25.995323 1350311655790 399.0
47.660865 25.995257 1350311657805 400.0
47.660853 25.99521 1350311659797 400.0
47.660821 25.995156 1350311661799 399.0
47.660789 25.99507 1350311663817 398.0
47.660748 25.995019 1350311665800 397.0
47.66073 25.994983 1350311667790 398.0
47.660704 25.994959 1350311669818 399.0
47.660683 25.99492 1350311671796 398.0
47.660642 25.994873 1350311673794 399.0
47.660613 25.994823 1350311675807 400.0
47.660587 25.994777 1350311677796 401.0
47.660557 25.994726 1350311679784 401.0
47.660525 25.994687 1350311681791 403.0
47.6605 25.994644 1350311683787 402.0
47.660463 25.994597 1350311685788 403.0
47.660437 25.99455 1350311687796 405.0
47.66042 25.994525 1350311689782 403.0
47.660389 25.994474 1350311691793 403.0
47.660364 25.994418 1350311693798 402.0
47.660351 25.994356 1350311695784 403.0
47.660327 25.994337 1350311697786 404.0
47.660294 25.994312 1350311699809 404.0
47.660293 25.994226 1350311701788 406.0
47.660283 25.994164 1350311703791 408.0
47.660273 25.994097 1350311705791 408.0
47.66027 25.994022 1350311707786 409.0
47.660274 25.993963 1350311709785 410.0
47.660266 25.993922 1350311711798 410.0
47.660264 25.993842 1350311713787 412.0
47.660268 25.993768 1350311715795 413.0
47.660257 25.993701 1350311717798 413.0
47.660233 25.993645 1350311719800 413.0
47.660219 25.99358 1350311721802 413.0
47.660192 25.993509 1350311723824 413.0
47.660191 25.99344 1350311725797 414.0
47.660175 25.993384 1350311727804 413.0
47.660154 25.993297 1350311729825 412.0
47.660144 25.993217 1350311731797 413.0
47.660134 25.993148 1350311733794 413.0
47.66012 25.993055 1350311735796 413.0
47.660109 25.992966 1350311737797 412.0
47.660111 25.992905 1350311739793 413.0
47.660097 25.992835 1350311741815 412.0
47.660095 25.992758 1350311743795 413.0
47.660068 25.992682 1350311745797 413.0
47.660044 25.992612 1350311747802 414.0
47.660003 25.992553 1350311749801 416.0
47.659964 25.99248 1350311751821 416.0
47.65993 25.99242 1350311753831 417.0
47.659895 25.992351 1350311755790 418.0
47.659845 25.992291 1350311757792 417.0
47.65982 25.992232 1350311759803 419.0
47.659804 25.992174 1350311761791 420.0
47.659781 25.9921 1350311763795 418.0
47.659745 25.992043 1350311765801 420.0
47.659705 25.991974 1350311767796 419.0
47.659675 25.991906 1350311769798 419.0
47.659641 25.991845 1350311771815 420.0
47.659615 25.991765 1350311773802 421.0
47.65959 25.991693 1350311775806 422.0
47.65956 25.991627 1350311777817 424.0
47.659531 25.991556 1350311779803 424.0
47.659522 25.991503 1350311781805 424.0
47.659507 25.991458 1350311783818 425.0
47.659522 25.991385 1350311785804 424.0
47.659538 25.99133 1350311787802 425.0
47.65953 25.991311 1350311789818 427.0
47.659509 25.991238 1350311791798 427.0
47.65949 25.991179 1350311793798 427.0
47.659488 25.991108 1350311795807 427.0
47.659459 25.991044 1350311797797 427.0
47.659445 25.990975 1350311799796 427.0
47.659436 25.990903 1350311801820 427.0
47.65942 25.990847 1350311803800 426.0
47.6594 25.990783 1350311805803 427.0
47.659393 25.990727 1350311807820 426.0
47.659363 25.990683 1350311809802 426.0
47.659331 25.990623 1350311811805 425.0
47.659282 25.990547 1350311813821 423.0
47.659246 25.990464 1350311815796 423.0
47.659203 25.990408 1350311817796 423.0
47.659188 25.990348 1350311819808 423.0
47.659154 25.990293 1350311821797 423.0
47.659134 25.990225 1350311823797 423.0
47.659128 25.990152 1350311825799 426.0
47.659117 25.990089 1350311827799 427.0
47.659114 25.990009 1350311829800 428.0
47.65909 25.989968 1350311831812 428.0
47.659069 25.989896 1350311833806 429.0
47.659056 25.989849 1350311835813 428.0
47.659031 25.989799 1350311837823 429.0
47.659013 25.989744 1350311839810 428.0
47.659 25.98968 1350311841812 430.0
47.658995 25.98964 1350311843823 429.0
47.658967 25.989555 1350311845808 429.0
47.658931 25.989508 1350311847808 429.0
47.658898 25.989442 1350311849824 431.0
47.658901 25.989399 1350311851800 430.0
47.658899 25.989355 1350311853802 430.0
47.658904 25.989282 1350311855799 430.0
47.65888 25.989224 1350311857797 430.0
47.65886 25.989164 1350311859798 429.0
47.658843 25.989119 1350311861798 429.0
47.658833 25.989062 1350311863798 429.0
47.65882 25.988996 1350311865800 430.0
47.658815 25.988921 1350311867812 432.0
47.65879 25.988865 1350311869801 430.0
47.658797 25.9888 1350311871801 433.0
47.658817 25.988733 1350311873814 436.0
47.658816 25.988658 1350311875802 437.0
47.658825 25.988599 1350311877802 440.0
47.658813 25.988541 1350311879815 442.0
47.658785 25.988472 1350311881804 442.0
47.658754 25.988374 1350311883803 443.0
47.658728 25.988298 1350311885804 442.0
47.658705 25.98825 1350311887804 442.0
47.658672 25.988171 1350311889803 443.0
47.658615 25.988109 1350311891806 443.0
47.658551 25.988045 1350311893804 443.0
47.658504 25.987981 1350311895805 442.0
47.658461 25.987913 1350311897816 442.0
47.658423 25.987843 1350311899805 444.0
47.658381 25.987772 1350311901806 445.0
47.658319 25.987708 1350311903817 444.0
47.658267 25.987623 1350311905804 445.0
47.658213 25.987553 1350311907805 446.0
47.658177 25.987497 1350311909817 446.0
47.658147 25.987441 1350311911802 447.0
47.658104 25.987397 1350311913803 445.0
47.658067 25.98736 1350311915816 445.0
47.658016 25.987298 1350311917802 445.0
47.657956 25.987246 1350311919804 446.0
47.657869 25.987204 1350311921804 445.0
47.657783 25.987165 1350311923804 442.0
47.657703 25.987132 1350311925805 442.0
47.657615 25.987109 1350311927819 442.0
47.657532 25.987108 1350311929806 442.0
47.657451 25.987095 1350311931805 441.0
47.657373 25.987096 1350311933820 441.0
47.657293 25.987104 1350311935806 441.0
47.657217 25.987132 1350311937806 440.0
47.657148 25.987141 1350311939819 442.0
47.657074 25.987176 1350311941806 438.0
47.657016 25.987207 1350311943806 436.0
47.656964 25.987225 1350311945807 437.0
47.656874 25.987227 1350311947807 437.0
47.656792 25.987216 1350311949806 437.0
47.656732 25.987245 1350311951807 437.0
47.65666 25.98725 1350311953808 437.0
47.656574 25.987219 1350311955785 437.0
47.656484 25.987204 1350311957797 437.0
47.656386 25.987158 1350311959784 438.0
47.656311 25.987159 1350311961784 438.0
47.65626 25.987157 1350311963797 438.0
47.656136 25.98714 1350311965784 437.0
47.656018 25.987097 1350311967785 437.0
47.655902 25.987056 1350311969797 437.0
47.655762 25.986944 1350311971785 441.0
47.655653 25.986919 1350311973784 439.0
47.655542 25.986866 1350311975798 439.0
47.65542 25.986838 1350311977785 438.0
47.655307 25.986788 1350311979791 439.0
47.655177 25.98672 1350311981788 439.0
47.655058 25.986657 1350311983800 439.0
47.65493 25.986627 1350311985790 437.0
47.654788 25.986582 1350311987798 437.0
47.654646 25.98653 1350311989787 438.0
47.654479 25.986487 1350311991785 437.0
47.654316 25.986437 1350311993800 437.0
47.654131 25.986422 1350311995787 436.0
47.653983 25.986415 1350311997793 436.0
47.653838 25.986423 1350311999799 436.0
47.6537 25.98642 1350312001787 436.0
47.653545 25.986391 1350312003789 436.0
47.653408 25.986355 1350312005800 437.0
47.653274 25.986276 1350312007789 437.0
47.653157 25.986191 1350312009790 436.0
47.653043 25.986128 1350312011801 437.0
47.65294 25.986046 1350312013790 437.0
47.652853 25.985952 1350312015788 438.0
47.652771 25.985867 1350312017802 437.0
47.652672 25.985784 1350312019790 437.0
47.652594 25.985706 1350312021790 436.0
47.652513 25.985633 1350312023803 436.0
47.652439 25.985556 1350312025792 437.0
47.652354 25.98549 1350312027798 436.0
47.652262 25.985414 1350312029816 436.0
47.652171 25.985325 1350312031791 436.0
47.652071 25.985236 1350312033790 436.0
47.651974 25.985092 1350312035792 434.0
47.651885 25.984896 1350312037791 433.0
47.651774 25.984709 1350312039791 432.0
47.651649 25.984596 1350312041791 431.0
47.651501 25.98455 1350312043791 430.0
47.651339 25.984537 1350312045792 430.0
47.651172 25.984535 1350312047817 431.0
47.65101 25.984552 1350312049792 429.0
47.650841 25.984583 1350312051793 428.0
47.650683 25.984628 1350312053805 429.0
47.650529 25.984709 1350312055793 428.0
47.65038 25.984771 1350312057793 427.0
47.650249 25.984848 1350312059819 427.0
47.650101 25.984834 1350312061794 428.0
47.649996 25.984795 1350312063795 430.0
47.649913 25.984767 1350312065793 430.0
47.64983 25.984695 1350312067794 429.0
47.649755 25.984657 1350312069794 429.0
47.649676 25.984602 1350312071807 430.0
47.649587 25.984552 1350312073796 430.0
47.649491 25.984508 1350312075798 430.0
47.649386 25.984462 1350312077820 430.0
47.649286 25.984436 1350312079809 429.0
47.649177 25.984422 1350312081798 427.0
47.649049 25.984363 1350312083821 428.0
47.648935 25.984349 1350312085800 427.0
47.648819 25.984337 1350312087803 424.0
47.648694 25.984301 1350312089821 426.0
47.648564 25.984269 1350312091797 426.0
47.648435 25.984234 1350312093797 425.0
47.648302 25.984214 1350312095809 425.0
47.648165 25.984213 1350312097798 425.0
47.648047 25.984205 1350312099798 424.0
47.647924 25.984199 1350312101823 425.0
47.6478 25.984203 1350312103801 425.0
47.647678 25.984197 1350312105800 425.0
47.647612 25.984207 1350312107822 425.0
47.647467 25.984237 1350312109814 424.0
47.647337 25.98427 1350312111800 423.0
47.64721 25.984311 1350312113824 423.0
47.647068 25.984341 1350312115800 423.0
47.646928 25.984376 1350312117800 422.0
47.646798 25.984408 1350312119824 422.0
47.646664 25.984453 1350312121799 421.0
47.646537 25.984492 1350312123800 421.0
47.646412 25.98452 1350312125811 421.0
47.646282 25.984539 1350312127801 420.0
47.646151 25.984555 1350312129800 420.0
47.64602 25.984547 1350312131813 420.0
47.645895 25.984547 1350312133800 422.0
47.645762 25.984566 1350312135802 421.0
47.645628 25.984573 1350312137813 420.0
47.645495 25.984598 1350312139801 419.0
47.64535 25.984614 1350312141802 418.0
47.64521 25.984625 1350312143826 418.0
47.645062 25.984643 1350312145803 417.0
47.644925 25.98468 1350312147804 417.0
47.644805 25.984727 1350312149827 416.0
47.644699 25.984722 1350312151803 416.0
47.644611 25.984686 1350312153803 415.0
47.644573 25.984576 1350312155817 417.0
47.644581 25.984445 1350312157804 417.0
47.644592 25.984301 1350312159803 417.0
47.644612 25.984159 1350312161815 418.0
47.644603 25.98412 1350312163803 418.0
47.644614 25.983941 1350312165803 417.0
47.644614 25.983812 1350312167828 418.0
47.644613 25.983667 1350312169802 418.0
47.644623 25.983519 1350312171804 419.0
47.644604 25.983375 1350312173829 420.0
47.644575 25.983232 1350312175805 419.0
47.644571 25.983054 1350312177804 419.0
47.644564 25.982897 1350312179830 419.0
47.644564 25.982747 1350312181803 419.0
47.644563 25.982591 1350312183805 418.0
47.644581 25.982428 1350312185818 420.0
47.644583 25.982273 1350312187805 421.0
47.644582 25.982114 1350312189805 422.0
47.644573 25.98195 1350312191820 421.0
47.64458 25.981791 1350312193805 422.0
47.644596 25.98162 1350312195806 423.0
47.644599 25.981454 1350312197832 423.0
47.644582 25.981299 1350312199805 424.0
47.644576 25.981155 1350312201807 422.0
47.644569 25.981014 1350312203819 422.0
47.644549 25.980871 1350312205807 422.0
47.644538 25.980721 1350312207807 422.0
47.644519 25.980584 1350312209833 423.0
47.644499 25.980434 1350312211808 423.0
47.644474 25.980289 1350312213808 422.0
47.644468 25.980134 1350312215821 424.0
47.644457 25.979975 1350312217808 426.0
47.644458 25.979824 1350312219810 426.0
47.644453 25.979639 1350312221809 426.0
47.644429 25.979476 1350312223808 424.0
47.644408 25.979313 1350312225810 423.0
47.644419 25.97915 1350312227822 422.0
47.644438 25.978976 1350312229809 422.0
47.644458 25.97883 1350312231810 420.0
47.644481 25.978692 1350312233822 418.0
47.644507 25.978553 1350312235808 418.0
47.64451 25.978408 1350312237811 419.0
47.644525 25.978262 1350312239823 419.0
47.644541 25.978113 1350312241810 420.0
47.64454 25.977949 1350312243810 419.0
47.644551 25.977776 1350312245823 418.0
47.644562 25.977596 1350312247810 419.0
47.644565 25.977423 1350312249811 420.0
47.64456 25.977242 1350312251812 419.0
47.644567 25.977046 1350312253810 418.0
47.644584 25.976842 1350312255810 419.0
47.644593 25.97664 1350312257825 419.0
47.644595 25.976423 1350312259811 419.0
47.644614 25.976194 1350312261812 419.0
47.644628 25.975966 1350312263838 419.0
47.644628 25.975747 1350312265813 420.0
47.644616 25.975545 1350312267813 420.0
47.644639 25.975325 1350312269826 421.0
47.644645 25.975103 1350312271795 421.0
47.644641 25.974894 1350312273793 421.0
47.644645 25.974688 1350312275801 421.0
47.644657 25.974488 1350312277789 420.0
47.644666 25.974302 1350312279788 420.0
47.644647 25.974124 1350312281814 419.0
47.644639 25.973952 1350312283798 418.0
47.644639 25.97379 1350312285801 418.0
47.64462 25.973629 1350312287836 417.0
47.644612 25.973482 1350312289797 416.0
47.644602 25.973329 1350312291801 415.0
47.644594 25.973164 1350312293841 414.0
47.644594 25.973002 1350312295801 413.0
47.644598 25.972829 1350312297815 412.0
47.644603 25.972644 1350312299829 411.0
47.644599 25.972449 1350312301800 410.0
47.644597 25.972243 1350312303795 410.0
47.644596 25.971914 1350312306807 409.0
47.644598 25.971684 1350312308795 408.0
47.644596 25.971568 1350312309796 408.0
47.644598 25.971331 1350312311830 407.0
47.644602 25.971092 1350312313799 406.0
47.644601 25.970851 1350312315804 405.0
47.644605 25.970608 1350312317846 405.0
47.6446 25.970374 1350312319811 405.0
47.644601 25.970147 1350312321802 405.0
47.644601 25.969935 1350312323816 405.0
47.644599 25.969725 1350312325806 404.0
47.644598 25.969523 1350312327802 404.0
47.644602 25.969326 1350312329841 404.0
47.6446 25.969136 1350312331796 404.0
47.6446 25.968946 1350312333810 403.0
47.644602 25.968757 1350312335845 403.0
47.644599 25.968568 1350312337795 403.0
47.644595 25.968377 1350312339794 402.0
47.644594 25.968185 1350312341822 402.0
47.644597 25.967986 1350312343812 402.0
47.644613 25.967796 1350312345802 402.0
47.644611 25.967591 1350312347819 401.0
47.644617 25.967375 1350312349800 402.0
47.644614 25.967187 1350312351859 401.0
47.644619 25.967002 1350312353822 400.0
47.644626 25.966835 1350312355797 400.0
47.644615 25.966678 1350312357800 400.0
47.644607 25.966548 1350312359819 399.0
47.644617 25.96642 1350312361796 401.0
47.644631 25.966286 1350312363802 401.0
47.64463 25.966166 1350312365820 402.0
47.644639 25.966049 1350312367798 402.0
47.644645 25.965923 1350312369797 402.0
47.64465 25.965791 1350312371821 402.0
47.644649 25.96566 1350312373800 402.0
47.644653 25.965536 1350312375804 402.0
47.644656 25.965409 1350312377821 402.0
47.644652 25.965279 1350312379798 402.0
47.644653 25.96515 1350312381805 402.0
47.644656 25.965023 1350312383822 402.0
47.644654 25.964894 1350312385799 402.0
47.64465 25.964771 1350312387802 402.0
47.64465 25.964654 1350312389823 402.0
47.644651 25.964531 1350312391799 402.0
47.644652 25.964407 1350312393799 402.0
47.644645 25.964294 1350312395819 402.0
47.644648 25.964188 1350312397799 402.0
47.644653 25.964097 1350312399799 402.0
47.644666 25.963998 1350312401812 403.0
47.644681 25.963898 1350312403800 403.0
47.644673 25.963805 1350312405803 403.0
47.644683 25.963714 1350312407823 403.0
47.644685 25.963623 1350312409800 403.0
47.644688 25.96351 1350312411801 403.0
47.644689 25.963382 1350312413825 402.0
47.644694 25.963234 1350312415799 402.0
47.644705 25.963064 1350312417800 401.0
47.644703 25.962899 1350312419825 402.0
47.644697 25.962727 1350312421802 404.0
47.644677 25.96263 1350312423802 404.0
47.644669 25.962453 1350312425813 403.0
47.644662 25.962277 1350312427801 400.0
47.644664 25.962089 1350312429801 401.0
47.644668 25.961908 1350312431802 400.0
47.644683 25.961724 1350312433802 401.0
47.644695 25.96154 1350312435807 402.0
47.644695 25.961387 1350312437827 402.0
47.644698 25.96124 1350312439803 402.0
47.644686 25.961129 1350312441804 402.0
47.644682 25.960961 1350312443829 402.0
47.64468 25.960826 1350312445803 403.0
47.644682 25.960671 1350312447803 402.0
47.644697 25.960509 1350312449829 404.0
47.644694 25.96037 1350312451804 406.0
47.644699 25.960238 1350312453804 407.0
47.644703 25.96009 1350312455816 407.0
47.644702 25.959922 1350312457805 406.0
47.644682 25.959785 1350312459805 406.0
47.644701 25.959638 1350312461816 406.0
47.644709 25.959488 1350312463805 404.0
47.644719 25.959335 1350312465808 405.0
47.644731 25.95918 1350312467831 406.0
47.644736 25.959042 1350312469807 406.0
47.644735 25.958901 1350312471810 405.0
47.644732 25.958735 1350312473831 405.0
47.644716 25.958585 1350312475808 405.0
47.644712 25.958441 1350312477808 406.0
47.644718 25.958296 1350312479831 405.0
47.644719 25.958147 1350312481808 406.0
47.644714 25.95799 1350312483810 406.0
47.644722 25.957832 1350312485822 406.0
47.644721 25.957678 1350312487811 405.0
47.644717 25.957519 1350312489811 405.0
47.644716 25.957357 1350312491810 404.0
47.644703 25.957207 1350312493809 404.0
47.644706 25.957047 1350312495810 403.0
47.644698 25.956886 1350312497823 402.0
47.644692 25.956726 1350312499812 401.0
47.644707 25.956563 1350312501813 403.0
47.644696 25.956415 1350312503823 403.0
47.644679 25.956263 1350312505813 404.0
47.644662 25.956161 1350312507811 404.0
47.644638 25.956 1350312509824 405.0
47.644565 25.955819 1350312511813 404.0
47.644482 25.95565 1350312513819 403.0
47.644411 25.955473 1350312515836 402.0
47.644359 25.955285 1350312517814 402.0
47.64428 25.955087 1350312519813 400.0
47.644205 25.954882 1350312521811 400.0
47.644142 25.954652 1350312523813 400.0
47.644065 25.954434 1350312525812 401.0
47.643987 25.954237 1350312527826 401.0
47.643923 25.954033 1350312529814 401.0
47.643838 25.953842 1350312531814 400.0
47.643752 25.953648 1350312533826 401.0
47.643664 25.953456 1350312535815 400.0
47.643614 25.95323 1350312537816 401.0
47.643554 25.953026 1350312539826 400.0
47.64349 25.952857 1350312541816 401.0
47.64342 25.952681 1350312543816 401.0
47.643393 25.952552 1350312545828 401.0
47.643319 25.95238 1350312547816 401.0
47.643252 25.95223 1350312549816 400.0
47.643203 25.95208 1350312551828 398.0
47.64316 25.951947 1350312553817 399.0
47.643083 25.951801 1350312555821 400.0
47.642985 25.951635 1350312557829 399.0
47.642903 25.951476 1350312559818 400.0
47.642776 25.951329 1350312561822 401.0
47.642656 25.951205 1350312563828 401.0
47.64254 25.951102 1350312565817 401.0
47.642435 25.950982 1350312567819 400.0
47.642333 25.950862 1350312569831 399.0
47.642238 25.950739 1350312571819 399.0
47.642134 25.950625 1350312573818 399.0
47.642042 25.950513 1350312575819 400.0
47.641947 25.950389 1350312577819 400.0
47.641897 25.950319 1350312579819 399.0
47.641817 25.950165 1350312581819 399.0
47.641717 25.950019 1350312583819 398.0
47.641594 25.949873 1350312585819 397.0
47.641486 25.94976 1350312587818 397.0
47.641365 25.949628 1350312589803 397.0
47.641256 25.949506 1350312591811 398.0
47.641153 25.949368 1350312593818 399.0
47.641033 25.949247 1350312595803 399.0
47.64092 25.949123 1350312597806 400.0
47.640816 25.949013 1350312599819 399.0
47.640716 25.948887 1350312601803 399.0
47.64064 25.948756 1350312603802 400.0
47.640551 25.948641 1350312605805 401.0
47.640461 25.948517 1350312607802 403.0
47.640394 25.948371 1350312609803 401.0
47.64033 25.948231 1350312611821 402.0
47.640274 25.948073 1350312613806 403.0
47.640222 25.947908 1350312615812 403.0
47.640163 25.947732 1350312617822 403.0
47.640109 25.947545 1350312619805 403.0
47.640051 25.947369 1350312621807 403.0
47.640005 25.947194 1350312623821 406.0
47.639935 25.947051 1350312625803 405.0
47.639864 25.946906 1350312627807 404.0
47.639821 25.946753 1350312629824 404.0
47.63978 25.946607 1350312631801 406.0
47.6397 25.946471 1350312633804 406.0
47.639617 25.946354 1350312635798 406.0
47.639531 25.946242 1350312637798 406.0
47.639434 25.946138 1350312639799 404.0
47.639345 25.946036 1350312641812 404.0
47.639267 25.945941 1350312643802 404.0
47.639181 25.945839 1350312645800 403.0
47.639099 25.945736 1350312647826 404.0
47.63901 25.945624 1350312649809 404.0
47.638918 25.945524 1350312651823 404.0
47.638826 25.94542 1350312653825 404.0
47.638744 25.945322 1350312655804 404.0
47.638675 25.945255 1350312657825 403.0
47.638585 25.945132 1350312659825 404.0
47.638487 25.945035 1350312661803 403.0
47.638403 25.944956 1350312663805 402.0
47.638313 25.944858 1350312665805 402.0
47.638227 25.944746 1350312667804 402.0
47.638151 25.944654 1350312669811 403.0
47.638073 25.944559 1350312671812 404.0
47.637996 25.944459 1350312673814 403.0
47.637906 25.944372 1350312675836 404.0
47.637822 25.944275 1350312677827 404.0
47.637741 25.944182 1350312679805 403.0
47.637656 25.944089 1350312681811 405.0
47.637579 25.943997 1350312683839 405.0
47.637491 25.943906 1350312685826 406.0
47.63741 25.943811 1350312687820 405.0
47.637329 25.943712 1350312689840 404.0
47.637237 25.943599 1350312691814 405.0
47.637148 25.943496 1350312693824 405.0
47.637081 25.943417 1350312695842 406.0
47.637 25.943316 1350312697812 404.0
47.636947 25.943174 1350312699816 405.0
47.636908 25.943053 1350312701830 407.0
47.636867 25.942926 1350312703815 406.0
47.63684 25.9428 1350312705822 406.0
47.636786 25.942689 1350312707831 406.0
47.636758 25.942602 1350312709818 406.0
47.63674 25.942539 1350312711819 408.0
47.636741 25.942379 1350312713832 409.0
47.636702 25.942265 1350312715806 410.0
47.636704 25.942165 1350312717823 407.0
47.636667 25.942033 1350312719831 407.0
47.636643 25.941941 1350312721816 407.0
47.636629 25.94183 1350312723815 407.0
47.636606 25.941712 1350312725814 408.0
47.636595 25.941595 1350312727814 407.0
47.636587 25.941456 1350312729826 406.0
47.636557 25.941378 1350312731817 406.0
47.636569 25.941243 1350312733813 409.0
47.636584 25.941119 1350312735816 409.0
47.636607 25.940997 1350312737833 409.0
47.636622 25.940876 1350312739809 411.0
47.636644 25.940742 1350312741808 411.0
47.636641 25.940608 1350312743821 413.0
47.636666 25.940488 1350312745809 414.0
47.636698 25.94037 1350312747812 417.0
47.636698 25.940287 1350312749823 418.0
47.636693 25.940177 1350312751811 418.0
47.636727 25.940029 1350312753808 418.0
47.636768 25.939897 1350312755811 421.0
47.636765 25.939806 1350312757811 421.0
47.636776 25.939658 1350312759812 419.0
47.636807 25.939506 1350312761810 419.0
47.636817 25.939345 1350312763810 418.0
47.636844 25.939213 1350312765810 418.0
47.636858 25.939074 1350312767822 418.0
47.636876 25.938935 1350312769811 419.0
47.636878 25.938801 1350312771811 418.0
47.63689 25.93866 1350312773824 418.0
47.636899 25.938518 1350312775812 418.0
47.636933 25.938369 1350312777812 418.0
47.636955 25.938218 1350312779824 419.0
47.636978 25.938068 1350312781812 420.0
47.637008 25.937912 1350312783814 420.0
47.637034 25.937763 1350312785837 420.0
47.637054 25.937606 1350312787815 418.0
47.637083 25.937453 1350312789814 418.0
47.637097 25.937318 1350312791825 418.0
47.637135 25.937177 1350312793815 419.0
47.637158 25.937032 1350312795816 419.0
47.637187 25.936884 1350312797826 418.0
47.637203 25.936745 1350312799815 418.0
47.637219 25.936619 1350312801815 417.0
47.637238 25.936496 1350312803827 415.0
47.637256 25.936369 1350312805817 415.0
47.637282 25.936244 1350312807815 415.0
47.637297 25.936113 1350312809827 414.0
47.63731 25.935996 1350312811820 413.0
47.637344 25.935845 1350312813816 414.0
47.637367 25.935708 1350312815827 414.0
47.63739 25.935587 1350312817816 414.0
47.637416 25.935464 1350312819816 413.0
47.637442 25.935358 1350312821828 414.0
47.637472 25.935237 1350312823815 413.0
47.63749 25.935112 1350312825818 412.0
47.637527 25.934988 1350312827829 413.0
47.637549 25.934853 1350312829817 413.0
47.637562 25.934717 1350312831818 412.0
47.637582 25.934582 1350312833831 411.0
47.637613 25.934431 1350312835820 412.0
47.637642 25.934291 1350312837817 412.0
47.637692 25.934145 1350312839832 412.0
47.637723 25.934001 1350312841819 412.0
47.637747 25.933852 1350312843818 413.0
47.637773 25.933703 1350312845831 413.0
47.637823 25.933541 1350312847819 414.0
47.637861 25.933382 1350312849819 414.0
47.637893 25.933228 1350312851818 413.0
47.637921 25.933083 1350312853821 413.0
47.63795 25.932946 1350312855819 413.0
47.637986 25.932803 1350312857831 413.0
47.63801 25.932659 1350312859819 413.0
47.638042 25.932515 1350312861819 414.0
47.638091 25.932359 1350312863832 415.0
47.638108 25.932217 1350312865820 415.0
47.638139 25.932074 1350312867821 416.0
47.638166 25.931933 1350312869833 417.0
47.638187 25.931788 1350312871821 417.0
47.638208 25.931643 1350312873822 417.0
47.63823 25.931497 1350312875834 418.0
47.638249 25.931348 1350312877821 419.0
47.638256 25.931212 1350312879822 420.0
47.63827 25.931081 1350312881834 419.0
47.638274 25.930952 1350312883823 419.0
47.638299 25.930817 1350312885822 420.0
47.638307 25.930694 1350312887836 420.0
47.638321 25.930564 1350312889822 419.0
47.638336 25.930426 1350312891823 419.0
47.638353 25.930279 1350312893834 418.0
47.638375 25.930131 1350312895823 418.0
47.638408 25.929979 1350312897824 416.0
47.638438 25.929851 1350312899836 416.0
47.638482 25.929734 1350312901801 418.0
47.638532 25.929633 1350312903801 419.0
47.638594 25.929554 1350312905811 420.0
47.638653 25.929469 1350312907810 420.0
47.638724 25.929374 1350312909814 419.0
47.638808 25.929261 1350312911811 420.0
47.638865 25.929151 1350312913811 422.0
47.638896 25.929004 1350312915818 421.0
47.63894 25.928875 1350312917825 420.0
47.638984 25.928745 1350312919809 420.0
47.639031 25.928606 1350312921812 420.0
47.639085 25.928478 1350312923826 422.0
47.63912 25.928341 1350312925811 423.0
47.639175 25.928217 1350312927813 423.0
47.639206 25.928101 1350312929826 422.0
47.639218 25.928017 1350312931807 422.0
47.639254 25.927909 1350312933808 422.0
47.639248 25.927892 1350312935809 422.0
47.639332 25.92774 1350312937807 422.0
47.639387 25.927639 1350312939808 423.0
47.639444 25.927501 1350312941815 424.0
47.639492 25.927387 1350312943812 426.0
47.639545 25.927275 1350312945815 426.0
47.639587 25.927157 1350312947828 426.0
47.639622 25.927052 1350312949806 426.0
47.639663 25.926933 1350312951812 426.0
47.639697 25.926812 1350312953828 427.0
47.639731 25.926701 1350312955808 427.0
47.639774 25.926585 1350312957818 426.0
47.639794 25.926461 1350312959830 429.0
47.639837 25.92634 1350312961804 430.0
47.639863 25.926215 1350312963803 428.0
47.639911 25.926086 1350312965803 428.0
47.639955 25.925964 1350312967805 427.0
47.640007 25.925833 1350312969807 426.0
47.640042 25.925723 1350312971807 427.0
47.640083 25.925602 1350312973809 426.0
47.640123 25.925491 1350312975812 425.0
47.640159 25.925373 1350312977830 425.0
47.640194 25.925255 1350312979820 425.0
47.640227 25.92515 1350312981815 426.0
47.640265 25.925043 1350312983833 426.0
47.640294 25.924953 1350312985808 427.0
47.640323 25.924886 1350312987813 426.0
47.640346 25.924814 1350312989844 425.0
47.640375 25.924721 1350312991807 424.0
47.640409 25.924626 1350312993809 425.0
47.640451 25.924526 1350312995820 426.0
47.640497 25.924426 1350312997820 427.0
47.640519 25.924321 1350312999809 427.0
47.640546 25.924226 1350313001822 428.0
47.640577 25.924154 1350313003813 428.0
47.640587 25.924098 1350313005817 425.0
47.640617 25.924018 1350313007834 426.0
47.640654 25.923918 1350313009810 426.0
47.640685 25.923821 1350313011814 426.0
47.640721 25.923694 1350313013834 425.0
47.640766 25.923573 1350313015811 424.0
47.6408 25.923434 1350313017811 422.0
47.640833 25.92329 1350313019821 422.0
47.640889 25.923188 1350313021813 422.0
47.640955 25.923132 1350313023810 423.0
47.641041 25.923085 1350313025814 422.0
47.641124 25.923116 1350313027812 423.0
47.6412 25.923156 1350313029810 422.0
47.641254 25.923206 1350313031813 423.0
47.64131 25.923242 1350313033810 424.0
47.641377 25.923273 1350313035811 424.0
47.641453 25.923278 1350313037836 422.0
47.641474 25.923319 1350313039814 422.0
47.641531 25.923367 1350313041812 421.0
47.641598 25.923397 1350313043824 423.0
47.641677 25.92343 1350313045811 425.0
47.641757 25.923446 1350313047813 425.0
47.641829 25.923465 1350313049827 424.0
47.64191 25.923493 1350313051813 424.0
47.641969 25.923529 1350313053814 424.0
47.642026 25.923565 1350313055825 425.0
47.642097 25.923556 1350313057815 426.0
47.642155 25.923547 1350313059813 428.0
47.642219 25.923513 1350313061825 429.0
47.642283 25.923466 1350313063813 430.0
47.642342 25.923402 1350313065816 432.0
47.642399 25.923341 1350313067839 433.0
47.642456 25.923266 1350313069815 433.0
47.642503 25.923182 1350313071815 434.0
47.642574 25.923137 1350313073828 435.0
47.642627 25.923106 1350313075816 436.0
47.642675 25.923076 1350313077816 436.0
47.642717 25.923039 1350313079828 436.0
47.642758 25.923013 1350313081817 436.0
47.642808 25.922973 1350313083819 435.0
47.642867 25.922921 1350313085829 437.0
47.642902 25.922924 1350313087816 437.0
47.64297 25.922857 1350313089817 437.0
47.643015 25.922803 1350313091829 439.0
47.643058 25.922732 1350313093818 438.0
47.643097 25.922695 1350313095827 439.0
47.643135 25.922645 1350313097842 439.0
47.643171 25.922619 1350313099818 440.0
47.643221 25.922548 1350313101818 441.0
47.64327 25.922495 1350313103829 441.0
47.643312 25.922424 1350313105821 441.0
47.64336 25.922381 1350313107819 443.0
47.643407 25.922347 1350313109830 443.0
47.643443 25.922298 1350313111819 443.0
47.64349 25.922258 1350313113819 445.0
47.643522 25.922244 1350313115831 445.0
47.643581 25.922191 1350313117820 445.0
47.643626 25.92216 1350313119820 446.0
47.643648 25.922154 1350313121832 448.0
47.643684 25.922128 1350313123821 448.0
47.643714 25.92211 1350313125820 449.0
47.643752 25.922113 1350313127832 450.0
47.643787 25.922147 1350313129823 449.0
47.643816 25.922176 1350313131822 449.0
47.643838 25.922192 1350313133833 449.0
47.643865 25.922218 1350313135821 448.0
47.643908 25.92223 1350313137822 449.0
47.643945 25.922255 1350313139846 450.0
47.643975 25.922287 1350313141821 451.0
47.643997 25.922318 1350313143821 452.0
47.644018 25.922334 1350313145834 451.0
47.64405 25.922355 1350313147823 452.0
47.644078 25.922402 1350313149822 451.0
47.644109 25.922415 1350313151824 453.0
47.644142 25.922424 1350313153823 454.0
47.64418 25.922448 1350313155823 455.0
47.6442 25.922466 1350313157835 455.0
47.644227 25.922491 1350313159822 456.0
47.644244 25.922522 1350313161825 456.0
47.644261 25.922563 1350313163848 457.0
47.644294 25.922597 1350313165823 456.0
47.644323 25.922628 1350313167824 456.0
47.644365 25.922655 1350313169849 456.0
47.644408 25.922692 1350313171825 456.0
47.644457 25.922722 1350313173824 456.0
47.644494 25.922755 1350313175837 457.0
47.644535 25.92279 1350313177826 456.0
47.644567 25.922812 1350313179825 456.0
47.644605 25.92285 1350313181838 457.0
47.644645 25.922881 1350313183826 458.0
47.644681 25.922915 1350313185829 457.0
47.644711 25.922955 1350313187850 456.0
47.644747 25.92299 1350313189827 457.0
47.644799 25.923018 1350313191829 456.0
47.644838 25.923064 1350313193851 457.0
47.644873 25.923105 1350313195827 457.0
47.644917 25.923157 1350313197826 455.0
47.64494 25.923211 1350313199840 456.0
47.644975 25.923257 1350313201827 455.0
47.645009 25.9233 1350313203827 455.0
47.645054 25.923347 1350313205828 456.0
47.645106 25.923363 1350313207827 458.0
47.645154 25.923362 1350313209830 458.0
47.645226 25.923405 1350313211827 457.0
47.645284 25.923477 1350313213829 459.0
47.645323 25.923524 1350313215828 459.0
47.645385 25.923569 1350313217828 460.0
47.645444 25.923628 1350313219811 458.0
47.645503 25.923671 1350313221825 456.0
47.645572 25.923695 1350313223842 456.0
47.645635 25.923701 1350313225827 455.0
47.645688 25.923739 1350313227825 454.0
47.645737 25.923771 1350313229841 454.0
47.645789 25.923797 1350313231822 453.0
47.645837 25.923823 1350313233821 451.0
47.645889 25.923822 1350313235830 452.0
47.64595 25.923816 1350313237820 453.0
47.646007 25.923821 1350313239815 453.0
47.646061 25.923826 1350313241811 454.0
47.646124 25.923816 1350313243813 454.0
47.646181 25.923824 1350313245816 453.0
47.646218 25.923803 1350313247832 453.0
47.6463 25.923779 1350313249811 452.0
47.646353 25.923789 1350313251811 453.0
47.646425 25.923807 1350313253819 454.0
47.646511 25.9238 1350313255826 456.0
47.646546 25.923781 1350313257828 458.0
47.646615 25.92378 1350313259832 458.0
47.646676 25.923775 1350313261819 458.0
47.646739 25.923763 1350313263822 457.0
47.646805 25.923755 1350313265825 461.0
47.646867 25.923751 1350313267808 461.0
47.646921 25.923762 1350313269811 459.0
47.646985 25.923731 1350313271808 459.0
47.64706 25.923707 1350313273813 457.0
47.64708 25.923728 1350313275818 456.0
47.647149 25.923722 1350313277835 456.0
47.647213 25.923692 1350313279814 457.0
47.647264 25.923707 1350313281819 459.0
47.64732 25.923705 1350313283835 459.0
47.647388 25.923726 1350313285817 458.0
47.647441 25.923692 1350313287817 460.0
47.647497 25.923715 1350313289835 460.0
47.64753 25.923744 1350313291818 460.0
47.647588 25.923722 1350313293811 460.0
47.647644 25.923757 1350313295816 460.0
47.647691 25.92378 1350313297812 459.0
47.647743 25.923778 1350313299811 460.0
47.64779 25.923785 1350313301812 459.0
47.647842 25.92377 1350313303813 459.0
47.647886 25.923774 1350313305817 462.0
47.647919 25.92376 1350313307850 462.0
47.647995 25.923769 1350313309816 465.0
47.648063 25.923783 1350313311818 465.0
47.648099 25.923781 1350313313825 466.0
47.648156 25.923741 1350313315815 466.0
47.648198 25.923747 1350313317819 466.0
47.648228 25.923806 1350313319839 467.0
47.648261 25.923813 1350313321814 467.0
47.648316 25.923789 1350313323817 469.0
47.648371 25.923781 1350313325815 470.0
47.648431 25.92377 1350313327814 471.0
47.648489 25.923755 1350313329816 473.0
47.648556 25.923759 1350313331826 474.0
47.648604 25.923735 1350313333819 476.0
47.648661 25.923731 1350313335818 474.0
47.648727 25.923706 1350313337852 473.0
47.648784 25.923698 1350313339814 473.0
47.648838 25.923702 1350313341815 474.0
47.648884 25.9237 1350313343853 474.0
47.648932 25.923712 1350313345825 475.0
47.648991 25.92369 1350313347817 473.0
47.64905 25.923691 1350313349843 471.0
47.649092 25.923688 1350313351817 472.0
47.649154 25.92368 1350313353817 472.0
47.649221 25.923695 1350313355817 472.0
47.649272 25.923714 1350313357818 473.0
47.649306 25.923709 1350313359817 474.0
47.649358 25.923693 1350313361818 474.0
47.649418 25.923687 1350313363819 473.0
47.64946 25.923685 1350313365819 473.0
47.649491 25.923699 1350313367832 475.0
47.649552 25.923706 1350313369819 475.0
47.649583 25.923696 1350313371819 475.0
47.649648 25.923681 1350313373831 475.0
47.649685 25.923694 1350313375819 478.0
47.649749 25.923703 1350313377827 478.0
47.649792 25.923691 1350313379832 479.0
47.649838 25.923693 1350313381820 481.0
47.649886 25.923688 1350313383821 482.0
47.649911 25.923705 1350313385820 481.0
47.649939 25.923703 1350313387819 483.0
47.649978 25.923693 1350313389821 485.0
47.650023 25.923702 1350313391821 485.0
47.650067 25.923673 1350313393821 485.0
47.650124 25.923667 1350313395821 486.0
47.650175 25.923665 1350313397833 485.0
47.650207 25.923667 1350313399821 485.0
47.650251 25.923657 1350313401823 485.0
47.650306 25.923656 1350313403834 484.0
47.650344 25.923668 1350313405822 484.0
47.650391 25.923657 1350313407825 484.0
47.65044 25.923646 1350313409835 485.0
47.650492 25.923667 1350313411823 484.0
47.650542 25.923677 1350313413822 483.0
47.650582 25.923672 1350313415836 482.0
47.650612 25.923671 1350313417823 483.0
47.650654 25.923676 1350313419822 482.0
47.650698 25.923681 1350313421840 482.0
47.650745 25.923695 1350313423825 484.0
47.650787 25.923722 1350313425824 484.0
47.650831 25.923723 1350313427837 485.0
47.650896 25.923744 1350313429824 486.0
47.650954 25.923791 1350313431825 485.0
47.651008 25.923826 1350313433848 484.0
47.651044 25.923883 1350313435830 485.0
47.651092 25.923926 1350313437830 483.0
47.651142 25.923966 1350313439850 484.0
47.651184 25.92401 1350313441826 483.0
47.651233 25.92405 1350313443827 483.0
47.651279 25.924062 1350313445837 483.0
47.651319 25.924096 1350313447825 483.0
47.651363 25.924138 1350313449839 482.0
47.65141 25.924166 1350313451838 481.0
47.651462 25.924212 1350313453828 481.0
47.65151 25.924245 1350313455826 481.0
47.65156 25.924283 1350313457842 481.0
47.651617 25.924305 1350313459829 483.0
47.651668 25.924335 1350313461828 483.0
47.651731 25.924364 1350313463852 483.0
47.651811 25.924418 1350313465828 485.0
47.651897 25.924466 1350313467830 484.0
47.651983 25.92452 1350313469853 483.0
47.652075 25.924584 1350313471830 483.0
47.652173 25.924638 1350313473830 482.0
47.652268 25.92469 1350313475853 481.0
47.652364 25.92477 1350313477831 480.0
47.652465 25.92486 1350313479829 481.0
47.652576 25.924943 1350313481840 480.0
47.652706 25.925007 1350313483830 482.0
47.652811 25.925106 1350313485832 480.0
47.65293 25.925191 1350313487854 481.0
47.653039 25.925272 1350313489830 480.0
47.65315 25.925364 1350313491833 478.0
47.653264 25.92545 1350313493855 478.0
47.653379 25.925527 1350313495832 477.0
47.653491 25.9256 1350313497831 476.0
47.653598 25.925673 1350313499855 476.0
47.653708 25.925738 1350313501835 476.0
47.653816 25.925818 1350313503835 474.0
47.653937 25.925875 1350313505856 474.0
47.654072 25.925904 1350313507833 473.0
47.654215 25.925913 1350313509834 472.0
47.654363 25.925904 1350313511857 472.0
47.654517 25.925866 1350313513834 471.0
47.65467 25.925791 1350313515834 470.0
47.654823 25.925684 1350313517857 469.0
47.654974 25.925553 1350313519845 468.0
47.655129 25.925418 1350313521836 468.0
47.655281 25.925276 1350313523857 467.0
47.655426 25.92513 1350313525835 466.0
47.655567 25.924969 1350313527835 466.0
47.655714 25.924823 1350313529858 465.0
47.655861 25.924683 1350313531835 464.0
47.656001 25.924544 1350313533826 464.0
47.656135 25.924442 1350313535847 462.0
47.656274 25.924372 1350313537826 461.0
47.656411 25.924328 1350313539824 460.0
47.65654 25.924334 1350313541847 458.0
47.656663 25.9244 1350313543828 457.0
47.656777 25.924519 1350313545833 456.0
47.65687 25.92469 1350313547847 455.0
47.656939 25.924894 1350313549818 454.0
47.657015 25.925107 1350313551822 452.0
47.657085 25.925319 1350313553859 451.0
47.657156 25.925529 1350313555816 450.0
47.657229 25.925737 1350313557844 448.0
47.657306 25.925952 1350313559836 446.0
47.657382 25.926182 1350313561814 445.0
47.657459 25.926414 1350313563814 443.0
47.657537 25.926638 1350313565837 442.0
47.657613 25.926856 1350313567812 440.0
47.657684 25.927073 1350313569814 439.0
47.657746 25.927272 1350313571836 437.0
47.657813 25.92743 1350313573818 436.0
47.657908 25.927527 1350313575822 435.0
47.65804 25.927562 1350313577864 434.0
47.658191 25.927534 1350313579840 433.0
47.658345 25.927481 1350313581836 432.0
47.658507 25.927402 1350313583863 432.0
47.658664 25.927329 1350313585831 432.0
47.658819 25.927265 1350313587837 432.0
47.658974 25.927219 1350313589851 432.0
47.659131 25.927155 1350313591829 432.0
47.659282 25.927105 1350313593828 433.0
47.659405 25.927048 1350313595830 435.0
47.659536 25.926977 1350313597839 435.0
47.659679 25.926924 1350313599832 435.0
47.659793 25.926873 1350313601852 435.0
47.659906 25.926826 1350313603836 433.0
47.660018 25.926791 1350313605835 434.0
47.660127 25.926731 1350313607853 433.0
47.660236 25.926674 1350313609830 433.0
47.660342 25.926633 1350313611837 433.0
47.660459 25.926589 1350313613854 433.0
47.660565 25.92653 1350313615831 433.0
47.660664 25.926487 1350313617836 432.0
47.660771 25.926452 1350313619854 432.0
47.660868 25.926447 1350313621829 432.0
47.660925 25.926464 1350313623828 431.0
47.661026 25.926426 1350313625843 431.0
47.66112 25.926417 1350313627827 431.0
47.66124 25.926399 1350313629827 430.0
47.661361 25.926375 1350313631843 429.0
47.661481 25.926368 1350313633829 430.0
47.661553 25.92638 1350313635833 428.0
47.661673 25.926402 1350313637855 428.0
47.661792 25.926368 1350313639826 428.0
47.661909 25.926382 1350313641828 428.0
47.66202 25.926389 1350313643844 428.0
47.662137 25.926379 1350313645820 429.0
47.662257 25.926383 1350313647821 429.0
47.662388 25.926391 1350313649844 431.0
47.662511 25.926394 1350313651819 431.0
47.662632 25.926396 1350313653828 432.0
47.662754 25.926406 1350313655834 433.0
47.662872 25.926426 1350313657832 434.0
47.662983 25.926436 1350313659833 433.0
47.663104 25.926455 1350313661829 432.0
47.663219 25.92647 1350313663829 434.0
47.663333 25.926484 1350313665834 434.0
47.663416 25.926512 1350313667848 434.0
47.663541 25.926516 1350313669829 434.0
47.663663 25.926518 1350313671832 434.0
47.663754 25.926555 1350313673847 434.0
47.663868 25.926544 1350313675828 435.0
47.663985 25.926554 1350313677831 435.0
47.664102 25.926557 1350313679847 436.0
47.664218 25.926569 1350313681827 435.0
47.664334 25.9266 1350313683826 435.0
47.664444 25.926607 1350313685835 433.0
47.664548 25.926609 1350313687826 433.0
47.664652 25.926596 1350313689827 433.0
47.664765 25.92659 1350313691836 433.0
47.664869 25.926599 1350313693829 433.0
47.664966 25.926598 1350313695826 434.0
47.665067 25.926611 1350313697836 435.0
47.665166 25.926616 1350313699903 434.0
47.665259 25.926624 1350313701828 434.0
47.665349 25.926627 1350313703850 436.0
47.665441 25.92663 1350313705823 437.0
47.665534 25.926639 1350313707827 437.0
47.665626 25.926652 1350313709863 439.0
47.665722 25.926656 1350313711826 438.0
47.665817 25.92667 1350313713830 437.0
47.665906 25.92668 1350313715838 438.0
47.665987 25.926676 1350313717827 438.0
47.666058 25.926675 1350313719830 439.0
47.666132 25.926671 1350313721852 439.0
47.666194 25.926684 1350313723833 438.0
47.666251 25.926691 1350313725861 438.0
47.666305 25.926694 1350313727851 438.0
47.666359 25.926692 1350313729829 438.0
47.666416 25.926701 1350313731837 439.0
47.66648 25.926708 1350313733860 438.0
47.666541 25.926708 1350313735828 438.0
47.666605 25.926717 1350313737833 438.0
47.666661 25.926723 1350313739852 439.0
47.666718 25.92673 1350313741830 439.0
47.666782 25.926729 1350313743829 439.0
47.66684 25.926732 1350313745853 439.0
47.666894 25.926736 1350313747829 439.0
47.666951 25.926739 1350313749830 439.0
47.667012 25.926745 1350313751862 439.0
47.667072 25.926754 1350313753830 439.0
47.667133 25.926754 1350313755830 439.0
47.667199 25.926757 1350313757853 439.0
47.667267 25.926759 1350313759835 439.0
47.667337 25.926752 1350313761831 439.0
47.667406 25.926752 1350313763854 440.0
47.66747 25.926754 1350313765829 440.0
47.667534 25.926755 1350313767830 440.0
47.667599 25.926759 1350313769854 440.0
47.667662 25.926756 1350313771829 440.0
47.667723 25.926759 1350313773830 441.0
47.667778 25.926757 1350313775842 441.0
47.667843 25.926752 1350313777832 440.0
47.667909 25.926745 1350313779831 441.0
47.667962 25.926743 1350313781843 439.0
47.668011 25.926776 1350313783832 438.0
47.668098 25.926774 1350313785831 437.0
47.668154 25.926777 1350313787863 436.0
47.668239 25.926776 1350313789833 436.0
47.668334 25.926758 1350313791840 436.0
47.668431 25.92674 1350313793856 436.0
47.668514 25.926716 1350313795837 437.0
47.668579 25.926707 1350313797835 437.0
47.668645 25.926702 1350313799858 437.0
47.668705 25.926696 1350313801856 437.0
47.668764 25.926689 1350313803834 437.0
47.668817 25.926701 1350313805844 437.0
47.668878 25.926701 1350313807835 437.0
47.668943 25.926701 1350313809834 438.0
47.669007 25.926721 1350313811849 438.0
47.66907 25.926754 1350313813835 438.0
47.669128 25.926787 1350313815837 438.0
47.669186 25.926814 1350313817863 438.0
47.669238 25.92684 1350313819835 437.0
47.669283 25.926867 1350313821834 436.0
47.669332 25.926886 1350313823858 436.0
47.669383 25.926917 1350313825841 436.0
47.669449 25.926942 1350313827837 437.0
47.669493 25.926954 1350313829860 436.0
47.669545 25.926977 1350313831837 436.0
47.669589 25.926973 1350313833852 436.0
47.669645 25.926981 1350313835848 436.0
47.669693 25.926997 1350313837839 436.0
47.669771 25.926981 1350313839834 436.0
47.669845 25.926957 1350313841834 436.0
47.669934 25.926919 1350313843835 435.0
47.670005 25.926914 1350313845837 436.0
47.670083 25.926908 1350313847822 437.0
47.670172 25.926901 1350313849812 439.0
47.670256 25.926904 1350313851811 439.0
47.670344 25.926916 1350313853824 439.0
47.670403 25.926966 1350313855818 439.0
47.67045 25.92704 1350313857826 439.0
47.670484 25.927081 1350313859837 440.0
47.670521 25.92715 1350313861814 441.0
47.670539 25.927222 1350313863821 441.0
47.670566 25.92728 1350313865820 440.0
47.670591 25.927386 1350313867815 442.0
47.67058 25.927493 1350313869816 443.0
47.670575 25.927603 1350313871816 443.0
47.670584 25.927655 1350313873828 444.0
47.670583 25.92772 1350313875814 444.0
47.670609 25.927805 1350313877825 444.0
47.670619 25.927885 1350313879813 443.0
47.670609 25.927952 1350313881812 444.0
47.67062 25.928027 1350313883840 443.0
47.670616 25.928096 1350313885814 444.0
47.670617 25.928153 1350313887812 446.0
47.670618 25.928194 1350313889826 446.0
47.670627 25.92826 1350313891816 446.0
47.670638 25.928339 1350313893813 445.0
47.670648 25.928399 1350313895829 446.0
47.670681 25.92845 1350313897814 445.0
47.67072 25.928521 1350313899814 446.0
47.670747 25.928569 1350313901814 448.0
47.670771 25.928639 1350313903814 448.0
47.670801 25.928702 1350313905817 449.0
47.670819 25.928753 1350313907840 447.0
47.670831 25.928805 1350313909815 446.0
47.67084 25.928875 1350313911817 445.0
47.670853 25.928931 1350313913829 446.0
47.67088 25.928971 1350313915816 446.0
47.670912 25.928992 1350313917815 447.0
47.670937 25.92905 1350313919841 446.0
47.670967 25.929093 1350313921817 449.0
47.67098 25.929139 1350313923817 450.0
47.671008 25.92918 1350313925829 450.0
47.671028 25.929223 1350313927817 449.0
47.671079 25.9293 1350313929818 449.0
47.671096 25.929335 1350313931830 448.0
47.671129 25.929377 1350313933818 444.0
47.671152 25.929415 1350313935825 445.0
47.671182 25.929465 1350313937832 444.0
47.671194 25.929533 1350313939818 444.0
47.671215 25.929573 1350313941818 444.0
47.671235 25.929621 1350313943832 443.0
47.671258 25.929669 1350313945820 445.0
47.671271 25.929716 1350313947819 446.0
47.671273 25.929745 1350313949844 447.0
47.671291 25.929762 1350313951821 447.0
47.671325 25.929825 1350313953819 448.0
47.671347 25.929887 1350313955833 447.0
47.671379 25.92993 1350313957819 446.0
47.671406 25.929968 1350313959819 446.0
47.671427 25.930027 1350313961833 446.0
47.671457 25.930095 1350313963820 444.0
47.671485 25.930146 1350313965820 443.0
47.671511 25.930186 1350313967833 442.0
47.671534 25.930227 1350313969820 442.0
47.671538 25.930241 1350313971822 443.0
47.671575 25.930274 1350313973835 444.0
47.671611 25.930323 1350313975821 443.0
47.671632 25.930378 1350313977829 445.0
47.671657 25.930422 1350313979834 448.0
47.671683 25.930476 1350313981821 447.0
47.671699 25.930529 1350313983822 449.0
47.671724 25.930587 1350313985834 450.0
47.671755 25.930634 1350313987821 449.0
47.671788 25.930673 1350313989822 450.0
47.671825 25.930696 1350313991823 453.0
47.671852 25.930719 1350313993824 454.0
47.67189 25.930743 1350313995824 455.0
47.67193 25.930756 1350313997835 455.0
47.671965 25.93077 1350313999824 455.0
47.672 25.930773 1350314001821 455.0
47.672023 25.930769 1350314003837 456.0
47.6721 25.930758 1350314005827 456.0
47.672177 25.930734 1350314007823 457.0
47.672215 25.93076 1350314009838 457.0
47.67223 25.930731 1350314011824 459.0
47.672271 25.930719 1350314013824 460.0
47.672334 25.930695 1350314015822 462.0
47.672362 25.930656 1350314017825 464.0
47.672428 25.930632 1350314019826 465.0
47.672464 25.930683 1350314021825 466.0
47.672484 25.930617 1350314023824 465.0
47.672536 25.930596 1350314025825 464.0
47.672577 25.930566 1350314027838 465.0
47.672599 25.930571 1350314029825 466.0
47.672632 25.930573 1350314031827 466.0
47.672668 25.930558 1350314033838 468.0
47.672713 25.930539 1350314035826 468.0
47.67276 25.930533 1350314037826 468.0
47.672801 25.930508 1350314039840 467.0
47.672847 25.930508 1350314041826 468.0
47.67286 25.930507 1350314043826 469.0
47.67292 25.930527 1350314045825 469.0
47.672971 25.930514 1350314047827 470.0
47.67299 25.930479 1350314049824 471.0
47.673022 25.930398 1350314051839 472.0
47.673049 25.930465 1350314053829 472.0
47.673097 25.930449 1350314055835 470.0
47.673163 25.93044 1350314057839 470.0
47.673206 25.930414 1350314059829 474.0
47.673266 25.930402 1350314061833 472.0
47.673324 25.930394 1350314063840 473.0
47.673356 25.930387 1350314065849 473.0
47.673432 25.930364 1350314067840 473.0
47.673493 25.930345 1350314069842 474.0
47.673578 25.930295 1350314071828 474.0
47.673616 25.930295 1350314073829 477.0
47.673659 25.930297 1350314075831 475.0
47.673702 25.930282 1350314077829 473.0
47.673745 25.930233 1350314079829 473.0
47.673795 25.930217 1350314081829 472.0
47.673858 25.930213 1350314083830 473.0
47.673898 25.930223 1350314085831 472.0
47.673938 25.93023 1350314087842 473.0
47.674004 25.930221 1350314089831 474.0
47.674053 25.930189 1350314091832 472.0
47.674096 25.930194 1350314093844 472.0
47.674172 25.930179 1350314095832 473.0
47.674242 25.930151 1350314097833 474.0
47.674299 25.93013 1350314099842 474.0
47.67436 25.93011 1350314101832 473.0
47.674414 25.930085 1350314103832 473.0
47.674473 25.930061 1350314105833 472.0
47.674502 25.930037 1350314107833 472.0
47.674559 25.930017 1350314109840 470.0
47.674622 25.930002 1350314111833 468.0
47.674669 25.930011 1350314113835 471.0
47.674727 25.929984 1350314115833 470.0
47.674776 25.929967 1350314117845 470.0
47.674832 25.929938 1350314119833 470.0
47.674897 25.929908 1350314121833 469.0
47.674968 25.929866 1350314123845 470.0
47.675008 25.929844 1350314125837 470.0
47.675082 25.929835 1350314127836 471.0
47.675148 25.929824 1350314129848 473.0
47.675205 25.929816 1350314131835 473.0
47.675268 25.929799 1350314133839 477.0
47.675335 25.929789 1350314135835 477.0
47.675421 25.929799 1350314137835 479.0
47.675512 25.929751 1350314139842 480.0
47.675586 25.92974 1350314141834 479.0
47.675721 25.929697 1350314143837 478.0
47.675841 25.92967 1350314145835 479.0
47.675963 25.929628 1350314147847 479.0
47.676092 25.929584 1350314149836 478.0
47.676207 25.929526 1350314151835 478.0
47.676326 25.929497 1350314153847 477.0
47.676406 25.929449 1350314155834 476.0
47.676493 25.929437 1350314157837 476.0
47.676632 25.929396 1350314159848 478.0
47.676783 25.929341 1350314161839 478.0
47.676922 25.929291 1350314163810 478.0
47.677052 25.929244 1350314165823 479.0
47.677172 25.929193 1350314167811 478.0
47.677306 25.92914 1350314169815 477.0
47.677386 25.929101 1350314171825 476.0
47.677496 25.929072 1350314173817 476.0
47.677594 25.92907 1350314175831 476.0
47.677715 25.929059 1350314177849 476.0
47.677833 25.929019 1350314179820 474.0
47.677942 25.928969 1350314181834 472.0
47.678052 25.928945 1350314183836 473.0
47.678167 25.928896 1350314185819 473.0
47.678282 25.928862 1350314187813 474.0
47.678393 25.928837 1350314189838 474.0
47.678497 25.928807 1350314191828 474.0
47.678625 25.928727 1350314193824 476.0
47.678728 25.928666 1350314195831 476.0
47.678827 25.928623 1350314197828 475.0
47.678923 25.928591 1350314199816 476.0
47.67905 25.928548 1350314202819 477.0
47.679088 25.928537 1350314203965 476.0
47.679165 25.928508 1350314205836 476.0
47.679231 25.928487 1350314207839 475.0
47.679291 25.928473 1350314209817 475.0
47.67935 25.928459 1350314211838 474.0
47.679401 25.928442 1350314213850 473.0
47.679463 25.928408 1350314215820 472.0
47.67952 25.928379 1350314217833 472.0
47.679583 25.928358 1350314219852 471.0
47.679645 25.928351 1350314221826 470.0
47.679715 25.928337 1350314223827 469.0
47.67979 25.928321 1350314225828 469.0
47.679862 25.928317 1350314227828 468.0
47.679938 25.928316 1350314229842 467.0
47.68001 25.928328 1350314231828 466.0
47.680091 25.928351 1350314233830 466.0
47.680168 25.928372 1350314235836 465.0
47.680253 25.928394 1350314237854 464.0
47.680335 25.928425 1350314239831 464.0
47.680443 25.928506 1350314242831 461.0
47.680471 25.928542 1350314243854 460.0
47.680536 25.928602 1350314245830 460.0
47.680587 25.92868 1350314247834 459.0
47.680613 25.928774 1350314249843 457.0
47.680632 25.92888 1350314251831 457.0
47.680645 25.928989 1350314253833 456.0
47.680658 25.929088 1350314255843 454.0
47.680638 25.929183 1350314257827 453.0
47.680619 25.929272 1350314259827 453.0
47.680591 25.929371 1350314261844 452.0
47.680545 25.929491 1350314263848 451.0
47.680506 25.929608 1350314265833 450.0
47.680455 25.929715 1350314267857 450.0
47.680421 25.929833 1350314269825 451.0
47.680399 25.929975 1350314271830 449.0
47.68039 25.930165 1350314273859 448.0
47.680402 25.930364 1350314275820 446.0
47.680428 25.930549 1350314277822 445.0
47.68046 25.930723 1350314279857 444.0
47.680484 25.930886 1350314281825 443.0
47.680508 25.931076 1350314283826 441.0
47.680546 25.931256 1350314285845 440.0
47.68061 25.931414 1350314287824 438.0
47.68071 25.931544 1350314289825 436.0
47.680827 25.931645 1350314291848 434.0
47.680945 25.931725 1350314293840 432.0
47.681054 25.931808 1350314295833 431.0
47.681162 25.931901 1350314297846 428.0
47.681241 25.93205 1350314299829 426.0
47.681274 25.932235 1350314301832 427.0
47.681296 25.932439 1350314303846 425.0
47.681308 25.932642 1350314305823 423.0
47.681315 25.93285 1350314307833 422.0
47.681339 25.933057 1350314309847 419.0
47.681382 25.933233 1350314311823 418.0
47.681477 25.933394 1350314313825 418.0
47.681566 25.933572 1350314315847 418.0
47.681711 25.933639 1350314317825 419.0
47.681894 25.933676 1350314319826 418.0
47.682078 25.933716 1350314321848 417.0
47.682254 25.933795 1350314323829 416.0
47.682415 25.933888 1350314325836 417.0
47.682546 25.933993 1350314327849 417.0
47.682662 25.934123 1350314329827 416.0
47.682765 25.934228 1350314331831 418.0
47.68286 25.934339 1350314333849 416.0
47.682892 25.934407 1350314335827 415.0
47.682957 25.934528 1350314337838 413.0
47.683024 25.934618 1350314339850 414.0
47.683063 25.934716 1350314341828 415.0
47.683101 25.934796 1350314343825 417.0
47.683139 25.934879 1350314345824 416.0
47.683178 25.934963 1350314347826 418.0
47.683219 25.935057 1350314349826 417.0
47.683243 25.935152 1350314351838 416.0
47.683271 25.935255 1350314353826 417.0
47.683295 25.935345 1350314355824 417.0
47.683314 25.935457 1350314357852 417.0
47.683327 25.935565 1350314359826 418.0
47.68333 25.935677 1350314361827 419.0
47.683347 25.935796 1350314363853 418.0
47.683363 25.935899 1350314365828 419.0
47.683369 25.93601 1350314367827 421.0
47.683358 25.9361 1350314369841 423.0
47.683363 25.936211 1350314371827 423.0
47.683378 25.936324 1350314373827 425.0
47.683394 25.936433 1350314375827 425.0
47.683401 25.936555 1350314377828 426.0
47.683417 25.936664 1350314379827 427.0
47.683435 25.936774 1350314381829 426.0
47.683452 25.936863 1350314383829 426.0
47.683457 25.936946 1350314385829 428.0
47.683462 25.937035 1350314387853 428.0
47.683485 25.937141 1350314389830 427.0
47.683492 25.937254 1350314391830 427.0
47.683503 25.937354 1350314393854 427.0
47.683514 25.93745 1350314395830 426.0
47.683518 25.937533 1350314397829 428.0
47.683536 25.937637 1350314399840 427.0
47.683546 25.937727 1350314401832 426.0
47.683554 25.937819 1350314403830 426.0
47.683567 25.937913 1350314405830 426.0
47.683581 25.938007 1350314407830 426.0
47.683592 25.938102 1350314409830 426.0
47.683596 25.938195 1350314411867 427.0
47.683604 25.938299 1350314413846 426.0
47.683609 25.938401 1350314415847 427.0
47.683619 25.938508 1350314417870 428.0
47.683621 25.938605 1350314419832 430.0
47.683632 25.938713 1350314421831 429.0
47.683637 25.938815 1350314423844 429.0
47.68364 25.938923 1350314425831 429.0
47.683643 25.939039 1350314427830 429.0
47.683634 25.939165 1350314429867 430.0
47.683625 25.939269 1350314431830 430.0
47.683624 25.939373 1350314433832 430.0
47.683611 25.939476 1350314435847 428.0
47.683593 25.939591 1350314437833 427.0
47.68358 25.939689 1350314439832 427.0
47.683558 25.939792 1350314441833 428.0
47.683511 25.939855 1350314443833 429.0
47.683482 25.939966 1350314445832 429.0
47.683471 25.940078 1350314447846 429.0
47.683443 25.940182 1350314449832 429.0
47.683421 25.940267 1350314451833 430.0
47.683397 25.940362 1350314453858 431.0
47.683381 25.940482 1350314455834 430.0
47.683357 25.940591 1350314457833 430.0
47.683329 25.940693 1350314459859 430.0
47.6833 25.940794 1350314461835 429.0
47.683285 25.940904 1350314463833 429.0
47.683264 25.941021 1350314465833 431.0
47.68324 25.941129 1350314467835 431.0
47.683228 25.941231 1350314469835 431.0
47.683214 25.941328 1350314471848 431.0
47.683196 25.941421 1350314473835 431.0
47.683188 25.941516 1350314475836 431.0
47.683171 25.941621 1350314477846 431.0
47.683158 25.941742 1350314479812 429.0
47.68313 25.941884 1350314481809 429.0
47.68308 25.942025 1350314483849 429.0
47.683018 25.942184 1350314485818 428.0
47.68294 25.942342 1350314487826 427.0
47.682866 25.942515 1350314489849 428.0
47.682786 25.942681 1350314491814 428.0
47.682705 25.942855 1350314493826 427.0
47.682623 25.94304 1350314495850 426.0
47.682549 25.943242 1350314497824 424.0
47.682475 25.943439 1350314499824 424.0
47.682407 25.94363 1350314501837 424.0
47.682337 25.943819 1350314503827 423.0
47.682262 25.943998 1350314505829 423.0
47.682196 25.944198 1350314507850 423.0
47.682121 25.9444 1350314509813 422.0
47.682036 25.9446 1350314511815 422.0
47.681948 25.944806 1350314513838 421.0
47.68185 25.945009 1350314515815 420.0
47.681748 25.945216 1350314517816 419.0
47.68164 25.945413 1350314519839 418.0
47.681537 25.945604 1350314521828 417.0
47.681437 25.945799 1350314523825 416.0
47.68133 25.945991 1350314525839 416.0
47.681222 25.946186 1350314527825 415.0
47.681108 25.946389 1350314529823 414.0
47.680986 25.946589 1350314531840 413.0
47.680854 25.946785 1350314533820 412.0
47.680736 25.946998 1350314535825 411.0
47.680615 25.9472 1350314537839 410.0
47.680501 25.947391 1350314539847 409.0
47.68039 25.947584 1350314541831 409.0
47.680276 25.94777 1350314543853 408.0
47.680163 25.947944 1350314545828 407.0
47.680051 25.948135 1350314547830 406.0
47.679938 25.948329 1350314549854 405.0
47.679824 25.948525 1350314551823 405.0
47.679709 25.948719 1350314553827 404.0
47.679601 25.948923 1350314555843 403.0
47.679509 25.949159 1350314557828 402.0
47.679442 25.949422 1350314559818 401.0
47.679398 25.949691 1350314561830 400.0
47.67936 25.949941 1350314563819 400.0
47.679332 25.95016 1350314565823 401.0
47.679305 25.950355 1350314567843 401.0
47.679269 25.95054 1350314569819 402.0
47.679236 25.95072 1350314571825 403.0
47.679209 25.950888 1350314573844 403.0
47.679183 25.951054 1350314575819 403.0
47.679168 25.951215 1350314577824 402.0
47.67915 25.951375 1350314579857 402.0
47.679133 25.951511 1350314581823 402.0
47.679128 25.951647 1350314583824 403.0
47.679122 25.951781 1350314585844 403.0
47.679114 25.951919 1350314587831 404.0
47.679116 25.952066 1350314589820 404.0
47.679118 25.95219 1350314591832 405.0
47.679115 25.952327 1350314593821 405.0
47.679118 25.952464 1350314595820 405.0
47.679128 25.952593 1350314597846 406.0
47.679138 25.952711 1350314599821 408.0
47.679132 25.9528 1350314601824 409.0
47.679129 25.952883 1350314603833 409.0
47.679125 25.952957 1350314605821 409.0
47.679118 25.953043 1350314607822 409.0
47.679122 25.953154 1350314609846 408.0
47.679134 25.953281 1350314611822 407.0
47.679137 25.953413 1350314613826 407.0
47.67914 25.953558 1350314615821 407.0
47.67914 25.953713 1350314617824 406.0
47.679142 25.953861 1350314619822 406.0
47.679145 25.95401 1350314621823 407.0
47.679149 25.954165 1350314623822 407.0
47.679146 25.954336 1350314625842 407.0
47.679142 25.954502 1350314627847 406.0
47.679138 25.954687 1350314629823 404.0
47.679122 25.954892 1350314631825 403.0
47.679096 25.955092 1350314633848 403.0
47.679058 25.955297 1350314635826 403.0
47.679 25.9555 1350314637824 402.0
47.678937 25.955717 1350314639849 401.0
47.678866 25.955925 1350314641827 401.0
47.678795 25.956135 1350314643823 400.0
47.678714 25.956338 1350314645838 399.0
47.678639 25.956538 1350314647825 399.0
47.678576 25.956741 1350314649825 398.0
47.678533 25.95697 1350314651826 397.0
47.678512 25.957221 1350314653825 395.0
47.678529 25.957469 1350314655825 395.0
47.678577 25.9577 1350314657849 395.0
47.678635 25.957911 1350314659825 395.0
47.678694 25.958105 1350314661824 395.0
47.678747 25.958293 1350314663850 395.0
47.678793 25.958465 1350314665827 396.0
47.678842 25.958638 1350314667831 396.0
47.678887 25.958802 1350314669851 396.0
47.678924 25.95896 1350314671826 397.0
47.67896 25.959109 1350314673842 397.0
47.67899 25.959251 1350314675840 397.0
47.679012 25.959378 1350314677827 397.0
47.679042 25.959515 1350314679828 398.0
47.679069 25.959637 1350314681839 398.0
47.679096 25.95975 1350314683828 398.0
47.679128 25.959857 1350314685827 399.0
47.679155 25.959976 1350314687851 400.0
47.679189 25.960092 1350314689828 399.0
47.679229 25.960195 1350314691838 399.0
47.679266 25.960298 1350314693853 399.0
47.679298 25.960391 1350314695830 399.0
47.679338 25.960475 1350314697829 400.0
47.679392 25.960556 1350314699854 399.0
47.679442 25.960644 1350314701829 400.0
47.679491 25.960735 1350314703835 401.0
47.679536 25.960815 1350314705843 402.0
47.679581 25.960895 1350314707829 402.0
47.679624 25.960968 1350314709846 401.0
47.679666 25.96103 1350314711842 401.0
47.679713 25.961092 1350314713831 402.0
47.679758 25.961157 1350314715831 401.0
47.67981 25.961217 1350314717855 401.0
47.679868 25.961281 1350314719834 400.0
47.679919 25.961343 1350314721835 400.0
47.679961 25.961391 1350314723855 400.0
47.680001 25.961436 1350314725831 400.0
47.680038 25.961494 1350314727831 400.0
47.680077 25.961534 1350314729854 401.0
47.680115 25.961593 1350314731832 400.0
47.680155 25.96166 1350314733832 401.0
47.680205 25.961719 1350314735844 401.0
47.680252 25.961771 1350314737832 402.0
47.680294 25.961815 1350314739833 403.0
47.680326 25.961879 1350314741844 403.0
47.680363 25.961955 1350314743833 402.0
47.680389 25.962041 1350314745833 404.0
47.680421 25.962131 1350314747857 404.0
47.680443 25.962231 1350314749834 405.0
47.680461 25.962349 1350314751833 405.0
47.680465 25.962456 1350314753857 406.0
47.680452 25.96257 1350314755834 405.0
47.680435 25.962684 1350314757832 405.0
47.680408 25.962796 1350314759846 405.0
47.680386 25.962906 1350314761834 405.0
47.68037 25.963003 1350314763833 406.0
47.680339 25.963094 1350314765846 406.0
47.680314 25.963196 1350314767835 408.0
47.680296 25.963288 1350314769834 408.0
47.68028 25.963379 1350314771845 407.0
47.680262 25.963476 1350314773835 406.0
47.680242 25.963579 1350314775834 408.0
47.680222 25.963678 1350314777858 409.0
47.680207 25.963792 1350314779833 408.0
47.680207 25.963906 1350314781833 409.0
47.680185 25.964018 1350314783846 409.0
47.680175 25.964133 1350314785832 409.0
47.680172 25.964243 1350314787833 409.0
47.680165 25.964355 1350314789846 410.0
47.680155 25.964465 1350314791834 411.0
47.68014 25.964578 1350314793810 410.0
47.680121 25.964701 1350314795821 410.0
47.680108 25.964812 1350314797811 410.0
47.680093 25.964928 1350314799808 410.0
47.680082 25.96505 1350314801823 410.0
47.680065 25.965181 1350314803812 410.0
47.680043 25.965317 1350314805809 410.0
47.680028 25.965449 1350314807823 411.0
47.680002 25.965578 1350314809815 412.0
47.679979 25.965718 1350314811813 412.0
47.679949 25.965853 1350314813834 411.0
47.679914 25.96599 1350314815811 410.0
47.67988 25.966121 1350314817810 410.0
47.679847 25.966244 1350314819836 410.0
47.679809 25.966356 1350314821811 411.0
47.679765 25.966471 1350314823811 411.0
47.679722 25.96657 1350314825824 411.0
47.679669 25.966666 1350314827812 411.0
47.679617 25.96678 1350314829812 411.0
47.679555 25.966916 1350314831825 410.0
47.679484 25.967053 1350314833812 410.0
47.679412 25.967208 1350314835813 409.0
47.67934 25.967372 1350314837838 408.0
47.679267 25.967549 1350314839814 407.0
47.679196 25.967735 1350314841811 406.0
47.679127 25.967918 1350314843838 406.0
47.679059 25.968087 1350314845813 406.0
47.678999 25.968245 1350314847812 406.0
47.678945 25.968395 1350314849839 406.0
47.678894 25.968491 1350314851814 409.0
47.678845 25.968594 1350314853814 409.0
47.678799 25.968698 1350314855825 411.0
47.678763 25.968787 1350314857814 412.0
47.678729 25.968875 1350314859815 413.0
47.678694 25.968967 1350314861827 415.0
47.678659 25.969056 1350314863815 415.0
47.67863 25.969145 1350314865815 417.0
47.678599 25.969234 1350314867842 418.0
47.678563 25.969324 1350314869814 419.0
47.67853 25.969403 1350314871815 421.0
47.678497 25.969481 1350314873828 423.0
47.678462 25.969561 1350314875816 424.0
47.678419 25.969639 1350314877820 423.0
47.678371 25.969726 1350314879841 424.0
47.678334 25.969812 1350314881817 423.0
47.6783 25.969891 1350314883822 421.0
47.678264 25.969987 1350314885840 421.0
47.678226 25.970083 1350314887817 422.0
47.678187 25.970155 1350314889817 421.0
47.678147 25.970218 1350314891818 421.0
47.678102 25.970307 1350314893818 421.0
47.678052 25.9704 1350314895819 420.0
47.678017 25.970525 1350314897841 421.0
47.677973 25.970663 1350314899819 421.0
47.67792 25.970805 1350314901820 421.0
47.677868 25.970915 1350314903843 420.0
47.677812 25.971037 1350314905822 420.0
47.677763 25.971156 1350314907821 420.0
47.677711 25.971282 1350314909845 419.0
47.67766 25.971395 1350314911819 419.0
47.677599 25.9715 1350314913820 419.0
47.677534 25.971602 1350314915833 418.0
47.677477 25.971717 1350314917823 418.0
47.677416 25.971833 1350314919823 418.0
47.677352 25.971956 1350314921821 418.0
47.677283 25.972079 1350314923822 417.0
47.67722 25.9722 1350314925823 417.0
47.677158 25.972309 1350314927847 416.0
47.67709 25.972415 1350314929825 416.0
47.677028 25.972536 1350314931828 416.0
47.67695 25.972624 1350314933860 415.0
47.676871 25.972749 1350314935829 414.0
47.676795 25.972875 1350314937833 414.0
47.676713 25.973004 1350314939847 413.0
47.676633 25.973132 1350314941825 411.0
47.676546 25.973288 1350314943827 411.0
47.67645 25.973444 1350314945848 410.0
47.676349 25.973603 1350314947842 409.0
47.67624 25.973777 1350314949826 408.0
47.676127 25.973955 1350314951848 407.0
47.676016 25.974137 1350314953826 406.0
47.675906 25.974315 1350314955824 405.0
47.675801 25.974497 1350314957849 404.0
47.675704 25.97468 1350314959824 404.0
47.675606 25.97486 1350314961831 403.0
47.675516 25.975043 1350314963849 402.0
47.675431 25.975222 1350314965826 402.0
47.675339 25.975393 1350314967826 401.0
47.675262 25.97558 1350314969850 400.0
47.67519 25.975755 1350314971826 400.0
47.675121 25.97593 1350314973827 399.0
47.675057 25.976108 1350314975849 398.0
47.674992 25.976295 1350314977827 397.0
47.674926 25.976494 1350314979846 396.0
47.674854 25.976709 1350314981851 395.0
47.674774 25.976934 1350314983832 393.0
47.674683 25.977157 1350314985833 392.0
47.674586 25.977382 1350314987851 390.0
47.674479 25.977604 1350314989826 389.0
47.674371 25.977875 1350314991828 386.0
47.674257 25.978132 1350314993852 386.0
47.674149 25.978385 1350314995827 385.0
47.674054 25.978632 1350314997828 385.0
47.673961 25.978851 1350314999852 386.0
47.673866 25.979026 1350315001827 387.0
47.673781 25.979177 1350315003827 388.0
47.673694 25.979318 1350315005840 388.0
47.673632 25.979416 1350315007828 391.0
47.673569 25.979511 1350315009828 390.0
47.673511 25.979573 1350315011829 391.0
47.673473 25.979611 1350315013828 392.0
47.673429 25.979653 1350315015829 392.0
47.67338 25.979701 1350315017854 391.0
47.673343 25.979753 1350315019831 392.0
47.673286 25.97981 1350315021830 392.0
47.673223 25.97987 1350315023854 392.0
47.673147 25.979957 1350315025830 392.0
47.673062 25.980041 1350315027829 391.0
47.672968 25.980136 1350315029854 391.0
47.672875 25.980249 1350315031828 391.0
47.672786 25.980364 1350315033830 390.0
47.672702 25.980484 1350315035843 390.0
47.672613 25.9806 1350315037832 391.0
47.672524 25.980715 1350315039830 391.0
47.67244 25.980833 1350315041843 391.0
47.672353 25.98092 1350315043830 391.0
47.672273 25.981013 1350315045833 390.0
47.672201 25.981124 1350315047856 390.0
47.672134 25.981235 1350315049831 390.0
47.672067 25.981337 1350315051832 389.0
47.67199 25.981433 1350315053844 389.0
47.671908 25.981521 1350315055831 388.0
47.671812 25.981625 1350315057831 387.0
47.6717 25.981735 1350315059844 386.0
47.671574 25.981858 1350315061831 385.0
47.671446 25.981996 1350315063831 385.0
47.671318 25.982152 1350315065831 383.0
47.671193 25.982315 1350315067832 383.0
47.671075 25.982491 1350315069829 382.0
47.670978 25.982676 1350315071825 384.0
47.67085 25.982817 1350315073828 387.0
47.670753 25.982946 1350315075830 387.0
47.670665 25.983108 1350315077837 389.0
47.67059 25.983234 1350315079834 389.0
47.670509 25.983352 1350315081833 388.0
47.670419 25.983467 1350315083846 387.0
47.670335 25.983572 1350315085833 386.0
47.670263 25.983714 1350315087833 385.0
47.670193 25.983831 1350315089847 384.0
47.670121 25.983953 1350315091835 383.0
47.670045 25.984063 1350315093834 384.0
47.669963 25.984167 1350315095848 384.0
47.669898 25.984298 1350315097835 385.0
47.669848 25.984422 1350315099835 383.0
47.669795 25.984578 1350315101834 383.0
47.669743 25.984691 1350315103835 384.0
47.669683 25.984804 1350315105837 384.0
47.669643 25.984934 1350315107861 384.0
47.669599 25.985048 1350315109815 385.0
47.669557 25.985164 1350315111820 385.0
47.669524 25.985295 1350315113837 385.0
47.669491 25.985413 1350315115815 386.0
47.669455 25.985533 1350315117819 386.0
47.669421 25.985637 1350315119837 385.0
47.669395 25.98575 1350315121818 385.0
47.669358 25.985829 1350315123811 384.0
47.669321 25.98592 1350315125824 386.0
47.669285 25.986022 1350315127813 386.0
47.669257 25.986121 1350315129815 386.0
47.669225 25.986219 1350315131817 386.0
47.669202 25.986327 1350315133819 386.0
47.669176 25.986428 1350315135823 386.0
47.669152 25.986528 1350315137850 386.0
47.669128 25.986644 1350315139818 386.0
47.669094 25.986756 1350315141819 387.0
47.669065 25.986883 1350315143838 387.0
47.669034 25.987003 1350315145817 388.0
47.669008 25.987126 1350315147822 387.0
47.668954 25.987238 1350315149839 388.0
47.668912 25.987344 1350315151815 386.0
47.668879 25.987438 1350315153815 388.0
47.668836 25.987544 1350315155827 388.0
47.668803 25.987626 1350315157814 389.0
47.668751 25.987709 1350315159816 388.0
47.668717 25.987784 1350315161828 389.0
47.668681 25.987872 1350315163818 390.0
47.668639 25.987962 1350315165820 390.0
47.668591 25.988067 1350315167841 389.0
47.668554 25.988178 1350315169816 389.0
47.668513 25.988297 1350315171818 388.0
47.668481 25.988412 1350315173841 389.0
47.668438 25.988537 1350315175817 389.0
47.668384 25.988656 1350315177826 390.0
47.668336 25.988787 1350315179842 389.0
47.668299 25.988921 1350315181817 388.0
47.66827 25.989066 1350315183817 388.0
47.668231 25.989221 1350315185844 390.0
47.668198 25.989361 1350315187831 391.0
47.668161 25.989504 1350315189818 391.0
47.66813 25.98967 1350315191842 390.0
47.668096 25.989815 1350315193830 389.0
47.668055 25.989949 1350315195821 391.0
47.668017 25.990093 1350315197847 390.0
47.667984 25.990231 1350315199833 391.0
47.667951 25.990351 1350315201834 391.0
47.667902 25.99054 1350315203844 390.0
47.667871 25.990708 1350315205831 392.0
47.667842 25.990872 1350315207830 392.0
47.667823 25.99105 1350315209857 392.0
47.667804 25.991212 1350315211831 391.0
47.667783 25.991352 1350315213836 391.0
47.667786 25.991522 1350315215831 391.0
47.667792 25.991676 1350315217832 390.0
47.667787 25.99183 1350315219831 391.0
47.667774 25.991963 1350315221831 392.0
47.667782 25.992123 1350315223821 389.0
47.667781 25.992257 1350315225831 390.0
47.66777 25.992383 1350315227845 391.0
47.667751 25.992507 1350315229820 391.0
47.667752 25.992625 1350315231848 387.0
47.667752 25.992742 1350315233860 385.0
47.667744 25.992834 1350315235834 385.0
47.667743 25.992927 1350315237836 386.0
47.667736 25.993009 1350315239848 389.0
47.667732 25.993092 1350315241822 387.0
47.667728 25.993161 1350315243832 387.0
47.667714 25.993235 1350315245830 386.0
47.66771 25.993311 1350315247830 388.0
47.667711 25.993395 1350315249829 388.0
47.667711 25.993474 1350315251843 389.0
47.667716 25.993554 1350315253842 389.0
47.667708 25.993648 1350315255826 389.0
47.667705 25.993746 1350315257850 387.0
47.667697 25.993823 1350315259826 386.0
47.667694 25.993914 1350315261823 386.0
47.667693 25.993984 1350315263849 388.0
47.667694 25.994072 1350315265840 389.0
47.667691 25.994147 1350315267829 388.0
47.667687 25.994217 1350315269850 389.0
47.667687 25.994274 1350315271826 389.0
47.667689 25.994336 1350315273825 388.0
47.6677 25.994414 1350315275837 388.0
47.667701 25.994497 1350315277824 388.0
47.667701 25.994572 1350315279825 389.0
47.667719 25.994644 1350315281837 389.0
47.667722 25.994692 1350315283824 390.0
47.667725 25.99475 1350315285827 390.0
47.667721 25.994801 1350315287850 391.0
47.667728 25.994849 1350315289827 392.0
47.667729 25.9949 1350315291828 393.0
47.667723 25.99496 1350315293851 395.0
47.667709 25.995015 1350315295829 396.0
47.667705 25.995088 1350315297832 396.0
47.667693 25.995151 1350315299851 397.0
47.667674 25.995202 1350315301827 397.0
47.667653 25.995269 1350315303829 397.0
47.667642 25.995341 1350315305839 398.0
47.667627 25.995398 1350315307828 399.0
47.667612 25.995441 1350315309830 399.0
47.667598 25.995504 1350315311839 401.0
47.667568 25.995571 1350315313828 400.0
47.667547 25.995636 1350315315828 401.0
47.667526 25.995697 1350315317853 401.0
47.667509 25.995771 1350315319829 402.0
47.66749 25.995837 1350315321832 402.0
47.667469 25.995952 1350315323853 400.0
47.667437 25.996015 1350315325828 401.0
47.667418 25.996081 1350315327830 401.0
47.667406 25.996138 1350315329853 402.0
47.667381 25.996191 1350315331831 402.0
47.667362 25.996251 1350315333830 402.0
47.667336 25.99631 1350315335842 402.0
47.667318 25.996363 1350315337830 404.0
47.667297 25.996419 1350315339831 406.0
47.667284 25.996487 1350315341843 406.0
47.667254 25.996568 1350315343831 408.0
47.667228 25.996652 1350315345836 409.0
47.667206 25.996722 1350315347855 408.0
47.66718 25.996783 1350315349831 408.0
47.667163 25.996859 1350315351834 407.0
47.667148 25.996924 1350315353856 407.0
47.667125 25.996988 1350315355833 407.0
47.667101 25.997035 1350315357833 407.0
47.667077 25.997101 1350315359856 406.0
47.667058 25.99717 1350315361833 405.0
47.667026 25.997274 1350315363833 406.0
47.666999 25.997395 1350315365844 405.0
47.666946 25.997524 1350315367831 405.0
47.666895 25.997674 1350315369832 404.0
47.666846 25.997869 1350315371833 403.0
47.666807 25.998044 1350315373832 401.0
47.666774 25.998241 1350315375832 402.0
47.666739 25.99845 1350315377858 400.0
47.6667 25.998661 1350315379832 398.0
47.666661 25.998869 1350315381832 395.0
47.666623 25.999076 1350315383861 394.0
47.666596 25.999305 1350315385834 394.0
47.666557 25.999527 1350315387834 393.0
47.666517 25.999757 1350315389860 392.0
47.666482 25.999992 1350315391835 391.0
47.666455 26.000234 1350315393835 391.0
47.666429 26.000463 1350315395858 391.0
47.666412 26.000688 1350315397836 388.0
47.666383 26.000908 1350315399836 387.0
47.666358 26.001126 1350315401847 386.0
47.666344 26.001347 1350315403835 386.0
47.66633 26.001561 1350315405839 385.0
47.666321 26.001769 1350315407860 383.0
47.666308 26.001993 1350315409836 383.0
47.666302 26.002222 1350315411836 382.0
47.666296 26.002437 1350315413860 382.0
47.666294 26.002668 1350315415837 381.0
47.666294 26.0029 1350315417838 381.0
47.666285 26.003137 1350315419872 380.0
47.66626 26.003383 1350315421836 380.0
47.666213 26.003629 1350315423836 378.0
47.666163 26.003871 1350315425836 378.0
47.666096 26.004089 1350315427844 377.0
47.666023 26.004278 1350315429815 377.0
47.665958 26.004471 1350315431837 376.0
47.665895 26.004674 1350315433830 374.0
47.665813 26.004866 1350315435817 373.0
47.665701 26.005042 1350315437850 372.0
47.665591 26.005225 1350315439818 372.0
47.665481 26.005403 1350315441835 371.0
47.665384 26.005558 1350315443850 371.0
47.665305 26.005696 1350315445825 371.0
47.665256 26.005805 1350315447824 371.0
47.665222 26.00589 1350315449850 370.0
47.665188 26.00598 1350315451836 370.0
47.665152 26.006087 1350315453827 369.0
47.665126 26.006248 1350315455839 367.0
47.665125 26.00642 1350315457837 367.0
47.665131 26.006596 1350315459829 368.0
47.665176 26.006761 1350315461839 369.0
47.665234 26.006914 1350315463848 369.0
47.665284 26.007079 1350315465833 368.0
47.665337 26.007243 1350315467852 368.0
47.665393 26.007423 1350315469831 366.0
47.665451 26.007598 1350315471834 365.0
47.665505 26.007766 1350315473864 365.0
47.665558 26.007937 1350315475843 364.0
47.665613 26.008108 1350315477834 364.0
47.665667 26.008273 1350315479853 364.0
47.665715 26.008445 1350315481843 364.0
47.665763 26.008601 1350315483827 364.0
47.665811 26.008759 1350315485831 364.0
47.665857 26.008924 1350315487823 363.0
47.665892 26.0091 1350315489827 363.0
47.665954 26.009289 1350315491829 363.0
47.666007 26.009472 1350315493828 363.0
47.66605 26.009665 1350315495832 363.0
47.666078 26.00979 1350315497855 362.0
47.66606 26.009974 1350315499829 362.0
47.666036 26.010166 1350315501837 363.0
47.666025 26.010331 1350315503855 364.0
47.66602 26.010516 1350315505830 363.0
47.666032 26.010701 1350315507834 363.0
47.666039 26.01088 1350315509856 364.0
47.666053 26.01107 1350315511827 364.0
47.666062 26.011258 1350315513826 365.0
47.666069 26.011456 1350315515843 365.0
47.666091 26.011663 1350315517837 365.0
47.666122 26.011863 1350315519827 365.0
47.666178 26.012049 1350315521846 365.0
47.666258 26.012243 1350315523828 364.0
47.666344 26.012427 1350315525834 364.0
47.666433 26.012616 1350315527869 365.0
47.666525 26.012797 1350315529829 366.0
47.666616 26.012959 1350315531833 367.0
47.666699 26.013117 1350315533857 368.0
47.666786 26.013269 1350315535827 368.0
47.666851 26.013426 1350315537834 369.0
47.666919 26.013577 1350315539858 369.0
47.666997 26.013726 1350315541826 369.0
47.667072 26.013873 1350315543824 369.0
47.667158 26.014023 1350315545829 369.0
47.667251 26.014123 1350315547826 370.0
47.667352 26.014249 1350315549827 369.0
47.667461 26.014331 1350315551846 369.0
47.667569 26.014393 1350315553827 370.0
47.667684 26.014438 1350315555836 369.0
47.667774 26.014456 1350315557848 368.0
47.667882 26.014474 1350315559828 368.0
47.667997 26.014469 1350315561819 366.0
47.668128 26.014439 1350315563832 366.0
47.668232 26.014413 1350315565835 366.0
47.66836 26.014383 1350315567820 367.0
47.668442 26.014361 1350315569834 365.0
47.668618 26.01434 1350315571819 364.0
47.66875 26.014369 1350315573822 361.0
47.668854 26.014427 1350315575822 362.0
47.668937 26.014537 1350315577821 360.0
47.669005 26.014673 1350315579823 359.0
47.669037 26.014845 1350315581822 361.0
47.66908 26.014972 1350315583823 363.0
47.669118 26.015116 1350315585821 363.0
47.669183 26.015237 1350315587847 363.0
47.669253 26.015368 1350315589823 363.0
47.669318 26.015479 1350315591823 365.0
47.669394 26.015588 1350315593836 366.0
47.66949 26.015686 1350315595824 364.0
47.669589 26.015788 1350315597824 367.0
47.66969 26.015891 1350315599848 370.0
47.669802 26.01599 1350315601824 371.0
47.669912 26.01607 1350315603825 371.0
47.670024 26.016166 1350315605837 372.0
47.670138 26.016248 1350315607826 371.0
47.670247 26.016343 1350315609824 370.0
47.670319 26.016378 1350315611837 369.0
47.670418 26.01643 1350315613824 371.0
47.670529 26.016502 1350315615840 370.0
47.670652 26.01655 1350315617837 370.0
47.67077 26.016609 1350315619825 369.0
47.670893 26.01664 1350315621828 368.0
47.67099 26.016694 1350315623837 372.0
47.671101 26.016749 1350315625826 373.0
47.671208 26.016811 1350315627826 373.0
47.671325 26.016871 1350315629839 374.0
47.671436 26.016937 1350315631825 374.0
47.671569 26.016982 1350315633827 373.0
47.671654 26.017032 1350315635841 373.0
47.671792 26.017098 1350315637825 375.0
47.671933 26.017154 1350315639826 372.0
47.672035 26.017203 1350315641839 370.0
47.672158 26.01723 1350315643830 370.0
47.672285 26.017261 1350315645827 369.0
47.672428 26.017287 1350315647840 371.0
47.672554 26.017335 1350315649827 372.0
47.672676 26.017394 1350315651827 372.0
47.672747 26.017453 1350315653841 372.0
47.672889 26.017506 1350315655827 371.0
47.673032 26.017564 1350315657829 371.0
47.673155 26.017616 1350315659841 371.0
47.673269 26.01769 1350315661828 370.0
47.673377 26.017769 1350315663828 371.0
47.673498 26.017864 1350315665843 369.0
47.673617 26.017977 1350315667829 368.0
47.67375 26.01806 1350315669827 368.0
47.673882 26.018135 1350315671842 368.0
47.673998 26.01826 1350315673829 366.0
47.674119 26.018364 1350315675829 366.0
47.674253 26.018457 1350315677842 366.0
47.674345 26.018543 1350315679829 366.0
47.674436 26.018628 1350315681831 367.0
47.674544 26.018716 1350315683854 367.0
47.674627 26.018833 1350315685831 368.0
47.674715 26.018939 1350315687830 369.0
47.674796 26.019042 1350315689856 369.0
47.674878 26.019145 1350315691832 368.0
47.674949 26.019238 1350315693831 368.0
47.675021 26.019325 1350315695843 368.0
47.67509 26.019416 1350315697830 368.0
47.675161 26.019473 1350315699832 370.0
47.675222 26.019538 1350315701844 372.0
47.675293 26.019581 1350315703831 372.0
47.675355 26.019619 1350315705833 371.0
47.675412 26.019665 1350315707844 373.0
47.675492 26.019669 1350315709833 374.0
47.675519 26.019724 1350315711832 375.0
47.675593 26.019736 1350315713857 377.0
47.67565 26.01975 1350315715833 378.0
47.675728 26.019779 1350315717833 378.0
47.675803 26.019767 1350315719846 379.0
47.67584 26.019762 1350315721833 379.0
47.675919 26.019752 1350315723833 379.0
47.676011 26.019733 1350315725846 378.0
47.676076 26.019737 1350315727832 380.0
47.676144 26.019704 1350315729833 382.0
47.67622 26.019694 1350315731846 382.0
47.676298 26.019691 1350315733842 384.0
47.676374 26.019652 1350315735835 384.0
47.676468 26.019645 1350315737847 383.0
47.676556 26.019627 1350315739837 383.0
47.67665 26.019614 1350315741811 384.0
47.676749 26.019627 1350315743835 384.0
47.676796 26.019703 1350315745813 383.0
47.676907 26.019714 1350315747809 383.0
47.677035 26.019711 1350315749823 382.0
47.677158 26.019677 1350315751812 383.0
47.677269 26.019634 1350315753809 382.0
47.677387 26.019643 1350315755823 381.0
47.677502 26.019645 1350315757810 380.0
47.67756 26.019654 1350315759811 379.0
47.677657 26.019646 1350315761822 381.0
47.677773 26.019708 1350315763811 377.0
47.677881 26.019707 1350315765813 377.0
47.677975 26.019737 1350315767837 376.0
47.678043 26.019832 1350315769811 375.0
47.678148 26.019859 1350315771813 376.0
47.678241 26.019894 1350315773837 375.0
47.678308 26.019933 1350315775814 376.0
47.678392 26.019973 1350315777819 376.0
47.678483 26.020023 1350315779838 377.0
47.678579 26.020092 1350315781813 376.0
47.678675 26.020166 1350315783815 375.0
47.678771 26.020237 1350315785826 375.0
47.678854 26.020311 1350315787813 375.0
47.67893 26.020392 1350315789812 375.0
47.679002 26.02046 1350315791826 374.0
47.679075 26.020536 1350315793813 373.0
47.679157 26.020609 1350315795812 372.0
47.679237 26.020689 1350315797840 372.0
47.679315 26.020771 1350315799814 372.0
47.679408 26.020863 1350315801813 370.0
47.679493 26.020975 1350315803839 371.0
47.679593 26.02111 1350315805813 370.0
47.679707 26.021253 1350315807815 368.0
47.679815 26.021394 1350315809840 368.0
47.679927 26.021541 1350315811816 367.0
47.680035 26.021685 1350315813816 367.0
47.68014 26.021833 1350315815828 366.0
47.680238 26.021979 1350315817817 367.0
47.680338 26.02212 1350315819819 367.0
47.680443 26.022255 1350315821841 366.0
47.680539 26.02239 1350315823816 366.0
47.680635 26.022519 1350315825816 366.0
47.680729 26.022647 1350315827841 365.0
47.680809 26.022799 1350315829817 365.0
47.680884 26.02294 1350315831816 366.0
47.680971 26.023093 1350315833842 365.0
47.681062 26.023255 1350315835817 364.0
47.681147 26.023417 1350315837818 363.0
47.681234 26.023575 1350315839842 363.0
47.681317 26.023738 1350315841817 363.0
47.681403 26.023898 1350315843818 362.0
47.681495 26.024037 1350315845846 362.0
47.681597 26.024168 1350315847818 362.0
47.681708 26.024293 1350315849816 361.0
47.681826 26.024406 1350315851831 361.0
47.681947 26.02451 1350315853817 361.0
47.682065 26.02461 1350315855818 360.0
47.682162 26.024728 1350315857844 361.0
47.682251 26.024854 1350315859818 363.0
47.68233 26.024999 1350315861819 362.0
47.682399 26.025152 1350315863845 362.0
47.682469 26.025296 1350315865820 361.0
47.682532 26.025435 1350315867821 362.0
47.682595 26.025571 1350315869845 361.0
47.682647 26.025697 1350315871821 363.0
47.682666 26.025837 1350315873819 364.0
47.682696 26.025962 1350315875823 364.0
47.682723 26.026082 1350315877820 365.0
47.682757 26.02619 1350315879822 365.0
47.682785 26.026309 1350315881822 366.0
47.68282 26.026433 1350315883823 366.0
47.682858 26.026556 1350315885823 365.0
47.682884 26.026674 1350315887846 365.0
47.682916 26.026796 1350315889835 364.0
47.682954 26.026913 1350315891823 364.0
47.68299 26.027028 1350315893847 364.0
47.683033 26.027136 1350315895823 364.0
47.683073 26.027249 1350315897830 364.0
47.683116 26.027352 1350315899847 364.0
47.683164 26.027441 1350315901824 363.0
47.683194 26.027516 1350315903823 363.0
47.683212 26.027565 1350315905848 363.0
47.68322 26.027573 1350315907823 363.0
47.683222 26.027572 1350315909826 363.0
47.683223 26.027571 1350315911848 363.0
47.683223 26.027571 1350315914825 363.0
47.683223 26.027571 1350315915823 363.0
47.683227 26.027568 1350315917862 362.0
47.683232 26.027569 1350315919823 361.0
47.683233 26.02757 1350315921824 362.0
47.683234 26.02757 1350315923859 362.0
47.683234 26.027569 1350315925829 362.0