60.476967 22.317408 1355592929783 50.0
60.476964 22.3174 1355592931803 50.0
60.476951 22.317363 1355592933808 50.0
60.47693 22.317318 1355592936785 50.0
60.476922 22.317304 1355592937796 50.0
60.476905 22.317256 1355592939795 50.0
60.476877 22.317168 1355592941802 51.0
60.476863 22.31712 1355592943805 51.0
60.47684 22.317101 1355592945806 50.0
60.476813 22.31706 1355592947798 50.0
60.476802 22.317033 1355592949788 50.0
60.476788 22.316995 1355592951806 49.0
60.476775 22.316962 1355592953785 48.0
60.476761 22.316924 1355592955791 48.0
60.476756 22.31688 1355592957801 47.0
60.476745 22.316815 1355592960786 45.0
60.476732 22.316777 1355592962783 46.0
60.476721 22.316765 1355592963786 46.0
60.476706 22.31673 1355592965783 46.0
60.476694 22.316696 1355592967799 46.0
60.476676 22.316663 1355592969789 46.0
60.476663 22.316622 1355592971785 46.0
60.476651 22.316581 1355592973790 46.0
60.47664 22.316546 1355592975808 45.0
60.476631 22.316505 1355592977785 45.0
60.476621 22.316466 1355592979791 44.0
60.476615 22.316426 1355592981809 42.0
60.476607 22.316392 1355592983786 42.0
60.476591 22.316335 1355592985792 42.0
60.476575 22.316288 1355592987809 41.0
60.476558 22.316234 1355592989798 41.0
60.476543 22.316195 1355592991785 41.0
60.476513 22.316139 1355592993786 40.0
60.476488 22.316094 1355592995785 41.0
60.47647 22.316082 1355592997804 41.0
60.476448 22.316039 1355592999802 41.0
60.476421 22.316006 1355593001800 41.0
60.476392 22.315991 1355593003798 41.0
60.476374 22.315977 1355593005825 41.0
60.476348 22.315965 1355593007798 42.0
60.47633 22.315956 1355593009801 42.0
60.476291 22.315981 1355593011810 44.0
60.476265 22.315998 1355593013799 44.0
60.476238 22.315997 1355593015790 44.0
60.476213 22.316013 1355593017812 44.0
60.4762 22.31602 1355593019800 43.0
60.476175 22.316035 1355593021802 43.0
60.476149 22.316059 1355593023799 44.0
60.476137 22.316052 1355593025788 44.0
60.476117 22.316051 1355593027792 45.0
60.476096 22.31606 1355593029791 45.0
60.476084 22.316063 1355593031803 45.0
60.476084 22.316061 1355593033794 45.0
60.476075 22.316066 1355593035814 45.0
60.476058 22.316082 1355593037804 45.0
60.476046 22.316095 1355593039792 45.0
60.476032 22.316104 1355593041813 45.0
60.476002 22.316117 1355593043806 44.0
60.475975 22.316136 1355593045807 43.0
60.475952 22.316128 1355593047815 43.0
60.475932 22.316125 1355593049792 43.0
60.475909 22.316115 1355593051804 43.0
60.475883 22.316098 1355593053805 42.0
60.475863 22.316072 1355593055793 42.0
60.475844 22.316063 1355593057791 41.0
60.475831 22.316055 1355593059806 41.0
60.475809 22.316037 1355593061792 40.0
60.475804 22.316041 1355593063792 41.0
60.475792 22.316032 1355593065830 41.0
60.475769 22.316015 1355593067808 40.0
60.475747 22.316012 1355593069815 40.0
60.475719 22.31599 1355593071815 40.0
60.475683 22.31594 1355593073794 41.0
60.475653 22.315941 1355593075793 41.0
60.475639 22.315928 1355593077794 41.0
60.47562 22.315928 1355593079809 42.0
60.475595 22.315907 1355593081807 43.0
60.475581 22.31587 1355593083797 44.0
60.475564 22.315841 1355593085783 43.0
60.475546 22.315815 1355593087783 43.0
60.475528 22.315778 1355593089801 43.0
60.47551 22.315744 1355593091787 44.0
60.475502 22.31573 1355593093810 43.0
60.475489 22.315694 1355593095821 43.0
60.475474 22.31564 1355593097802 44.0
60.475465 22.315603 1355593099808 45.0
60.475458 22.315584 1355593101790 44.0
60.475435 22.315552 1355593103801 41.0
60.475416 22.315517 1355593105792 42.0
60.475408 22.315492 1355593107808 42.0
60.475388 22.315456 1355593109796 42.0
60.475385 22.315414 1355593111786 41.0
60.475379 22.315377 1355593113786 41.0
60.475369 22.315347 1355593115798 41.0
60.475357 22.315308 1355593117785 40.0
60.475343 22.315257 1355593119786 42.0
60.475343 22.315198 1355593121803 41.0
60.475341 22.31515 1355593123809 42.0
60.475329 22.315108 1355593125806 41.0
60.475319 22.315069 1355593127803 41.0
60.475312 22.315027 1355593129809 41.0
60.475302 22.314977 1355593131797 41.0
60.475291 22.314929 1355593133787 42.0
60.475277 22.314887 1355593135800 42.0
60.475265 22.314831 1355593137791 41.0
60.475259 22.314778 1355593139784 41.0
60.475243 22.314629 1355593142786 42.0
60.475245 22.314613 1355593143786 43.0
60.475248 22.314647 1355593145786 41.0
60.475234 22.314585 1355593148772 41.0
60.475206 22.314475 1355593150770 42.0
60.475186 22.314428 1355593152772 41.0
60.47518 22.314443 1355593154788 40.0
60.475182 22.314459 1355593155785 40.0
60.475167 22.31444 1355593157786 40.0
60.475159 22.314385 1355593160786 41.0
60.475148 22.31436 1355593162770 41.0
60.475137 22.314329 1355593164785 42.0
60.475132 22.314316 1355593165796 41.0
60.475111 22.314248 1355593168772 41.0
60.475103 22.314214 1355593170771 42.0
60.475096 22.314224 1355593172773 40.0
60.475087 22.314178 1355593174786 40.0
60.475066 22.314085 1355593176772 40.0
60.475033 22.313979 1355593178772 41.0
60.475007 22.31387 1355593180773 42.0
60.475008 22.313909 1355593182773 42.0
60.475005 22.313909 1355593184777 41.0
60.474985 22.313822 1355593186787 42.0
60.474979 22.313798 1355593187786 42.0
60.474976 22.313829 1355593189788 42.0
60.474964 22.313773 1355593192786 42.0
60.474956 22.313727 1355593193786 42.0
60.474926 22.31362 1355593196773 42.0
60.474923 22.313637 1355593198773 41.0
60.474919 22.313587 1355593200772 41.0
60.474897 22.313489 1355593202772 43.0
60.474874 22.313418 1355593204772 42.0
60.474883 22.313473 1355593206773 43.0
60.474874 22.313443 1355593208772 43.0
60.474861 22.313333 1355593210772 44.0
60.47484 22.313237 1355593212771 43.0
60.474827 22.313175 1355593214772 44.0
60.474827 22.313186 1355593216772 45.0
60.474821 22.313195 1355593218772 45.0
60.474815 22.31315 1355593219786 45.0
60.474806 22.313078 1355593222774 44.0
60.474806 22.31306 1355593224771 44.0
60.474801 22.313043 1355593226773 42.0
60.474795 22.313013 1355593228772 42.0
60.474794 22.313051 1355593230772 40.0
60.474784 22.31305 1355593232772 39.0
60.474777 22.312971 1355593234772 39.0
60.474767 22.312844 1355593236773 38.0
60.474774 22.312767 1355593238772 38.0
60.474775 22.312768 1355593240773 38.0
60.474774 22.312787 1355593242772 39.0
60.474776 22.312757 1355593244772 39.0
60.474778 22.312662 1355593246771 38.0
60.474778 22.312621 1355593248778 36.0
60.474773 22.312611 1355593249792 36.0
60.47477 22.312577 1355593251825 35.0
60.474764 22.312548 1355593253795 35.0
60.474764 22.312515 1355593255797 35.0
60.474761 22.312503 1355593257831 36.0
60.474761 22.312504 1355593259783 36.0
60.47476 22.312502 1355593261787 36.0
60.474759 22.312459 1355593263803 36.0
60.474755 22.31242 1355593265792 36.0
60.474751 22.312389 1355593267785 37.0
60.474756 22.312325 1355593269786 38.0
60.474755 22.312303 1355593271790 38.0
60.474755 22.312303 1355593273794 38.0
60.474756 22.312283 1355593275838 38.0
60.474754 22.312233 1355593277788 38.0
60.474754 22.312197 1355593279796 39.0
60.474756 22.312142 1355593281806 40.0
60.474752 22.312081 1355593283789 40.0
60.474752 22.312013 1355593285795 41.0
60.474751 22.311954 1355593287806 41.0
60.474749 22.311894 1355593289784 41.0
60.474741 22.311841 1355593291785 41.0
60.47474 22.311793 1355593293788 41.0
60.474741 22.311741 1355593295784 42.0
60.474733 22.311691 1355593297786 42.0
60.474722 22.311647 1355593299795 41.0
60.47472 22.311592 1355593301806 40.0
60.474718 22.311538 1355593303795 40.0
60.474709 22.311484 1355593305792 39.0
60.474705 22.311426 1355593307790 39.0
60.474704 22.311369 1355593309792 39.0
60.4747 22.311318 1355593312790 38.0
60.474696 22.311272 1355593314773 39.0
60.474691 22.311228 1355593316773 37.0
60.474675 22.311186 1355593318792 36.0
60.474675 22.311152 1355593319792 36.0
60.47467 22.311091 1355593321796 36.0
60.474669 22.311016 1355593323798 37.0
60.474672 22.310955 1355593325790 36.0
60.474668 22.310904 1355593327793 35.0
60.474663 22.310848 1355593329793 35.0
60.474658 22.310793 1355593331795 35.0
60.474663 22.310733 1355593333794 35.0
60.474664 22.310681 1355593335812 36.0
60.474668 22.310616 1355593337791 37.0
60.47467 22.310558 1355593339793 37.0
60.474673 22.310498 1355593341813 36.0
60.47467 22.310447 1355593343792 36.0
60.474665 22.310432 1355593345799 36.0
60.474663 22.31043 1355593347829 36.0
60.474653 22.310401 1355593349791 35.0
60.47463 22.310356 1355593351784 35.0
60.474592 22.31027 1355593354773 35.0
60.474557 22.310232 1355593356790 35.0
60.474521 22.310192 1355593358772 36.0
60.474481 22.310156 1355593360773 37.0
60.47446 22.310136 1355593361790 38.0
60.47439 22.310044 1355593364774 39.0
60.474352 22.309991 1355593366775 40.0
60.474303 22.309932 1355593368773 42.0
60.474258 22.30988 1355593370771 43.0
60.474236 22.309864 1355593372771 44.0
60.474224 22.309861 1355593373784 44.0
60.474204 22.309862 1355593376773 45.0
60.474203 22.309859 1355593378773 46.0
60.474207 22.30987 1355593380773 46.0
60.474216 22.309881 1355593382773 49.0
60.474197 22.309878 1355593384773 50.0
60.474188 22.309869 1355593385791 51.0
60.474159 22.309883 1355593388778 48.0
60.474109 22.309855 1355593391772 48.0
60.47405 22.309764 1355593394774 49.0
60.474014 22.309692 1355593396773 50.0
60.474002 22.309648 1355593397784 51.0
60.474009 22.309555 1355593399786 50.0
60.474039 22.30949 1355593402776 50.0
60.474043 22.309487 1355593403784 50.0
60.474039 22.309515 1355593406773 49.0
60.474038 22.309544 1355593408773 48.0
60.474035 22.309578 1355593410777 47.0
60.474041 22.30959 1355593411787 47.0
60.474038 22.309599 1355593413789 45.0
60.474041 22.309593 1355593415787 45.0
60.47404 22.309543 1355593417786 46.0
60.474066 22.309443 1355593420772 46.0
60.474106 22.3094 1355593422773 48.0
60.474154 22.309369 1355593424826 50.0
60.47418 22.30936 1355593425786 51.0
60.47424 22.309349 1355593427789 52.0
60.47429 22.309321 1355593429788 55.0
60.474334 22.309309 1355593431783 57.0
60.474379 22.309288 1355593434773 55.0
60.474411 22.309265 1355593436773 55.0
60.474451 22.309251 1355593438772 55.0
60.474486 22.309234 1355593440772 57.0
60.474516 22.309215 1355593442783 58.0
60.474536 22.309207 1355593444774 57.0
60.474544 22.309205 1355593446771 55.0
60.47455 22.309198 1355593447787 54.0
60.474546 22.309178 1355593450774 52.0
60.474546 22.309175 1355593451784 52.0
60.474548 22.309168 1355593454773 50.0
60.474557 22.309166 1355593456787 49.0
60.474557 22.309161 1355593457789 49.0
60.474567 22.309147 1355593460772 48.0
60.474574 22.309143 1355593462773 47.0
60.474587 22.309139 1355593464786 46.0
60.474593 22.309133 1355593465786 45.0
60.47461 22.309109 1355593468774 44.0
60.474617 22.30911 1355593470773 44.0
60.474628 22.309111 1355593472786 44.0
60.474658 22.309092 1355593474774 43.0
60.474685 22.309074 1355593475797 42.0
60.474728 22.309075 1355593477810 42.0
60.474768 22.309076 1355593479800 43.0
60.474805 22.309066 1355593481793 43.0
60.474839 22.309063 1355593483797 44.0
60.474875 22.309042 1355593485847 44.0
60.474909 22.309022 1355593487790 44.0
60.474957 22.309002 1355593490788 44.0
60.474988 22.308994 1355593492787 45.0
60.475004 22.308979 1355593493790 44.0
60.475079 22.308957 1355593496773 43.0
60.475108 22.30889 1355593498772 43.0
60.47516 22.308851 1355593500772 43.0
60.475188 22.308847 1355593502776 43.0
60.475202 22.30884 1355593503790 42.0
60.475244 22.308823 1355593506774 41.0
60.475251 22.308817 1355593508790 38.0
60.475244 22.308813 1355593510773 37.0
60.475241 22.308803 1355593512772 36.0
60.475243 22.308804 1355593513787 36.0
60.475239 22.308811 1355593516784 35.0
60.475238 22.308823 1355593517786 34.0
60.475252 22.308785 1355593519802 35.0
60.475266 22.308736 1355593521801 35.0
60.475277 22.308689 1355593523792 35.0
60.475297 22.308632 1355593525795 35.0
60.47531 22.308575 1355593527800 34.0
60.475319 22.308519 1355593531364 33.0
60.475325 22.308493 1355593532367 33.0
60.475345 22.308413 1355593534351 33.0
60.475372 22.308306 1355593536350 35.0
60.475395 22.308194 1355593538350 37.0
60.475411 22.308079 1355593540349 38.0
60.475436 22.307983 1355593542350 39.0
60.475462 22.307886 1355593544350 39.0
60.47549 22.307774 1355593546354 40.0
60.475501 22.307737 1355593548351 41.0
60.475513 22.307707 1355593550363 41.0
60.475523 22.307691 1355593552349 42.0
60.475519 22.307704 1355593554363 42.0
60.47552 22.307708 1355593556348 42.0
60.475518 22.307717 1355593558359 42.0
60.475517 22.307725 1355593560346 42.0
60.475519 22.307733 1355593562348 42.0
60.475525 22.307729 1355593564349 42.0
60.475526 22.307725 1355593566365 42.0
60.475525 22.307715 1355593568361 42.0
60.475524 22.307713 1355593570350 42.0
60.475538 22.307711 1355593572350 41.0
60.475561 22.307697 1355593574350 44.0
60.475599 22.30771 1355593576359 46.0
60.475621 22.307731 1355593578362 45.0
60.47564 22.30774 1355593580379 44.0
60.475671 22.30775 1355593582375 45.0
60.475705 22.307746 1355593584385 46.0
60.475735 22.307756 1355593586389 47.0
60.47578 22.307778 1355593588373 47.0
60.475817 22.307901 1355593590367 47.0
60.475852 22.307906 1355593592368 48.0
60.475883 22.307911 1355593594366 48.0
60.475907 22.307901 1355593596368 47.0
60.475941 22.30791 1355593598365 47.0
60.475979 22.307911 1355593600364 47.0
60.476008 22.307934 1355593602370 48.0
60.476034 22.307959 1355593604375 49.0
60.476064 22.308007 1355593606354 49.0
60.476105 22.307971 1355593608360 49.0
60.47615 22.307971 1355593610371 47.0
60.476174 22.308002 1355593612372 46.0
60.476201 22.308041 1355593614372 46.0
60.476224 22.308085 1355593616373 47.0
60.476245 22.308122 1355593618372 47.0
60.47626 22.308159 1355593620378 47.0
60.476277 22.308206 1355593622368 47.0
60.476293 22.308246 1355593624368 47.0
60.476306 22.308255 1355593626355 48.0
60.476318 22.308269 1355593628351 48.0
60.476325 22.308281 1355593630353 48.0
60.476338 22.308297 1355593632352 48.0
60.476347 22.308327 1355593634352 48.0
60.476363 22.308351 1355593636351 49.0
60.476379 22.308393 1355593638351 48.0
60.476383 22.308403 1355593640350 47.0
60.476385 22.308404 1355593642351 46.0
60.476388 22.308387 1355593644358 48.0
60.476385 22.308396 1355593646350 46.0
60.476379 22.308414 1355593648375 45.0
60.476385 22.308455 1355593650350 45.0
60.476388 22.308471 1355593652351 44.0
60.476402 22.308546 1355593654363 44.0
60.476403 22.308632 1355593656350 43.0
60.476395 22.308724 1355593658350 44.0
60.476389 22.308802 1355593660363 45.0
60.476396 22.308857 1355593662353 44.0
60.476386 22.308916 1355593664364 46.0
60.476382 22.308959 1355593666374 46.0
60.476373 22.308994 1355593668377 46.0
60.476372 22.30904 1355593670382 43.0
60.47636 22.30908 1355593672369 43.0
60.476348 22.309114 1355593674373 42.0
60.476333 22.309167 1355593676374 41.0
60.476317 22.30921 1355593678379 39.0
60.476308 22.309267 1355593680368 38.0
60.476292 22.309312 1355593682368 37.0
60.476276 22.309368 1355593684370 35.0
60.47626 22.309422 1355593686369 35.0
60.476244 22.30948 1355593688369 35.0
60.476227 22.309549 1355593690366 35.0
60.476219 22.309616 1355593692385 35.0
60.476204 22.309681 1355593694373 34.0
60.476195 22.309732 1355593696370 34.0
60.476183 22.309794 1355593698383 34.0
60.476172 22.309849 1355593700374 34.0
60.476177 22.309867 1355593702359 34.0
60.47618 22.309872 1355593704352 35.0
60.476192 22.309902 1355593706364 35.0
60.476181 22.30997 1355593708355 35.0
60.476178 22.310022 1355593710352 37.0
60.476174 22.310078 1355593712356 38.0
60.476155 22.310144 1355593714352 39.0
60.476131 22.310226 1355593716353 40.0
60.476112 22.310299 1355593718353 40.0
60.476102 22.310358 1355593720351 41.0
60.4761 22.310387 1355593722352 42.0
60.476099 22.310395 1355593724366 42.0
60.4761 22.310401 1355593726352 42.0
60.476105 22.310412 1355593728352 42.0
60.476099 22.310422 1355593730352 42.0
60.476087 22.310456 1355593732352 40.0
60.476085 22.310471 1355593734354 40.0
60.476078 22.310488 1355593736357 39.0
60.476068 22.310504 1355593738351 38.0
60.476061 22.310543 1355593740353 38.0
60.476049 22.310604 1355593742352 39.0
60.476028 22.310689 1355593744353 37.0
60.476013 22.310773 1355593746353 37.0
60.475997 22.310867 1355593748353 38.0
60.475988 22.310949 1355593750352 40.0
60.475973 22.31103 1355593752353 43.0
60.475951 22.311139 1355593754352 43.0
60.475928 22.311232 1355593756353 45.0
60.475904 22.31132 1355593758352 45.0
60.475867 22.311411 1355593760352 45.0
60.475843 22.311502 1355593762351 45.0
60.47582 22.311556 1355593764351 47.0
60.475796 22.311605 1355593766350 46.0
60.475773 22.311647 1355593768368 45.0
60.475751 22.311673 1355593770372 44.0
60.475729 22.311707 1355593772373 44.0
60.475703 22.311738 1355593774372 44.0
60.475676 22.311757 1355593776374 44.0
60.475648 22.311781 1355593778374 44.0
60.475622 22.311794 1355593780370 43.0
60.475629 22.311799 1355593782353 42.0
60.475649 22.31179 1355593784353 42.0
60.475644 22.311799 1355593786352 43.0
60.475614 22.311838 1355593788352 40.0
60.475579 22.311852 1355593790352 41.0
60.47555 22.311876 1355593792352 40.0
60.475526 22.311902 1355593794353 39.0
60.475513 22.311915 1355593796351 38.0
60.475517 22.311921 1355593798351 38.0
60.475522 22.311934 1355593800352 38.0
60.475509 22.311948 1355593802353 38.0
60.475485 22.311959 1355593804352 37.0
60.475468 22.311979 1355593806353 36.0
60.475461 22.311987 1355593808354 36.0
60.475425 22.312021 1355593810352 33.0
60.475395 22.312049 1355593812354 34.0
60.475356 22.312069 1355593814368 35.0
60.475321 22.312094 1355593816353 35.0
60.475275 22.312112 1355593818362 36.0
60.475184 22.312157 1355593821352 34.0
60.475113 22.312173 1355593823377 34.0
60.475077 22.312189 1355593824371 35.0
60.475018 22.312207 1355593826362 36.0
60.474965 22.312213 1355593828352 38.0
60.474914 22.312209 1355593830353 40.0
60.474858 22.312229 1355593832352 43.0
60.474832 22.312238 1355593834353 41.0
60.474796 22.312252 1355593836352 41.0
60.474759 22.312256 1355593838353 43.0
60.474737 22.312272 1355593840353 44.0
60.474725 22.312286 1355593842386 43.0