62.769915 30.973188 1362565530000 155.0
62.769932 30.97315 1362565597000 157.0
62.76994 30.973169 1362565599000 160.0
62.769975 30.973226 1362565609000 161.0
62.769954 30.973207 1362565613000 159.0
62.76994 30.973202 1362565615000 159.0
62.769935 30.973185 1362565617000 159.0
62.769936 30.973169 1362565619000 159.0
62.769937 30.973161 1362565620000 159.0
62.769937 30.973161 1362565641000 158.0
62.769937 30.973161 1362565671000 159.0
62.769932 30.973238 1362565679000 160.0
62.769894 30.973301 1362565681000 161.0
62.769853 30.973401 1362565683000 161.0
62.769818 30.973526 1362565685000 159.0
62.769788 30.973643 1362565687000 159.0
62.769759 30.973775 1362565689000 159.0
62.769751 30.973952 1362565691000 156.0
62.769745 30.97409 1362565693000 157.0
62.769762 30.974231 1362565695000 159.0
62.769772 30.974413 1362565697000 160.0
62.769783 30.974689 1362565699000 157.0
62.769782 30.974904 1362565701000 155.0
62.769783 30.975155 1362565703000 156.0
62.769789 30.975383 1362565705000 156.0
62.769799 30.975593 1362565707000 157.0
62.769771 30.975838 1362565709000 155.0
62.769791 30.976045 1362565711000 154.0
62.769808 30.976196 1362565713000 154.0
62.769829 30.976359 1362565715000 154.0
62.769846 30.976522 1362565717000 154.0
62.76986 30.976659 1362565719000 154.0
62.769877 30.976727 1362565721000 154.0
62.769891 30.976794 1362565723000 153.0
62.769908 30.976858 1362565725000 154.0
62.769946 30.976953 1362565727000 153.0
62.769985 30.977048 1362565729000 153.0
62.770042 30.977168 1362565731000 154.0
62.770102 30.977288 1362565733000 153.0
62.770166 30.977407 1362565735000 152.0
62.770222 30.977514 1362565737000 152.0
62.770278 30.977605 1362565739000 151.0
62.770328 30.977686 1362565741000 152.0
62.770376 30.977768 1362565743000 153.0
62.770421 30.977845 1362565745000 153.0
62.770463 30.977919 1362565747000 154.0
62.77049 30.977979 1362565749000 154.0
62.770494 30.978026 1362565751000 153.0
62.770489 30.978077 1362565753000 152.0
62.77048 30.978161 1362565755000 153.0
62.77044 30.97829 1362565758000 151.0
62.770419 30.97833 1362565759000 150.0
62.770265 30.978541 1362565761000 152.0
62.770169 30.978747 1362565763000 153.0
62.770015 30.978908 1362565765000 154.0
62.769888 30.97915 1362565767000 154.0
62.769736 30.979439 1362565769000 153.0
62.769567 30.979758 1362565771000 154.0
62.769396 30.980083 1362565773000 153.0
62.769235 30.98039 1362565775000 153.0
62.769066 30.980711 1362565777000 154.0
62.768896 30.981032 1362565779000 153.0
62.768739 30.981342 1362565781000 153.0
62.768586 30.981644 1362565783000 154.0
62.768435 30.981941 1362565785000 155.0
62.768294 30.98222 1362565787000 154.0
62.768169 30.982466 1362565789000 154.0
62.768089 30.98281 1362565791000 155.0
62.768064 30.983097 1362565793000 155.0
62.768032 30.983522 1362565795000 154.0
62.768 30.983938 1362565797000 155.0
62.76796 30.984378 1362565799000 154.0
62.767913 30.984772 1362565801000 156.0
62.767857 30.985207 1362565803000 155.0
62.767798 30.985646 1362565805000 155.0
62.767726 30.98612 1362565807000 156.0
62.767659 30.986534 1362565809000 156.0
62.767587 30.986998 1362565811000 155.0
62.76752 30.987464 1362565813000 153.0
62.767439 30.987842 1362565815000 153.0
62.767254 30.988298 1362565817000 153.0
62.767097 30.988626 1362565819000 154.0
62.766875 30.989049 1362565821000 152.0
62.766677 30.989385 1362565823000 154.0
62.766478 30.989708 1362565825000 153.0
62.766274 30.99003 1362565827000 153.0
62.766072 30.990285 1362565829000 154.0
62.765839 30.990459 1362565831000 156.0
62.765628 30.990599 1362565833000 156.0
62.765399 30.990845 1362565835000 157.0
62.765214 30.991145 1362565837000 155.0
62.765022 30.99147 1362565839000 154.0
62.764885 30.991704 1362565841000 154.0
62.764637 30.991988 1362565843000 155.0
62.764438 30.992216 1362565845000 156.0
62.764218 30.992452 1362565847000 156.0
62.763747 30.992652 1362565851000 157.0
62.763511 30.992666 1362565853000 157.0
62.763285 30.992672 1362565855000 157.0
62.763004 30.992678 1362565857000 156.0
62.762756 30.992687 1362565859000 156.0
62.762516 30.992702 1362565861000 156.0
62.762243 30.992745 1362565863000 155.0
62.761996 30.992836 1362565865000 154.0
62.761745 30.992955 1362565867000 153.0
62.76149 30.99308 1362565869000 153.0
62.761253 30.993189 1362565871000 154.0
62.760995 30.993308 1362565873000 156.0
62.760734 30.993428 1362565875000 155.0
62.760491 30.99354 1362565877000 153.0
62.760235 30.993658 1362565879000 151.0
62.759969 30.99378 1362565881000 150.0
62.759673 30.993917 1362565883000 151.0
62.759391 30.994047 1362565885000 150.0
62.75911 30.994161 1362565887000 150.0
62.758824 30.994262 1362565889000 150.0
62.758518 30.99437 1362565891000 150.0
62.758224 30.994473 1362565893000 150.0
62.757922 30.99458 1362565895000 152.0
62.757625 30.994684 1362565897000 153.0
62.757317 30.994793 1362565899000 154.0
62.75702 30.994899 1362565901000 155.0
62.756708 30.995015 1362565903000 152.0
62.756418 30.995131 1362565905000 151.0
62.756113 30.995259 1362565907000 151.0
62.755815 30.995389 1362565909000 150.0
62.755517 30.995549 1362565911000 150.0
62.755232 30.99564 1362565913000 150.0
62.754952 30.99576 1362565915000 150.0
62.754695 30.995871 1362565917000 150.0
62.754443 30.995988 1362565919000 149.0
62.754184 30.996121 1362565921000 150.0
62.753942 30.996247 1362565923000 150.0
62.753744 30.996351 1362565925000 150.0
62.753551 30.99645 1362565927000 149.0
62.753379 30.996539 1362565929000 149.0
62.753225 30.996638 1362565931000 149.0
62.753135 30.996727 1362565933000 147.0
62.75306 30.996906 1362565935000 144.0
62.752924 30.997253 1362565937000 144.0
62.752849 30.997445 1362565939000 145.0
62.752794 30.997587 1362565941000 147.0
62.752753 30.997691 1362565943000 147.0
62.752742 30.99772 1362565945000 147.0
62.752729 30.997709 1362565947000 146.0
62.752496 30.997535 1362565949000 146.0
62.752379 30.997417 1362565951000 145.0
62.752225 30.997237 1362565953000 146.0
62.752106 30.997108 1362565955000 147.0
62.75185 30.996832 1362565957000 147.0
62.751585 30.996606 1362565959000 147.0
62.751288 30.996472 1362565961000 143.0
62.75097 30.996284 1362565963000 143.0
62.750668 30.996143 1362565965000 143.0
62.75034 30.996003 1362565967000 144.0
62.750014 30.995862 1362565969000 144.0
62.74965 30.995732 1362565971000 143.0
62.749298 30.995655 1362565973000 141.0
62.74895 30.995565 1362565975000 140.0
62.748619 30.995528 1362565977000 140.0
62.748242 30.995518 1362565979000 142.0
62.747853 30.99549 1362565981000 144.0
62.747475 30.995461 1362565983000 145.0
62.747093 30.995461 1362565985000 146.0
62.746694 30.995463 1362565987000 146.0
62.746307 30.99548 1362565989000 145.0
62.745913 30.995526 1362565991000 144.0
62.745524 30.99563 1362565993000 143.0
62.74495 30.995774 1362565996000 143.0
62.744739 30.995791 1362565997000 144.0
62.74434 30.995908 1362565999000 144.0
62.743941 30.996016 1362566001000 143.0
62.743541 30.996118 1362566003000 144.0
62.74315 30.996232 1362566005000 144.0
62.74276 30.996354 1362566007000 145.0
62.742368 30.99648 1362566009000 145.0
62.741975 30.996615 1362566011000 146.0
62.741586 30.99676 1362566013000 146.0
62.741193 30.996901 1362566015000 146.0
62.740803 30.997032 1362566017000 146.0
62.740402 30.997168 1362566019000 146.0
62.740007 30.997282 1362566021000 147.0
62.739592 30.997418 1362566023000 147.0
62.739189 30.997541 1362566025000 147.0
62.738785 30.997671 1362566027000 147.0
62.738402 30.997824 1362566029000 146.0
62.737987 30.997932 1362566031000 146.0
62.737595 30.998063 1362566033000 145.0
62.737199 30.998199 1362566035000 146.0
62.736819 30.998321 1362566037000 146.0
62.73643 30.998449 1362566039000 146.0
62.736046 30.99858 1362566041000 144.0
62.735653 30.998716 1362566043000 144.0
62.735277 30.998838 1362566045000 143.0
62.734878 30.998953 1362566047000 143.0
62.7345 30.999078 1362566049000 143.0
62.734112 30.999201 1362566051000 143.0
62.733725 30.999311 1362566053000 142.0
62.73332 30.999425 1362566055000 142.0
62.732933 30.999525 1362566057000 141.0
62.724369 30.999919 1362566101000 139.0
62.724004 30.999923 1362566103000 141.0
62.723616 30.999902 1362566105000 142.0
62.723236 30.999903 1362566107000 143.0
62.722864 30.999922 1362566109000 142.0
62.722481 30.999936 1362566111000 142.0
62.722068 30.999981 1362566113000 143.0
62.721684 31.000092 1362566115000 142.0
62.721269 31.000165 1362566117000 142.0
62.720853 31.000248 1362566119000 142.0
62.720443 31.000333 1362566121000 142.0
62.720033 31.000445 1362566123000 142.0
62.719648 31.000554 1362566125000 142.0
62.719247 31.000666 1362566127000 142.0
62.718867 31.000851 1362566129000 142.0
62.7185 31.001028 1362566131000 141.0
62.71813 31.001214 1362566133000 141.0
62.717956 31.001303 1362566134000 141.0
62.717404 31.001622 1362566137000 141.0
62.716979 31.001885 1362566139000 141.0
62.716582 31.002157 1362566141000 141.0
62.710972 31.005513 1362566171000 139.0
62.710621 31.00547 1362566173000 146.0
62.710218 31.005319 1362566175000 146.0
62.709831 31.00517 1362566177000 148.0
62.709443 31.005017 1362566179000 150.0
62.709078 31.004844 1362566181000 150.0
62.708719 31.004636 1362566183000 150.0
62.70836 31.004417 1362566185000 150.0
62.708004 31.004167 1362566187000 150.0
62.707649 31.003854 1362566189000 151.0
62.707279 31.003499 1362566191000 151.0
62.706868 31.003127 1362566193000 147.0
62.706498 31.002782 1362566195000 146.0
62.706123 31.00244 1362566197000 146.0
62.705737 31.00208 1362566199000 146.0
62.705361 31.001784 1362566201000 146.0
62.705001 31.001458 1362566203000 146.0
62.704649 31.001137 1362566205000 144.0
62.704259 31.000791 1362566207000 144.0
62.703899 31.000446 1362566209000 144.0
62.703528 31.000064 1362566211000 144.0
62.703175 30.999732 1362566213000 144.0
62.702802 30.999319 1362566215000 142.0
62.702435 30.998923 1362566217000 142.0
62.702061 30.998494 1362566219000 143.0
62.701692 30.998083 1362566221000 143.0
62.701361 30.997651 1362566223000 145.0
62.701041 30.997198 1362566225000 147.0
62.70072 30.996767 1362566227000 147.0
62.700395 30.99629 1362566229000 147.0
62.700093 30.99584 1362566231000 148.0
62.699655 30.995151 1362566234000 149.0
62.699357 30.994686 1362566236000 151.0
62.699044 30.994165 1362566238000 151.0
62.698748 30.993631 1362566240000 152.0
62.698453 30.993094 1362566242000 152.0
62.698156 30.992537 1362566244000 151.0
62.697851 30.991959 1362566246000 150.0
62.697568 30.991371 1362566248000 150.0
62.697283 30.990776 1362566250000 150.0
62.696985 30.990173 1362566252000 148.0
62.69671 30.989587 1362566254000 146.0
62.696431 30.988995 1362566256000 144.0
62.696158 30.988433 1362566258000 146.0
62.695829 30.987741 1362566260000 147.0
62.695536 30.987113 1362566262000 146.0
62.695249 30.986497 1362566264000 147.0
62.694966 30.985925 1362566266000 148.0
62.694647 30.98534 1362566268000 148.0
62.694338 30.9848 1362566270000 150.0
62.694036 30.984267 1362566272000 150.0
62.693734 30.983768 1362566274000 151.0
62.693437 30.9833 1362566276000 152.0
62.693125 30.982832 1362566278000 152.0
62.69282 30.982397 1362566280000 151.0
62.692503 30.981965 1362566282000 150.0
62.69217 30.981509 1362566284000 149.0
62.691827 30.981064 1362566286000 149.0
62.691488 30.98066 1362566288000 148.0
62.69115 30.980267 1362566290000 148.0
62.690806 30.97989 1362566292000 147.0
62.690452 30.979515 1362566294000 148.0
62.690091 30.979142 1362566296000 148.0
62.68976 30.97881 1362566298000 149.0
62.68942 30.978502 1362566300000 150.0
62.689059 30.978198 1362566302000 150.0
62.688698 30.977918 1362566304000 149.0
62.688336 30.977663 1362566306000 149.0
62.687959 30.977373 1362566308000 147.0
62.687601 30.977106 1362566310000 146.0
62.687242 30.976846 1362566312000 146.0
62.686906 30.9766 1362566314000 145.0
62.686594 30.976374 1362566316000 147.0
62.686293 30.976148 1362566318000 149.0
62.68603 30.97596 1362566320000 151.0
62.685781 30.97577 1362566322000 151.0
62.685513 30.975577 1362566324000 150.0
62.685254 30.975392 1362566326000 150.0
62.68502 30.975233 1362566328000 150.0
62.684771 30.97506 1362566330000 151.0
62.684481 30.974819 1362566332000 150.0
62.684192 30.974604 1362566334000 148.0
62.683907 30.974372 1362566336000 147.0
62.683609 30.974173 1362566338000 146.0
62.68332 30.973976 1362566340000 146.0
62.683007 30.97376 1362566342000 145.0
62.682729 30.973587 1362566344000 145.0
62.682437 30.973347 1362566346000 146.0
62.682161 30.973148 1362566348000 145.0
62.681871 30.972934 1362566350000 146.0
62.681573 30.972735 1362566352000 146.0
62.681269 30.972501 1362566354000 146.0
62.680957 30.972302 1362566356000 148.0
62.68065 30.972101 1362566358000 148.0
62.680345 30.971861 1362566360000 148.0
62.68006 30.971638 1362566362000 148.0
62.67976 30.971435 1362566364000 147.0
62.679425 30.971192 1362566366000 148.0
62.679126 30.971 1362566368000 148.0
62.678835 30.970771 1362566370000 148.0
62.67848 30.970538 1362566372000 148.0
62.678186 30.970286 1362566374000 148.0
62.6779 30.96997 1362566376000 148.0
62.677623 30.969617 1362566378000 148.0
62.677335 30.969225 1362566380000 148.0
62.677065 30.9688 1362566382000 149.0
62.676789 30.968283 1362566384000 149.0
62.676541 30.967779 1362566386000 149.0
62.676304 30.967234 1362566388000 150.0
62.676082 30.966621 1362566390000 150.0
62.675895 30.966051 1362566392000 150.0
62.675708 30.965455 1362566394000 150.0
62.675565 30.964784 1362566396000 150.0
62.675453 30.964187 1362566398000 150.0
62.675323 30.963579 1362566400000 152.0
62.67523 30.963015 1362566402000 153.0
62.675127 30.962427 1362566404000 154.0
62.674989 30.961819 1362566406000 154.0
62.674889 30.96129 1362566408000 154.0
62.674792 30.96073 1362566410000 153.0
62.6747 30.960154 1362566412000 153.0
62.674591 30.959582 1362566414000 153.0
62.674497 30.959032 1362566416000 153.0
62.674417 30.958553 1362566418000 153.0
62.674329 30.958073 1362566420000 153.0
62.674233 30.957535 1362566422000 154.0
62.674148 30.957064 1362566424000 154.0
62.67408 30.956604 1362566426000 155.0
62.674 30.956165 1362566428000 155.0
62.67393 30.955747 1362566430000 155.0
62.673857 30.955354 1362566432000 156.0
62.67378 30.954913 1362566434000 155.0
62.673731 30.954612 1362566436000 155.0
62.673652 30.954034 1362566438000 155.0
62.673618 30.953596 1362566440000 156.0
62.673605 30.953161 1362566442000 155.0
62.673594 30.95265 1362566444000 154.0
62.673631 30.95216 1362566446000 154.0
62.673669 30.951661 1362566448000 154.0
62.673717 30.951219 1362566450000 154.0
62.673761 30.950815 1362566452000 154.0
62.6738 30.950469 1362566454000 152.0
62.673846 30.950167 1362566456000 153.0
62.673879 30.949915 1362566458000 154.0
62.673909 30.949723 1362566460000 154.0
62.673943 30.949584 1362566462000 153.0
62.673958 30.949479 1362566464000 152.0
62.673973 30.949429 1362566466000 152.0
62.673985 30.949435 1362566468000 153.0
62.673982 30.949453 1362566470000 153.0
62.673962 30.949466 1362566472000 153.0
62.673965 30.949526 1362566474000 153.0
62.673998 30.94952 1362566476000 153.0
62.673948 30.949719 1362566478000 153.0
62.673935 30.949815 1362566480000 152.0
62.673942 30.949764 1362566482000 152.0
62.673689 30.949204 1362566484000 152.0
62.673347 30.948676 1362566486000 151.0
62.673103 30.948325 1362566488000 150.0
62.672817 30.947918 1362566490000 150.0
62.672594 30.947596 1362566492000 150.0
62.672328 30.947169 1362566494000 150.0
62.672103 30.946768 1362566496000 151.0
62.671868 30.946384 1362566498000 150.0
62.671652 30.945999 1362566500000 149.0
62.671422 30.945599 1362566502000 149.0
62.67122 30.945221 1362566504000 150.0
62.671011 30.944813 1362566506000 150.0
62.670802 30.944399 1362566508000 150.0
62.670568 30.943978 1362566510000 150.0
62.670358 30.943597 1362566512000 150.0
62.670144 30.943208 1362566514000 150.0
62.669937 30.942796 1362566516000 149.0
62.669715 30.942428 1362566518000 148.0
62.669512 30.942058 1362566520000 148.0
62.6693 30.941669 1362566522000 148.0
62.669109 30.941311 1362566524000 149.0
62.668928 30.940978 1362566526000 148.0
62.668737 30.940656 1362566528000 149.0
62.668569 30.940358 1362566530000 149.0
62.668439 30.940149 1362566532000 148.0
62.668315 30.939961 1362566534000 148.0
62.668248 30.939842 1362566536000 147.0
62.668188 30.939714 1362566538000 148.0
62.668147 30.939576 1362566540000 148.0
62.668117 30.939376 1362566542000 147.0
62.668124 30.93934 1362566544000 147.0
62.668117 30.939307 1362566546000 147.0
62.668089 30.939336 1362566548000 148.0
62.667991 30.939178 1362566550000 148.0
62.667963 30.939093 1362566552000 149.0
62.667658 30.938637 1362566554000 148.0
62.667525 30.938418 1362566556000 147.0
62.667315 30.93809 1362566558000 146.0
62.667147 30.937823 1362566560000 147.0
62.666937 30.937488 1362566562000 147.0
62.666735 30.937222 1362566564000 147.0
62.666512 30.937021 1362566566000 147.0
62.666284 30.936783 1362566568000 146.0
62.666002 30.936617 1362566570000 151.0
62.665764 30.936467 1362566572000 152.0
62.665506 30.936345 1362566574000 153.0
62.665239 30.936227 1362566576000 151.0
62.664959 30.936115 1362566578000 152.0
62.664685 30.93604 1362566580000 153.0
62.664411 30.935962 1362566582000 153.0
62.664157 30.93595 1362566584000 153.0
62.663887 30.935925 1362566586000 152.0
62.663625 30.935876 1362566588000 153.0
62.663329 30.935807 1362566590000 154.0
62.663094 30.935696 1362566592000 154.0
62.662822 30.935594 1362566594000 154.0
62.662562 30.935486 1362566596000 155.0
62.66223 30.935401 1362566598000 157.0
62.66195 30.935285 1362566600000 157.0
62.661649 30.935138 1362566602000 156.0
62.661357 30.934985 1362566604000 155.0
62.661059 30.934735 1362566606000 158.0
62.660774 30.934491 1362566608000 159.0
62.66049 30.93423 1362566610000 161.0
62.660205 30.933927 1362566612000 161.0
62.659934 30.93368 1362566614000 165.0
62.659658 30.933449 1362566616000 166.0
62.659371 30.933266 1362566618000 166.0
62.659078 30.933117 1362566620000 167.0
62.658809 30.933067 1362566622000 167.0
62.65852 30.933033 1362566624000 167.0
62.658203 30.933016 1362566626000 166.0
62.657898 30.933051 1362566628000 166.0
62.657596 30.933132 1362566630000 166.0
62.657289 30.933251 1362566632000 163.0
62.656987 30.933437 1362566634000 162.0
62.656662 30.933632 1362566636000 162.0
62.656376 30.933849 1362566638000 162.0
62.656086 30.934081 1362566640000 162.0
62.655793 30.934341 1362566642000 161.0
62.655541 30.934593 1362566644000 161.0
62.655265 30.934903 1362566646000 162.0
62.654975 30.935182 1362566648000 161.0
62.654678 30.935441 1362566650000 160.0
62.654382 30.935676 1362566652000 159.0
62.654056 30.935887 1362566654000 159.0
62.653757 30.936098 1362566656000 159.0
62.653418 30.936243 1362566658000 157.0
62.653086 30.936301 1362566660000 160.0
62.652765 30.936286 1362566662000 160.0
62.652422 30.936271 1362566664000 160.0
62.652081 30.936186 1362566666000 160.0
62.651734 30.936032 1362566668000 160.0
62.65145 30.935806 1362566670000 161.0
62.651138 30.935569 1362566672000 160.0
62.650835 30.935389 1362566674000 161.0
62.650491 30.93518 1362566676000 161.0
62.6502 30.934964 1362566678000 163.0
62.64991 30.934762 1362566680000 163.0
62.649626 30.934529 1362566682000 164.0
62.649315 30.934332 1362566684000 163.0
62.648994 30.934091 1362566686000 163.0
62.64868 30.933815 1362566688000 162.0
62.648357 30.933506 1362566690000 161.0
62.648035 30.933168 1362566692000 159.0
62.647725 30.932806 1362566694000 160.0
62.647402 30.932392 1362566696000 160.0
62.647081 30.931969 1362566698000 160.0
62.646762 30.931512 1362566700000 160.0
62.646456 30.930951 1362566702000 162.0
62.646161 30.930384 1362566704000 163.0
62.645875 30.92983 1362566706000 163.0
62.645585 30.929241 1362566708000 163.0
62.645291 30.928632 1362566710000 163.0
62.645009 30.928082 1362566712000 163.0
62.644711 30.927488 1362566714000 161.0
62.644397 30.926848 1362566716000 157.0
62.644088 30.926229 1362566718000 155.0
62.64378 30.925641 1362566720000 155.0
62.643472 30.925001 1362566722000 155.0
62.643166 30.92435 1362566724000 155.0
62.642837 30.923764 1362566726000 155.0
62.642529 30.923139 1362566728000 154.0
62.642252 30.922574 1362566730000 155.0
62.641918 30.921921 1362566732000 155.0
62.641598 30.921299 1362566734000 154.0
62.641293 30.920679 1362566736000 154.0
62.640982 30.920032 1362566738000 154.0
62.640675 30.919381 1362566740000 154.0
62.640398 30.918715 1362566742000 154.0
62.640135 30.917991 1362566744000 154.0
62.639841 30.917322 1362566746000 153.0
62.639552 30.91665 1362566748000 154.0
62.639268 30.91595 1362566750000 153.0
62.638973 30.915262 1362566752000 151.0
62.638694 30.914636 1362566754000 150.0
62.638407 30.913933 1362566756000 148.0
62.638121 30.913246 1362566758000 150.0
62.637861 30.912596 1362566760000 150.0
62.637576 30.91192 1362566762000 150.0
62.637299 30.911269 1362566764000 149.0
62.637006 30.910561 1362566766000 149.0
62.636721 30.909889 1362566768000 149.0
62.636446 30.909222 1362566770000 149.0
62.636156 30.908541 1362566772000 150.0
62.635875 30.90784 1362566774000 150.0
62.635599 30.907126 1362566776000 151.0
62.635323 30.906483 1362566778000 152.0
62.63504 30.905805 1362566780000 153.0
62.634765 30.905149 1362566782000 154.0
62.634496 30.904486 1362566784000 154.0
62.634203 30.903832 1362566786000 153.0
62.633927 30.903214 1362566788000 153.0
62.63366 30.902653 1362566790000 153.0
62.633401 30.902126 1362566792000 153.0
62.633115 30.901551 1362566794000 153.0
62.632827 30.900817 1362566796000 153.0
62.632525 30.89997 1362566798000 153.0
62.632183 30.899194 1362566800000 153.0
62.631946 30.898506 1362566802000 153.0
62.63172 30.89784 1362566804000 153.0
62.631442 30.897114 1362566806000 153.0
62.631142 30.89642 1362566808000 153.0
62.630875 30.895663 1362566810000 153.0
62.630633 30.895008 1362566812000 152.0
62.63037 30.894378 1362566814000 153.0
62.630102 30.893735 1362566816000 152.0
62.629853 30.89314 1362566818000 152.0
62.629633 30.892614 1362566820000 152.0
62.629384 30.892018 1362566822000 152.0
62.629028 30.891164 1362566824000 152.0
62.628749 30.890489 1362566826000 152.0
62.628492 30.889873 1362566828000 152.0
62.628253 30.889285 1362566830000 152.0
62.627884 30.888328 1362566832000 152.0
62.627659 30.887689 1362566834000 152.0
62.627387 30.886895 1362566836000 152.0
62.627108 30.886112 1362566838000 152.0
62.626846 30.885224 1362566840000 152.0
62.626609 30.884469 1362566842000 152.0
62.626377 30.883764 1362566844000 152.0
62.626136 30.883 1362566846000 152.0
62.625947 30.882381 1362566848000 152.0
62.625749 30.881559 1362566850000 152.0
62.625548 30.880688 1362566852000 152.0
62.624058 30.867772 1362566880000 153.0
62.624015 30.866871 1362566882000 154.0
62.623982 30.865942 1362566884000 152.0
62.623947 30.865015 1362566886000 151.0
62.623911 30.864097 1362566888000 151.0
62.623873 30.863264 1362566890000 150.0
62.623843 30.862396 1362566892000 151.0
62.623801 30.861542 1362566894000 150.0
62.623769 30.860591 1362566896000 149.0
62.623731 30.859721 1362566898000 150.0
62.623656 30.858836 1362566900000 151.0
62.62362 30.85797 1362566902000 152.0
62.623582 30.857095 1362566904000 152.0
62.623538 30.856243 1362566906000 151.0
62.623473 30.85527 1362566908000 150.0
62.623385 30.854348 1362566910000 151.0
62.623306 30.853512 1362566912000 150.0
62.623177 30.852653 1362566914000 151.0
62.623056 30.851809 1362566916000 152.0
62.622924 30.85096 1362566918000 152.0
62.622785 30.850089 1362566920000 153.0
62.622654 30.849288 1362566922000 154.0
62.622494 30.848461 1362566924000 153.0
62.622315 30.847639 1362566926000 154.0
62.622146 30.846839 1362566928000 156.0
62.621988 30.846111 1362566930000 156.0
62.621797 30.845326 1362566932000 156.0
62.621595 30.844525 1362566934000 157.0
62.621379 30.843734 1362566936000 156.0
62.621174 30.842972 1362566938000 155.0
62.620946 30.84222 1362566940000 156.0
62.620725 30.84144 1362566942000 156.0
62.620498 30.840664 1362566944000 156.0
62.620279 30.839866 1362566946000 157.0
62.620055 30.839085 1362566948000 157.0
62.619836 30.83829 1362566950000 157.0
62.619624 30.837483 1362566952000 156.0
62.619404 30.836684 1362566954000 156.0
62.619182 30.835896 1362566956000 157.0
62.618959 30.835111 1362566958000 157.0
62.618742 30.83438 1362566960000 157.0
62.618508 30.833591 1362566962000 157.0
62.618284 30.832822 1362566964000 157.0
62.61806 30.832046 1362566966000 157.0
62.617843 30.831301 1362566968000 157.0
62.617648 30.830563 1362566970000 156.0
62.617431 30.829787 1362566972000 156.0
62.617266 30.829201 1362566974000 156.0
62.61274 30.816291 1362567008000 155.0
62.612498 30.815649 1362567010000 155.0
62.612223 30.814985 1362567012000 155.0
62.611923 30.81418 1362567014000 155.0
62.6116 30.813378 1362567016000 156.0
62.611309 30.812715 1362567018000 156.0
62.611053 30.81207 1362567020000 156.0
62.610765 30.811277 1362567022000 155.0
62.610535 30.810566 1362567024000 155.0
62.610222 30.809684 1362567026000 155.0
62.60993 30.808907 1362567028000 155.0
62.609624 30.808094 1362567030000 155.0
62.609416 30.807641 1362567032000 155.0
62.609067 30.806843 1362567034000 155.0
62.608815 30.806099 1362567036000 152.0
62.608557 30.805332 1362567038000 154.0
62.608325 30.804657 1362567040000 157.0
62.608026 30.803897 1362567042000 156.0
62.607734 30.803129 1362567044000 155.0
62.607433 30.802356 1362567046000 154.0
62.607163 30.801629 1362567048000 155.0
62.606883 30.800853 1362567050000 156.0
62.606608 30.800086 1362567052000 155.0
62.606326 30.799365 1362567054000 156.0
62.606055 30.798653 1362567056000 156.0
62.605795 30.797891 1362567058000 156.0
62.605551 30.797199 1362567060000 156.0
62.605293 30.796496 1362567062000 156.0
62.604956 30.795609 1362567064000 157.0
62.604672 30.794925 1362567066000 156.0
62.604384 30.794153 1362567068000 158.0
62.604096 30.793399 1362567070000 159.0
62.60382 30.792658 1362567072000 160.0
62.603549 30.791918 1362567074000 159.0
62.603288 30.791194 1362567076000 160.0
62.603028 30.790483 1362567078000 162.0
62.60276 30.789787 1362567080000 162.0
62.602484 30.789073 1362567082000 162.0
62.602205 30.788338 1362567084000 162.0
62.601919 30.78766 1362567086000 162.0
62.601645 30.786917 1362567088000 162.0
62.601384 30.786231 1362567090000 162.0
62.601129 30.78552 1362567092000 162.0
62.600861 30.784763 1362567094000 162.0
62.600598 30.784013 1362567096000 162.0
62.600332 30.783279 1362567098000 163.0
62.60006 30.782562 1362567100000 164.0
62.599797 30.781845 1362567102000 166.0
62.599529 30.781139 1362567104000 168.0
62.599266 30.780409 1362567106000 168.0
62.599007 30.779682 1362567108000 168.0
62.598752 30.778913 1362567110000 167.0
62.598508 30.778152 1362567112000 167.0
62.59827 30.777364 1362567114000 167.0
62.598054 30.776543 1362567116000 166.0
62.597871 30.775707 1362567118000 167.0
62.597701 30.774903 1362567120000 168.0
62.597514 30.774044 1362567122000 169.0
62.597336 30.773186 1362567124000 169.0
62.597173 30.772282 1362567126000 171.0
62.597027 30.77144 1362567128000 173.0
62.596871 30.770555 1362567130000 174.0
62.596734 30.769669 1362567132000 175.0
62.596613 30.76876 1362567134000 175.0
62.596495 30.767839 1362567136000 174.0
62.596383 30.766913 1362567138000 173.0
62.5963 30.765971 1362567140000 172.0
62.596214 30.765004 1362567142000 170.0
62.596127 30.76408 1362567144000 169.0
62.596024 30.763136 1362567146000 168.0
62.595913 30.762193 1362567148000 167.0
62.595824 30.761244 1362567150000 167.0
62.59574 30.760329 1362567152000 166.0
62.595658 30.759411 1362567154000 166.0
62.595566 30.758437 1362567156000 165.0
62.59546 30.757528 1362567158000 165.0
62.595374 30.75658 1362567160000 166.0
62.595279 30.755617 1362567162000 167.0
62.595195 30.754672 1362567164000 167.0
62.595103 30.753691 1362567166000 168.0
62.595023 30.752798 1362567168000 169.0
62.594937 30.7519 1362567170000 171.0
62.594847 30.751011 1362567172000 173.0
62.594748 30.750126 1362567174000 173.0
62.594663 30.749247 1362567176000 173.0
62.594571 30.748366 1362567178000 174.0
62.594487 30.747476 1362567180000 174.0
62.594396 30.746567 1362567182000 174.0
62.594308 30.745656 1362567184000 172.0
62.594229 30.744764 1362567186000 173.0
62.593547 30.738243 1362567201000 175.0
62.593506 30.737824 1362567202000 174.0
62.593379 30.736558 1362567205000 172.0
62.593344 30.736129 1362567206000 171.0
62.593216 30.734844 1362567209000 169.0
62.593177 30.7344 1362567210000 169.0
62.593038 30.733089 1362567213000 168.0
62.592991 30.732628 1362567214000 169.0
62.592859 30.731396 1362567217000 168.0
62.592765 30.730481 1362567219000 167.0
62.59267 30.729665 1362567221000 168.0
62.592643 30.729209 1362567222000 172.0
62.592524 30.727935 1362567225000 175.0
62.592475 30.727537 1362567226000 177.0
62.592334 30.726292 1362567229000 178.0
62.592294 30.725869 1362567230000 179.0
62.592156 30.724609 1362567233000 180.0
62.59208 30.723765 1362567235000 181.0
62.592026 30.723359 1362567236000 182.0
62.591864 30.722028 1362567239000 183.0
62.591751 30.721153 1362567241000 183.0
62.591617 30.720313 1362567243000 183.0
62.591475 30.719493 1362567245000 183.0
62.591421 30.719052 1362567246000 183.0
62.591242 30.717818 1362567249000 183.0
62.591169 30.717405 1362567250000 183.0
62.590901 30.716173 1362567253000 183.0
62.590727 30.715324 1362567255000 184.0
62.590539 30.714476 1362567257000 184.0
62.590354 30.71365 1362567259000 184.0
62.590171 30.712853 1362567261000 183.0
62.590071 30.712413 1362567262000 183.0
62.589773 30.711187 1362567265000 184.0
62.589586 30.710393 1362567267000 184.0
62.589385 30.709576 1362567269000 185.0
62.589291 30.709158 1362567270000 185.0
62.589116 30.70793 1362567273000 185.0
62.589056 30.707494 1362567274000 186.0
62.588786 30.706274 1362567277000 186.0
62.588592 30.705449 1362567279000 186.0
62.588421 30.704639 1362567281000 186.0
62.588216 30.703757 1362567283000 186.0
62.588028 30.702889 1362567285000 186.0
62.587677 30.701202 1362567289000 185.0
62.587487 30.700334 1362567291000 185.0
62.587322 30.699566 1362567293000 184.0
62.587142 30.698737 1362567295000 184.0
62.586973 30.697963 1362567297000 185.0
62.586725 30.697098 1362567299000 185.0
62.58651 30.696338 1362567301000 184.0
62.586262 30.695502 1362567303000 184.0
62.586153 30.695097 1362567304000 184.0
62.585838 30.693894 1362567307000 184.0
62.58558 30.693199 1362567309000 186.0
62.585316 30.692435 1362567311000 186.0
62.585024 30.691738 1362567313000 184.0
62.584764 30.691019 1362567315000 182.0
62.584497 30.690303 1362567317000 182.0
62.584359 30.689944 1362567318000 181.0
62.58393 30.688958 1362567321000 181.0
62.583785 30.688602 1362567322000 180.0
62.583325 30.687507 1362567325000 178.0
62.582989 30.686824 1362567327000 174.0
62.582664 30.686162 1362567329000 173.0
62.582337 30.685467 1362567331000 174.0
62.581996 30.684768 1362567333000 175.0
62.581849 30.684454 1362567334000 174.0
62.581372 30.68347 1362567337000 174.0
62.581223 30.683132 1362567338000 174.0
62.580768 30.682197 1362567341000 173.0
62.580449 30.681506 1362567343000 173.0
62.580292 30.68117 1362567344000 173.0
62.579983 30.680524 1362567346000 170.0
62.579505 30.679524 1362567349000 171.0
62.579344 30.679189 1362567350000 170.0
62.579039 30.678513 1362567352000 171.0
62.578391 30.677127 1362567356000 174.0
62.578219 30.676807 1362567357000 173.0
62.577909 30.676163 1362567359000 175.0
62.577623 30.675533 1362567361000 176.0
62.577325 30.674867 1362567363000 177.0
62.577019 30.674226 1362567365000 177.0
62.576727 30.673587 1362567367000 178.0
62.576448 30.672905 1362567369000 177.0
62.576301 30.672571 1362567370000 177.0
62.57588 30.671525 1362567373000 177.0
62.575592 30.670833 1362567375000 176.0
62.575305 30.670123 1362567377000 175.0
62.575165 30.669768 1362567378000 174.0
62.574875 30.669045 1362567380000 174.0
62.574589 30.668284 1362567382000 174.0
62.574308 30.66749 1362567384000 174.0
62.573887 30.666276 1362567387000 173.0
62.573633 30.665467 1362567389000 172.0
62.5735 30.665052 1362567390000 171.0
62.573105 30.663838 1362567393000 169.0
62.572976 30.663442 1362567394000 169.0
62.572595 30.662188 1362567397000 168.0
62.572477 30.661773 1362567398000 170.0
62.572141 30.660567 1362567401000 169.0
62.572035 30.660164 1362567402000 169.0
62.571701 30.658901 1362567405000 170.0
62.571486 30.658057 1362567407000 168.0
62.571286 30.657208 1362567409000 168.0
62.571091 30.656371 1362567411000 169.0
62.570903 30.655535 1362567413000 169.0
62.570809 30.65511 1362567414000 170.0
62.570636 30.65429 1362567416000 170.0
62.570454 30.653402 1362567418000 171.0
62.57027 30.65252 1362567420000 171.0
62.570085 30.651625 1362567422000 173.0
62.569935 30.650722 1362567424000 172.0
62.569781 30.649795 1362567426000 172.0
62.569562 30.648403 1362567429000 171.0
62.569493 30.647938 1362567430000 171.0
62.569255 30.646538 1362567433000 170.0
62.569174 30.646059 1362567434000 169.0
62.569066 30.645149 1362567436000 169.0
62.568897 30.643806 1362567439000 169.0
62.568789 30.642923 1362567441000 169.0
62.568689 30.642071 1362567443000 170.0
62.568565 30.641158 1362567445000 171.0
62.568468 30.640257 1362567447000 173.0
62.568395 30.639339 1362567449000 173.0
62.56836 30.638866 1362567450000 173.0
62.568244 30.637448 1362567453000 173.0
62.56821 30.636942 1362567454000 173.0
62.568119 30.635553 1362567457000 174.0
62.568077 30.635088 1362567458000 174.0
62.567965 30.633645 1362567461000 173.0
62.567929 30.633155 1362567462000 174.0
62.567831 30.631794 1362567465000 173.0
62.567796 30.631328 1362567466000 173.0
62.567731 30.630365 1362567468000 173.0
62.567646 30.628963 1362567471000 171.0
62.567593 30.628054 1362567473000 170.0
62.567554 30.627574 1362567474000 170.0
62.567445 30.626183 1362567477000 170.0
62.567405 30.625705 1362567478000 170.0
62.567305 30.624295 1362567481000 169.0
62.567273 30.623404 1362567483000 169.0
62.567215 30.622465 1362567485000 170.0
62.567192 30.62204 1362567486000 171.0
62.567099 30.620662 1362567489000 171.0
62.567059 30.620248 1362567490000 171.0
62.567032 30.619358 1362567492000 170.0
62.566968 30.618437 1362567494000 168.0
62.566894 30.617525 1362567496000 168.0
62.566809 30.616686 1362567498000 168.0
62.566729 30.615364 1362567501000 170.0
62.566698 30.614961 1362567502000 170.0
62.566654 30.613938 1362567504000 169.0
62.566577 30.613066 1362567506000 168.0
62.566521 30.611691 1362567509000 167.0
62.56648 30.610746 1362567511000 166.0
62.566467 30.61029 1362567512000 167.0
62.5664 30.609361 1362567514000 167.0
62.566341 30.608022 1362567517000 166.0
62.566326 30.607553 1362567518000 166.0
62.566258 30.606149 1362567521000 165.0
62.566244 30.605706 1362567522000 165.0
62.566163 30.604313 1362567525000 165.0
62.566129 30.60383 1362567526000 165.0
62.566068 30.602469 1362567529000 164.0
62.566012 30.601521 1362567531000 164.0
62.565955 30.600619 1362567533000 162.0
62.56588 30.599687 1362567535000 161.0
62.56579 30.598775 1362567537000 160.0
62.565743 30.598287 1362567538000 159.0
62.56557 30.596882 1362567541000 159.0
62.565523 30.596433 1362567542000 158.0
62.565372 30.595104 1362567545000 158.0
62.565315 30.594675 1362567546000 158.0
62.565109 30.593316 1362567549000 157.0
62.564971 30.592436 1362567551000 157.0
62.564846 30.591594 1362567553000 158.0
62.564704 30.590731 1362567555000 161.0
62.564564 30.589875 1362567557000 163.0
62.564488 30.589438 1362567558000 165.0
62.564259 30.588201 1362567561000 166.0
62.564197 30.587806 1362567562000 167.0
62.563971 30.586629 1362567565000 170.0
62.563891 30.586228 1362567566000 171.0
62.563685 30.585132 1362567569000 173.0
62.563553 30.584382 1362567571000 174.0
62.563432 30.583722 1362567573000 176.0
62.563318 30.583047 1362567575000 177.0
62.563258 30.58269 1362567576000 179.0
62.563052 30.581573 1362567579000 177.0
62.562936 30.580864 1362567581000 178.0
62.562788 30.580111 1362567583000 179.0
62.562726 30.579701 1362567584000 179.0
62.562585 30.578932 1362567586000 179.0
62.562373 30.577737 1362567589000 178.0
62.562309 30.577346 1362567590000 178.0
62.562173 30.576537 1362567592000 177.0
62.562009 30.57574 1362567594000 175.0
62.561787 30.574416 1362567597000 176.0
62.561708 30.573977 1362567598000 177.0
62.561598 30.573127 1362567600000 175.0
62.561367 30.571742 1362567603000 173.0
62.561239 30.570821 1362567605000 170.0
62.561112 30.569914 1362567607000 168.0
62.561061 30.56944 1362567608000 169.0
62.560924 30.568553 1362567610000 169.0
62.560775 30.567257 1362567613000 168.0
62.560716 30.566814 1362567614000 168.0
62.560532 30.565583 1362567617000 168.0
62.56041 30.564705 1362567619000 169.0
62.560378 30.564292 1362567620000 169.0
62.560257 30.562985 1362567623000 169.0
62.560185 30.56207 1362567625000 170.0
62.560131 30.561594 1362567626000 170.0
62.559944 30.560189 1362567629000 169.0
62.559818 30.559157 1362567631000 169.0
62.559723 30.558233 1362567633000 169.0
62.559594 30.557256 1362567635000 168.0
62.559486 30.556347 1362567637000 167.0
62.559433 30.555785 1362567638000 168.0
62.559239 30.554242 1362567641000 168.0
62.559167 30.553352 1362567643000 169.0
62.559074 30.552549 1362567645000 169.0
62.55901 30.552008 1362567646000 168.0
62.558854 30.55099 1362567648000 158.0
62.558717 30.550046 1362567650000 156.0
62.558606 30.549124 1362567652000 153.0
62.558429 30.547702 1362567655000 151.0
62.558396 30.547292 1362567656000 149.0
62.558293 30.546391 1362567658000 145.0
62.558146 30.545078 1362567661000 142.0
62.558092 30.544623 1362567662000 142.0
62.557937 30.54329 1362567665000 140.0
62.557869 30.542841 1362567666000 138.0
62.557707 30.541523 1362567669000 135.0
62.557652 30.541072 1362567670000 134.0
62.557552 30.540152 1362567672000 133.0
62.557416 30.539297 1362567674000 132.0
62.557308 30.538369 1362567676000 130.0
62.557202 30.537476 1362567678000 129.0
62.557046 30.536186 1362567681000 131.0
62.556998 30.53579 1362567682000 130.0
62.556833 30.53449 1362567685000 129.0
62.556766 30.53367 1362567687000 129.0
62.556677 30.53285 1362567689000 129.0
62.556647 30.532433 1362567690000 128.0
62.55654 30.531249 1362567693000 126.0
62.556484 30.530853 1362567694000 126.0
62.556332 30.529633 1362567697000 127.0
62.556287 30.529404 1362567698000 128.0
62.556201 30.528766 1362567700000 129.0
62.556105 30.528082 1362567702000 129.0
62.555974 30.527063 1362567705000 128.0
62.55593 30.526725 1362567706000 128.0
62.555777 30.525595 1362567709000 125.0
62.555653 30.524922 1362567711000 126.0
62.555541 30.524124 1362567713000 123.0
62.555489 30.523749 1362567714000 122.0
62.555344 30.522652 1362567717000 121.0
62.555301 30.522279 1362567718000 121.0
62.555163 30.521117 1362567721000 121.0
62.55512 30.520726 1362567722000 121.0
62.554998 30.519574 1362567725000 120.0
62.554927 30.518731 1362567727000 118.0
62.554871 30.517921 1362567729000 117.0
62.554846 30.517507 1362567730000 118.0
62.55479 30.516666 1362567732000 119.0
62.554731 30.515788 1362567734000 119.0
62.554675 30.514588 1362567737000 117.0
62.554658 30.513668 1362567739000 116.0
62.554649 30.512856 1362567741000 116.0
62.554645 30.51243 1362567742000 116.0
62.554658 30.51111 1362567745000 115.0
62.554672 30.510735 1362567746000 115.0
62.554681 30.509837 1362567748000 113.0
62.554716 30.508954 1362567750000 113.0
62.554767 30.507635 1362567753000 114.0
62.554804 30.507209 1362567754000 113.0
62.554852 30.506343 1362567756000 114.0
62.554931 30.504994 1362567759000 115.0
62.55502 30.504161 1362567761000 116.0
62.555112 30.503268 1362567763000 115.0
62.555176 30.502833 1362567764000 113.0
62.555312 30.501493 1362567767000 114.0
62.55542 30.500662 1362567769000 116.0
62.555562 30.499762 1362567771000 115.0
62.555616 30.499287 1362567772000 116.0
62.555829 30.497959 1362567775000 115.0
62.555977 30.497154 1362567777000 115.0
62.556156 30.49627 1362567779000 116.0
62.556335 30.495446 1362567781000 117.0
62.556532 30.494636 1362567783000 117.0
62.55662 30.494217 1362567784000 118.0
62.556823 30.493384 1362567786000 116.0
62.557032 30.492578 1362567788000 116.0
62.557355 30.491394 1362567791000 117.0
62.557576 30.490619 1362567793000 117.0
62.55782 30.489916 1362567795000 119.0
62.558084 30.489176 1362567797000 120.0
62.558352 30.488387 1362567799000 120.0
62.558626 30.487601 1362567801000 120.0
62.558899 30.486856 1362567803000 121.0
62.559181 30.486108 1362567805000 121.0
62.559337 30.485737 1362567806000 122.0
62.559793 30.484796 1362567809000 121.0
62.559958 30.484458 1362567810000 121.0
62.560422 30.483461 1362567813000 120.0
62.560589 30.48314 1362567814000 120.0
62.561068 30.482245 1362567817000 120.0
62.561226 30.481954 1362567818000 120.0
62.561721 30.481126 1362567821000 120.0
62.562051 30.480576 1362567823000 121.0
62.562373 30.480036 1362567825000 121.0
62.562541 30.479765 1362567826000 121.0
62.563032 30.478915 1362567829000 123.0
62.563192 30.478624 1362567830000 123.0
62.563646 30.477806 1362567833000 124.0
62.563922 30.477202 1362567835000 126.0
62.564207 30.476637 1362567837000 126.0
62.564354 30.476316 1362567838000 126.0
62.564755 30.475427 1362567841000 126.0
62.564887 30.475123 1362567842000 126.0
62.565256 30.474174 1362567845000 126.0
62.565386 30.473862 1362567846000 126.0
62.565747 30.472873 1362567849000 127.0
62.566016 30.472183 1362567851000 127.0
62.566121 30.471836 1362567852000 126.0
62.56648 30.470755 1362567855000 126.0
62.5667 30.470019 1362567857000 125.0
62.566808 30.469651 1362567858000 126.0
62.567127 30.468528 1362567861000 125.0
62.567208 30.468147 1362567862000 121.0
62.567508 30.466943 1362567865000 120.0
62.567708 30.466127 1362567867000 121.0
62.567903 30.465306 1362567869000 121.0
62.568069 30.46446 1362567871000 121.0
62.568153 30.464008 1362567872000 121.0
62.568406 30.462698 1362567875000 121.0
62.568573 30.461841 1362567877000 121.0
62.568721 30.460924 1362567879000 121.0
62.568874 30.460077 1362567881000 121.0
62.568998 30.459179 1362567883000 121.0
62.569052 30.458715 1362567884000 121.0
62.569186 30.457724 1362567886000 120.0
62.569293 30.456843 1362567888000 117.0
62.569398 30.455958 1362567890000 117.0
62.569577 30.454578 1362567893000 118.0
62.569719 30.453627 1362567895000 118.0
62.569829 30.452718 1362567897000 118.0
62.56991 30.452279 1362567898000 118.0
62.570139 30.450938 1362567901000 119.0
62.570202 30.450427 1362567902000 119.0
62.570376 30.449104 1362567905000 121.0
62.570547 30.448233 1362567907000 121.0
62.570742 30.447374 1362567909000 123.0
62.570844 30.446904 1362567910000 123.0
62.571032 30.446046 1362567912000 122.0
62.57123 30.445163 1362567914000 120.0
62.571429 30.444271 1362567916000 121.0
62.571713 30.442933 1362567919000 121.0
62.571815 30.442493 1362567920000 121.0
62.572016 30.44161 1362567922000 122.0
62.572322 30.440239 1362567925000 122.0
62.572522 30.439344 1362567927000 121.0
62.572714 30.438414 1362567929000 121.0
62.572905 30.437456 1362567931000 120.0
62.573108 30.436555 1362567933000 120.0
62.573216 30.4361 1362567934000 120.0
62.573481 30.434822 1362567937000 118.0
62.573652 30.433965 1362567939000 118.0
62.573834 30.433138 1362567941000 118.0
62.574015 30.432301 1362567943000 119.0
62.574203 30.431524 1362567945000 121.0
62.574387 30.430693 1362567947000 120.0
62.57457 30.429847 1362567949000 120.0
62.574761 30.429012 1362567951000 121.0
62.574925 30.428138 1362567953000 120.0
62.575098 30.427228 1362567955000 121.0
62.575193 30.426783 1362567956000 121.0
62.57539 30.425885 1362567958000 121.0
62.575589 30.424987 1362567960000 122.0
62.575769 30.424102 1362567962000 122.0
62.576029 30.422743 1362567965000 123.0
62.576128 30.422295 1362567966000 123.0
62.576348 30.420951 1362567969000 122.0
62.576412 30.420488 1362567970000 122.0
62.576601 30.41906 1362567973000 121.0
62.576653 30.418605 1362567974000 122.0
62.576784 30.417152 1362567977000 122.0
62.576868 30.41618 1362567979000 121.0
62.576917 30.415211 1362567981000 120.0
62.576967 30.41424 1362567983000 120.0
62.576977 30.413783 1362567984000 120.0
62.576984 30.412278 1362567987000 120.0
62.576994 30.411329 1362567989000 121.0
62.576989 30.410821 1362567990000 120.0
62.576969 30.409422 1362567993000 121.0
62.576951 30.408931 1362567994000 121.0
62.576901 30.407558 1362567997000 122.0
62.576883 30.407075 1362567998000 122.0
62.57684 30.40572 1362568001000 123.0
62.576835 30.405258 1362568002000 123.0
62.576757 30.403828 1362568005000 123.0
62.576727 30.403343 1362568006000 123.0
62.576666 30.401923 1362568009000 122.0
62.576642 30.400998 1362568011000 122.0
62.576597 30.400059 1362568013000 122.0
62.576577 30.399578 1362568014000 122.0
62.576537 30.398128 1362568017000 121.0
62.576487 30.397128 1362568019000 122.0
62.576462 30.396123 1362568021000 122.0
62.576454 30.395632 1362568022000 122.0
62.576466 30.394175 1362568025000 121.0
62.576487 30.393217 1362568027000 120.0
62.576501 30.392783 1362568028000 120.0
62.576564 30.391334 1362568031000 118.0
62.57662 30.390365 1362568033000 119.0
62.576693 30.38943 1362568035000 117.0
62.576761 30.388486 1362568037000 120.0
62.576805 30.388001 1362568038000 120.0
62.576972 30.386605 1362568041000 121.0
62.577024 30.386155 1362568042000 122.0
62.577213 30.384793 1362568045000 124.0
62.577336 30.383916 1362568047000 125.0
62.577489 30.383102 1362568049000 126.0
62.577628 30.382282 1362568051000 128.0
62.577785 30.381484 1362568053000 131.0
62.577965 30.380644 1362568055000 132.0
62.578047 30.380228 1362568056000 132.0
62.578219 30.379474 1362568058000 134.0
62.578532 30.378241 1362568061000 137.0
62.578746 30.377481 1362568063000 137.0
62.578858 30.377075 1362568064000 138.0
62.579215 30.375872 1362568067000 141.0
62.579335 30.37548 1362568068000 141.0
62.579584 30.37471 1362568070000 143.0
62.579964 30.373591 1362568073000 143.0
62.580093 30.373214 1362568074000 143.0
62.580517 30.372153 1362568077000 146.0
62.580807 30.371491 1362568079000 145.0
62.580971 30.371154 1362568080000 147.0
62.581275 30.370464 1362568082000 148.0
62.581731 30.36949 1362568085000 149.0
62.581895 30.36914 1362568086000 148.0
62.582354 30.368156 1362568089000 150.0
62.582504 30.367845 1362568090000 150.0
62.582965 30.366707 1362568093000 149.0
62.583391 30.36562 1362568096000 148.0
62.583535 30.365259 1362568097000 148.0
62.583937 30.364063 1362568100000 148.0
62.584164 30.363274 1362568102000 148.0
62.584403 30.362435 1362568104000 149.0
62.584607 30.361711 1362568106000 149.0
62.584817 30.360828 1362568108000 148.0
62.585048 30.359926 1362568110000 148.0
62.585242 30.359011 1362568112000 147.0
62.585403 30.358208 1362568114000 147.0
62.585568 30.357296 1362568116000 147.0
62.585721 30.356346 1362568118000 147.0
62.585774 30.355853 1362568119000 146.0
62.585868 30.354873 1362568121000 146.0
62.586035 30.353466 1362568124000 146.0
62.586154 30.352581 1362568126000 146.0
62.586238 30.351705 1362568128000 146.0
62.586272 30.35126 1362568129000 146.0
62.586346 30.349992 1362568132000 147.0
62.586395 30.349012 1362568134000 147.0
62.586422 30.34812 1362568136000 146.0
62.586438 30.347255 1362568138000 146.0
62.586441 30.346367 1362568140000 145.0
62.586403 30.345849 1362568141000 145.0
62.586328 30.344589 1362568144000 144.0
62.586258 30.343741 1362568146000 143.0
62.586218 30.343308 1362568147000 143.0
62.586082 30.341922 1362568150000 143.0
62.585999 30.341014 1362568152000 143.0
62.585946 30.340242 1362568154000 141.0
62.5859 30.339386 1362568156000 140.0
62.585822 30.338438 1362568158000 139.0
62.585731 30.337448 1362568160000 139.0
62.585625 30.336543 1362568162000 138.0
62.585549 30.336059 1362568163000 138.0
62.585316 30.334587 1362568166000 137.0
62.585193 30.333696 1362568168000 137.0
62.585119 30.332917 1362568170000 138.0
62.585187 30.33179 1362568172000 138.0
62.585114 30.330794 1362568174000 138.0
62.585065 30.329774 1362568176000 139.0
62.585032 30.328868 1362568178000 138.0
62.585007 30.327889 1362568180000 138.0
62.584955 30.326959 1362568182000 138.0
62.584915 30.326186 1362568184000 138.0
62.584877 30.325218 1362568186000 138.0
62.584844 30.32424 1362568188000 137.0
62.584854 30.323288 1362568190000 137.0
62.584878 30.322472 1362568192000 137.0
62.584865 30.321639 1362568194000 136.0
62.58486 30.320724 1362568196000 138.0
62.584846 30.319759 1362568198000 138.0
62.584829 30.318923 1362568200000 138.0
62.584784 30.317837 1362568202000 139.0
62.58465 30.316777 1362568204000 139.0
62.584596 30.316258 1362568205000 140.0
62.5845 30.314925 1362568208000 143.0
62.58438 30.314109 1362568210000 143.0
62.584341 30.313624 1362568211000 142.0
62.584218 30.312331 1362568214000 144.0
62.58415 30.311664 1362568216000 145.0
62.584045 30.310852 1362568218000 145.0
62.583928 30.310072 1362568220000 144.0
62.583767 30.309304 1362568222000 145.0
62.583575 30.308491 1362568224000 145.0
62.58336 30.307634 1362568226000 146.0
62.583286 30.307289 1362568227000 146.0
62.582944 30.306077 1362568230000 146.0
62.582733 30.305394 1362568232000 146.0
62.582522 30.30475 1362568234000 147.0
62.582289 30.304095 1362568236000 148.0
62.582016 30.303379 1362568238000 150.0
62.581742 30.302706 1362568240000 151.0
62.581526 30.302208 1362568242000 151.0
62.581355 30.301872 1362568244000 156.0
62.580961 30.301042 1362568246000 158.0
62.580771 30.300662 1362568248000 155.0
62.580304 30.299916 1362568250000 152.0
62.579985 30.299395 1362568252000 152.0
62.579702 30.298873 1362568254000 151.0
62.579452 30.298424 1362568256000 151.0
62.57906 30.297926 1362568258000 151.0
62.578896 30.297716 1362568259000 152.0
62.57833 30.296955 1362568262000 152.0
62.578105 30.296679 1362568263000 151.0
62.577475 30.29616 1362568266000 151.0
62.577007 30.295832 1362568268000 152.0
62.57657 30.29548 1362568270000 152.0
62.576146 30.295137 1362568272000 151.0
62.575949 30.294966 1362568273000 150.0
62.575324 30.294458 1362568276000 149.0
62.574931 30.294179 1362568278000 148.0
62.574727 30.294047 1362568279000 146.0
62.574163 30.293578 1362568282000 147.0
62.573782 30.293282 1362568284000 146.0
62.57358 30.293145 1362568285000 146.0
62.572992 30.292622 1362568288000 146.0
62.572593 30.292222 1362568290000 147.0
62.572212 30.291761 1362568292000 146.0
62.571822 30.291298 1362568294000 145.0
62.571476 30.290822 1362568296000 145.0
62.571128 30.290325 1362568298000 145.0
62.570801 30.289863 1362568300000 145.0
62.570624 30.28959 1362568301000 145.0
62.570118 30.288763 1362568304000 144.0
62.569792 30.288201 1362568306000 141.0
62.569425 30.287562 1362568308000 141.0
62.569099 30.286918 1362568310000 140.0
62.568794 30.286233 1362568312000 138.0
62.568482 30.285477 1362568314000 136.0
62.568177 30.284737 1362568316000 134.0
62.567914 30.284059 1362568318000 134.0
62.567657 30.283363 1362568320000 132.0
62.567427 30.282645 1362568322000 132.0
62.567171 30.281908 1362568324000 131.0
62.566952 30.281182 1362568326000 131.0
62.566734 30.280488 1362568328000 130.0
62.566546 30.279691 1362568330000 130.0
62.566356 30.278899 1362568332000 129.0
62.566168 30.278035 1362568334000 129.0
62.565985 30.277183 1362568336000 128.0
62.565837 30.276343 1362568338000 127.0
62.565686 30.275519 1362568340000 126.0
62.565538 30.274642 1362568342000 125.0
62.565427 30.273836 1362568344000 125.0
62.565307 30.272962 1362568346000 124.0
62.565205 30.272083 1362568348000 124.0
62.565107 30.271193 1362568350000 124.0
62.565023 30.270329 1362568352000 125.0
62.564928 30.269478 1362568354000 124.0
62.564835 30.268645 1362568356000 123.0
62.564791 30.268253 1362568357000 124.0
62.564688 30.267005 1362568360000 124.0
62.564621 30.266195 1362568362000 125.0
62.56454 30.265394 1362568364000 125.0
62.564493 30.265014 1362568365000 125.0
62.564383 30.263804 1362568368000 123.0
62.56434 30.263054 1362568370000 123.0
62.564302 30.262213 1362568372000 123.0
62.564289 30.261816 1362568373000 123.0
62.56424 30.260615 1362568376000 122.0
62.564232 30.26023 1362568377000 122.0
62.564239 30.259464 1362568379000 121.0
62.56427 30.258609 1362568381000 120.0
62.564288 30.257729 1362568383000 120.0
62.564289 30.256361 1362568386000 116.0
62.564324 30.25549 1362568388000 115.0
62.564379 30.254569 1362568390000 115.0
62.56442 30.25369 1362568392000 115.0
62.564499 30.252767 1362568394000 114.0
62.564543 30.252359 1362568395000 111.0
62.564606 30.251389 1362568397000 110.0
62.564687 30.250073 1362568400000 111.0
62.564724 30.249623 1362568401000 111.0
62.564929 30.246028 1362568409000 112.0
62.564964 30.245128 1362568411000 112.0
62.56498 30.244245 1362568413000 113.0
62.564995 30.243383 1362568415000 114.0
62.564991 30.242924 1362568416000 114.0
62.564985 30.241616 1362568419000 116.0
62.564975 30.241174 1362568420000 117.0
62.564926 30.239809 1362568423000 119.0
62.564917 30.239371 1362568424000 119.0
62.564859 30.238507 1362568426000 119.0
62.56476 30.237623 1362568428000 120.0
62.564629 30.236316 1362568431000 122.0
62.564535 30.235483 1362568433000 121.0
62.564433 30.234652 1362568435000 120.0
62.564319 30.233823 1362568437000 121.0
62.564255 30.233388 1362568438000 121.0
62.564057 30.232162 1362568441000 120.0
62.563903 30.231366 1362568443000 120.0
62.563824 30.230963 1362568444000 120.0
62.563663 30.230143 1362568446000 120.0
62.563481 30.229305 1362568448000 120.0
62.563202 30.228144 1362568451000 119.0
62.563097 30.227752 1362568452000 120.0
62.562752 30.226583 1362568455000 121.0
62.562505 30.225812 1362568457000 120.0
62.562411 30.225422 1362568458000 119.0
62.562036 30.224255 1362568461000 119.0
62.561764 30.223462 1362568463000 119.0
62.561636 30.223079 1362568464000 119.0
62.561452 30.222405 1362568466000 118.0
62.561208 30.221597 1362568468000 119.0
62.560956 30.22092 1362568470000 120.0
62.56053 30.219792 1362568473000 121.0
62.5604 30.219426 1362568474000 121.0
62.560019 30.218309 1362568477000 121.0
62.559897 30.217927 1362568478000 121.0
62.559709 30.217152 1362568480000 120.0
62.559508 30.216327 1362568482000 120.0
62.559206 30.215129 1362568485000 122.0
62.559005 30.214329 1362568487000 120.0
62.558479 30.211779 1362568493000 118.0
62.558315 30.210924 1362568495000 116.0
62.55802 30.209219 1362568499000 117.0
62.55789 30.208309 1362568501000 118.0
62.557725 30.207007 1362568504000 119.0
62.557671 30.206598 1362568505000 118.0
62.55756 30.205701 1362568507000 115.0
62.557471 30.204828 1362568509000 115.0
62.557397 30.203947 1362568511000 115.0
62.557303 30.202663 1362568514000 114.0
62.557238 30.201813 1362568516000 114.0
62.557231 30.201346 1362568517000 114.0
62.557167 30.199973 1362568520000 116.0
62.557133 30.199124 1362568522000 117.0
62.557106 30.198676 1362568523000 117.0
62.557075 30.197787 1362568525000 119.0
62.557064 30.196864 1362568527000 118.0
62.557113 30.195644 1362568530000 117.0
62.557117 30.19479 1362568532000 119.0
62.557145 30.193914 1362568534000 120.0
62.557171 30.193086 1362568536000 121.0
62.557247 30.191861 1362568539000 122.0
62.557282 30.191022 1362568541000 123.0
62.55735 30.190202 1362568543000 122.0
62.557433 30.18939 1362568545000 122.0
62.557468 30.188984 1362568546000 122.0
62.557591 30.187728 1362568549000 122.0
62.557651 30.18729 1362568550000 122.0
62.557793 30.186067 1362568553000 122.0
62.55786 30.185615 1362568554000 123.0
62.558091 30.183559 1362568559000 124.0
62.558183 30.182722 1362568561000 124.0
62.558284 30.181835 1362568563000 125.0
62.55833 30.181401 1362568564000 125.0
62.558478 30.180127 1362568567000 125.0
62.558579 30.179295 1362568569000 125.0
62.558698 30.178475 1362568571000 125.0
62.558806 30.177688 1362568573000 126.0
62.558903 30.176823 1362568575000 126.0
62.559012 30.176018 1362568577000 126.0
62.559099 30.175139 1362568579000 127.0
62.559198 30.174345 1362568581000 127.0
62.559257 30.173994 1362568582000 127.0
62.559433 30.172688 1362568585000 128.0
62.559554 30.171784 1362568587000 127.0
62.559682 30.170956 1362568589000 128.0
62.559829 30.17005 1362568591000 128.0
62.55998 30.169246 1362568593000 128.0
62.560029 30.168784 1362568594000 127.0
62.560323 30.167556 1362568597000 128.0
62.560509 30.166706 1362568599000 128.0
62.560705 30.165848 1362568601000 128.0
62.5609 30.164997 1362568603000 130.0
62.561075 30.164208 1362568605000 132.0
62.561169 30.163793 1362568606000 132.0
62.561473 30.162652 1362568609000 132.0
62.561576 30.162241 1362568610000 132.0
62.561918 30.161068 1362568613000 133.0
62.562058 30.160701 1362568614000 133.0
62.56245 30.15962 1362568617000 132.0
62.562706 30.158851 1362568619000 133.0
62.562974 30.158136 1362568621000 133.0
62.563112 30.157757 1362568622000 132.0
62.563558 30.156707 1362568625000 132.0
62.563869 30.156023 1362568627000 133.0
62.564182 30.155339 1362568629000 133.0
62.564343 30.154989 1362568630000 132.0
62.564808 30.154078 1362568633000 133.0
62.564978 30.153797 1362568634000 131.0
62.565482 30.15292 1362568637000 132.0
62.565864 30.152336 1362568639000 131.0
62.566214 30.151782 1362568641000 132.0
62.566389 30.151497 1362568642000 132.0
62.566948 30.150692 1362568645000 131.0
62.567133 30.150382 1362568646000 131.0
62.567707 30.149541 1362568649000 130.0
62.567905 30.149297 1362568650000 130.0
62.568485 30.14847 1362568653000 130.0
62.568678 30.148182 1362568654000 130.0
62.569236 30.14736 1362568657000 130.0
62.569638 30.146757 1362568659000 131.0
62.569813 30.1465 1362568660000 131.0
62.570173 30.1459 1362568662000 132.0
62.570747 30.145106 1362568665000 132.0
62.571113 30.14462 1362568667000 132.0
62.571474 30.144162 1362568669000 131.0
62.571841 30.143712 1362568671000 131.0
62.572194 30.143296 1362568673000 130.0
62.572597 30.142854 1362568675000 130.0
62.572969 30.142465 1362568677000 130.0
62.573357 30.14207 1362568679000 130.0
62.573771 30.141751 1362568681000 131.0
62.573975 30.141605 1362568682000 130.0
62.574617 30.141131 1362568685000 130.0
62.574811 30.140944 1362568686000 130.0
62.575209 30.140711 1362568688000 129.0
62.575857 30.140293 1362568691000 130.0
62.57603 30.140129 1362568692000 130.0
62.576638 30.139696 1362568695000 131.0
62.577052 30.139406 1362568697000 130.0
62.577464 30.139074 1362568699000 131.0
62.57787 30.138789 1362568701000 131.0
62.578077 30.138619 1362568702000 130.0
62.578665 30.138307 1362568705000 129.0
62.579054 30.138022 1362568707000 127.0
62.57944 30.137735 1362568709000 125.0
62.579834 30.137483 1362568711000 125.0
62.580183 30.137242 1362568713000 125.0
62.580505 30.136995 1362568715000 123.0
62.580829 30.136766 1362568717000 122.0
62.580995 30.136667 1362568718000 122.0
62.581451 30.136332 1362568721000 121.0
62.581777 30.136094 1362568723000 120.0
62.582116 30.135864 1362568725000 120.0
62.582285 30.135759 1362568726000 120.0
62.582737 30.135326 1362568729000 119.0
62.582922 30.135214 1362568730000 120.0
62.583461 30.134771 1362568733000 119.0
62.583644 30.134603 1362568734000 119.0
62.584192 30.134078 1362568737000 120.0
62.584377 30.133895 1362568738000 120.0
62.584955 30.13333 1362568741000 119.0
62.585165 30.133118 1362568742000 119.0
62.585726 30.132473 1362568745000 119.0
62.585908 30.13225 1362568746000 119.0
62.58646 30.131464 1362568749000 118.0
62.586646 30.131219 1362568750000 119.0
62.587196 30.13044 1362568753000 120.0
62.587365 30.130144 1362568754000 120.0
62.587919 30.129354 1362568757000 120.0
62.588101 30.129092 1362568758000 120.0
62.588543 30.128306 1362568761000 120.0
62.588869 30.127654 1362568763000 120.0
62.589211 30.127042 1362568765000 120.0
62.589502 30.126374 1362568767000 120.0
62.589802 30.125745 1362568769000 120.0
62.590121 30.125063 1362568771000 120.0
62.590416 30.124379 1362568773000 120.0
62.590693 30.12367 1362568775000 120.0
62.590976 30.123008 1362568777000 120.0
62.591118 30.122646 1362568778000 121.0
62.591499 30.121605 1362568781000 120.0
62.591807 30.120864 1362568783000 121.0
62.59211 30.120154 1362568785000 121.0
62.59235 30.119396 1362568787000 121.0
62.592615 30.118767 1362568789000 121.0
62.592756 30.1184 1362568790000 121.0
62.593175 30.117418 1362568793000 121.0
62.593407 30.116801 1362568795000 121.0
62.593634 30.116173 1362568797000 121.0
62.593819 30.115473 1362568799000 121.0
62.593978 30.114843 1362568801000 121.0
62.594148 30.114181 1362568803000 121.0
62.594327 30.113495 1362568805000 122.0
62.594518 30.112841 1362568807000 122.0
62.594699 30.112021 1362568809000 122.0
62.594868 30.111229 1362568811000 122.0
62.595028 30.11058 1362568813000 122.0
62.595205 30.109846 1362568815000 120.0
62.595371 30.109101 1362568817000 121.0
62.595573 30.108311 1362568819000 120.0
62.595782 30.107527 1362568821000 119.0
62.5959 30.10705 1362568822000 118.0
62.596196 30.105842 1362568825000 118.0
62.596276 30.105439 1362568826000 118.0
62.596447 30.104302 1362568829000 118.0
62.596415 30.103971 1362568830000 119.0
62.596672 30.102538 1362568833000 119.0
62.596826 30.101264 1362568835000 120.0
62.59696 30.100124 1362568837000 122.0
62.597105 30.099199 1362568839000 122.0
62.597254 30.098322 1362568841000 122.0
62.597366 30.097411 1362568843000 122.0
62.597459 30.096529 1362568845000 124.0
62.597524 30.096013 1362568846000 124.0
62.597613 30.095075 1362568848000 124.0
62.597685 30.093667 1362568851000 124.0
62.597689 30.092818 1362568853000 123.0
62.597684 30.092368 1362568854000 123.0
62.597799 30.091006 1362568857000 123.0
62.59784 30.090544 1362568858000 122.0
62.59795 30.089324 1362568861000 122.0
62.598026 30.088467 1362568863000 122.0
62.598105 30.087683 1362568865000 123.0
62.598169 30.087183 1362568866000 122.0
62.598349 30.0858 1362568869000 120.0
62.598406 30.085358 1362568870000 120.0
62.59851 30.084605 1362568872000 120.0
62.598613 30.08386 1362568874000 119.0
62.598725 30.082554 1362568877000 119.0
62.598762 30.081716 1362568879000 119.0
62.598779 30.081324 1362568880000 119.0
62.598894 30.080193 1362568883000 119.0
62.598933 30.079427 1362568885000 119.0
62.598975 30.078657 1362568887000 119.0
62.599042 30.077914 1362568889000 119.0
62.599113 30.077105 1362568891000 119.0
62.599158 30.076438 1362568893000 119.0
62.599247 30.075725 1362568895000 119.0
62.599299 30.075357 1362568896000 119.0
62.599437 30.074296 1362568899000 119.0
62.599542 30.073448 1362568901000 118.0
62.599596 30.072714 1362568903000 119.0
62.599661 30.072013 1362568905000 119.0
62.599695 30.07123 1362568907000 118.0
62.599734 30.070389 1362568909000 119.0
62.599752 30.069991 1362568910000 119.0
62.599837 30.068848 1362568913000 115.0
62.599887 30.068498 1362568914000 113.0
62.600099 30.066945 1362568918000 109.0
62.600141 30.066127 1362568920000 108.0
62.600174 30.06572 1362568921000 108.0
62.600222 30.064899 1362568923000 105.0
62.600318 30.063626 1362568926000 105.0
62.600368 30.062746 1362568928000 104.0
62.600389 30.062311 1362568929000 104.0
62.60042 30.06095 1362568932000 103.0
62.60044 30.060533 1362568933000 103.0
62.600469 30.059188 1362568936000 102.0
62.600476 30.058739 1362568937000 102.0
62.600468 30.057348 1362568940000 102.0
62.600456 30.056446 1362568942000 104.0
62.600416 30.055514 1362568944000 103.0
62.600376 30.05454 1362568946000 104.0
62.600349 30.054056 1362568947000 104.0
62.600241 30.052685 1362568950000 101.0
62.600171 30.051756 1362568952000 100.0
62.60005 30.050321 1362568955000 100.0
62.599766 30.047008 1362568962000 98.0
62.599717 30.046024 1362568964000 97.0
62.599635 30.043236 1362568970000 96.0
62.599623 30.04186 1362568973000 94.0
62.599628 30.040889 1362568975000 92.0
62.599661 30.03998 1362568977000 94.0
62.599716 30.039071 1362568979000 92.0
62.600015 30.035527 1362568987000 98.0
62.600114 30.034682 1362568989000 97.0
62.600194 30.033817 1362568991000 97.0
62.600271 30.032951 1362568993000 96.0
62.60035 30.032012 1362568995000 98.0
62.600427 30.031193 1362568997000 98.0
62.600477 30.030419 1362568999000 100.0
62.600542 30.02997 1362569000000 101.0
62.600708 30.028761 1362569003000 101.0
62.600784 30.027957 1362569005000 102.0
62.600878 30.027122 1362569007000 101.0
62.600956 30.026301 1362569009000 101.0
62.601038 30.025454 1362569011000 103.0
62.601122 30.024654 1362569013000 104.0
62.601209 30.02381 1362569015000 105.0
62.601286 30.022974 1362569017000 105.0
62.601393 30.022122 1362569019000 104.0
62.601513 30.021268 1362569021000 105.0
62.601613 30.02043 1362569023000 108.0
62.60173 30.019647 1362569025000 106.0
62.601838 30.018866 1362569027000 105.0
62.601937 30.018233 1362569029000 103.0
62.602047 30.017499 1362569031000 105.0
62.602145 30.016781 1362569033000 105.0
62.602322 30.015697 1362569036000 105.0
62.602515 30.01468 1362569038000 106.0
62.602575 30.014342 1362569040000 107.0
62.602688 30.013662 1362569042000 107.0
62.602815 30.012986 1362569044000 107.0
62.602934 30.012288 1362569046000 106.0
62.603071 30.011614 1362569048000 105.0
62.603209 30.010842 1362569050000 107.0
62.603351 30.010138 1362569052000 108.0
62.603487 30.009395 1362569054000 109.0
62.603626 30.008671 1362569056000 110.0
62.603775 30.007943 1362569058000 110.0
62.603913 30.007188 1362569060000 112.0
62.604046 30.006433 1362569062000 113.0
62.60418 30.005692 1362569064000 114.0
62.60431 30.004924 1362569066000 115.0
62.604448 30.004136 1362569068000 115.0
62.604612 30.003398 1362569070000 116.0
62.604823 30.002605 1362569072000 118.0
62.604966 30.001869 1362569074000 118.0
62.605074 30.001143 1362569076000 120.0
62.605219 30.000375 1362569078000 121.0
62.605362 29.999622 1362569080000 121.0
62.605512 29.9989 1362569082000 121.0
62.605576 29.998524 1362569083000 121.0
62.605821 29.997354 1362569086000 121.0
62.60599 29.996594 1362569088000 121.0
62.606125 29.995778 1362569090000 123.0
62.606266 29.994976 1362569092000 124.0
62.606412 29.99421 1362569094000 124.0
62.606545 29.99346 1362569096000 123.0
62.606681 29.992719 1362569098000 122.0
62.606831 29.991917 1362569100000 123.0
62.606954 29.991142 1362569102000 122.0
62.607081 29.990368 1362569104000 123.0
62.607192 29.989571 1362569106000 123.0
62.607303 29.988774 1362569108000 122.0
62.607412 29.987954 1362569110000 121.0
62.607514 29.987121 1362569112000 119.0
62.607608 29.986308 1362569114000 119.0
62.607677 29.985376 1362569116000 119.0
62.607736 29.984569 1362569118000 117.0
62.607772 29.984145 1362569119000 117.0
62.60782 29.983304 1362569121000 116.0
62.607868 29.982 1362569124000 113.0
62.607923 29.981082 1362569126000 111.0
62.607945 29.980209 1362569128000 109.0
62.607959 29.979323 1362569130000 107.0
62.60796 29.97884 1362569131000 107.0
62.60796 29.977932 1362569133000 106.0
62.607958 29.977015 1362569135000 105.0
62.607937 29.975636 1362569138000 104.0
62.607912 29.974713 1362569140000 104.0
62.607904 29.973778 1362569142000 103.0
62.607892 29.973321 1362569143000 103.0
62.607808 29.971463 1362569147000 100.0
62.607778 29.970554 1362569149000 100.0
62.607748 29.969604 1362569151000 100.0
62.60772 29.968694 1362569153000 98.0
62.607673 29.967752 1362569155000 98.0
62.607636 29.966809 1362569157000 98.0
62.60759 29.965876 1362569159000 96.0
62.607534 29.964913 1362569161000 94.0
62.60749 29.964001 1362569163000 94.0
62.607451 29.963083 1362569165000 90.0
62.607395 29.962147 1362569167000 89.0
62.607359 29.961214 1362569169000 89.0
62.607313 29.960266 1362569171000 88.0
62.607263 29.959351 1362569173000 87.0
62.607217 29.958383 1362569175000 87.0
62.607172 29.957433 1362569177000 85.0
62.607119 29.956485 1362569179000 86.0
62.607083 29.955586 1362569181000 83.0
62.607058 29.955093 1362569182000 83.0
62.606981 29.954084 1362569184000 82.0
62.606928 29.952737 1362569187000 78.0
62.606908 29.951815 1362569189000 78.0
62.606857 29.950918 1362569191000 77.0
62.606803 29.949981 1362569193000 77.0
62.60673 29.949091 1362569195000 77.0
62.606695 29.948653 1362569196000 77.0
62.606639 29.947771 1362569198000 76.0
62.606551 29.94659 1362569201000 76.0
62.60649 29.945787 1362569203000 75.0
62.606441 29.944909 1362569205000 75.0
62.606412 29.944511 1362569206000 75.0
62.60636 29.943718 1362569208000 75.0
62.606305 29.942936 1362569210000 75.0
62.606215 29.941752 1362569213000 75.0
62.606152 29.940945 1362569215000 76.0
62.606085 29.940169 1362569217000 76.0
62.606014 29.939372 1362569219000 76.0
62.605976 29.938977 1362569220000 76.0
62.605889 29.937807 1362569223000 76.0
62.605822 29.936985 1362569225000 75.0
62.605753 29.936204 1362569227000 74.0
62.605684 29.935421 1362569229000 74.0
62.60562 29.934653 1362569231000 74.0
62.605551 29.933879 1362569233000 75.0
62.605473 29.933084 1362569235000 74.0
62.6054 29.932284 1362569237000 74.0
62.605322 29.93147 1362569239000 75.0
62.605249 29.930659 1362569241000 75.0
62.605168 29.92984 1362569243000 75.0
62.605089 29.929037 1362569245000 77.0
62.605011 29.928219 1362569247000 79.0
62.604838 29.926305 1362569252000 79.0
62.604763 29.925537 1362569254000 79.0
62.604685 29.924792 1362569256000 79.0
62.60465 29.924416 1362569257000 79.0
62.604558 29.923627 1362569259000 78.0
62.604478 29.922847 1362569261000 78.0
62.604355 29.921622 1362569264000 79.0
62.604273 29.920796 1362569266000 80.0
62.604184 29.919974 1362569268000 79.0
62.604098 29.919117 1362569270000 79.0
62.604057 29.918718 1362569271000 79.0
62.603913 29.917482 1362569274000 80.0
62.603865 29.917069 1362569275000 80.0
62.603728 29.915845 1362569278000 79.0
62.603636 29.915022 1362569280000 79.0
62.603549 29.914202 1362569282000 78.0
62.603505 29.913786 1362569283000 78.0
62.60341 29.91296 1362569285000 78.0
62.603313 29.912131 1362569287000 78.0
62.603154 29.910877 1362569290000 78.0
62.603049 29.910029 1362569292000 79.0
62.602943 29.909121 1362569294000 77.0
62.602849 29.908271 1362569296000 77.0
62.602781 29.907423 1362569298000 76.0
62.602688 29.906559 1362569300000 76.0
62.602588 29.905674 1362569302000 76.0
62.602497 29.904787 1362569304000 76.0
62.602403 29.903909 1362569306000 76.0
62.60231 29.902994 1362569308000 75.0
62.602227 29.902074 1362569310000 75.0
62.602138 29.901245 1362569312000 75.0
62.602045 29.900369 1362569314000 76.0
62.601961 29.899507 1362569316000 76.0
62.601871 29.898616 1362569318000 76.0
62.601781 29.897763 1362569320000 75.0
62.601702 29.896896 1362569322000 75.0
62.601661 29.896468 1362569323000 76.0
62.601573 29.895572 1362569325000 75.0
62.601447 29.894221 1362569328000 75.0
62.601365 29.893345 1362569330000 74.0
62.60128 29.892433 1362569332000 74.0
62.601197 29.891515 1362569334000 74.0
62.601158 29.891064 1362569335000 74.0
62.600917 29.888311 1362569341000 74.0
62.600836 29.887386 1362569343000 74.0
62.600762 29.886454 1362569345000 74.0
62.600731 29.88601 1362569346000 74.0
62.600649 29.885078 1362569348000 74.0
62.60058 29.88414 1362569350000 75.0
62.600476 29.882798 1362569353000 75.0
62.600402 29.881853 1362569355000 76.0
62.600285 29.880462 1362569358000 76.0
62.600186 29.879105 1362569361000 76.0
62.600133 29.878255 1362569363000 75.0
62.600098 29.877363 1362569365000 74.0
62.599448 29.867911 1362569387000 70.0
62.599395 29.867082 1362569389000 69.0
62.599364 29.866656 1362569390000 69.0
62.599311 29.865808 1362569392000 69.0
62.599227 29.864579 1362569395000 69.0
62.599162 29.863655 1362569397000 69.0
62.599135 29.863182 1362569398000 68.0
62.599056 29.86187 1362569401000 68.0
62.599004 29.860927 1362569403000 67.0
62.598938 29.86 1362569405000 66.0
62.598877 29.859099 1362569407000 66.0
62.598827 29.858176 1362569409000 67.0
62.598776 29.85725 1362569411000 67.0
62.598727 29.85633 1362569413000 69.0
62.598669 29.855408 1362569415000 69.0
62.598607 29.854479 1362569417000 71.0
62.598545 29.853573 1362569419000 72.0
62.598488 29.852677 1362569421000 73.0
62.598457 29.852206 1362569422000 74.0
62.598359 29.850871 1362569425000 75.0
62.598291 29.849969 1362569427000 75.0
62.598233 29.84914 1362569429000 75.0
62.598199 29.848727 1362569430000 75.0
62.598096 29.847531 1362569433000 76.0
62.598024 29.846741 1362569435000 76.0
62.597951 29.845998 1362569437000 77.0
62.597883 29.845254 1362569439000 77.0
62.59782 29.844596 1362569441000 77.0
62.597758 29.843975 1362569443000 77.0
62.5977 29.843439 1362569445000 77.0
62.597643 29.842925 1362569447000 78.0
62.59759 29.842463 1362569449000 78.0
62.597533 29.84195 1362569451000 77.0
62.597475 29.841443 1362569453000 75.0
62.597416 29.840939 1362569455000 75.0
62.597366 29.840555 1362569457000 75.0
62.597317 29.840054 1362569459000 73.0
62.597267 29.839631 1362569461000 74.0
62.596841 29.836986 1362569472000 73.0
62.596755 29.836446 1362569474000 71.0
62.596618 29.835601 1362569477000 70.0
62.59652 29.835023 1362569479000 69.0
62.59642 29.834404 1362569481000 69.0
62.596319 29.833796 1362569483000 70.0
62.596214 29.833138 1362569485000 70.0
62.596082 29.83258 1362569487000 70.0
62.59602 29.832036 1362569489000 71.0
62.595887 29.831413 1362569491000 72.0
62.59577 29.830819 1362569493000 71.0
62.595659 29.830246 1362569495000 73.0
62.595535 29.829646 1362569497000 73.0
62.595409 29.829038 1362569499000 72.0
62.595293 29.828479 1362569501000 72.0
62.59517 29.827959 1362569503000 72.0
62.595051 29.82737 1362569505000 72.0
62.594996 29.827091 1362569506000 73.0
62.594804 29.826294 1362569509000 72.0
62.594687 29.825777 1362569511000 73.0
62.594569 29.825237 1362569513000 74.0
62.594431 29.824677 1362569515000 72.0
62.594301 29.824134 1362569517000 71.0
62.594168 29.82358 1362569519000 71.0
62.594009 29.823008 1362569521000 69.0
62.593861 29.822436 1362569523000 69.0
62.593783 29.822165 1362569524000 69.0
62.593628 29.821584 1362569526000 69.0
62.593323 29.820462 1362569530000 70.0
62.593167 29.819906 1362569532000 71.0
62.593002 29.819333 1362569534000 71.0
62.592839 29.818806 1362569536000 71.0
62.592682 29.818277 1362569538000 72.0
62.592604 29.818024 1362569539000 73.0
62.592381 29.817296 1362569542000 73.0
62.592246 29.816855 1362569544000 73.0
62.592197 29.816635 1362569545000 74.0
62.592035 29.816071 1362569548000 75.0
62.591919 29.815761 1362569550000 75.0
62.591854 29.815532 1362569552000 76.0
62.59179 29.815336 1362569554000 77.0
62.591801 29.815268 1362569556000 78.0
62.591772 29.815081 1362569558000 79.0
62.591802 29.81506 1362569560000 79.0
62.591985 29.814593 1362569561000 78.0
62.592112 29.814271 1362569564000 77.0
62.592258 29.813852 1362569566000 76.0
62.592346 29.813277 1362569568000 74.0
62.592349 29.812762 1362569570000 74.0
62.592315 29.81222 1362569572000 74.0
62.592293 29.811794 1362569574000 74.0
62.592277 29.811191 1362569576000 73.0
62.592281 29.810589 1362569578000 73.0
62.592347 29.809932 1362569580000 73.0
62.592501 29.809293 1362569582000 73.0
62.592701 29.808683 1362569584000 74.0
62.59294 29.808072 1362569586000 76.0
62.593155 29.807442 1362569588000 76.0
62.59341 29.806808 1362569590000 77.0
62.59368 29.806156 1362569592000 76.0
62.593937 29.80553 1362569594000 77.0
62.594206 29.804899 1362569596000 77.0
62.59448 29.804245 1362569598000 77.0
62.594613 29.803946 1362569599000 77.0
62.594895 29.803304 1362569601000 79.0
62.595341 29.802404 1362569604000 77.0
62.595635 29.801872 1362569606000 78.0
62.59594 29.801336 1362569608000 76.0
62.596081 29.801092 1362569609000 75.0
62.596373 29.800545 1362569611000 74.0
62.59664 29.800026 1362569613000 73.0
62.597157 29.799541 1362569616000 74.0
62.597456 29.799228 1362569618000 75.0
62.597687 29.798564 1362569620000 76.0
62.597818 29.79848 1362569621000 77.0
62.598076 29.798318 1362569623000 77.0
62.598348 29.798164 1362569626000 76.0
62.598443 29.798112 1362569628000 77.0
62.598495 29.798083 1362569630000 77.0
62.598514 29.798072 1362569632000 77.0
62.598533 29.798062 1362569634000 76.0
62.598547 29.798054 1362569636000 76.0
62.598552 29.798051 1362569638000 77.0
62.598555 29.79805 1362569640000 79.0
62.598553 29.798051 1362569642000 80.0
62.598521 29.797876 1362569644000 77.0
62.598513 29.797616 1362569646000 78.0
62.598474 29.797359 1362569648000 77.0
62.59843 29.797077 1362569650000 78.0
62.598339 29.796674 1362569652000 78.0
62.598201 29.79616 1362569654000 78.0
62.598125 29.795559 1362569656000 77.0
62.598123 29.794998 1362569658000 75.0
62.598126 29.794456 1362569660000 74.0
62.5981 29.793885 1362569662000 74.0
62.598054 29.79332 1362569664000 74.0
62.598003 29.792718 1362569666000 73.0
62.597948 29.792081 1362569668000 73.0
62.597887 29.791412 1362569670000 72.0
62.597858 29.79109 1362569671000 72.0
62.597795 29.790413 1362569673000 72.0
62.597731 29.789715 1362569675000 72.0
62.597645 29.788772 1362569678000 75.0
62.597593 29.788187 1362569680000 76.0
62.597548 29.787646 1362569682000 76.0
62.597522 29.787334 1362569683000 76.0
62.597474 29.786759 1362569685000 77.0
62.597399 29.785922 1362569688000 76.0
62.597369 29.785675 1362569689000 74.0
62.59727 29.784855 1362569692000 76.0
62.597201 29.784296 1362569694000 77.0
62.597117 29.783744 1362569696000 77.0
62.597029 29.783245 1362569698000 78.0
62.596984 29.783006 1362569699000 77.0
62.596898 29.782553 1362569701000 78.0
62.596765 29.781962 1362569704000 81.0
62.596679 29.781651 1362569706000 80.0
62.596613 29.781428 1362569708000 79.0
62.596488 29.781078 1362569710000 79.0
62.596397 29.780824 1362569712000 79.0
62.596298 29.78055 1362569714000 79.0
62.596179 29.780243 1362569716000 80.0
62.596045 29.779919 1362569718000 80.0
62.595944 29.779514 1362569720000 79.0
62.595768 29.778214 1362569726000 78.0
62.595721 29.77773 1362569728000 78.0
62.595686 29.777288 1362569730000 78.0
62.59566 29.776874 1362569732000 77.0
62.595641 29.775778 1362569740000 77.0
62.595642 29.775635 1362569742000 76.0
62.595778 29.775375 1362569744000 75.0
62.59585 29.775273 1362569746000 75.0
62.595905 29.775145 1362569748000 75.0
62.595923 29.775075 1362569749000 76.0
62.595959 29.774761 1362569751000 77.0
62.595944 29.774213 1362569754000 78.0
62.595954 29.773655 1362569757000 79.0
62.59611 29.773144 1362569760000 82.0
62.596778 29.772748 1362569769000 78.0
62.596933 29.772882 1362569771000 78.0
62.597041 29.773246 1362569773000 78.0
62.597213 29.773526 1362569775000 77.0
62.597397 29.773869 1362569777000 75.0
62.59755 29.77416 1362569779000 75.0
62.597616 29.774262 1362569780000 75.0
62.597813 29.774423 1362569783000 77.0
62.597871 29.774437 1362569784000 77.0
62.597957 29.774398 1362569786000 77.0
62.598081 29.77425 1362569789000 75.0
62.598107 29.774182 1362569790000 74.0
62.598144 29.774114 1362569792000 73.0
62.598215 29.774098 1362569794000 71.0
62.598351 29.774162 1362569797000 71.0
62.59841 29.774223 1362569798000 71.0
62.598639 29.774255 1362569801000 71.0
62.598789 29.774369 1362569803000 71.0
62.598852 29.774416 1362569804000 71.0
62.598989 29.774517 1362569806000 72.0
62.599146 29.774606 1362569809000 71.0
62.599181 29.774624 1362569810000 70.0
62.599211 29.774638 1362569813000 70.0
62.599211 29.774638 1362569814000 71.0
62.599209 29.774638 1362569817000 71.0
62.59921 29.774638 1362569818000 71.0
62.59921 29.774638 1362569820000 71.0
62.599209 29.774638 1362569822000 71.0
62.59921 29.774638 1362569825000 71.0
62.599209 29.774638 1362569830000 71.0
62.59921 29.774638 1362569832000 71.0
62.59921 29.774638 1362569834000 71.0
62.59921 29.774638 1362569836000 71.0
62.599211 29.774638 1362569838000 71.0
62.599192 29.77463 1362569840000 73.0
62.599193 29.77463 1362569841000 73.0
62.599193 29.77463 1362569844000 72.0
62.599193 29.77463 1362569845000 72.0
62.599194 29.77463 1362569847000 73.0
62.599193 29.77463 1362569849000 73.0
62.599193 29.77463 1362569851000 73.0
62.599194 29.77463 1362569854000 73.0
62.599194 29.77463 1362569856000 73.0
62.599192 29.77463 1362569858000 73.0
62.599194 29.77463 1362569860000 73.0
62.599191 29.774629 1362569862000 73.0
62.599192 29.77463 1362569863000 73.0
62.599191 29.774629 1362569866000 73.0
62.599193 29.77463 1362569867000 73.0
62.599194 29.77463 1362569870000 73.0
62.599194 29.77463 1362569871000 73.0
62.599193 29.77463 1362569874000 73.0
62.599194 29.77463 1362569876000 73.0
62.599193 29.77463 1362569877000 73.0
62.599193 29.77463 1362569880000 73.0
62.599192 29.774629 1362569882000 73.0
62.599191 29.774629 1362569883000 73.0
62.599194 29.77463 1362569886000 73.0
62.599191 29.774629 1362569887000 73.0
62.599203 29.774635 1362569890000 73.0
62.599236 29.77465 1362569891000 74.0
62.599474 29.774718 1362569894000 76.0
62.599517 29.774717 1362569895000 76.0
62.599655 29.774715 1362569898000 78.0
62.599663 29.774714 1362569900000 79.0
62.599663 29.774714 1362569901000 80.0
62.599665 29.774714 1362569904000 82.0
62.599665 29.774714 1362569905000 82.0
62.599664 29.774714 1362569907000 82.0
62.599661 29.774714 1362569910000 81.0
62.599666 29.774714 1362569912000 81.0
62.599665 29.774714 1362569913000 81.0
62.599666 29.774714 1362569915000 81.0
62.599666 29.774714 1362569917000 81.0
62.599664 29.774714 1362569920000 81.0
62.599662 29.774714 1362569922000 81.0
62.599663 29.774714 1362569924000 81.0
62.599661 29.774714 1362569926000 81.0
62.599665 29.774714 1362569928000 81.0
62.599663 29.774714 1362569930000 81.0
62.599696 29.774714 1362569932000 80.0
62.599723 29.774713 1362569934000 79.0
62.599779 29.77471 1362569936000 78.0
62.599864 29.774733 1362569938000 77.0
62.599946 29.774739 1362569940000 76.0
62.599977 29.774732 1362569941000 77.0
62.599983 29.774666 1362569944000 75.0
62.59995 29.774098 1362569946000 75.0
62.599931 29.773829 1362569948000 75.0
62.599925 29.773661 1362569949000 74.0
62.599915 29.773341 1362569951000 74.0
62.599903 29.772936 1362569953000 75.0
62.59989 29.772498 1362569955000 74.0
62.599871 29.771767 1362569958000 72.0
62.599868 29.771251 1362569960000 72.0
62.599887 29.770772 1362569962000 73.0
62.599934 29.770287 1362569964000 72.0
62.599988 29.769819 1362569966000 71.0
62.600041 29.76938 1362569968000 70.0
62.6001 29.768913 1362569970000 70.0
62.60013 29.768685 1362569971000 71.0
62.600219 29.768014 1362569974000 71.0
62.600244 29.767828 1362569975000 72.0
62.600295 29.767456 1362569977000 72.0
62.600377 29.766987 1362569980000 71.0
62.600428 29.766686 1362569982000 71.0
62.600479 29.766364 1362569984000 71.0
62.600525 29.766076 1362569986000 71.0
62.600547 29.765938 1362569987000 71.0
62.600575 29.765764 1362569990000 71.0
62.600576 29.765761 1362569991000 72.0
62.600576 29.765761 1362569994000 71.0
62.600576 29.765756 1362569995000 72.0
62.600615 29.765553 1362570035000 70.0
62.600615 29.765554 1362570037000 71.0
62.600626 29.765495 1362570039000 73.0
62.600655 29.765332 1362570041000 74.0
62.600728 29.764959 1362570043000 72.0
62.600793 29.764624 1362570045000 72.0
62.60087 29.764227 1362570047000 71.0
62.60091 29.764018 1362570049000 71.0
62.60095 29.763811 1362570051000 71.0
62.60099 29.763604 1362570054000 69.0
62.601008 29.763515 1362570056000 70.0
62.601019 29.763464 1362570057000 71.0
62.601029 29.763388 1362570060000 70.0
62.600929 29.763226 1362570062000 71.0
62.600846 29.763152 1362570064000 72.0
62.600756 29.76307 1362570066000 72.0
62.600674 29.762996 1362570068000 72.0
62.600639 29.762964 1362570069000 72.0
62.600594 29.762924 1362570071000 72.0
62.600593 29.762923 1362570074000 72.0
62.600593 29.762923 1362570076000 72.0
62.600593 29.762923 1362570077000 72.0
62.600594 29.762924 1362570079000 72.0
62.600595 29.762925 1362570081000 72.0
62.600594 29.762924 1362570084000 73.0
62.600594 29.762924 1362570086000 73.0
62.600594 29.762924 1362570087000 73.0
62.600594 29.762924 1362570089000 73.0
62.600594 29.762924 1362570091000 73.0
62.600594 29.762924 1362570093000 73.0
62.600593 29.762923 1362570096000 73.0
62.600593 29.762924 1362570098000 73.0
62.600595 29.762925 1362570099000 73.0
62.600593 29.762924 1362570101000 73.0
62.600593 29.762924 1362570104000 74.0
62.600593 29.762924 1362570105000 74.0
62.600593 29.762924 1362570107000 74.0
62.600593 29.762924 1362570110000 74.0
62.600593 29.762924 1362570111000 74.0
62.600593 29.762924 1362570114000 74.0
62.600593 29.762924 1362570115000 74.0
62.600593 29.762924 1362570118000 74.0
62.600594 29.762924 1362570119000 74.0
62.600594 29.762924 1362570121000 74.0
62.600593 29.762923 1362570123000 74.0
62.600593 29.762924 1362570128000 74.0
62.600593 29.762924 1362570130000 74.0
62.600593 29.762924 1362570131000 74.0
62.600593 29.762924 1362570133000 74.0
62.600593 29.762924 1362570136000 74.0
62.600593 29.762924 1362570137000 74.0
62.600593 29.762924 1362570139000 74.0
62.600593 29.762924 1362570141000 74.0
62.600593 29.762924 1362570144000 74.0
62.600593 29.762924 1362570145000 74.0
62.600567 29.7629 1362570148000 74.0
62.60055 29.762884 1362570149000 73.0
62.600416 29.762764 1362570152000 72.0
62.60036 29.762713 1362570153000 73.0
62.600234 29.762599 1362570155000 73.0
62.60008 29.762461 1362570158000 75.0
62.600039 29.762424 1362570159000 76.0
62.599964 29.762356 1362570162000 76.0
62.599943 29.762337 1362570163000 76.0
62.599908 29.762305 1362570165000 77.0
62.599824 29.76223 1362570168000 76.0
62.599801 29.762209 1362570169000 77.0
62.599638 29.762068 1362570171000 77.0
62.599357 29.761823 1362570174000 77.0
62.599253 29.761733 1362570175000 77.0
62.599028 29.761537 1362570178000 79.0
62.598916 29.761439 1362570180000 79.0
62.598798 29.761337 1362570182000 79.0
62.598775 29.761316 1362570184000 76.0
62.598734 29.761281 1362570186000 76.0
62.59872 29.761269 1362570188000 74.0
62.598699 29.76125 1362570190000 74.0
62.598682 29.761236 1362570193000 75.0
62.598678 29.761232 1362570194000 75.0
62.598674 29.761229 1362570196000 76.0
62.598669 29.761225 1362570198000 76.0
62.598664 29.76122 1362570201000 76.0
62.598662 29.761218 1362570203000 76.0
62.598655 29.761212 1362570205000 77.0
62.59863 29.76119 1362570207000 76.0
62.59859 29.761156 1362570209000 76.0
62.598569 29.761137 1362570210000 76.0
62.598532 29.761105 1362570212000 75.0
62.598512 29.761088 1362570215000 75.0
62.59855 29.760754 1362570217000 76.0
62.598566 29.760672 1362570218000 76.0
62.598668 29.760161 1362570221000 76.0
62.598719 29.759901 1362570223000 76.0
62.598735 29.759821 1362570225000 77.0
62.598738 29.759808 1362570226000 76.0
62.598749 29.759751 1362570229000 77.0
62.598748 29.759755 1362570231000 78.0
62.598753 29.759731 1362570233000 77.0
62.598754 29.759724 1362570234000 77.0
62.598762 29.759686 1362570237000 78.0
62.598765 29.759671 1362570238000 78.0
62.598774 29.759626 1362570241000 78.0
62.598781 29.759592 1362570243000 79.0
62.598784 29.759572 1362570245000 80.0
62.598784 29.759572 1362570246000 80.0
62.598797 29.759508 1362570249000 83.0
62.598803 29.759477 1362570250000 82.0
62.598827 29.759357 1362570253000 84.0
62.598835 29.759319 1362570254000 84.0
62.598896 29.759008 1362570257000 84.0
62.598967 29.758649 1362570259000 84.0
62.599008 29.758442 1362570261000 84.0
62.599067 29.75814 1362570263000 85.0
62.599154 29.757702 1362570265000 84.0
62.599193 29.757501 1362570266000 85.0
62.599338 29.756781 1362570268000 85.0
62.599463 29.756171 1362570271000 84.0
62.599485 29.756065 1362570272000 80.0
62.599526 29.755865 1362570274000 78.0
62.599556 29.755719 1362570277000 78.0
62.599553 29.75573 1362570278000 78.0
62.599553 29.755729 1362570281000 78.0
62.599553 29.75573 1362570283000 78.0
62.599553 29.75573 1362570284000 78.0
62.599553 29.75573 1362570286000 77.0
62.599553 29.75573 1362570288000 77.0
62.599553 29.75573 1362570290000 77.0
62.599553 29.755729 1362570293000 77.0
62.599553 29.75573 1362570294000 77.0
62.599561 29.755695 1362570296000 77.0
62.599591 29.755546 1362570298000 77.0
62.599644 29.755286 1362570300000 79.0
62.599737 29.754813 1362570303000 80.0
62.599771 29.754641 1362570304000 81.0
62.599833 29.75432 1362570306000 81.0
62.599914 29.7539 1362570309000 82.0
62.599961 29.753654 1362570311000 82.0
62.599991 29.753499 1362570313000 81.0
62.599999 29.753457 1362570314000 81.0
62.600027 29.753313 1362570316000 80.0
62.600047 29.753209 1362570318000 80.0
62.600098 29.752952 1362570321000 80.0
62.600126 29.752808 1362570323000 80.0
62.600153 29.752669 1362570325000 80.0
62.60017 29.752584 1362570327000 80.0
62.600176 29.752553 1362570329000 80.0
62.600178 29.752546 1362570331000 80.0
62.600175 29.752562 1362570333000 80.0
62.600171 29.752578 1362570335000 79.0
62.600154 29.752666 1362570337000 79.0
62.600154 29.752666 1362570338000 79.0
62.600154 29.752666 1362570341000 80.0
62.600154 29.752666 1362570343000 80.0
62.600153 29.752671 1362570345000 79.0
62.600152 29.752676 1362570347000 78.0
62.600152 29.752676 1362570348000 78.0
62.600156 29.752655 1362570351000 79.0
62.600157 29.752654 1362570353000 79.0
62.600156 29.752657 1362570354000 80.0
62.600156 29.752656 1362570357000 79.0
62.600156 29.752656 1362570359000 79.0
62.600156 29.752656 1362570361000 80.0
62.600156 29.752656 1362570363000 80.0
62.600156 29.752656 1362570365000 81.0
62.600155 29.75266 1362570366000 81.0
62.600156 29.752656 1362570369000 81.0
62.600156 29.752656 1362570370000 81.0
62.600156 29.752656 1362570373000 81.0
62.600156 29.752656 1362570374000 81.0
62.600156 29.752656 1362570376000 81.0
62.600156 29.752656 1362570378000 81.0
62.600156 29.752656 1362570381000 81.0
62.600156 29.752656 1362570382000 81.0
62.600156 29.752656 1362570384000 81.0
62.600156 29.752656 1362570386000 81.0
62.600156 29.752657 1362570389000 82.0
62.600156 29.752657 1362570391000 81.0
62.600156 29.752657 1362570393000 81.0
62.600156 29.752657 1362570395000 81.0
62.600156 29.752657 1362570396000 81.0
62.600156 29.752656 1362570399000 80.0
62.600156 29.752656 1362570401000 80.0
62.600156 29.752656 1362570402000 80.0
62.600156 29.752656 1362570404000 80.0
62.600156 29.752657 1362570407000 80.0
62.600156 29.752657 1362570408000 80.0
62.600156 29.752656 1362570411000 80.0
62.600156 29.752657 1362570413000 80.0
62.600156 29.752656 1362570415000 80.0
62.600156 29.752656 1362570417000 80.0
62.600165 29.752609 1362570419000 80.0
62.600191 29.752481 1362570421000 81.0
62.600252 29.752167 1362570423000 81.0
62.600298 29.751938 1362570425000 81.0
62.600336 29.751744 1362570427000 81.0
62.60038 29.75152 1362570429000 81.0
62.600406 29.75139 1362570431000 80.0
62.600426 29.751287 1362570433000 80.0
62.60046 29.751114 1362570434000 81.0
62.600501 29.750904 1362570436000 80.0
62.600567 29.750565 1362570438000 80.0
62.600643 29.750173 1362570440000 79.0
62.600725 29.749754 1362570443000 78.0
62.600757 29.749591 1362570445000 78.0
62.600775 29.749496 1362570446000 78.0
62.600797 29.749384 1362570449000 79.0
62.600875 29.749012 1362570450000 78.0
62.600949 29.74866 1362570452000 78.0
62.601013 29.748358 1362570454000 77.0
62.601092 29.747984 1362570457000 78.0
62.601105 29.747918 1362570458000 78.0
62.601134 29.747771 1362570461000 77.0
62.60114 29.747742 1362570462000 76.0
62.601151 29.747682 1362570464000 75.0
62.601162 29.747617 1362570466000 74.0
62.601133 29.747421 1362570469000 72.0
62.601104 29.747393 1362570470000 72.0
62.601048 29.747341 1362570472000 72.0
62.60097 29.74727 1362570474000 71.0
62.600777 29.747092 1362570476000 73.0
62.600525 29.74686 1362570479000 67.0
62.600342 29.746692 1362570481000 69.0
62.600139 29.746506 1362570483000 70.0
62.59994 29.746326 1362570485000 69.0
62.599865 29.746259 1362570486000 68.0
62.599527 29.745948 1362570489000 68.0
62.599419 29.745849 1362570490000 68.0
62.599139 29.745591 1362570493000 66.0
62.599066 29.745524 1362570494000 66.0
62.598876 29.745349 1362570496000 65.0
62.598684 29.745172 1362570498000 65.0
62.598513 29.745015 1362570500000 66.0
62.598251 29.744774 1362570503000 68.0
62.598202 29.744729 1362570504000 69.0
62.597993 29.744536 1362570507000 68.0
62.597842 29.744397 1362570509000 70.0
62.597694 29.744261 1362570511000 70.0
62.597539 29.744118 1362570513000 71.0
62.597484 29.744067 1362570514000 72.0
62.597379 29.74397 1362570516000 72.0
62.597335 29.74393 1362570518000 71.0
62.597284 29.743883 1362570521000 72.0
62.597286 29.743877 1362570522000 72.0
62.597316 29.7437 1362570524000 73.0
62.597344 29.743541 1362570526000 73.0
62.597377 29.743354 1362570529000 73.0
62.597399 29.743228 1362570531000 73.0
62.597407 29.743179 1362570532000 73.0
62.597418 29.743115 1362570534000 75.0
62.597414 29.743141 1362570537000 76.0
62.597411 29.743159 1362570539000 76.0
62.597409 29.743166 1362570541000 75.0
62.597409 29.743167 1362570543000 75.0
62.597409 29.743167 1362570545000 75.0
62.597409 29.743167 1362570547000 75.0
62.597409 29.743167 1362570549000 75.0
62.597409 29.743169 1362570551000 76.0
62.597409 29.743167 1362570553000 76.0
62.597409 29.743167 1362570555000 76.0
62.597409 29.743167 1362570557000 76.0
62.597412 29.74315 1362570559000 81.0