62.598178 29.744572 1366213873000 102.0
62.598164 29.744686 1366213875000 102.0
62.598159 29.744789 1366213877000 101.0
62.598044 29.744392 1366213879000 77.0
62.59804 29.74444 1366213881000 79.0
62.598041 29.744432 1366213883000 81.0
62.598065 29.744398 1366213885000 82.0
62.598083 29.744391 1366213887000 84.0
62.59807 29.744361 1366213889000 84.0
62.598054 29.744346 1366213891000 83.0
62.598047 29.744346 1366213893000 85.0
62.598045 29.744349 1366213894000 85.0
62.59807 29.744431 1366213908000 85.0
62.598065 29.744371 1366213913000 82.0
62.598065 29.744371 1366213924000 83.0
62.598076 29.744345 1366213936000 84.0
62.598076 29.744345 1366213954000 83.0
62.59809 29.744356 1366213963000 83.0
62.598103 29.74437 1366213965000 83.0
62.598099 29.744362 1366213966000 83.0
62.598058 29.74432 1366213969000 82.0
62.598053 29.744316 1366213971000 83.0
62.598083 29.744363 1366213973000 82.0
62.598151 29.74444 1366213975000 81.0
62.598245 29.744532 1366213977000 79.0
62.598342 29.74463 1366213979000 79.0
62.598442 29.744719 1366213981000 78.0
62.598536 29.744785 1366213983000 78.0
62.598619 29.744869 1366213985000 77.0
62.598707 29.744978 1366213987000 78.0
62.598794 29.745072 1366213989000 77.0
62.598885 29.74516 1366213991000 77.0
62.598982 29.745249 1366213993000 77.0
62.599086 29.745337 1366213995000 76.0
62.599182 29.745411 1366213997000 77.0
62.599276 29.74548 1366213999000 78.0
62.59936 29.745526 1366214001000 78.0
62.599445 29.745595 1366214003000 79.0
62.599523 29.745689 1366214005000 78.0
62.5996 29.745774 1366214007000 77.0
62.599678 29.745854 1366214009000 78.0
62.599765 29.745931 1366214011000 79.0
62.599877 29.745989 1366214013000 80.0
62.59999 29.746086 1366214015000 80.0
62.600082 29.746201 1366214017000 80.0
62.600149 29.746243 1366214019000 79.0
62.600218 29.746302 1366214021000 78.0
62.600312 29.746421 1366214023000 79.0
62.600406 29.746588 1366214025000 79.0
62.600539 29.746686 1366214027000 80.0
62.600616 29.746796 1366214029000 80.0
62.600677 29.747001 1366214031000 80.0
62.600755 29.747072 1366214033000 80.0
62.600876 29.747036 1366214035000 81.0
62.600956 29.747044 1366214037000 80.0
62.601038 29.747111 1366214039000 81.0
62.601115 29.747212 1366214041000 81.0
62.601194 29.747273 1366214043000 79.0
62.601282 29.747302 1366214045000 81.0
62.601373 29.747392 1366214047000 81.0
62.601474 29.747498 1366214049000 80.0
62.601561 29.747579 1366214051000 79.0
62.601636 29.747642 1366214053000 79.0
62.60172 29.74772 1366214055000 78.0
62.601808 29.74776 1366214057000 80.0
62.601908 29.747879 1366214059000 80.0
62.602006 29.747962 1366214061000 80.0
62.602096 29.748031 1366214063000 81.0
62.602161 29.748108 1366214065000 81.0
62.602223 29.748203 1366214067000 79.0
62.602301 29.748253 1366214069000 78.0
62.602371 29.748302 1366214071000 78.0
62.602426 29.748315 1366214073000 78.0
62.602485 29.748357 1366214075000 76.0
62.60254 29.748414 1366214077000 76.0
62.602609 29.748498 1366214079000 76.0
62.602687 29.74861 1366214081000 76.0
62.6028 29.748786 1366214083000 77.0
62.602882 29.748873 1366214085000 76.0
62.602952 29.74898 1366214087000 75.0
62.60304 29.749066 1366214089000 75.0
62.603138 29.749108 1366214091000 75.0
62.603235 29.749164 1366214093000 76.0
62.603321 29.749223 1366214095000 76.0
62.603399 29.749227 1366214097000 77.0
62.603486 29.749263 1366214099000 77.0
62.603542 29.749281 1366214101000 75.0
62.603598 29.749298 1366214103000 75.0
62.603648 29.749334 1366214105000 75.0
62.603675 29.749351 1366214107000 75.0
62.603682 29.749364 1366214109000 77.0
62.603679 29.749372 1366214111000 78.0
62.603685 29.749383 1366214113000 80.0
62.603703 29.749396 1366214115000 80.0
62.603727 29.749416 1366214117000 80.0
62.603757 29.74945 1366214119000 80.0
62.60379 29.749504 1366214121000 80.0
62.603825 29.749576 1366214123000 80.0
62.603869 29.749629 1366214125000 81.0
62.603932 29.749677 1366214127000 81.0
62.604005 29.749614 1366214129000 81.0
62.604077 29.749431 1366214131000 81.0
62.604133 29.749198 1366214133000 81.0
62.604186 29.748956 1366214135000 81.0
62.604238 29.748742 1366214137000 81.0
62.604297 29.748546 1366214139000 81.0
62.604352 29.748368 1366214141000 80.0
62.604414 29.748192 1366214143000 80.0
62.604501 29.747945 1366214145000 81.0
62.60453 29.747847 1366214147000 80.0
62.604611 29.747786 1366214149000 80.0
62.604705 29.747713 1366214151000 79.0
62.604793 29.747594 1366214153000 79.0
62.604872 29.747517 1366214155000 79.0
62.604939 29.747466 1366214157000 80.0
62.60501 29.747401 1366214159000 80.0
62.605081 29.747329 1366214161000 80.0
62.605173 29.747275 1366214163000 80.0
62.605263 29.747181 1366214165000 80.0
62.60537 29.747217 1366214167000 81.0
62.605437 29.747228 1366214169000 79.0
62.605532 29.747289 1366214171000 79.0
62.605619 29.747367 1366214173000 79.0
62.605718 29.74745 1366214175000 79.0
62.605791 29.747408 1366214177000 78.0
62.605887 29.747263 1366214179000 77.0
62.605979 29.74713 1366214181000 76.0
62.606067 29.747006 1366214183000 75.0
62.606152 29.746987 1366214185000 75.0
62.60623 29.746953 1366214187000 76.0
62.606308 29.746896 1366214189000 75.0
62.606389 29.746774 1366214191000 75.0
62.606467 29.746642 1366214193000 74.0
62.606546 29.746508 1366214195000 74.0
62.606621 29.746391 1366214197000 73.0
62.606718 29.746174 1366214199000 75.0
62.606784 29.746035 1366214201000 75.0
62.606877 29.745968 1366214203000 75.0
62.606952 29.745958 1366214205000 76.0
62.607016 29.745717 1366214207000 76.0
62.607103 29.745701 1366214209000 77.0
62.607171 29.745597 1366214211000 77.0
62.607235 29.745486 1366214213000 76.0
62.607288 29.74537 1366214215000 77.0
62.607361 29.745436 1366214217000 77.0
62.607441 29.74557 1366214219000 75.0
62.607506 29.746 1366214221000 76.0
62.607574 29.746185 1366214223000 76.0
62.607538 29.746368 1366214225000 75.0
62.607538 29.746517 1366214227000 75.0
62.60756 29.746655 1366214229000 75.0
62.607573 29.746834 1366214231000 75.0
62.607624 29.746986 1366214233000 75.0
62.607654 29.747131 1366214235000 75.0
62.607692 29.747276 1366214237000 75.0
62.607736 29.747431 1366214239000 75.0
62.607775 29.747585 1366214241000 75.0
62.60779 29.74772 1366214243000 73.0
62.607785 29.747789 1366214245000 74.0
62.607824 29.747811 1366214247000 74.0
62.607898 29.747778 1366214249000 75.0
62.60798 29.747725 1366214251000 75.0
62.608149 29.747489 1366214253000 76.0
62.608234 29.747364 1366214255000 75.0
62.608323 29.747259 1366214257000 76.0
62.608386 29.747163 1366214259000 76.0
62.60847 29.747133 1366214261000 76.0
62.60855 29.747006 1366214263000 77.0
62.608626 29.746919 1366214265000 76.0
62.608718 29.746876 1366214267000 77.0
62.60879 29.746787 1366214269000 78.0
62.608866 29.746694 1366214271000 78.0
62.608941 29.746585 1366214273000 79.0
62.609046 29.746254 1366214275000 80.0
62.609184 29.746029 1366214277000 81.0
62.609292 29.745867 1366214279000 81.0
62.609386 29.745882 1366214281000 81.0
62.60945 29.745541 1366214283000 80.0
62.609549 29.745421 1366214285000 80.0
62.609643 29.745308 1366214287000 80.0
62.609691 29.745251 1366214289000 79.0
62.609811 29.745106 1366214291000 80.0
62.609919 29.744976 1366214293000 81.0
62.610017 29.744857 1366214295000 81.0
62.610101 29.744756 1366214297000 81.0
62.610203 29.744664 1366214299000 82.0
62.610287 29.744587 1366214301000 81.0
62.610382 29.744471 1366214303000 81.0
62.610448 29.744393 1366214305000 81.0
62.61054 29.744192 1366214307000 81.0
62.610622 29.744146 1366214309000 81.0
62.610613 29.744046 1366214311000 81.0
62.610684 29.744122 1366214313000 82.0
62.610862 29.743913 1366214315000 82.0
62.610979 29.743754 1366214317000 82.0
62.611077 29.743689 1366214319000 81.0
62.611186 29.743523 1366214321000 81.0
62.611269 29.743459 1366214323000 81.0
62.611349 29.743369 1366214325000 80.0
62.611423 29.743308 1366214327000 79.0
62.611514 29.74317 1366214329000 80.0
62.611585 29.743037 1366214331000 80.0
62.611666 29.742885 1366214333000 80.0
62.611754 29.742778 1366214335000 80.0
62.611853 29.742594 1366214337000 80.0
62.611934 29.742501 1366214339000 80.0
62.612006 29.742443 1366214341000 80.0
62.612108 29.742338 1366214343000 79.0
62.612213 29.742196 1366214345000 79.0
62.612316 29.74215 1366214347000 80.0
62.612406 29.742085 1366214349000 81.0
62.6126 29.741924 1366214351000 80.0
62.612672 29.741906 1366214353000 79.0
62.612739 29.741817 1366214355000 81.0
62.612781 29.741765 1366214357000 80.0
62.61284 29.741722 1366214359000 81.0
62.612923 29.741674 1366214361000 82.0
62.61299 29.741621 1366214363000 83.0
62.613054 29.741604 1366214365000 82.0
62.61312 29.741553 1366214367000 82.0
62.613196 29.741509 1366214369000 82.0
62.613282 29.741444 1366214371000 82.0
62.613372 29.741338 1366214373000 82.0
62.613453 29.741193 1366214375000 82.0
62.613509 29.740897 1366214377000 82.0
62.613601 29.740819 1366214379000 82.0
62.613716 29.740623 1366214381000 82.0
62.613767 29.740474 1366214383000 81.0
62.613768 29.740206 1366214385000 82.0
62.613813 29.740044 1366214387000 83.0
62.613864 29.739899 1366214389000 83.0
62.61398 29.739754 1366214391000 83.0
62.61402 29.739589 1366214393000 83.0
62.614099 29.739415 1366214395000 83.0
62.614187 29.739428 1366214397000 85.0
62.61425 29.73953 1366214399000 84.0
62.614285 29.73962 1366214401000 83.0
62.614348 29.739796 1366214403000 81.0
62.614413 29.739937 1366214405000 79.0
62.614484 29.740075 1366214407000 79.0
62.614551 29.740243 1366214409000 79.0
62.614595 29.740398 1366214411000 79.0
62.614646 29.740559 1366214413000 79.0
62.614694 29.740704 1366214415000 79.0
62.614758 29.740841 1366214417000 77.0
62.614825 29.740972 1366214419000 77.0
62.614864 29.741119 1366214421000 76.0
62.614918 29.741266 1366214423000 76.0
62.614969 29.741415 1366214425000 76.0
62.614998 29.741579 1366214427000 76.0
62.614994 29.741745 1366214429000 76.0
62.614972 29.741876 1366214431000 76.0
62.614959 29.741975 1366214433000 77.0
62.614976 29.742055 1366214435000 76.0
62.615025 29.742132 1366214437000 76.0
62.615083 29.742222 1366214439000 77.0
62.615119 29.74234 1366214441000 77.0
62.615117 29.742487 1366214443000 76.0
62.615085 29.742605 1366214445000 75.0
62.615039 29.742655 1366214447000 76.0
62.61499 29.742667 1366214449000 74.0
62.614951 29.742677 1366214451000 75.0
62.614926 29.742686 1366214453000 74.0
62.614905 29.742661 1366214455000 75.0
62.61488 29.742629 1366214457000 77.0
62.61486 29.742615 1366214459000 77.0
62.614852 29.742611 1366214461000 76.0
62.614846 29.742581 1366214463000 76.0
62.614859 29.742524 1366214465000 76.0
62.614891 29.742455 1366214467000 76.0
62.614914 29.742558 1366214479000 79.0
62.614914 29.742558 1366214494000 79.0
62.614891 29.742584 1366214509000 79.0
62.614871 29.742607 1366214511000 80.0
62.614862 29.742637 1366214513000 82.0
62.614858 29.742664 1366214515000 82.0
62.614855 29.742691 1366214517000 82.0
62.614855 29.7427 1366214519000 83.0
62.614855 29.7427 1366214521000 82.0
62.614852 29.742725 1366214523000 82.0
62.614857 29.742774 1366214525000 81.0
62.614864 29.742783 1366214527000 81.0
62.614875 29.742785 1366214529000 81.0
62.614888 29.742805 1366214531000 83.0
62.614906 29.742829 1366214533000 83.0
62.614918 29.742859 1366214535000 84.0
62.61493 29.742912 1366214537000 85.0
62.614948 29.742941 1366214539000 85.0
62.614985 29.742964 1366214541000 86.0
62.615015 29.742969 1366214543000 86.0
62.615039 29.742988 1366214545000 87.0
62.615049 29.743032 1366214547000 87.0
62.615055 29.743074 1366214549000 87.0
62.615056 29.7431 1366214551000 87.0
62.615053 29.743125 1366214553000 87.0
62.615045 29.743177 1366214555000 86.0
62.615039 29.743253 1366214557000 86.0
62.615027 29.743332 1366214559000 86.0
62.615004 29.743405 1366214561000 87.0
62.614978 29.743475 1366214563000 87.0
62.614954 29.743546 1366214565000 87.0
62.614931 29.743617 1366214567000 87.0
62.61492 29.743652 1366214568000 87.0
62.614911 29.742874 1366214631000 88.0
62.614969 29.742893 1366214632000 88.0
62.614969 29.742893 1366214634000 88.0