41.892166 2.780515 1366810592000 119.0
41.891999 2.780783 1366810594000 121.0
41.891796 2.781079 1366810596000 120.0
41.891607 2.781339 1366810598000 122.0
41.891424 2.781631 1366810600000 121.0
41.891348 2.781765 1366810601000 121.0
41.891125 2.782117 1366810604000 121.0
41.891 2.782317 1366810606000 120.0
41.890916 2.782454 1366810608000 120.0
41.890813 2.782553 1366810610000 120.0
41.890675 2.782654 1366810612000 120.0
41.890534 2.78275 1366810614000 118.0
41.890431 2.782844 1366810616000 116.0
41.890308 2.783143 1366810618000 116.0
41.890231 2.783411 1366810620000 116.0
41.890156 2.783674 1366810622000 117.0
41.890158 2.7839 1366810624000 116.0
41.890208 2.784169 1366810626000 115.0
41.890293 2.784274 1366810628000 115.0
41.890444 2.784405 1366810630000 115.0
41.89062 2.78444 1366810632000 115.0
41.890891 2.784417 1366810634000 114.0
41.891088 2.784381 1366810636000 113.0
41.891349 2.78432 1366810638000 111.0
41.891608 2.784231 1366810640000 113.0
41.89187 2.784255 1366810642000 112.0
41.892161 2.784297 1366810644000 113.0
41.892457 2.784372 1366810646000 112.0
41.892755 2.784438 1366810648000 114.0
41.893077 2.784517 1366810650000 114.0
41.893413 2.784608 1366810652000 114.0
41.893705 2.784643 1366810654000 116.0
41.894031 2.78473 1366810656000 115.0
41.894356 2.784805 1366810658000 117.0
41.894669 2.784919 1366810660000 116.0
41.894991 2.785021 1366810662000 114.0
41.895311 2.785103 1366810664000 115.0
41.895619 2.785171 1366810666000 116.0
41.895944 2.785274 1366810668000 116.0
41.89627 2.785395 1366810670000 118.0
41.896583 2.785508 1366810672000 120.0
41.896936 2.785612 1366810674000 122.0
41.897316 2.785734 1366810676000 123.0
41.89766 2.785874 1366810678000 124.0
41.897976 2.786019 1366810680000 124.0
41.898331 2.786155 1366810682000 124.0
41.898684 2.786296 1366810684000 124.0
41.899082 2.786417 1366810686000 126.0
41.899465 2.786563 1366810688000 127.0
41.899803 2.786668 1366810690000 129.0
41.9001 2.786788 1366810692000 128.0
41.900437 2.786883 1366810694000 128.0
41.900785 2.787006 1366810696000 129.0
41.901168 2.787099 1366810698000 132.0
41.901496 2.787212 1366810700000 132.0
41.901805 2.787314 1366810702000 131.0
41.902136 2.787459 1366810704000 130.0
41.902458 2.787571 1366810706000 128.0
41.9028 2.787678 1366810708000 127.0
41.903126 2.78783 1366810710000 127.0
41.90344 2.78797 1366810712000 127.0
41.903701 2.788054 1366810714000 127.0
41.90393 2.78817 1366810716000 125.0
41.90416 2.788269 1366810718000 125.0
41.904373 2.788434 1366810720000 124.0
41.904588 2.788458 1366810722000 124.0
41.904731 2.78857 1366810724000 123.0
41.904883 2.788651 1366810726000 123.0
41.904928 2.788745 1366810728000 120.0
41.904999 2.788805 1366810730000 119.0
41.905036 2.788873 1366810732000 120.0
41.905054 2.788957 1366810734000 119.0
41.905093 2.789083 1366810736000 119.0
41.905174 2.789132 1366810738000 117.0
41.905242 2.789156 1366810740000 115.0
41.905345 2.789057 1366810742000 114.0
41.905466 2.788995 1366810744000 113.0
41.905623 2.789001 1366810746000 113.0
41.90583 2.789072 1366810748000 113.0
41.90605 2.789169 1366810750000 113.0
41.90624 2.789234 1366810752000 114.0
41.906555 2.789282 1366810754000 114.0
41.906852 2.789344 1366810756000 116.0
41.907149 2.789395 1366810758000 116.0
41.907414 2.789438 1366810760000 117.0
41.907784 2.789543 1366810762000 115.0
41.908101 2.789599 1366810764000 115.0
41.908455 2.789633 1366810766000 114.0
41.908815 2.789763 1366810768000 115.0
41.909187 2.789861 1366810770000 114.0
41.909547 2.789932 1366810772000 117.0
41.909943 2.78999 1366810774000 116.0
41.910358 2.790084 1366810776000 116.0
41.910807 2.790223 1366810778000 116.0
41.911235 2.790308 1366810780000 116.0
41.911661 2.790455 1366810782000 115.0
41.912074 2.790554 1366810784000 115.0
41.912443 2.790634 1366810786000 113.0
41.91286 2.790784 1366810788000 112.0
41.913253 2.790933 1366810790000 109.0
41.913653 2.791021 1366810792000 109.0
41.914089 2.791137 1366810794000 109.0
41.914523 2.791226 1366810796000 109.0
41.914877 2.79132 1366810798000 108.0
41.915288 2.79146 1366810800000 110.0
41.915695 2.791592 1366810802000 112.0
41.916096 2.791699 1366810804000 112.0
41.916431 2.791774 1366810806000 113.0
41.916861 2.79184 1366810808000 114.0
41.917247 2.791924 1366810810000 115.0
41.917644 2.792011 1366810812000 115.0
41.918003 2.7921 1366810814000 115.0
41.918382 2.792214 1366810816000 117.0
41.91877 2.792313 1366810818000 119.0
41.919076 2.792405 1366810820000 119.0
41.919432 2.792432 1366810822000 120.0
41.919782 2.792491 1366810824000 120.0
41.920106 2.792576 1366810826000 119.0
41.920425 2.792707 1366810828000 119.0
41.920741 2.79283 1366810830000 119.0
41.921063 2.792916 1366810832000 119.0
41.921387 2.793005 1366810834000 118.0
41.921678 2.793055 1366810836000 118.0
41.921942 2.793084 1366810838000 119.0
41.922213 2.793101 1366810840000 120.0
41.922488 2.793168 1366810842000 120.0
41.92279 2.793257 1366810844000 121.0
41.923066 2.793295 1366810846000 122.0
41.923307 2.793396 1366810848000 124.0
41.923601 2.793479 1366810850000 124.0
41.923799 2.793417 1366810852000 124.0
41.92408 2.79355 1366810854000 125.0
41.924339 2.79366 1366810856000 126.0
41.924575 2.793729 1366810858000 127.0
41.92488 2.793822 1366810860000 127.0
41.925144 2.793941 1366810862000 127.0
41.925393 2.794132 1366810864000 127.0
41.925629 2.794326 1366810866000 128.0
41.925819 2.794495 1366810868000 127.0
41.926052 2.794661 1366810870000 127.0
41.926262 2.794722 1366810872000 125.0
41.926467 2.794756 1366810874000 127.0
41.926717 2.794769 1366810876000 127.0
41.926905 2.794841 1366810878000 126.0
41.927117 2.795019 1366810880000 126.0
41.927277 2.795272 1366810882000 126.0
41.927439 2.795523 1366810884000 126.0
41.927599 2.795749 1366810886000 124.0
41.927723 2.795994 1366810888000 123.0
41.927795 2.796298 1366810890000 122.0
41.927829 2.796638 1366810892000 121.0
41.92769 2.796974 1366810894000 115.0
41.927627 2.797241 1366810896000 116.0
41.927528 2.797615 1366810898000 113.0
41.927495 2.79788 1366810900000 114.0
41.927463 2.798154 1366810902000 114.0
41.927599 2.798455 1366810905000 113.0
41.927662 2.798559 1366810906000 112.0
41.92783 2.798679 1366810908000 111.0
41.928095 2.798711 1366810910000 110.0
41.928324 2.798485 1366810912000 108.0
41.928862 2.798193 1366810916000 109.0
41.928954 2.798055 1366810917000 108.0
41.929137 2.79785 1366810919000 108.0
41.929208 2.797762 1366810921000 109.0
41.929263 2.797655 1366810923000 109.0
41.929307 2.797565 1366810925000 108.0
41.929349 2.797493 1366810927000 111.0
41.929363 2.797467 1366810929000 110.0
41.929382 2.797421 1366810931000 110.0
41.929435 2.797389 1366810933000 110.0
41.929479 2.797339 1366810935000 112.0
41.929532 2.797258 1366810937000 113.0
41.929631 2.797111 1366810939000 114.0
41.929721 2.796919 1366810941000 114.0
41.929807 2.796757 1366810943000 114.0
41.929903 2.796511 1366810945000 116.0
41.929966 2.79629 1366810947000 116.0
41.930063 2.796092 1366810949000 119.0
41.930137 2.795903 1366810951000 118.0
41.93016 2.795748 1366810953000 121.0
41.930216 2.79556 1366810955000 121.0
41.930263 2.795423 1366810957000 123.0
41.930322 2.795298 1366810959000 124.0
41.930412 2.79518 1366810961000 125.0
41.930551 2.795124 1366810963000 124.0
41.930675 2.795052 1366810965000 125.0
41.930829 2.795161 1366810967000 124.0
41.930943 2.795275 1366810969000 124.0
41.931071 2.795354 1366810971000 123.0
41.931235 2.795423 1366810973000 123.0
41.931382 2.795452 1366810975000 123.0
41.931404 2.795451 1366810977000 122.0
41.931462 2.795477 1366810979000 121.0
41.931531 2.795489 1366810981000 121.0
41.931621 2.795506 1366810983000 121.0
41.931773 2.795509 1366810985000 123.0
41.931929 2.795598 1366810987000 123.0
41.932048 2.795631 1366810989000 123.0
41.93226 2.795691 1366810991000 124.0
41.932482 2.795733 1366810993000 124.0
41.932711 2.795809 1366810995000 123.0
41.932939 2.79594 1366810997000 121.0
41.933139 2.79607 1366810999000 120.0
41.933342 2.79621 1366811001000 119.0
41.933468 2.796292 1366811003000 119.0
41.933685 2.796399 1366811006000 118.0
41.933776 2.796523 1366811008000 119.0
41.933826 2.796661 1366811010000 119.0
41.933925 2.796791 1366811012000 120.0
41.934037 2.796942 1366811014000 121.0
41.934162 2.797075 1366811016000 121.0
41.934316 2.797242 1366811018000 122.0
41.934458 2.797395 1366811020000 123.0
41.934774 2.797634 1366811023000 126.0
41.935018 2.797857 1366811026000 125.0
41.935094 2.797933 1366811027000 125.0
41.935165 2.798028 1366811029000 128.0
41.935241 2.798099 1366811031000 127.0
41.935371 2.79813 1366811033000 130.0
41.935447 2.798191 1366811035000 131.0
41.935466 2.798246 1366811037000 131.0
41.935524 2.798336 1366811039000 132.0
41.935626 2.798411 1366811041000 131.0
41.935744 2.798519 1366811043000 130.0
41.935892 2.798655 1366811045000 131.0
41.936032 2.798795 1366811047000 132.0
41.936383 2.799207 1366811051000 132.0
41.936587 2.799434 1366811053000 130.0
41.93677 2.799618 1366811055000 128.0
41.936935 2.799837 1366811057000 127.0
41.937145 2.800074 1366811059000 128.0
41.93733 2.80025 1366811061000 128.0
41.937538 2.800441 1366811063000 127.0
41.937726 2.800652 1366811065000 126.0
41.937927 2.800869 1366811067000 125.0
41.938167 2.801059 1366811069000 125.0
41.938365 2.801212 1366811071000 125.0
41.938568 2.80137 1366811073000 123.0
41.938783 2.801518 1366811075000 124.0
41.938997 2.801662 1366811077000 123.0
41.93921 2.801816 1366811079000 124.0
41.939418 2.801969 1366811081000 123.0
41.939628 2.80212 1366811083000 123.0
41.939776 2.8022 1366811085000 122.0
41.939968 2.802335 1366811087000 121.0
41.940098 2.802425 1366811089000 120.0
41.94024 2.802495 1366811091000 119.0
41.940363 2.802575 1366811093000 118.0
41.940464 2.802626 1366811095000 118.0
41.94055 2.802733 1366811097000 117.0
41.940585 2.802912 1366811099000 118.0
41.940637 2.803048 1366811101000 117.0
41.940719 2.803173 1366811103000 116.0
41.940867 2.803197 1366811105000 115.0
41.941015 2.803265 1366811107000 114.0
41.941146 2.80343 1366811109000 113.0
41.941285 2.803638 1366811112000 116.0
41.941425 2.803877 1366811113000 116.0
41.941556 2.804122 1366811115000 115.0
41.941868 2.80457 1366811119000 115.0
41.941958 2.804795 1366811121000 116.0
41.942033 2.804956 1366811123000 116.0
41.942147 2.805127 1366811125000 115.0
41.942203 2.80526 1366811127000 118.0
41.942183 2.805412 1366811129000 118.0
41.942225 2.805569 1366811131000 118.0
41.942252 2.805746 1366811133000 118.0
41.942389 2.805924 1366811135000 116.0
41.942457 2.806098 1366811137000 117.0
41.942589 2.806192 1366811139000 120.0
41.942701 2.806219 1366811141000 120.0
41.942795 2.806208 1366811143000 121.0
41.942923 2.806235 1366811145000 120.0
41.943064 2.806267 1366811147000 120.0
41.943199 2.806302 1366811149000 120.0
41.943403 2.80634 1366811151000 120.0
41.943674 2.806388 1366811153000 118.0
41.943917 2.806318 1366811155000 115.0
41.944179 2.806219 1366811157000 113.0
41.944445 2.80611 1366811159000 113.0
41.944738 2.805974 1366811161000 111.0
41.945039 2.805833 1366811163000 111.0
41.945349 2.80571 1366811165000 110.0
41.945662 2.805608 1366811167000 110.0
41.945955 2.805538 1366811169000 108.0
41.946219 2.805403 1366811171000 108.0
41.94652 2.805363 1366811173000 107.0
41.946817 2.805376 1366811175000 106.0
41.947124 2.805402 1366811177000 105.0
41.94745 2.805415 1366811179000 106.0
41.947718 2.80551 1366811181000 107.0
41.947955 2.805582 1366811183000 107.0
41.948197 2.805682 1366811185000 105.0
41.948451 2.805771 1366811187000 105.0
41.948696 2.805849 1366811189000 105.0
41.948857 2.805956 1366811191000 106.0
41.948946 2.806117 1366811193000 106.0
41.949061 2.8062 1366811195000 107.0
41.949155 2.806163 1366811197000 107.0
41.949301 2.806131 1366811199000 107.0
41.949487 2.806159 1366811201000 107.0
41.94972 2.806154 1366811203000 108.0
41.949979 2.806233 1366811205000 108.0
41.950221 2.806318 1366811207000 109.0
41.950458 2.806382 1366811209000 110.0
41.950685 2.80647 1366811211000 109.0
41.950903 2.806557 1366811213000 109.0
41.951114 2.806644 1366811215000 108.0
41.951327 2.806725 1366811217000 107.0
41.951544 2.806816 1366811219000 108.0
41.951757 2.806914 1366811221000 108.0
41.951981 2.807005 1366811223000 108.0
41.952194 2.80708 1366811225000 109.0
41.95242 2.807151 1366811227000 109.0
41.952648 2.807228 1366811229000 109.0
41.952879 2.807311 1366811231000 109.0
41.953101 2.807399 1366811233000 110.0
41.953328 2.807504 1366811235000 111.0
41.953561 2.807521 1366811237000 112.0
41.953762 2.807636 1366811239000 113.0
41.953942 2.807716 1366811241000 113.0
41.954117 2.807773 1366811243000 114.0
41.954305 2.807845 1366811245000 114.0
41.954483 2.807908 1366811247000 114.0
41.954688 2.80797 1366811249000 114.0
41.954908 2.808072 1366811251000 114.0
41.955146 2.808198 1366811253000 114.0
41.955371 2.808414 1366811255000 115.0
41.955533 2.808637 1366811257000 114.0
41.955664 2.808912 1366811259000 113.0
41.955785 2.809117 1366811261000 113.0
41.955867 2.809284 1366811263000 113.0
41.955925 2.809382 1366811265000 112.0
41.955944 2.809459 1366811267000 112.0
41.955969 2.809485 1366811269000 112.0
41.955983 2.809498 1366811271000 112.0
41.955995 2.80956 1366811273000 111.0
41.956017 2.809635 1366811275000 110.0
41.956032 2.809718 1366811277000 110.0
41.956059 2.809801 1366811279000 108.0
41.956094 2.809885 1366811281000 108.0
41.956123 2.809988 1366811283000 108.0
41.956108 2.810235 1366811285000 108.0
41.956142 2.810386 1366811287000 107.0
41.956182 2.810508 1366811289000 108.0
41.956218 2.810641 1366811291000 108.0
41.956328 2.810636 1366811293000 107.0
41.956392 2.81058 1366811295000 107.0
41.956557 2.810486 1366811297000 107.0
41.956728 2.810291 1366811299000 107.0
41.956892 2.810134 1366811301000 107.0
41.957052 2.810016 1366811303000 107.0
41.957297 2.809861 1366811305000 107.0
41.957527 2.80977 1366811307000 107.0
41.957779 2.809718 1366811309000 106.0
41.958023 2.809709 1366811311000 103.0
41.958294 2.809708 1366811313000 101.0
41.958542 2.809759 1366811315000 98.0
41.958817 2.809849 1366811317000 97.0
41.959054 2.809939 1366811319000 98.0
41.959297 2.810033 1366811321000 97.0
41.959523 2.810152 1366811323000 97.0
41.959741 2.810237 1366811325000 97.0
41.959953 2.810334 1366811327000 98.0
41.960136 2.810393 1366811329000 99.0
41.960254 2.810453 1366811331000 99.0
41.96033 2.810508 1366811333000 99.0
41.96033 2.810541 1366811335000 100.0
41.960405 2.810607 1366811337000 100.0
41.960526 2.81076 1366811339000 100.0
41.960661 2.81089 1366811341000 97.0
41.960794 2.810997 1366811344000 95.0
41.960937 2.811046 1366811345000 96.0
41.961108 2.811107 1366811347000 96.0
41.961246 2.811161 1366811349000 94.0
41.961431 2.811059 1366811351000 92.0
41.961605 2.811043 1366811353000 91.0
41.961796 2.811106 1366811355000 92.0
41.962001 2.811141 1366811357000 92.0
41.962196 2.811187 1366811359000 94.0
41.962427 2.811233 1366811361000 94.0
41.962662 2.811316 1366811363000 94.0
41.962884 2.811435 1366811365000 94.0
41.963098 2.811527 1366811367000 94.0
41.963342 2.811635 1366811369000 95.0
41.963581 2.811746 1366811371000 93.0
41.963808 2.811825 1366811373000 92.0
41.964012 2.811908 1366811375000 92.0
41.964246 2.811986 1366811377000 92.0
41.964501 2.812052 1366811379000 92.0
41.964787 2.812155 1366811381000 92.0
41.96508 2.812296 1366811383000 90.0
41.965368 2.812423 1366811385000 90.0
41.965675 2.812586 1366811387000 88.0
41.965981 2.812702 1366811389000 88.0
41.966263 2.81282 1366811391000 88.0
41.966516 2.812955 1366811393000 87.0
41.966762 2.813045 1366811395000 86.0
41.966927 2.813119 1366811397000 85.0
41.967046 2.81317 1366811399000 85.0
41.96713 2.81319 1366811401000 85.0
41.967174 2.813204 1366811403000 85.0
41.967185 2.813233 1366811405000 83.0
41.967208 2.813265 1366811407000 83.0
41.967222 2.81329 1366811409000 83.0
41.967253 2.81334 1366811411000 83.0
41.967291 2.813402 1366811413000 83.0
41.96733 2.813451 1366811415000 83.0
41.967398 2.813496 1366811417000 83.0
41.967507 2.813539 1366811419000 83.0
41.968774 2.813826 1366811433000 83.0
41.968926 2.813893 1366811435000 83.0
41.96933 2.814065 1366811447000 85.0
41.969446 2.814039 1366811449000 88.0
41.969446 2.814038 1366811451000 87.0
41.969436 2.814041 1366811453000 85.0
41.969428 2.814032 1366811455000 84.0
41.969418 2.814014 1366811457000 83.0
41.969419 2.814005 1366811459000 86.0
41.969425 2.814021 1366811461000 85.0
41.969427 2.814044 1366811463000 86.0
41.969436 2.814065 1366811465000 88.0
41.969442 2.814075 1366811467000 89.0
41.969453 2.814072 1366811469000 92.0
41.969481 2.814075 1366811471000 99.0
41.969495 2.81408 1366811473000 100.0
41.969518 2.814099 1366811477000 98.0
41.969516 2.8141 1366811478000 97.0
41.969509 2.814101 1366811479000 95.0
41.969484 2.814108 1366811486000 95.0
41.969458 2.814144 1366811488000 92.0
41.969449 2.814161 1366811490000 93.0
41.969444 2.814165 1366811491000 93.0
41.969409 2.814158 1366811498000 90.0
41.969408 2.814164 1366811500000 89.0
41.969412 2.81417 1366811502000 88.0
41.969436 2.814156 1366811516000 91.0
41.96944 2.814154 1366811518000 92.0
41.969465 2.814154 1366811520000 93.0
41.969501 2.814149 1366811522000 92.0
41.969728 2.814163 1366811524000 89.0
41.969892 2.814261 1366811526000 88.0
41.970067 2.814364 1366811528000 88.0
41.970257 2.814438 1366811530000 88.0
41.970417 2.814494 1366811532000 90.0
41.970615 2.814609 1366811534000 88.0
41.970826 2.814695 1366811536000 88.0
41.971042 2.814769 1366811538000 89.0
41.971257 2.814874 1366811540000 88.0
41.971469 2.814946 1366811542000 88.0
41.971682 2.81503 1366811544000 86.0
41.971902 2.815119 1366811546000 84.0
41.97208 2.8152 1366811548000 84.0
41.972259 2.815272 1366811550000 84.0
41.972404 2.815339 1366811552000 83.0
41.972539 2.815391 1366811554000 82.0
41.972657 2.815435 1366811556000 82.0
41.972772 2.815487 1366811558000 82.0
41.972883 2.81553 1366811560000 82.0
41.972983 2.815564 1366811562000 82.0
41.97308 2.815594 1366811564000 84.0
41.973218 2.81566 1366811566000 83.0
41.973374 2.815718 1366811568000 84.0
41.973553 2.815792 1366811570000 83.0
41.973747 2.815852 1366811572000 83.0
41.973958 2.815911 1366811574000 83.0
41.974148 2.815973 1366811576000 84.0
41.974358 2.816049 1366811578000 84.0
41.974549 2.81612 1366811580000 84.0
41.974718 2.816201 1366811582000 84.0
41.974842 2.816253 1366811584000 85.0
41.974966 2.816308 1366811586000 84.0
41.97506 2.81634 1366811588000 84.0
41.975084 2.816328 1366811590000 83.0
41.975097 2.816336 1366811591000 83.0
41.975097 2.816336 1366811596000 85.0
41.975118 2.816346 1366811612000 86.0
41.975154 2.81636 1366811614000 85.0
41.975269 2.816415 1366811616000 84.0
41.975394 2.816465 1366811618000 83.0
41.975532 2.816526 1366811620000 83.0
41.975685 2.816592 1366811622000 83.0
41.975838 2.816648 1366811624000 84.0
41.976049 2.816646 1366811626000 83.0
41.976253 2.816729 1366811628000 83.0
41.97646 2.816834 1366811630000 83.0
41.976685 2.81695 1366811632000 81.0
41.976861 2.817005 1366811634000 85.0
41.977061 2.817091 1366811636000 85.0
41.977273 2.817247 1366811638000 84.0
41.977475 2.817355 1366811640000 84.0
41.977736 2.817465 1366811642000 83.0
41.97794 2.817545 1366811644000 85.0
41.978179 2.817642 1366811646000 86.0
41.978413 2.817701 1366811648000 86.0
41.978573 2.81776 1366811650000 86.0
41.978671 2.817801 1366811652000 86.0
41.97864 2.817816 1366811654000 87.0
41.978652 2.817834 1366811656000 89.0
41.978653 2.817829 1366811658000 91.0
41.978667 2.817824 1366811660000 92.0
41.978657 2.81782 1366811662000 92.0
41.978667 2.81782 1366811664000 94.0
41.978708 2.81783 1366811666000 94.0
41.978777 2.817834 1366811668000 91.0
41.978839 2.817839 1366811670000 93.0
41.978876 2.817851 1366811672000 94.0
41.979008 2.817872 1366811674000 93.0
41.979126 2.817915 1366811676000 92.0