62.598165 29.744034 1366131473000 85.0
62.598139 29.74446 1366131477000 93.0
62.598154 29.744309 1366131479000 81.0
62.598149 29.744248 1366131481000 77.0
62.598169 29.744211 1366131483000 74.0
62.598173 29.744181 1366131485000 74.0
62.598172 29.744159 1366131486000 70.0
62.598146 29.744038 1366131488000 63.0
62.598134 29.744038 1366131491000 64.0
62.598128 29.744059 1366131493000 64.0
62.598124 29.744113 1366131495000 64.0
62.598099 29.744235 1366131497000 65.0
62.598093 29.744308 1366131499000 66.0
62.5981 29.744376 1366131501000 82.0
62.59811 29.744471 1366131503000 82.0
62.598111 29.744497 1366131505000 82.0
62.598101 29.744491 1366131506000 80.0
62.598081 29.744452 1366131509000 81.0
62.598076 29.744416 1366131511000 82.0
62.59809 29.744381 1366131513000 86.0
62.598119 29.744352 1366131515000 84.0
62.598172 29.744316 1366131517000 82.0
62.598231 29.744313 1366131519000 81.0
62.598283 29.744354 1366131521000 83.0
62.598355 29.744434 1366131523000 82.0
62.598435 29.744535 1366131525000 85.0
62.598577 29.744788 1366131527000 88.0
62.598707 29.744842 1366131529000 89.0
62.598826 29.744977 1366131531000 89.0
62.598831 29.745308 1366131532000 88.0
62.598994 29.745457 1366131535000 88.0
62.599129 29.745581 1366131537000 86.0
62.599296 29.745735 1366131539000 88.0
62.599444 29.745871 1366131541000 89.0
62.599586 29.746002 1366131543000 89.0
62.599729 29.746133 1366131545000 91.0
62.599862 29.746256 1366131547000 90.0
62.60002 29.746399 1366131549000 90.0
62.60016 29.746525 1366131551000 90.0
62.600217 29.746578 1366131553000 89.0
62.600322 29.746674 1366131555000 90.0
62.600438 29.746781 1366131557000 89.0
62.600548 29.746882 1366131559000 90.0
62.600713 29.747033 1366131561000 90.0
62.600823 29.747135 1366131563000 91.0
62.60096 29.74726 1366131565000 90.0
62.601097 29.747387 1366131567000 90.0
62.601188 29.74747 1366131569000 89.0
62.601339 29.747607 1366131571000 89.0
62.601438 29.747698 1366131573000 90.0
62.60158 29.747826 1366131575000 90.0
62.6017 29.747936 1366131577000 92.0
62.60181 29.748035 1366131579000 92.0
62.601906 29.748123 1366131581000 92.0
62.601991 29.7482 1366131583000 92.0
62.602093 29.748293 1366131585000 92.0
62.602216 29.748405 1366131587000 92.0
62.602344 29.748211 1366131589000 93.0
62.602434 29.748297 1366131591000 92.0
62.602495 29.748314 1366131593000 91.0
62.602567 29.748311 1366131595000 92.0
62.602614 29.748374 1366131597000 92.0
62.602627 29.748498 1366131599000 93.0
62.602675 29.748572 1366131601000 93.0
62.602735 29.748631 1366131603000 94.0
62.602808 29.748698 1366131605000 93.0
62.602877 29.74877 1366131607000 92.0
62.60295 29.748825 1366131609000 92.0
62.60305 29.74892 1366131611000 92.0
62.603126 29.748993 1366131613000 92.0
62.603212 29.749048 1366131615000 91.0
62.603258 29.749109 1366131617000 92.0
62.603339 29.749175 1366131619000 91.0
62.603387 29.749286 1366131621000 90.0
62.603464 29.749332 1366131623000 89.0
62.603522 29.749371 1366131625000 89.0
62.60358 29.749401 1366131627000 89.0
62.603636 29.749411 1366131629000 89.0
62.603701 29.749432 1366131631000 89.0
62.603784 29.749483 1366131633000 90.0
62.603882 29.749545 1366131635000 90.0
62.603972 29.74958 1366131637000 90.0
62.60406 29.749579 1366131639000 89.0
62.604181 29.749372 1366131641000 90.0
62.60426 29.749309 1366131643000 89.0
62.604238 29.749053 1366131645000 90.0
62.604288 29.748814 1366131647000 89.0
62.60437 29.74862 1366131649000 89.0
62.604411 29.748452 1366131651000 88.0
62.604478 29.748276 1366131653000 89.0
62.604581 29.74819 1366131655000 89.0
62.604642 29.748054 1366131657000 88.0
62.604716 29.747945 1366131659000 89.0
62.604787 29.747817 1366131661000 89.0
62.604848 29.747741 1366131663000 90.0
62.604942 29.74767 1366131665000 90.0
62.605051 29.747446 1366131667000 90.0
62.605149 29.747301 1366131669000 90.0
62.605266 29.747133 1366131671000 90.0
62.605377 29.74701 1366131673000 90.0
62.605442 29.746855 1366131675000 90.0
62.60554 29.746729 1366131677000 90.0
62.605563 29.746509 1366131679000 90.0
62.605624 29.746331 1366131681000 90.0
62.605676 29.74619 1366131683000 90.0
62.605755 29.746066 1366131685000 89.0
62.605862 29.745956 1366131687000 89.0
62.605935 29.745842 1366131689000 89.0
62.606059 29.745741 1366131691000 89.0
62.606158 29.745698 1366131693000 90.0
62.60628 29.745603 1366131695000 90.0
62.606404 29.745497 1366131697000 90.0
62.6065 29.745401 1366131699000 90.0
62.606549 29.745373 1366131701000 91.0
62.606626 29.745263 1366131703000 90.0
62.606749 29.745224 1366131705000 90.0
62.606827 29.745195 1366131707000 90.0
62.606907 29.745208 1366131709000 90.0
62.607037 29.745064 1366131711000 90.0
62.60712 29.744931 1366131713000 90.0
62.607193 29.74475 1366131715000 91.0
62.607318 29.744782 1366131717000 93.0
62.607418 29.744707 1366131719000 93.0
62.60753 29.744731 1366131721000 93.0
62.60766 29.744761 1366131723000 93.0
62.607742 29.7448 1366131725000 91.0
62.607814 29.744896 1366131727000 91.0
62.607919 29.744889 1366131729000 90.0
62.608048 29.744816 1366131731000 91.0
62.608167 29.744714 1366131733000 91.0
62.608267 29.744698 1366131735000 92.0
62.608362 29.744624 1366131737000 93.0
62.608462 29.744551 1366131739000 93.0
62.608536 29.744489 1366131741000 93.0
62.608594 29.744416 1366131743000 92.0
62.608674 29.744352 1366131745000 94.0
62.608786 29.744287 1366131747000 94.0
62.608886 29.744221 1366131749000 94.0
62.608966 29.744141 1366131751000 94.0
62.609026 29.744043 1366131753000 94.0
62.60911 29.743953 1366131755000 93.0
62.609255 29.743866 1366131757000 93.0
62.609365 29.743813 1366131759000 92.0
62.609457 29.743766 1366131761000 92.0
62.6095 29.743678 1366131763000 92.0
62.609626 29.743556 1366131765000 93.0
62.609704 29.743465 1366131767000 94.0
62.609779 29.743406 1366131769000 93.0
62.609868 29.743305 1366131771000 93.0
62.609956 29.743263 1366131773000 93.0
62.610049 29.743162 1366131775000 92.0
62.610106 29.743158 1366131777000 92.0
62.610208 29.743011 1366131779000 92.0
62.610276 29.742918 1366131781000 91.0
62.610364 29.742854 1366131783000 91.0
62.610408 29.742787 1366131785000 91.0
62.610463 29.742821 1366131787000 90.0
62.610511 29.742894 1366131789000 90.0
62.610541 29.743027 1366131791000 91.0
62.610567 29.743197 1366131793000 91.0
62.610599 29.743381 1366131795000 90.0
62.610632 29.743566 1366131797000 91.0
62.610665 29.74374 1366131799000 91.0
62.610712 29.743893 1366131801000 92.0
62.610764 29.744004 1366131803000 92.0
62.610808 29.74406 1366131805000 93.0
62.610867 29.74405 1366131807000 91.0
62.610949 29.744064 1366131809000 91.0
62.611025 29.744083 1366131811000 91.0
62.611102 29.744058 1366131813000 91.0
62.611179 29.743998 1366131815000 90.0
62.611259 29.74391 1366131817000 90.0
62.611351 29.743796 1366131819000 91.0
62.611443 29.743666 1366131821000 91.0
62.611536 29.74353 1366131823000 90.0
62.611639 29.743358 1366131825000 90.0
62.611708 29.743221 1366131827000 91.0
62.611796 29.743079 1366131829000 92.0
62.611885 29.742953 1366131831000 93.0
62.611967 29.742855 1366131833000 92.0
62.612065 29.742761 1366131835000 91.0
62.612158 29.742583 1366131837000 91.0
62.612267 29.742465 1366131839000 91.0
62.612354 29.742329 1366131841000 92.0
62.612476 29.74211 1366131843000 91.0
62.612558 29.742034 1366131845000 91.0
62.612556 29.742035 1366131846000 91.0
62.61274 29.741815 1366131849000 89.0
62.612804 29.741738 1366131851000 90.0
62.612903 29.741693 1366131853000 89.0
62.613019 29.741567 1366131855000 90.0
62.613068 29.741538 1366131857000 90.0
62.613158 29.741404 1366131859000 91.0
62.613258 29.741332 1366131861000 91.0
62.613353 29.741194 1366131863000 92.0
62.613444 29.741126 1366131865000 93.0
62.613568 29.740943 1366131867000 94.0
62.613637 29.740839 1366131869000 95.0
62.613672 29.740701 1366131871000 95.0
62.613711 29.740503 1366131873000 95.0
62.613741 29.740317 1366131875000 95.0
62.613804 29.740145 1366131877000 95.0
62.61389 29.739971 1366131879000 94.0
62.61399 29.739841 1366131881000 94.0
62.614023 29.739656 1366131883000 93.0
62.614108 29.739546 1366131885000 93.0
62.614231 29.739434 1366131887000 92.0
62.614293 29.739264 1366131889000 92.0
62.614308 29.739336 1366131891000 93.0
62.614378 29.739683 1366131893000 93.0
62.614413 29.739907 1366131895000 94.0
62.614516 29.740089 1366131897000 94.0
62.614584 29.740274 1366131899000 94.0
62.61465 29.740467 1366131901000 94.0
62.614754 29.740633 1366131903000 94.0
62.614817 29.740809 1366131905000 93.0
62.614893 29.740914 1366131907000 92.0
62.614915 29.741126 1366131909000 92.0
62.614992 29.741266 1366131911000 91.0
62.615002 29.741367 1366131913000 87.0
62.615054 29.741504 1366131915000 88.0
62.615145 29.741669 1366131917000 89.0
62.615204 29.741818 1366131919000 89.0
62.615257 29.741946 1366131921000 88.0
62.615293 29.74207 1366131923000 88.0
62.615333 29.742247 1366131925000 90.0
62.615328 29.742397 1366131927000 90.0
62.615291 29.742518 1366131929000 89.0
62.615213 29.742579 1366131931000 89.0
62.615121 29.742596 1366131933000 89.0
62.615037 29.742602 1366131935000 88.0
62.614961 29.742597 1366131937000 88.0
62.614891 29.742572 1366131939000 88.0
62.614833 29.742529 1366131941000 88.0
62.614789 29.742491 1366131943000 88.0
62.614774 29.742455 1366131945000 88.0
62.614776 29.742436 1366131947000 89.0
62.614779 29.742431 1366131949000 90.0
62.614794 29.742462 1366131951000 91.0
62.614816 29.742498 1366131953000 91.0
62.614832 29.742544 1366131955000 90.0
62.614845 29.742585 1366131957000 90.0
62.614859 29.742606 1366131959000 90.0
62.614862 29.74259 1366131961000 90.0
62.614862 29.742572 1366131963000 90.0
62.61486 29.742569 1366131965000 90.0
62.614853 29.742571 1366131967000 90.0
62.614843 29.742586 1366131969000 90.0
62.614821 29.742526 1366131971000 90.0
62.61477 29.742475 1366131973000 91.0
62.614714 29.742424 1366131975000 91.0
62.614706 29.742423 1366131977000 91.0
62.614709 29.742435 1366131979000 91.0
62.614718 29.742461 1366131981000 91.0
62.614738 29.742495 1366131983000 90.0
62.614747 29.742507 1366131984000 90.0
62.614788 29.74242 1366131991000 90.0
62.614865 29.74254 1366131997000 89.0
62.614894 29.742621 1366131999000 91.0
62.614919 29.742665 1366132001000 90.0
62.614934 29.742696 1366132003000 90.0
62.614951 29.742746 1366132005000 90.0
62.614972 29.742808 1366132007000 89.0
62.614981 29.742862 1366132009000 88.0
62.614986 29.742913 1366132011000 87.0
62.61498 29.742959 1366132013000 86.0
62.614977 29.742982 1366132015000 86.0
62.614993 29.742992 1366132017000 86.0
62.615028 29.743009 1366132019000 87.0
62.615051 29.743033 1366132021000 87.0
62.615066 29.743075 1366132023000 88.0
62.615062 29.74313 1366132025000 87.0
62.615054 29.743182 1366132027000 87.0
62.615061 29.743223 1366132029000 87.0
62.615075 29.743256 1366132031000 87.0
62.615086 29.743274 1366132033000 87.0
62.615094 29.743284 1366132035000 87.0
62.615084 29.743313 1366132037000 87.0