62.598809 29.758985 1368601793000 111.0
62.598801 29.759 1368601797000 109.0
62.598789 29.758986 1368601798000 107.0
62.598762 29.75895 1368601800000 107.0
62.598753 29.758949 1368601802000 107.0
62.598733 29.758965 1368601805000 107.0
62.598723 29.758964 1368601807000 107.0
62.598723 29.758964 1368601809000 107.0
62.598723 29.758964 1368601820000 106.0
62.598715 29.758995 1368601837000 106.0
62.598703 29.758997 1368601838000 106.0
62.59864 29.759026 1368601841000 105.0
62.598548 29.759051 1368601842000 104.0
62.598481 29.759039 1368601844000 103.0
62.598451 29.759019 1368601846000 103.0
62.598377 29.758982 1368601849000 100.0
62.59835 29.758966 1368601850000 100.0
62.59826 29.758913 1368601853000 98.0
62.598229 29.758889 1368601854000 97.0
62.598139 29.758829 1368601857000 97.0
62.598014 29.758733 1368601861000 96.0
62.597977 29.758692 1368601862000 97.0
62.597859 29.758581 1368601864000 97.0
62.597819 29.758547 1368601866000 97.0
62.597701 29.758439 1368601869000 98.0
62.597668 29.758413 1368601870000 98.0
62.597584 29.758336 1368601873000 97.0
62.597569 29.75825 1368601874000 98.0
62.597563 29.758046 1368601877000 97.0
62.59757 29.757968 1368601878000 97.0
62.597611 29.757721 1368601880000 97.0
62.59763 29.757637 1368601882000 97.0
62.59769 29.757363 1368601885000 98.0
62.59771 29.757274 1368601886000 98.0
62.597758 29.757019 1368601889000 98.0
62.597775 29.756925 1368601890000 97.0
62.597821 29.756658 1368601893000 97.0
62.597841 29.756565 1368601894000 97.0
62.597891 29.756257 1368601896000 98.0
62.597908 29.756169 1368601898000 98.0
62.597941 29.755764 1368601901000 95.0
62.597952 29.755683 1368601902000 95.0
62.598004 29.755422 1368601905000 93.0
62.598086 29.754985 1368601909000 92.0
62.598104 29.75489 1368601910000 92.0
62.598174 29.75463 1368601913000 92.0
62.598196 29.754537 1368601914000 92.0
62.598245 29.754284 1368601917000 92.0
62.59826 29.754187 1368601918000 92.0
62.598325 29.753955 1368601921000 92.0
62.598368 29.753514 1368601925000 90.0
62.598389 29.753417 1368601926000 91.0
62.598433 29.753133 1368601929000 90.0
62.59845 29.753041 1368601930000 90.0
62.598537 29.752739 1368601933000 89.0
62.598614 29.752393 1368601937000 88.0
62.598664 29.752104 1368601941000 88.0
62.598692 29.75205 1368601942000 88.0
62.598764 29.751841 1368601944000 89.0
62.598791 29.751773 1368601946000 89.0
62.598876 29.751563 1368601949000 88.0
62.598918 29.751453 1368601950000 88.0
62.598941 29.751226 1368601951000 88.0
62.598973 29.750994 1368601954000 87.0
62.599031 29.750696 1368601957000 88.0
62.599051 29.750586 1368601958000 88.0
62.599087 29.750347 1368601960000 89.0
62.599102 29.750276 1368601962000 88.0
62.599157 29.750195 1368601965000 89.0
62.599185 29.750136 1368601969000 89.0
62.599183 29.750093 1368601970000 89.0
62.599187 29.749965 1368601973000 89.0
62.599193 29.749908 1368601974000 89.0
62.599223 29.74974 1368601977000 89.0
62.599232 29.749679 1368601978000 90.0
62.599255 29.749464 1368601980000 90.0
62.599273 29.749315 1368601982000 89.0
62.599292 29.749155 1368601985000 90.0
62.599317 29.748984 1368601986000 89.0
62.599332 29.748892 1368601988000 89.0
62.599396 29.748656 1368601989000 90.0
62.599449 29.748403 1368601992000 90.0
62.599469 29.748215 1368601995000 91.0
62.599519 29.748049 1368601996000 90.0
62.599578 29.747852 1368601999000 90.0
62.599619 29.747686 1368602000000 90.0
62.599642 29.747467 1368602002000 88.0
62.599673 29.747279 1368602004000 88.0
62.599734 29.747128 1368602006000 88.0
62.599773 29.746931 1368602009000 88.0
62.599808 29.746746 1368602011000 88.0
62.599822 29.746564 1368602013000 89.0
62.599819 29.746342 1368602015000 91.0
62.599834 29.746197 1368602017000 90.0
62.599818 29.746042 1368602018000 90.0
62.599782 29.7459 1368602020000 90.0
62.599707 29.745794 1368602022000 91.0
62.599627 29.745727 1368602025000 91.0
62.599535 29.745659 1368602027000 91.0
62.599447 29.74559 1368602029000 91.0
62.59936 29.745514 1368602030000 90.0
62.599277 29.745429 1368602032000 90.0
62.599187 29.745344 1368602034000 89.0
62.599097 29.745263 1368602036000 89.0
62.598976 29.745196 1368602038000 90.0
62.598885 29.745131 1368602041000 89.0
62.59881 29.74508 1368602043000 89.0
62.598717 29.744983 1368602044000 90.0
62.598685 29.744924 1368602045000 90.0
62.598536 29.744835 1368602048000 90.0
62.598461 29.744784 1368602050000 89.0
62.598384 29.744696 1368602052000 89.0
62.598312 29.74464 1368602054000 89.0
62.598239 29.744587 1368602057000 88.0
62.598172 29.744543 1368602059000 89.0
62.598112 29.744493 1368602061000 90.0
62.598064 29.744438 1368602062000 90.0
62.598038 29.744409 1368602064000 90.0
62.598022 29.744401 1368602066000 91.0
62.598016 29.744404 1368602068000 91.0
62.598013 29.744393 1368602070000 90.0
62.598012 29.744369 1368602073000 91.0
62.598017 29.744352 1368602075000 90.0
62.598024 29.744354 1368602077000 92.0
62.598024 29.744354 1368602080000 91.0
62.598046 29.744339 1368602084000 91.0
62.598052 29.744302 1368602087000 91.0
62.598067 29.744266 1368602089000 90.0
62.59808 29.74424 1368602091000 90.0
62.598083 29.744231 1368602093000 89.0
62.598082 29.744226 1368602094000 89.0
62.598089 29.744215 1368602096000 90.0