62.602638 29.755584 1368722420105 77.0
62.602644 29.755568 1368722424105 78.0
62.602649 29.755611 1368722428108 79.0
62.602689 29.755584 1368722432110 80.0
62.602693 29.755598 1368722436155 81.0
62.602704 29.755606 1368722440105 80.0
62.602725 29.755603 1368722444106 79.0
62.60274 29.755615 1368722448140 79.0
62.602721 29.755621 1368722452141 80.0
62.602717 29.755584 1368722456141 84.0
62.602714 29.755569 1368722460105 86.0
62.602769 29.755663 1368722465109 85.0
62.60286 29.755617 1368722468109 84.0
62.60296 29.755708 1368722472113 85.0
62.603087 29.755836 1368722476109 85.0
62.603242 29.75597 1368722480111 85.0
62.603351 29.756014 1368722484109 85.0
62.603479 29.756161 1368722488113 82.0
62.603624 29.756339 1368722492108 82.0
62.603775 29.756468 1368722496130 81.0
62.603882 29.756508 1368722500109 83.0
62.603981 29.756753 1368722505116 82.0
62.604066 29.756917 1368722508114 82.0
62.60423 29.757058 1368722512114 82.0
62.604401 29.757177 1368722516109 81.0
62.604607 29.757302 1368722520112 80.0
62.604752 29.757416 1368722524109 80.0
62.60493 29.757473 1368722528111 82.0
62.60512 29.757793 1368722532116 85.0
62.605271 29.757885 1368722536111 84.0
62.605443 29.758042 1368722540117 84.0
62.605643 29.758217 1368722544110 82.0
62.605805 29.75831 1368722548114 82.0
62.605944 29.758646 1368722552115 86.0
62.606099 29.75881 1368722556129 85.0
62.606228 29.758901 1368722560106 85.0
62.606398 29.759008 1368722564108 87.0
62.606531 29.75912 1368722568113 89.0
62.606706 29.759264 1368722572112 90.0
62.606899 29.759414 1368722576112 90.0
62.607158 29.759631 1368722581102 93.0
62.60724 29.759786 1368722584108 94.0
62.607344 29.759973 1368722588108 94.0
62.60752 29.760179 1368722593101 93.0
62.607622 29.76024 1368722596114 94.0
62.607723 29.760344 1368722600109 92.0
62.607722 29.760595 1368722604110 90.0
62.607675 29.760879 1368722608109 85.0
62.607612 29.761353 1368722613104 84.0
62.60758 29.761642 1368722616130 84.0
62.607486 29.761973 1368722620114 85.0
62.607476 29.762263 1368722624114 83.0
62.607641 29.762389 1368722628110 82.0
62.60786 29.762534 1368722632110 86.0
62.608075 29.762695 1368722636110 89.0
62.608288 29.76284 1368722640113 92.0
62.608524 29.762957 1368722644112 90.0
62.608801 29.76325 1368722649114 87.0
62.608971 29.763376 1368722652116 86.0
62.609201 29.763506 1368722656111 84.0
62.609396 29.763639 1368722660113 83.0
62.60957 29.763811 1368722664112 83.0
62.609709 29.763926 1368722668113 85.0
62.609874 29.764055 1368722672110 84.0
62.610051 29.764205 1368722676129 84.0
62.61026 29.764315 1368722680114 82.0
62.610435 29.764414 1368722684115 82.0
62.610608 29.764557 1368722688110 82.0
62.61073 29.764687 1368722692114 82.0
62.610883 29.764855 1368722696113 82.0
62.611047 29.765077 1368722700112 78.0
62.611181 29.76519 1368722704119 78.0
62.611378 29.765347 1368722709101 79.0
62.611556 29.765461 1368722713109 80.0
62.611757 29.765612 1368722717109 78.0
62.611919 29.765763 1368722720115 74.0
62.612092 29.766001 1368722724119 73.0
62.612286 29.766177 1368722728111 74.0
62.61248 29.766401 1368722733104 76.0
62.612609 29.766547 1368722736120 74.0
62.612856 29.766831 1368722741110 69.0
62.613013 29.766998 1368722744110 71.0
62.613253 29.767154 1368722748111 70.0
62.61351 29.767399 1368722753100 70.0
62.613645 29.767575 1368722756110 72.0
62.613851 29.767746 1368722760110 71.0
62.614038 29.767885 1368722764108 72.0
62.614209 29.768052 1368722768111 73.0
62.614369 29.768168 1368722772111 72.0
62.614528 29.768275 1368722776111 71.0
62.614699 29.768384 1368722780107 72.0
62.614863 29.768539 1368722784113 73.0
62.614904 29.768867 1368722788113 78.0
62.614822 29.769184 1368722792105 76.0
62.614753 29.769321 1368722796120 79.0
62.614725 29.769395 1368722800109 78.0
62.614644 29.770009 1368722804108 78.0
62.614575 29.770484 1368722809113 84.0
62.614469 29.77069 1368722812112 87.0
62.614292 29.770911 1368722816111 87.0
62.614105 29.771112 1368722821106 88.0
62.613968 29.771231 1368722824105 93.0
62.61376 29.771446 1368722829104 96.0
62.613627 29.77157 1368722832117 96.0
62.61347 29.771724 1368722836110 95.0
62.613309 29.771888 1368722840115 94.0
62.613114 29.772085 1368722845112 94.0
62.612994 29.772185 1368722848114 95.0
62.612909 29.772458 1368722852112 91.0
62.612879 29.772844 1368722856114 90.0
62.612848 29.773198 1368722860110 90.0
62.61292 29.773509 1368722864115 93.0
62.613029 29.773852 1368722868112 98.0
62.61312 29.774237 1368722872112 97.0
62.613224 29.774637 1368722876111 97.0
62.613323 29.775011 1368722880113 98.0
62.613419 29.77534 1368722884113 98.0
62.613515 29.775718 1368722889108 98.0
62.613565 29.775928 1368722892109 101.0
62.613634 29.776369 1368722897116 101.0
62.613668 29.776651 1368722900110 101.0
62.613707 29.777007 1368722904110 102.0
62.613752 29.777404 1368722908113 102.0
62.613827 29.777811 1368722912108 103.0
62.613916 29.778189 1368722916113 105.0
62.614053 29.778661 1368722921104 101.0
62.614169 29.77889 1368722924110 102.0
62.61432 29.779149 1368722928108 103.0
62.61446 29.779384 1368722932110 104.0
62.614638 29.77963 1368722937106 105.0
62.614753 29.77976 1368722940115 104.0
62.614909 29.779925 1368722944109 103.0
62.615045 29.780136 1368722948109 103.0
62.615094 29.780514 1368722953108 104.0
62.615028 29.780411 1368722956110 114.0
62.614885 29.780248 1368722960112 114.0
62.61472 29.780054 1368722964111 110.0
62.614566 29.780174 1368722969109 106.0
62.614514 29.780362 1368722972117 106.0
62.61446 29.780592 1368722976122 104.0
62.614368 29.781007 1368722980108 102.0
62.614289 29.781407 1368722984106 100.0
62.614137 29.7819 1368722989113 100.0
62.614039 29.782193 1368722992109 103.0
62.613903 29.782609 1368722996110 102.0
62.613767 29.783011 1368723000109 98.0
62.613594 29.783475 1368723005107 95.0
62.613498 29.783749 1368723008112 96.0
62.613501 29.78426 1368723013107 97.0
62.613535 29.7847 1368723017096 96.0
62.613471 29.785085 1368723021104 97.0
62.613502 29.785454 1368723025106 99.0
62.613557 29.785689 1368723028107 103.0
62.613718 29.786071 1368723033103 104.0
62.613823 29.786328 1368723036119 104.0
62.613983 29.78675 1368723041097 101.0
62.614101 29.787103 1368723045097 99.0
62.614204 29.787406 1368723049099 99.0
62.614311 29.787687 1368723053096 98.0
62.614414 29.787956 1368723057109 101.0
62.614521 29.788145 1368723060108 102.0
62.61468 29.788326 1368723064108 105.0
62.614846 29.788487 1368723068109 104.0
62.615067 29.788643 1368723073098 101.0
62.615212 29.788685 1368723076109 101.0
62.615412 29.78874 1368723080109 98.0
62.61564 29.78882 1368723085108 96.0
62.615819 29.788853 1368723089100 95.0
62.616013 29.788885 1368723093101 94.0
62.616155 29.788896 1368723096114 95.0
62.616346 29.788882 1368723100111 97.0
62.616573 29.788866 1368723105107 102.0
62.616716 29.788834 1368723108111 103.0
62.616906 29.78878 1368723112107 102.0
62.617107 29.788764 1368723117100 103.0
62.617233 29.78873 1368723120108 102.0
62.617402 29.788704 1368723124108 102.0
62.617583 29.788705 1368723129095 101.0
62.617723 29.788703 1368723133097 104.0
62.617825 29.788662 1368723136106 103.0
62.618018 29.788639 1368723141107 102.0
62.618176 29.788684 1368723145096 102.0
62.618301 29.788736 1368723148108 102.0
62.618493 29.788803 1368723152106 103.0
62.618675 29.788954 1368723156113 105.0
62.618884 29.789045 1368723160106 103.0
62.619157 29.789118 1368723165103 103.0
62.619383 29.78919 1368723169104 103.0
62.619618 29.789309 1368723173097 104.0
62.619859 29.789416 1368723177099 105.0
62.620099 29.789524 1368723181098 104.0
62.62033 29.789646 1368723185111 102.0
62.620507 29.78971 1368723188110 104.0
62.620769 29.789877 1368723193102 102.0
62.620976 29.790015 1368723197093 101.0
62.621173 29.790193 1368723201107 101.0
62.62136 29.790394 1368723205108 100.0
62.621538 29.790593 1368723209106 100.0
62.621721 29.790754 1368723213094 101.0
62.621856 29.790885 1368723216112 102.0
62.622032 29.791054 1368723220105 102.0
62.622173 29.791296 1368723224111 100.0
62.622227 29.791682 1368723229104 101.0
62.622363 29.791803 1368723232105 103.0
62.622601 29.792043 1368723237103 101.0
62.622785 29.792233 1368723241107 100.0
62.622928 29.79238 1368723244106 98.0
62.623173 29.792604 1368723249095 97.0
62.623319 29.792739 1368723252106 100.0
62.623505 29.792915 1368723256107 98.0
62.623742 29.793154 1368723261096 101.0
62.623925 29.79335 1368723265096 101.0
62.624055 29.79351 1368723268106 101.0
62.624272 29.793744 1368723273095 102.0
62.624406 29.793869 1368723276123 100.0
62.624633 29.7941 1368723281094 99.0
62.624815 29.794286 1368723285095 99.0
62.624998 29.794489 1368723289101 97.0
62.625184 29.794719 1368723293103 96.0
62.625378 29.794948 1368723297105 96.0
62.625569 29.795169 1368723301105 96.0
62.625758 29.795389 1368723305101 94.0
62.625897 29.79557 1368723308105 92.0
62.626143 29.795863 1368723313100 93.0
62.626344 29.796111 1368723317100 92.0
62.626504 29.796275 1368723320105 92.0
62.62671 29.796497 1368723324109 91.0
62.626948 29.796757 1368723329105 92.0
62.627136 29.796937 1368723333096 94.0
62.627267 29.797041 1368723336112 95.0
62.627391 29.797214 1368723341094 98.0
62.627414 29.79726 1368723345094 97.0
62.627413 29.797254 1368723349099 98.0
62.627414 29.797253 1368723353094 99.0
62.627416 29.797245 1368723357096 103.0
62.627417 29.797248 1368723361099 104.0
62.627417 29.797249 1368723364129 104.0
62.627417 29.797248 1368723369098 104.0
62.627417 29.797249 1368723373105 105.0
62.627418 29.797215 1368723377106 105.0
62.627426 29.797219 1368723380129 105.0
62.627427 29.797245 1368723384133 106.0
62.627424 29.797256 1368723388119 106.0
62.627447 29.797285 1368723393103 106.0
62.62749 29.797318 1368723396113 106.0
62.627639 29.797402 1368723401101 104.0
62.627796 29.797506 1368723405100 103.0
62.627972 29.797611 1368723409093 103.0
62.628158 29.797721 1368723413099 104.0
62.628297 29.797825 1368723416109 102.0
62.628553 29.797985 1368723421099 100.0
62.628755 29.798121 1368723425099 102.0
62.628964 29.798255 1368723429103 102.0
62.629106 29.798361 1368723432105 100.0
62.629356 29.798513 1368723437092 103.0
62.629558 29.798652 1368723441098 101.0
62.629756 29.79878 1368723445098 100.0
62.629947 29.798947 1368723449087 100.0
62.630125 29.799208 1368723453104 99.0
62.630266 29.799318 1368723456120 98.0
62.630487 29.799477 1368723461096 98.0
62.630673 29.799603 1368723465092 98.0
62.630864 29.799735 1368723469090 99.0
62.631064 29.79986 1368723473102 101.0
62.631206 29.799958 1368723476105 100.0
62.631441 29.800111 1368723481099 98.0
62.63163 29.800131 1368723485101 100.0
62.631827 29.800137 1368723489101 100.0
62.632013 29.800274 1368723493103 102.0
62.63221 29.800409 1368723497091 103.0
62.632396 29.800525 1368723501092 102.0
62.632588 29.800659 1368723505094 103.0
62.632762 29.800879 1368723509105 104.0
62.632954 29.801046 1368723513103 107.0
62.633097 29.801145 1368723516116 104.0
62.633343 29.801303 1368723521101 103.0
62.63355 29.801422 1368723525095 105.0
62.633745 29.801578 1368723529102 105.0
62.633947 29.801715 1368723533090 107.0
62.634156 29.801855 1368723537102 106.0
62.634358 29.801998 1368723541093 106.0
62.634562 29.802129 1368723545099 106.0
62.634766 29.802266 1368723549092 106.0
62.634972 29.802401 1368723553089 107.0
62.635168 29.802556 1368723557091 107.0
62.635354 29.802721 1368723561098 108.0
62.635539 29.802889 1368723565090 106.0
62.635717 29.803086 1368723569093 105.0
62.635903 29.803289 1368723573105 105.0
62.636038 29.803462 1368723576106 104.0
62.636243 29.803775 1368723581102 105.0
62.636408 29.804031 1368723585098 105.0
62.636575 29.804278 1368723589089 105.0
62.636737 29.804542 1368723593098 105.0
62.636901 29.804798 1368723597090 105.0
62.637066 29.805059 1368723601089 105.0
62.637233 29.805321 1368723605092 105.0
62.6374 29.805583 1368723609089 105.0
62.637568 29.805838 1368723613093 105.0
62.63773 29.806077 1368723617093 105.0
62.637886 29.806318 1368723621099 105.0
62.638045 29.806566 1368723625087 106.0
62.638225 29.806855 1368723629098 107.0
62.63843 29.807179 1368723633102 107.0
62.638592 29.80743 1368723636106 108.0
62.638874 29.807859 1368723641087 109.0
62.639114 29.808173 1368723645089 109.0
62.639344 29.808447 1368723649098 111.0
62.639547 29.808686 1368723653095 112.0
62.639742 29.80891 1368723657087 113.0
62.639944 29.80912 1368723661094 114.0
62.640165 29.809311 1368723665091 113.0
62.640397 29.809505 1368723669097 113.0
62.640614 29.809692 1368723673099 113.0
62.640828 29.809862 1368723677096 113.0
62.641041 29.810008 1368723681096 115.0
62.641237 29.810136 1368723685090 118.0
62.641414 29.810258 1368723689093 120.0
62.641589 29.810361 1368723693085 121.0
62.641716 29.810442 1368723696112 122.0
62.641932 29.810581 1368723701088 123.0
62.642106 29.810681 1368723705098 124.0
62.642272 29.810804 1368723709087 124.0
62.642446 29.810916 1368723713099 123.0
62.642611 29.811025 1368723717098 122.0
62.642777 29.811155 1368723721098 121.0
62.642954 29.811253 1368723725100 123.0
62.643103 29.811318 1368723729094 126.0
62.643257 29.811415 1368723733098 125.0
62.643408 29.811518 1368723737098 122.0
62.643556 29.811619 1368723741097 121.0
62.643709 29.811728 1368723745099 122.0
62.643865 29.811827 1368723749089 120.0
62.644013 29.81193 1368723753092 118.0
62.644125 29.812008 1368723756107 116.0
62.644325 29.81215 1368723761096 112.0
62.644479 29.812276 1368723765092 111.0
62.644646 29.812381 1368723769087 110.0
62.644828 29.812503 1368723773096 110.0
62.645026 29.812638 1368723777094 109.0
62.64523 29.812782 1368723781093 108.0
62.645433 29.812927 1368723785095 107.0
62.645635 29.813017 1368723789086 107.0
62.645851 29.813126 1368723793087 108.0
62.646091 29.813186 1368723797083 113.0
62.646328 29.813291 1368723801084 113.0
62.646562 29.813435 1368723805090 113.0
62.646782 29.813594 1368723809091 114.0
62.646906 29.81386 1368723813088 114.0
62.646963 29.814107 1368723816111 115.0
62.647141 29.81405 1368723821095 114.0
62.647252 29.81381 1368723825093 114.0
62.647327 29.813632 1368723829089 114.0
62.647369 29.813318 1368723833091 111.0
62.647422 29.812982 1368723837094 108.0
62.64748 29.812633 1368723841092 109.0
62.647546 29.812319 1368723845096 107.0
62.647559 29.811954 1368723849095 108.0
62.647571 29.811619 1368723853098 109.0
62.647564 29.811258 1368723857097 110.0
62.64757 29.810963 1368723861097 108.0
62.647687 29.810909 1368723865092 109.0
62.647831 29.810877 1368723869088 112.0
62.647993 29.810864 1368723873093 111.0
62.648124 29.810865 1368723876106 109.0
62.64835 29.81087 1368723881091 109.0
62.64855 29.810859 1368723885083 111.0
62.648736 29.810874 1368723889092 110.0
62.648935 29.810874 1368723893086 109.0
62.649125 29.810875 1368723897097 108.0
62.649304 29.810872 1368723901084 108.0
62.649533 29.810862 1368723906083 108.0
62.649661 29.810855 1368723909085 112.0
62.649835 29.810836 1368723913084 112.0
62.650092 29.810832 1368723919093 111.0
62.65023 29.810831 1368723922091 110.0
62.650367 29.81082 1368723925096 109.0
62.650552 29.810816 1368723929091 109.0
62.650755 29.810801 1368723933082 110.0
62.650902 29.810804 1368723936105 109.0
62.651107 29.810738 1368723941085 112.0
62.651241 29.810719 1368723945087 113.0
62.651374 29.810713 1368723949083 114.0
62.651525 29.810716 1368723953081 115.0
62.651684 29.810719 1368723957085 115.0
62.65185 29.810714 1368723961084 116.0
62.652014 29.810698 1368723965092 114.0
62.652163 29.810667 1368723969096 112.0
62.652318 29.810651 1368723973082 113.0
62.652474 29.810645 1368723977081 113.0
62.652637 29.810611 1368723981080 113.0
62.65283 29.810544 1368723985096 113.0
62.653023 29.810478 1368723989092 112.0
62.653221 29.810404 1368723993099 111.0
62.653401 29.810367 1368723997086 110.0
62.653581 29.810345 1368724001093 109.0
62.653758 29.810361 1368724005085 108.0
62.653933 29.810411 1368724009092 106.0
62.65411 29.810465 1368724013085 107.0
62.654273 29.8105 1368724017083 109.0
62.654432 29.810618 1368724021090 109.0
62.654587 29.810733 1368724025089 110.0
62.654739 29.810872 1368724029091 114.0
62.654842 29.81101 1368724033086 114.0
62.654982 29.811156 1368724037083 114.0
62.655121 29.811276 1368724041084 114.0
62.655245 29.811422 1368724045086 114.0
62.655367 29.811591 1368724049081 114.0
62.655498 29.811748 1368724053085 114.0
62.655597 29.811875 1368724056107 114.0
62.655784 29.812107 1368724061091 115.0
62.655944 29.812308 1368724065081 113.0
62.656095 29.812481 1368724069082 113.0
62.656245 29.812672 1368724073089 112.0
62.656401 29.81284 1368724077088 113.0
62.656548 29.813012 1368724081080 114.0
62.656692 29.813176 1368724085085 114.0
62.656836 29.813325 1368724089092 114.0
62.656975 29.813488 1368724093094 113.0
62.657107 29.813636 1368724097092 114.0
62.657234 29.813726 1368724101081 118.0
62.657386 29.813793 1368724105084 118.0
62.657547 29.813819 1368724109084 118.0
62.657715 29.813843 1368724113081 118.0
62.657884 29.813828 1368724117079 118.0
62.65807 29.813783 1368724121080 116.0
62.658255 29.81375 1368724125082 115.0
62.658453 29.813721 1368724129090 113.0
62.658655 29.813697 1368724133094 114.0
62.658842 29.813703 1368724137089 113.0
62.659022 29.813707 1368724141079 110.0
62.659203 29.813697 1368724145077 111.0
62.659357 29.813633 1368724149080 112.0
62.659554 29.81364 1368724153081 110.0
62.659757 29.813627 1368724157083 110.0
62.659934 29.813655 1368724161080 111.0
62.660085 29.813659 1368724165084 113.0
62.660231 29.813536 1368724169086 117.0
62.660382 29.813589 1368724173087 117.0
62.660487 29.813662 1368724176108 118.0
62.660621 29.81381 1368724181089 117.0
62.660745 29.813863 1368724185082 116.0
62.660891 29.814009 1368724189078 116.0
62.661048 29.814184 1368724193078 118.0
62.661185 29.814352 1368724197094 118.0
62.661302 29.814535 1368724201088 119.0
62.661423 29.814739 1368724205087 119.0
62.661537 29.814913 1368724209080 119.0
62.661644 29.815124 1368724213090 120.0
62.661752 29.815295 1368724217088 118.0
62.661849 29.815467 1368724221092 118.0
62.661991 29.815626 1368724225080 120.0
62.662123 29.81584 1368724229089 121.0
62.662263 29.816042 1368724233088 120.0
62.662376 29.8162 1368724236105 123.0
62.662541 29.816483 1368724241089 124.0
62.662667 29.816725 1368724245081 124.0
62.662812 29.816997 1368724249088 124.0
62.662974 29.817199 1368724253092 123.0
62.663149 29.817373 1368724257087 120.0
62.663371 29.817482 1368724261087 119.0
62.663606 29.8176 1368724265086 120.0
62.663869 29.817685 1368724269080 119.0
62.664148 29.817761 1368724273082 119.0
62.664445 29.817757 1368724277083 120.0
62.664735 29.817688 1368724281082 119.0
62.664953 29.817659 1368724285083 119.0
62.665123 29.817551 1368724289084 118.0
62.665294 29.817464 1368724293086 118.0
62.665424 29.81729 1368724297084 118.0
62.665538 29.817152 1368724301083 115.0
62.665676 29.81696 1368724305083 116.0
62.665837 29.816739 1368724309089 116.0
62.665991 29.816498 1368724313091 114.0
62.666144 29.81627 1368724317093 118.0
62.666307 29.816039 1368724321090 118.0
62.666466 29.815811 1368724325082 115.0
62.666639 29.815599 1368724329080 114.0
62.666825 29.815423 1368724333099 113.0
62.666996 29.815219 1368724337079 107.0
62.667164 29.81507 1368724341086 107.0
62.667318 29.814928 1368724345082 107.0
62.667479 29.814794 1368724349075 108.0
62.667647 29.814701 1368724353083 109.0
62.667806 29.814633 1368724357079 108.0
62.667941 29.814572 1368724361078 108.0
62.668094 29.814525 1368724365089 107.0
62.668244 29.814459 1368724369085 106.0
62.6684 29.814351 1368724373085 104.0
62.668548 29.814289 1368724377089 102.0
62.668711 29.814212 1368724381090 101.0
62.668875 29.814128 1368724385082 102.0
62.669033 29.81401 1368724389086 100.0
62.669188 29.813875 1368724393093 98.0
62.66935 29.813689 1368724397085 100.0
62.669492 29.813512 1368724401083 101.0
62.669623 29.813305 1368724405083 100.0
62.669763 29.813103 1368724409087 103.0
62.669883 29.812935 1368724413085 100.0
62.670022 29.812759 1368724417082 101.0
62.670153 29.812608 1368724421087 105.0
62.67026 29.812501 1368724425083 105.0
62.670392 29.812415 1368724429080 104.0
62.670519 29.812331 1368724433084 103.0
62.670656 29.812255 1368724437081 103.0
62.670817 29.81216 1368724441082 105.0
62.670986 29.812063 1368724445082 109.0
62.671131 29.811962 1368724449082 112.0
62.671297 29.811882 1368724453084 111.0
62.671446 29.811814 1368724457083 112.0
62.671575 29.811833 1368724461089 112.0
62.671652 29.81207 1368724465082 112.0
62.671709 29.81226 1368724469077 112.0
62.671769 29.812496 1368724473081 113.0
62.671838 29.812776 1368724477079 112.0
62.671895 29.813121 1368724481079 115.0
62.671994 29.813452 1368724485086 116.0
62.672096 29.813792 1368724489083 115.0
62.672201 29.814167 1368724493089 116.0
62.672312 29.81456 1368724497087 118.0
62.67243 29.814898 1368724501088 118.0
62.672491 29.815221 1368724505082 118.0
62.672433 29.8155 1368724509091 119.0
62.67232 29.815692 1368724513078 120.0
62.672206 29.81586 1368724517084 116.0
62.672094 29.816035 1368724521085 116.0
62.671994 29.816165 1368724525087 119.0
62.671894 29.816181 1368724529083 118.0
62.671816 29.816144 1368724533077 116.0
62.671755 29.816121 1368724537094 117.0
62.671697 29.816136 1368724541089 114.0
62.671688 29.81614 1368724545088 114.0
62.67168 29.816138 1368724549093 113.0
62.671668 29.816159 1368724553090 114.0
62.671668 29.816162 1368724556114 114.0
62.671662 29.816172 1368724561089 114.0
62.671651 29.81621 1368724565077 113.0
62.671642 29.816287 1368724569086 110.0
62.671653 29.81647 1368724573085 111.0
62.671647 29.816676 1368724577087 109.0
62.671648 29.81682 1368724581087 107.0
62.671647 29.816876 1368724585086 107.0
62.671643 29.816891 1368724589089 108.0
62.671637 29.816891 1368724593088 108.0
62.671638 29.816893 1368724597083 108.0
62.671635 29.81689 1368724601082 108.0
62.671633 29.816889 1368724605083 109.0
62.671621 29.81688 1368724609083 110.0
62.671625 29.816875 1368724612108 112.0
62.671626 29.816874 1368724617077 114.0
62.671625 29.816869 1368724621077 115.0
62.671622 29.81687 1368724625080 115.0
62.671619 29.81687 1368724629078 115.0
62.67162 29.816869 1368724633079 116.0
62.671621 29.816868 1368724637109 116.0
62.671621 29.816865 1368724640115 116.0
62.671604 29.816916 1368724645083 116.0
62.671601 29.816917 1368724649121 115.0
62.671604 29.816906 1368724653083 115.0
62.671601 29.816907 1368724657082 114.0
62.671602 29.816906 1368724660109 114.0
62.671597 29.816907 1368724665087 113.0
62.671591 29.81687 1368724669085 113.0
62.671589 29.816819 1368724673083 113.0
62.671591 29.816809 1368724677089 113.0
62.671591 29.816743 1368724681087 113.0
62.671589 29.816692 1368724685079 114.0
62.671587 29.816681 1368724689103 113.0
62.671576 29.816605 1368724693080 109.0
62.671577 29.816556 1368724697105 107.0
62.671554 29.816469 1368724701083 106.0
62.671569 29.816394 1368724705085 108.0
62.671578 29.816363 1368724709081 109.0
62.671574 29.816385 1368724713077 109.0
62.671592 29.816348 1368724717082 107.0
62.671663 29.816266 1368724721081 106.0
62.671721 29.816257 1368724725082 106.0
62.671741 29.81626 1368724729087 109.0
62.671743 29.81626 1368724733077 109.0
62.67174 29.816279 1368724737079 111.0
62.671712 29.81625 1368724741080 111.0
62.671708 29.81624 1368724745081 110.0
62.671711 29.816231 1368724749081 108.0
62.671736 29.816279 1368724753085 107.0
62.671799 29.816255 1368724757083 108.0
62.671833 29.816268 1368724761080 110.0
62.671838 29.81628 1368724765081 110.0
62.67184 29.816281 1368724769078 111.0
62.671839 29.816279 1368724772106 111.0
62.671839 29.816284 1368724777108 111.0
62.67184 29.816285 1368724781080 112.0
62.671841 29.81629 1368724785100 113.0
62.671835 29.8163 1368724789074 115.0
62.67184 29.816307 1368724793074 116.0
62.671842 29.816312 1368724797078 117.0
62.671839 29.816316 1368724801081 117.0
62.671838 29.816315 1368724804107 117.0
62.671834 29.816314 1368724809076 117.0
62.67183 29.816316 1368724813105 117.0
62.67183 29.816316 1368724817076 116.0
62.671833 29.816308 1368724821074 115.0
62.671835 29.816306 1368724825082 115.0
62.671829 29.81632 1368724829107 116.0
62.671826 29.816354 1368724833080 122.0
62.671834 29.816362 1368724836124 123.0
62.671837 29.816401 1368724841079 125.0
62.671834 29.816401 1368724845079 125.0
62.671833 29.816356 1368724849075 126.0
62.671824 29.816427 1368724853075 125.0
62.671823 29.816435 1368724857106 126.0
62.671826 29.816429 1368724861129 127.0
62.671816 29.816443 1368724865104 126.0
62.671811 29.816435 1368724869082 126.0
62.671811 29.816431 1368724873080 125.0
62.671809 29.816428 1368724877084 124.0
62.671811 29.816428 1368724881079 124.0
62.671811 29.81643 1368724885075 124.0
62.671812 29.81643 1368724889079 123.0
62.671811 29.81643 1368724893105 123.0
62.671811 29.81643 1368724896115 123.0
62.671812 29.816432 1368724901100 124.0
62.671812 29.816434 1368724905073 124.0
62.671812 29.816434 1368724909073 124.0
62.671812 29.816434 1368724913116 124.0
62.671812 29.816434 1368724917097 124.0
62.671813 29.816434 1368724921074 124.0
62.671813 29.81644 1368724925073 123.0
62.671807 29.816471 1368724929068 118.0
62.671808 29.816485 1368724933066 118.0
62.671814 29.816426 1368724937097 118.0
62.671831 29.816306 1368724941069 118.0
62.671834 29.816302 1368724945088 118.0
62.671836 29.816297 1368724949078 118.0
62.671837 29.816297 1368724953075 119.0
62.671836 29.816304 1368724956114 119.0
62.671832 29.816292 1368724961072 122.0
62.671829 29.816294 1368724965069 123.0
62.671828 29.816294 1368724969070 124.0
62.671828 29.816292 1368724973077 124.0
62.671827 29.81629 1368724977096 125.0
62.671827 29.816289 1368724981073 125.0
62.671827 29.816288 1368724985102 125.0
62.671827 29.816289 1368724989093 125.0
62.671827 29.81629 1368724993068 125.0
62.671828 29.816291 1368724997070 125.0
62.671829 29.816292 1368725001090 125.0
62.671836 29.8163 1368725005072 126.0
62.67184 29.816306 1368725009089 125.0
62.671843 29.816299 1368725013090 126.0
62.671844 29.816302 1368725017070 126.0
62.671864 29.816209 1368725021063 126.0
62.671866 29.81621 1368725025063 126.0
62.671868 29.816203 1368725029070 126.0
62.67187 29.816192 1368725032119 126.0
62.671871 29.816188 1368725037090 126.0
62.671871 29.81619 1368725041065 126.0
62.671871 29.816189 1368725045086 125.0
62.671871 29.816188 1368725049114 125.0
62.671871 29.816188 1368725053092 125.0
62.671871 29.816188 1368725057112 125.0
62.67187 29.816187 1368725061071 125.0
62.671869 29.816186 1368725064118 125.0
62.671869 29.81619 1368725069072 126.0
62.671869 29.81619 1368725073071 126.0
62.671868 29.816191 1368725077070 126.0
62.671868 29.816191 1368725081085 126.0
62.671866 29.816195 1368725086072 125.0
62.671863 29.816194 1368725089062 123.0
62.67186 29.816193 1368725093063 122.0
62.671858 29.816194 1368725097090 122.0
62.671858 29.816199 1368725101071 122.0
62.671857 29.8162 1368725105068 122.0
62.671856 29.816202 1368725109072 121.0
62.671856 29.816202 1368725113093 121.0
62.671855 29.816203 1368725117065 121.0
62.671855 29.816206 1368725121066 121.0
62.671855 29.816207 1368725125063 121.0
62.671855 29.816208 1368725129065 121.0
62.671855 29.816208 1368725133094 121.0
62.671854 29.81621 1368725137070 121.0
62.671854 29.816212 1368725141065 120.0
62.671853 29.816216 1368725145067 120.0
62.671853 29.816219 1368725149070 120.0
62.671853 29.81622 1368725153070 120.0
62.671853 29.816222 1368725157071 120.0
62.671853 29.816224 1368725161090 120.0
62.671853 29.816226 1368725166089 119.0
62.671853 29.816227 1368725169068 119.0
62.671854 29.816227 1368725173069 119.0
62.671854 29.816228 1368725177066 119.0
62.671854 29.816232 1368725181067 119.0
62.671853 29.816234 1368725185081 119.0
62.671853 29.816234 1368725189087 119.0
62.671853 29.816235 1368725194091 119.0
62.671853 29.816236 1368725197063 119.0
62.671853 29.816237 1368725202060 119.0
62.671853 29.816237 1368725205086 119.0
62.671853 29.816238 1368725209111 119.0
62.671853 29.816238 1368725213066 119.0
62.671854 29.816238 1368725217063 119.0
62.671854 29.816238 1368725224061 119.0
62.671854 29.816238 1368725230064 119.0
62.671854 29.816238 1368725234068 119.0
62.671855 29.816239 1368725237067 119.0
62.671855 29.816239 1368725241064 119.0
62.671855 29.816239 1368725245084 119.0
62.671856 29.816245 1368725250079 119.0
62.671859 29.816208 1368725253082 119.0
62.671861 29.816214 1368725257061 119.0
62.671861 29.816233 1368725261058 119.0
62.671855 29.816329 1368725265061 120.0
62.671844 29.816426 1368725269061 120.0
62.671854 29.816405 1368725273057 119.0
62.671858 29.816341 1368725277104 118.0
62.671856 29.816336 1368725281082 118.0
62.671853 29.81636 1368725285103 118.0
62.671849 29.816382 1368725289064 118.0
62.671847 29.816395 1368725293064 119.0
62.671846 29.816392 1368725297065 119.0
62.671846 29.816393 1368725302085 119.0
62.671846 29.816394 1368725304111 119.0
62.671852 29.816399 1368725309064 120.0
62.671849 29.816396 1368725313091 119.0
62.67185 29.816385 1368725317064 119.0
62.671851 29.816374 1368725321085 119.0
62.671852 29.816372 1368725325080 118.0
62.671852 29.816372 1368725329091 118.0
62.671852 29.816372 1368725333065 118.0
62.671852 29.816371 1368725338064 118.0
62.671852 29.816371 1368725343064 118.0
62.671851 29.816371 1368725344112 118.0
62.671852 29.816369 1368725348112 118.0
62.671851 29.816366 1368725353079 118.0
62.671851 29.816365 1368725356106 118.0
62.671851 29.816362 1368725361057 118.0
62.671851 29.816361 1368725365057 118.0
62.67185 29.816359 1368725368105 118.0
62.67185 29.816356 1368725373084 118.0
62.67185 29.816355 1368725377060 118.0
62.671849 29.816353 1368725381063 118.0
62.671849 29.816352 1368725385069 118.0
62.671849 29.816352 1368725389093 118.0
62.671849 29.816351 1368725393065 118.0
62.671849 29.81635 1368725397080 118.0
62.671849 29.816348 1368725401084 118.0
62.671849 29.816347 1368725405086 118.0
62.67185 29.816346 1368725408114 118.0
62.67185 29.816346 1368725412106 118.0
62.671851 29.816345 1368725417065 118.0
62.671851 29.816343 1368725421063 118.0
62.671852 29.816343 1368725425089 118.0
62.671852 29.816342 1368725429081 118.0
62.671853 29.816341 1368725433107 118.0
62.671853 29.816341 1368725436105 118.0
62.671854 29.81634 1368725441064 118.0
62.67185 29.816334 1368725444114 117.0
62.67185 29.816335 1368725449109 118.0
62.671851 29.816337 1368725453107 119.0
62.671853 29.816334 1368725457106 119.0
62.671853 29.816334 1368725461106 119.0
62.671853 29.816335 1368725465085 119.0
62.671854 29.816335 1368725469057 119.0
62.671854 29.816334 1368725473065 119.0
62.671854 29.816334 1368725477064 119.0
62.671873 29.816328 1368725481067 120.0
62.671895 29.816318 1368725485068 120.0
62.671926 29.816307 1368725489067 122.0
62.671944 29.816296 1368725493060 123.0
62.67195 29.816298 1368725496108 124.0
62.671964 29.816316 1368725501094 126.0
62.671969 29.816322 1368725505063 127.0
62.671969 29.816321 1368725508107 127.0
62.671972 29.816324 1368725513064 127.0
62.671973 29.816275 1368725517067 128.0
62.672004 29.816202 1368725521058 128.0
62.672054 29.816104 1368725525067 129.0
62.672095 29.816022 1368725529069 127.0
62.672168 29.815906 1368725533060 126.0
62.672235 29.815816 1368725537069 125.0
62.6723 29.815715 1368725541069 127.0
62.672369 29.815603 1368725545070 124.0
62.672445 29.815456 1368725549062 123.0
62.672491 29.815348 1368725553062 122.0
62.672444 29.815259 1368725557066 119.0
62.67238 29.815138 1368725561060 116.0
62.672336 29.814894 1368725565071 116.0
62.672275 29.814611 1368725569068 112.0
62.672208 29.814376 1368725573072 112.0
62.672139 29.814151 1368725577060 112.0
62.672079 29.813919 1368725581070 112.0
62.67204 29.813683 1368725585064 113.0
62.671969 29.813441 1368725589061 111.0
62.671915 29.813211 1368725593067 112.0
62.671864 29.812986 1368725597069 115.0
62.671809 29.812764 1368725601060 114.0
62.671771 29.812541 1368725605072 117.0
62.671734 29.812325 1368725609069 120.0
62.671701 29.812139 1368725613068 123.0
62.671682 29.811963 1368725617068 126.0
62.671644 29.811777 1368725621070 128.0
62.67154 29.811828 1368725625068 129.0
62.671393 29.811861 1368725629061 127.0
62.671267 29.811894 1368725633061 126.0
62.671145 29.811958 1368725637060 124.0
62.671021 29.812011 1368725641069 123.0
62.670904 29.812067 1368725645060 121.0
62.67077 29.81216 1368725649060 119.0
62.67064 29.812221 1368725653060 117.0
62.670504 29.812309 1368725657060 118.0
62.670364 29.81242 1368725661061 116.0
62.67021 29.812543 1368725665072 115.0
62.670069 29.812733 1368725669062 114.0
62.66995 29.81291 1368725673070 115.0
62.66981 29.813126 1368725677068 116.0
62.669675 29.813339 1368725681059 115.0
62.669531 29.813541 1368725685069 115.0
62.669345 29.813722 1368725689068 114.0
62.66916 29.813913 1368725693068 116.0
62.668983 29.814046 1368725697068 118.0
62.668802 29.814138 1368725701060 117.0
62.668624 29.814215 1368725705068 117.0
62.668431 29.814314 1368725709066 117.0
62.668242 29.814397 1368725713067 117.0
62.668043 29.814521 1368725717059 115.0
62.667867 29.8146 1368725721068 114.0
62.66771 29.814677 1368725725068 114.0
62.667542 29.814789 1368725729062 115.0
62.667393 29.814899 1368725733067 115.0
62.66725 29.815026 1368725737068 116.0
62.667111 29.815145 1368725741059 116.0
62.666969 29.815285 1368725745059 115.0
62.666836 29.815437 1368725749058 115.0
62.66671 29.81558 1368725753060 113.0
62.666587 29.815709 1368725757067 112.0
62.666461 29.815876 1368725761061 111.0
62.666335 29.816054 1368725765066 111.0
62.666214 29.816232 1368725769067 113.0
62.666096 29.8164 1368725773067 112.0
62.665978 29.816589 1368725777058 115.0
62.665848 29.816776 1368725781067 114.0
62.665739 29.816977 1368725785067 117.0
62.665664 29.817175 1368725789069 119.0
62.665547 29.817355 1368725793062 121.0
62.665428 29.817535 1368725797067 123.0
62.665313 29.817651 1368725801068 124.0
62.665193 29.817726 1368725805068 122.0
62.665083 29.817778 1368725809058 119.0
62.664923 29.817872 1368725813058 119.0
62.664736 29.817837 1368725817067 118.0
62.664576 29.817845 1368725821057 119.0
62.664411 29.817811 1368725825069 116.0
62.664263 29.817792 1368725829058 118.0
62.664124 29.81777 1368725833066 121.0
62.663957 29.817772 1368725837069 118.0
62.663793 29.817733 1368725841058 120.0
62.663652 29.817701 1368725845067 122.0
62.663519 29.81764 1368725849066 121.0
62.663411 29.817546 1368725853068 124.0
62.663298 29.817458 1368725857056 122.0
62.663187 29.81737 1368725861061 122.0
62.663099 29.817259 1368725865063 122.0
62.663009 29.817141 1368725869063 121.0
62.662915 29.817047 1368725873067 119.0
62.662828 29.816942 1368725877063 120.0
62.662763 29.816837 1368725881067 119.0
62.662675 29.816717 1368725885067 119.0
62.662581 29.816575 1368725889065 121.0
62.66249 29.816425 1368725893065 123.0
62.662397 29.816272 1368725897065 123.0
62.662301 29.816118 1368725901069 122.0
62.662216 29.81599 1368725905066 123.0
62.662131 29.815857 1368725909058 124.0
62.662017 29.815721 1368725913066 123.0
62.661927 29.815632 1368725917059 125.0
62.661839 29.815498 1368725921065 126.0
62.661741 29.81531 1368725925066 123.0
62.661641 29.815149 1368725929065 120.0
62.661542 29.814996 1368725933066 119.0
62.661445 29.814818 1368725937062 115.0
62.661356 29.814641 1368725941064 115.0
62.661161 29.814347 1368725945071 115.0
62.661008 29.814212 1368725949056 118.0
62.660857 29.81403 1368725953062 116.0
62.660692 29.813847 1368725957063 114.0
62.660551 29.813692 1368725961065 113.0
62.660389 29.813596 1368725965061 111.0
62.66021 29.813541 1368725969064 110.0
62.660015 29.813503 1368725973066 110.0
62.659806 29.813438 1368725977063 105.0
62.659608 29.81339 1368725981064 106.0
62.659438 29.813349 1368725985057 104.0
62.659283 29.813338 1368725989065 107.0
62.659139 29.813325 1368725993066 107.0
62.659008 29.813321 1368725997064 107.0
62.658884 29.813356 1368726001056 108.0
62.65879 29.813459 1368726005055 111.0
62.658728 29.813573 1368726009057 113.0
62.658657 29.813733 1368726013065 113.0
62.658545 29.813782 1368726017064 114.0
62.658414 29.813789 1368726021056 117.0
62.658254 29.813808 1368726025058 116.0
62.65809 29.813827 1368726029067 116.0
62.657923 29.813856 1368726033067 116.0
62.657743 29.813853 1368726037056 116.0
62.657572 29.81383 1368726041066 117.0
62.657395 29.813885 1368726045057 116.0
62.657218 29.813773 1368726049062 115.0
62.65705 29.813641 1368726053053 113.0
62.656905 29.813494 1368726057062 113.0
62.656749 29.813314 1368726061055 107.0
62.656623 29.813166 1368726065063 106.0
62.656496 29.813017 1368726069061 107.0
62.656403 29.812803 1368726073066 106.0
62.656468 29.812598 1368726077064 109.0
62.656516 29.812429 1368726081061 107.0
62.656532 29.812372 1368726085061 108.0
62.656538 29.812405 1368726089092 110.0
62.656538 29.812405 1368726093059 110.0
62.65654 29.812406 1368726097052 111.0
62.656542 29.812408 1368726101060 111.0
62.656548 29.812427 1368726105060 114.0
62.656547 29.812413 1368726109088 114.0
62.656547 29.81241 1368726113056 113.0
62.656553 29.812414 1368726117059 112.0
62.656551 29.812391 1368726121059 110.0
62.656551 29.812385 1368726125058 109.0
62.656553 29.812383 1368726129059 109.0
62.656556 29.812382 1368726133092 109.0
62.656557 29.812383 1368726137083 109.0
62.656558 29.812384 1368726141049 109.0
62.656559 29.812385 1368726145059 109.0
62.656559 29.812384 1368726149058 109.0
62.656557 29.812393 1368726153060 109.0
62.656561 29.812364 1368726157058 108.0
62.656564 29.812346 1368726161057 107.0
62.656568 29.812342 1368726165061 106.0
62.656574 29.812331 1368726169087 106.0
62.656577 29.812333 1368726173088 106.0
62.656578 29.81233 1368726177058 106.0
62.656579 29.812332 1368726181060 107.0
62.656579 29.812332 1368726185062 107.0
62.656579 29.812333 1368726189061 107.0
62.656578 29.812333 1368726193055 107.0
62.656578 29.812333 1368726197088 107.0
62.656578 29.812333 1368726201058 107.0
62.656577 29.812333 1368726205059 107.0
62.656577 29.812333 1368726209058 107.0
62.656577 29.812333 1368726212113 107.0
62.656577 29.812332 1368726217055 107.0
62.656577 29.812332 1368726221079 107.0
62.656577 29.812332 1368726225096 107.0
62.656577 29.812332 1368726229111 107.0
62.656576 29.812333 1368726233059 107.0
62.656576 29.812334 1368726237058 107.0
62.656576 29.812334 1368726241059 107.0
62.656575 29.812335 1368726245059 107.0
62.656574 29.812335 1368726249063 107.0
62.656573 29.812337 1368726253087 107.0
62.656572 29.812339 1368726257058 107.0
62.656571 29.812343 1368726261060 107.0
62.65657 29.812343 1368726265060 107.0
62.65657 29.812343 1368726269060 107.0
62.656569 29.812344 1368726273058 107.0
62.656568 29.812344 1368726277050 107.0
62.656567 29.812346 1368726281058 107.0
62.656566 29.812348 1368726285059 107.0
62.656565 29.81235 1368726289084 107.0
62.656565 29.812351 1368726293083 107.0
62.656564 29.812351 1368726297056 107.0
62.656564 29.812353 1368726301081 107.0
62.656564 29.812354 1368726305110 107.0
62.656564 29.812375 1368726309080 109.0
62.656563 29.81239 1368726313054 110.0
62.656563 29.812394 1368726317111 110.0
62.656563 29.812396 1368726321077 110.0
62.656563 29.812399 1368726325077 110.0
62.656563 29.8124 1368726328111 110.0
62.656562 29.812402 1368726333057 110.0
62.656562 29.812403 1368726337061 111.0
62.656562 29.812403 1368726341054 111.0
62.656562 29.812405 1368726345081 111.0
62.656561 29.812405 1368726349102 111.0
62.656561 29.812405 1368726353103 111.0
62.656561 29.812405 1368726359058 111.0
62.656561 29.812405 1368726362057 111.0
62.656561 29.812404 1368726365054 111.0
62.656562 29.812404 1368726369057 111.0
62.656562 29.812403 1368726373058 111.0
62.656562 29.812404 1368726377102 111.0
62.656562 29.812404 1368726381054 111.0
62.656563 29.812403 1368726385080 111.0
62.656553 29.812417 1368726389056 112.0
62.656555 29.812417 1368726393060 112.0
62.656557 29.812419 1368726397057 112.0
62.656558 29.81242 1368726401053 112.0
62.656559 29.812421 1368726405055 112.0
62.656559 29.812422 1368726409058 112.0
62.65656 29.812422 1368726413088 112.0
62.65656 29.812422 1368726417056 112.0
62.65656 29.812423 1368726421056 112.0
62.65656 29.812423 1368726426048 112.0
62.65656 29.812423 1368726429057 112.0
62.65656 29.812424 1368726433057 112.0
62.65656 29.812425 1368726437059 112.0
62.65656 29.812426 1368726441075 112.0
62.656559 29.812426 1368726445058 112.0
62.656559 29.812426 1368726449132 112.0
62.656559 29.812426 1368726453054 112.0
62.656559 29.812427 1368726457053 112.0
62.656559 29.812428 1368726461078 112.0
62.656571 29.812423 1368726465077 113.0
62.656572 29.812424 1368726469081 114.0
62.656574 29.812427 1368726473053 114.0
62.656571 29.81245 1368726477055 115.0
62.656569 29.812464 1368726481047 116.0
62.656571 29.812467 1368726485056 117.0
62.65657 29.81247 1368726488110 117.0
62.656567 29.812473 1368726493129 118.0
62.656566 29.812474 1368726497092 118.0
62.656565 29.812474 1368726501095 118.0
62.656565 29.812474 1368726505050 118.0
62.656565 29.812474 1368726509050 118.0
62.656564 29.812474 1368726513050 118.0
62.656564 29.812475 1368726517055 118.0
62.656563 29.812475 1368726521054 118.0
62.656563 29.812475 1368726525055 118.0
62.656564 29.812475 1368726529055 118.0
62.656565 29.812474 1368726533051 118.0
62.656565 29.812473 1368726537075 118.0
62.656566 29.812472 1368726541103 118.0
62.656567 29.812471 1368726545075 118.0
62.656568 29.81247 1368726549074 118.0
62.656568 29.81247 1368726553118 118.0
62.656568 29.81247 1368726557051 118.0
62.656568 29.812468 1368726561075 118.0
62.656568 29.812466 1368726565048 118.0
62.656568 29.812465 1368726569073 118.0
62.656568 29.812463 1368726573128 118.0
62.656568 29.812462 1368726577073 118.0
62.656567 29.812461 1368726581050 118.0
62.656567 29.81246 1368726585050 118.0
62.656566 29.812461 1368726589074 118.0
62.656565 29.812462 1368726593102 118.0
62.656564 29.812461 1368726597044 118.0
62.656564 29.812461 1368726601052 118.0
62.656563 29.812461 1368726605053 118.0
62.656562 29.812462 1368726609075 118.0
62.656562 29.812461 1368726613049 118.0
62.656562 29.812462 1368726617048 118.0
62.656561 29.812462 1368726621048 118.0
62.656561 29.812463 1368726625046 118.0
62.65656 29.812464 1368726629046 118.0
62.65656 29.812464 1368726633046 118.0
62.65656 29.812464 1368726637045 118.0
62.65656 29.812464 1368726641067 118.0
62.65656 29.812465 1368726645091 118.0
62.65656 29.812465 1368726650051 118.0
62.65656 29.812465 1368726654051 118.0
62.65656 29.812465 1368726657078 118.0
62.65656 29.812464 1368726661079 118.0
62.65656 29.812464 1368726665078 118.0
62.65656 29.812463 1368726669054 118.0
62.65656 29.812463 1368726672108 118.0
62.65656 29.812462 1368726677055 118.0
62.65656 29.812462 1368726681057 118.0
62.656561 29.81246 1368726685053 118.0
62.65656 29.812458 1368726689079 117.0
62.656561 29.812454 1368726693074 117.0
62.656561 29.812516 1368726697049 117.0
62.656561 29.812518 1368726701054 117.0
62.656562 29.812516 1368726705052 118.0
62.656563 29.812513 1368726709071 117.0
62.656561 29.812504 1368726713054 117.0
62.656563 29.812469 1368726717053 116.0
62.656565 29.812466 1368726721053 116.0
62.656563 29.812484 1368726725054 117.0
62.656564 29.812489 1368726729053 118.0
62.656563 29.812497 1368726733057 118.0
62.656562 29.812504 1368726737057 118.0
62.656562 29.812506 1368726741057 118.0
62.656559 29.812507 1368726745076 119.0
62.656562 29.812499 1368726749054 119.0
62.656562 29.812497 1368726753053 119.0
62.656562 29.812494 1368726757075 119.0
62.656559 29.812489 1368726761071 120.0
62.656537 29.812492 1368726765054 120.0
62.656482 29.812589 1368726769054 120.0
62.656433 29.812731 1368726773061 118.0
62.656363 29.812852 1368726777061 118.0
62.656246 29.812761 1368726781056 118.0
62.656137 29.812602 1368726785055 119.0
62.656027 29.812437 1368726789057 118.0
62.655934 29.812295 1368726793059 126.0
62.655783 29.812093 1368726797055 121.0
62.655642 29.81192 1368726801056 119.0
62.65553 29.811757 1368726805056 118.0
62.655417 29.811619 1368726809047 117.0
62.655304 29.811472 1368726813056 116.0
62.655196 29.811314 1368726817056 115.0
62.655086 29.811189 1368726821057 116.0
62.654955 29.811045 1368726825048 111.0
62.654843 29.810924 1368726829049 110.0
62.654742 29.810798 1368726833047 109.0
62.654608 29.810693 1368726837045 108.0
62.654475 29.810584 1368726841056 108.0
62.654327 29.810482 1368726845056 106.0
62.654169 29.810406 1368726849051 102.0
62.653984 29.81037 1368726853052 101.0
62.653766 29.810284 1368726857047 99.0
62.653552 29.810264 1368726861048 98.0
62.653326 29.810277 1368726865047 95.0
62.653108 29.810346 1368726869047 96.0
62.652897 29.810432 1368726873047 97.0
62.652702 29.810497 1368726877056 97.0
62.652549 29.810536 1368726881047 99.0
62.652421 29.810574 1368726885047 101.0
62.652295 29.810603 1368726889047 103.0
62.652169 29.810608 1368726893046 104.0
62.652023 29.81062 1368726897046 105.0
62.651871 29.810643 1368726901049 105.0
62.651715 29.810667 1368726905057 105.0
62.651558 29.810672 1368726909055 106.0
62.651415 29.810681 1368726913052 109.0
62.651233 29.810669 1368726917050 110.0
62.651135 29.810713 1368726921050 110.0
62.651009 29.810766 1368726925054 112.0
62.650851 29.810771 1368726929055 110.0
62.650683 29.810793 1368726933055 109.0
62.650527 29.810812 1368726937049 112.0
62.650392 29.810827 1368726941045 113.0
62.650258 29.810827 1368726945046 114.0
62.65011 29.810825 1368726949046 113.0
62.649972 29.810836 1368726953055 114.0
62.649831 29.810836 1368726957056 114.0
62.649698 29.810842 1368726961047 114.0
62.649556 29.810833 1368726965045 113.0
62.649399 29.810841 1368726969059 113.0
62.649233 29.810836 1368726973048 112.0
62.64906 29.810847 1368726977046 112.0
62.648882 29.810857 1368726981052 112.0
62.648715 29.810867 1368726985048 112.0
62.64855 29.810868 1368726989050 112.0
62.648384 29.810862 1368726993047 111.0
62.648225 29.810867 1368726997056 111.0
62.648072 29.810884 1368727001046 111.0
62.647903 29.810891 1368727006047 113.0
62.647804 29.810899 1368727009048 113.0
62.647679 29.810888 1368727013048 112.0
62.647571 29.810891 1368727017047 112.0
62.647492 29.810944 1368727021055 112.0
62.647491 29.81115 1368727025056 112.0
62.647489 29.81139 1368727029046 112.0
62.647491 29.811632 1368727033052 111.0
62.647482 29.811904 1368727037044 111.0
62.647453 29.812249 1368727041046 113.0
62.647388 29.812599 1368727045055 113.0
62.647368 29.812952 1368727049047 113.0
62.64732 29.813259 1368727053057 111.0
62.647268 29.813584 1368727057051 112.0
62.647202 29.813913 1368727061057 112.0
62.647071 29.81412 1368727065056 112.0
62.646924 29.814072 1368727069058 112.0
62.64685 29.813893 1368727073047 113.0
62.646808 29.813685 1368727077057 111.0
62.64672 29.813564 1368727081059 111.0
62.646633 29.81347 1368727085049 110.0
62.646516 29.813394 1368727089048 112.0
62.646384 29.813318 1368727093056 112.0
62.646268 29.813257 1368727097057 113.0
62.646154 29.81319 1368727101048 113.0
62.646038 29.813152 1368727105049 115.0
62.645926 29.813124 1368727109057 116.0
62.645811 29.813072 1368727113058 115.0
62.645693 29.813007 1368727117048 116.0
62.645578 29.812937 1368727121057 117.0
62.645457 29.812861 1368727125048 116.0
62.645321 29.812777 1368727129051 116.0
62.645195 29.812662 1368727133058 117.0
62.64508 29.812563 1368727137057 118.0
62.64496 29.812485 1368727141059 119.0
62.644844 29.812395 1368727145056 121.0
62.644725 29.812313 1368727149057 123.0
62.644632 29.812234 1368727153046 129.0
62.644498 29.812149 1368727157057 128.0
62.644378 29.812102 1368727161057 127.0
62.644278 29.812035 1368727165047 126.0
62.644159 29.811945 1368727169057 126.0
62.644028 29.811846 1368727173047 126.0
62.643898 29.811756 1368727177047 128.0
62.643765 29.811675 1368727181049 126.0
62.643643 29.811579 1368727185046 128.0
62.643513 29.811486 1368727189047 129.0
62.643389 29.811399 1368727193050 130.0
62.64326 29.811312 1368727197048 127.0
62.643134 29.811237 1368727201047 127.0
62.643012 29.811167 1368727205052 128.0
62.642872 29.811105 1368727209045 126.0
62.642725 29.811015 1368727213047 126.0
62.642575 29.810916 1368727217047 125.0
62.642431 29.81081 1368727221057 121.0
62.642289 29.810722 1368727225047 120.0
62.64214 29.810627 1368727229052 118.0
62.64199 29.810521 1368727233045 117.0
62.641861 29.810451 1368727237045 118.0
62.641797 29.810637 1368727241048 117.0
62.641786 29.810905 1368727245047 117.0
62.641787 29.811201 1368727249057 117.0
62.641827 29.811546 1368727253046 120.0
62.641918 29.811927 1368727257046 121.0
62.642046 29.812272 1368727261046 121.0
62.642167 29.812553 1368727265046 122.0
62.642275 29.812817 1368727269047 122.0
62.642364 29.813102 1368727273046 123.0
62.642437 29.813407 1368727277044 122.0
62.642476 29.813743 1368727281056 119.0
62.64246 29.814173 1368727285055 118.0
62.642431 29.814708 1368727289052 118.0
62.642374 29.815212 1368727293044 116.0
62.642305 29.815754 1368727297047 115.0
62.642259 29.816306 1368727301039 115.0
62.6422 29.816856 1368727305051 114.0
62.642136 29.817393 1368727309051 114.0
62.64205 29.817914 1368727313043 112.0
62.641955 29.818459 1368727317045 112.0
62.641851 29.818996 1368727321055 110.0
62.641749 29.819536 1368727325045 108.0
62.641663 29.820114 1368727329044 107.0
62.641575 29.820721 1368727333055 106.0
62.641494 29.821309 1368727337053 106.0
62.641399 29.821828 1368727341057 107.0
62.641297 29.822269 1368727345045 106.0
62.641198 29.822694 1368727349055 103.0
62.641098 29.823176 1368727353055 105.0
62.641012 29.823697 1368727357055 106.0
62.640938 29.824285 1368727361052 107.0
62.640899 29.824866 1368727365044 108.0
62.640848 29.825483 1368727369042 108.0
62.640783 29.826132 1368727373052 108.0
62.64068 29.826824 1368727377052 109.0
62.64058 29.827447 1368727381052 112.0
62.64045 29.828077 1368727385049 116.0
62.640279 29.82875 1368727389040 117.0
62.64011 29.829483 1368727393053 117.0
62.640015 29.8303 1368727397050 117.0
62.639906 29.831112 1368727401050 117.0
62.639796 29.831918 1368727405049 118.0
62.639745 29.832614 1368727409041 116.0
62.639731 29.83327 1368727413050 118.0
62.639741 29.833807 1368727417051 117.0
62.639707 29.834315 1368727421040 113.0
62.63969 29.834783 1368727425046 114.0
62.639656 29.83521 1368727429045 115.0
62.639643 29.835631 1368727433044 118.0
62.639599 29.836064 1368727437055 117.0
62.639556 29.836504 1368727441053 116.0
62.639553 29.836922 1368727445054 117.0
62.639515 29.837322 1368727449053 117.0
62.639492 29.837756 1368727453044 121.0
62.639452 29.838241 1368727457054 120.0
62.639402 29.83869 1368727461052 119.0
62.639353 29.839164 1368727465057 118.0
62.639284 29.839597 1368727469051 115.0
62.639201 29.840044 1368727473051 114.0
62.639137 29.840482 1368727477051 114.0
62.639058 29.840904 1368727481042 115.0
62.638975 29.841301 1368727485052 113.0
62.638903 29.841698 1368727489050 112.0
62.63884 29.842101 1368727493041 113.0
62.638821 29.842511 1368727497040 119.0
62.638808 29.842876 1368727501045 120.0
62.638765 29.843228 1368727505040 122.0
62.638759 29.843602 1368727509049 125.0
62.638756 29.843968 1368727513054 125.0
62.638739 29.84435 1368727517052 127.0
62.638702 29.844733 1368727521054 128.0
62.638674 29.845101 1368727525053 123.0
62.63864 29.845441 1368727529048 125.0
62.638614 29.845781 1368727533054 126.0
62.638561 29.846122 1368727537054 124.0
62.638506 29.846391 1368727541044 121.0
62.638458 29.846605 1368727545053 119.0
62.638415 29.846831 1368727549055 116.0
62.638374 29.847088 1368727553045 114.0
62.638307 29.847379 1368727557043 110.0
62.638258 29.847708 1368727561043 109.0
62.638214 29.848036 1368727565052 109.0
62.638155 29.848319 1368727569040 108.0
62.638112 29.848592 1368727573054 106.0
62.63806 29.84895 1368727577041 106.0
62.638023 29.849321 1368727581044 106.0
62.637983 29.849674 1368727585042 106.0
62.637923 29.850012 1368727589043 106.0
62.637857 29.850343 1368727593051 107.0
62.637792 29.850653 1368727597053 108.0
62.637737 29.851001 1368727601055 107.0
62.637692 29.851357 1368727605054 107.0
62.637645 29.85168 1368727609052 107.0
62.637585 29.851992 1368727613052 107.0
62.637533 29.852299 1368727617050 108.0
62.637456 29.85258 1368727621045 108.0
62.637376 29.852823 1368727625051 106.0
62.637287 29.853119 1368727629041 107.0
62.637179 29.853401 1368727633043 109.0
62.637112 29.853704 1368727637045 112.0
62.63702 29.854033 1368727641050 114.0
62.636943 29.854334 1368727645037 115.0
62.636853 29.854593 1368727649051 115.0
62.63677 29.854834 1368727653051 114.0
62.636667 29.855068 1368727657056 112.0
62.636587 29.855372 1368727661040 113.0
62.636472 29.855592 1368727665050 111.0
62.636379 29.855833 1368727669039 111.0
62.636311 29.856112 1368727673051 111.0
62.636212 29.856407 1368727677049 112.0
62.636127 29.856644 1368727681051 111.0
62.636008 29.856869 1368727685049 107.0
62.635941 29.857177 1368727689037 109.0
62.635875 29.857457 1368727693049 112.0
62.635785 29.857777 1368727697045 112.0
62.635705 29.858067 1368727701037 112.0
62.635605 29.858447 1368727705040 115.0
62.635519 29.858831 1368727709050 116.0
62.635442 29.859298 1368727713051 116.0
62.635368 29.859773 1368727717041 115.0
62.635304 29.860229 1368727721041 114.0
62.635208 29.86068 1368727725053 114.0
62.63506 29.861054 1368727729044 112.0
62.634926 29.861412 1368727733043 113.0
62.63479 29.861729 1368727737041 112.0
62.634661 29.86213 1368727741041 111.0
62.63455 29.862443 1368727745040 109.0
62.634444 29.86276 1368727749040 112.0
62.634381 29.862916 1368727753050 112.0
62.634381 29.862903 1368727757041 112.0
62.634381 29.862895 1368727761048 112.0
62.634381 29.862923 1368727765046 112.0
62.634383 29.862939 1368727769046 113.0
62.634385 29.862939 1368727773078 113.0
62.634386 29.862946 1368727779046 110.0
62.634387 29.862949 1368727781041 109.0
62.63438 29.862966 1368727785040 108.0
62.634372 29.862965 1368727789048 106.0
62.634379 29.862998 1368727793049 107.0
62.634362 29.862998 1368727797044 107.0
62.634399 29.863074 1368727801048 108.0
62.634406 29.863085 1368727805040 109.0
62.634426 29.863117 1368727809042 110.0
62.634428 29.863114 1368727813049 112.0
62.634444 29.863154 1368727817048 112.0
62.634443 29.863156 1368727821042 112.0
62.634439 29.863156 1368727825038 113.0
62.63444 29.863156 1368727829039 114.0
62.634446 29.863148 1368727833038 116.0
62.634451 29.863149 1368727837038 116.0
62.634449 29.863148 1368727841041 116.0
62.634449 29.863146 1368727845041 117.0
62.634449 29.863144 1368727849071 117.0
62.634449 29.863144 1368727853039 117.0
62.634451 29.863144 1368727857060 117.0
62.63445 29.863142 1368727860118 117.0
62.634451 29.863141 1368727865115 117.0
62.634453 29.863139 1368727869088 118.0
62.634454 29.863137 1368727873087 117.0
62.634454 29.863134 1368727877108 117.0
62.634454 29.863132 1368727881036 117.0
62.634453 29.863131 1368727885035 117.0
62.634453 29.863131 1368727889110 117.0
62.634453 29.863129 1368727893080 117.0
62.634453 29.863128 1368727897062 117.0
62.634453 29.863127 1368727901039 117.0
62.634453 29.863127 1368727905047 117.0
62.634453 29.863125 1368727909071 117.0
62.634454 29.863123 1368727913040 117.0
62.634454 29.863122 1368727917066 117.0
62.634453 29.863122 1368727921041 117.0
62.634452 29.863119 1368727925041 117.0
62.634452 29.863119 1368727929095 117.0
62.634452 29.863118 1368727933058 117.0
62.634451 29.863118 1368727937046 117.0
62.634451 29.863119 1368727941078 117.0
62.63445 29.863119 1368727945071 117.0
62.63445 29.863119 1368727949045 117.0
62.63445 29.86312 1368727953043 117.0
62.63445 29.863119 1368727957048 118.0
62.63445 29.863117 1368727961043 118.0
62.63445 29.863117 1368727965047 118.0
62.634449 29.863116 1368727970046 118.0
62.634449 29.863115 1368727973045 118.0
62.634448 29.863114 1368727977047 118.0
62.634448 29.863114 1368727981046 118.0
62.634448 29.863114 1368727985073 118.0
62.634448 29.863114 1368727989089 118.0
62.634447 29.863114 1368727993096 119.0
62.634447 29.863112 1368727997069 119.0
62.634448 29.863111 1368728001038 119.0
62.634448 29.86311 1368728005044 119.0
62.634449 29.863108 1368728009041 119.0
62.634449 29.863106 1368728013042 119.0
62.63445 29.863105 1368728017064 119.0
62.63445 29.863103 1368728021076 120.0
62.63445 29.863101 1368728025075 120.0
62.634451 29.8631 1368728029078 120.0
62.634451 29.863099 1368728033037 120.0
62.634451 29.863099 1368728037036 120.0
62.634452 29.863097 1368728041038 120.0
62.634452 29.863096 1368728046045 120.0
62.634452 29.863095 1368728049044 120.0
62.634452 29.863094 1368728053044 120.0
62.634451 29.863094 1368728057039 120.0
62.634451 29.863093 1368728061043 120.0
62.63445 29.863093 1368728065043 120.0
62.63445 29.863092 1368728069042 120.0
62.634447 29.863086 1368728073073 119.0
62.634445 29.863089 1368728077072 119.0
62.634442 29.863094 1368728081041 119.0
62.634441 29.863096 1368728085047 119.0
62.634434 29.863102 1368728089043 120.0
62.634434 29.863104 1368728093039 120.0
62.634432 29.863108 1368728097076 120.0
62.634432 29.86311 1368728101043 121.0
62.634432 29.863109 1368728105043 121.0
62.634433 29.863107 1368728109044 120.0
62.634433 29.863107 1368728113030 120.0
62.634433 29.863106 1368728117037 120.0
62.634433 29.863106 1368728121042 121.0
62.634432 29.863105 1368728125068 121.0
62.634432 29.863105 1368728129067 121.0
62.634431 29.863105 1368728133039 121.0
62.634429 29.863106 1368728137041 121.0
62.634428 29.863107 1368728141040 121.0
62.634427 29.863107 1368728145062 121.0
62.634427 29.863106 1368728149033 121.0
62.634426 29.863102 1368728153037 121.0
62.634426 29.863101 1368728157114 121.0
62.634425 29.8631 1368728161135 121.0
62.634425 29.863098 1368728165068 121.0
62.634425 29.863098 1368728169039 121.0
62.634424 29.863097 1368728173045 120.0
62.634423 29.863095 1368728177046 120.0
62.634423 29.863094 1368728181043 120.0
62.634422 29.863093 1368728185037 120.0
62.634422 29.863091 1368728189070 120.0
62.634422 29.86309 1368728193041 120.0
62.634422 29.863089 1368728197044 120.0
62.634422 29.863089 1368728201072 120.0
62.634422 29.863088 1368728206107 120.0
62.634422 29.863088 1368728209040 120.0
62.634422 29.863088 1368728213039 120.0
62.634421 29.863087 1368728217043 120.0
62.634421 29.863087 1368728221043 120.0
62.634421 29.863087 1368728225036 120.0
62.63442 29.863085 1368728229043 120.0
62.63442 29.863085 1368728233077 119.0
62.63442 29.863083 1368728237095 119.0
62.63442 29.863082 1368728241071 119.0
62.634419 29.863079 1368728245070 119.0
62.634419 29.863079 1368728249058 119.0
62.634419 29.863079 1368728253060 119.0
62.634419 29.86308 1368728257036 119.0
62.63442 29.863081 1368728262040 119.0
62.63442 29.863081 1368728265040 119.0
62.63442 29.863081 1368728272070 119.0
62.634411 29.863096 1368728277077 120.0
62.634403 29.863138 1368728281040 121.0
62.634389 29.86312 1368728285044 119.0
62.634388 29.863123 1368728289035 118.0
62.63439 29.863169 1368728293045 117.0
62.634357 29.863239 1368728297045 113.0
62.634314 29.863374 1368728301039 111.0
62.634259 29.86363 1368728305048 110.0
62.634191 29.863849 1368728309044 107.0
62.634169 29.863913 1368728313047 107.0
62.634168 29.863913 1368728318046 106.0
62.634157 29.863928 1368728321046 105.0
62.634114 29.86403 1368728325036 105.0
62.634065 29.864193 1368728329034 105.0
62.634002 29.864364 1368728333049 106.0
62.633936 29.864526 1368728337037 107.0
62.633856 29.864722 1368728341036 106.0
62.633767 29.864947 1368728345037 106.0
62.633682 29.865192 1368728349048 106.0
62.633597 29.865449 1368728353038 106.0
62.633513 29.865613 1368728357037 104.0
62.633456 29.865803 1368728361050 104.0
62.633393 29.865981 1368728365049 103.0
62.633331 29.866183 1368728369034 103.0
62.633249 29.866318 1368728373036 102.0
62.633194 29.866509 1368728377036 102.0
62.633093 29.866662 1368728381046 104.0
62.633013 29.866848 1368728385094 105.0
62.632964 29.867053 1368728389033 110.0
62.632876 29.867235 1368728393047 110.0
62.632803 29.867416 1368728397035 110.0
62.632741 29.867625 1368728401046 110.0
62.632659 29.867825 1368728405044 109.0
62.632572 29.868011 1368728409036 108.0
62.632487 29.868235 1368728413046 108.0
62.632405 29.868474 1368728417049 109.0
62.632327 29.868671 1368728421036 109.0
62.632247 29.868873 1368728425036 109.0
62.632168 29.869022 1368728429037 107.0
62.632091 29.869204 1368728433037 106.0
62.632001 29.869376 1368728437052 102.0
62.631922 29.869541 1368728441047 100.0
62.631848 29.869729 1368728445049 101.0
62.631775 29.869915 1368728449046 101.0
62.6317 29.870116 1368728453044 104.0
62.631626 29.87029 1368728457044 106.0
62.631553 29.870501 1368728461044 108.0
62.631483 29.870722 1368728465040 108.0
62.631409 29.870934 1368728469033 110.0
62.631344 29.871158 1368728473046 111.0
62.631273 29.871356 1368728477046 110.0
62.631216 29.871547 1368728481031 109.0
62.631156 29.871748 1368728485032 109.0
62.631121 29.871909 1368728489042 108.0
62.631027 29.872031 1368728493040 106.0
62.630941 29.872199 1368728497033 106.0
62.630867 29.872317 1368728501030 105.0
62.630759 29.872433 1368728505038 101.0
62.630668 29.872689 1368728509043 101.0
62.630588 29.872913 1368728513043 100.0
62.630514 29.873071 1368728517039 103.0
62.630489 29.873207 1368728521042 105.0
62.630424 29.87322 1368728525045 101.0
62.630426 29.873125 1368728529043 100.0
62.630434 29.872957 1368728533033 93.0
62.630388 29.872682 1368728537042 87.0
62.630326 29.872441 1368728541041 82.0
62.630229 29.872161 1368728545042 79.0
62.630123 29.871879 1368728549032 77.0
62.630011 29.871613 1368728553042 84.0
62.629915 29.871348 1368728557030 90.0
62.629821 29.871068 1368728561040 90.0
62.629726 29.870792 1368728565039 93.0
62.629632 29.870519 1368728569031 93.0
62.629547 29.870234 1368728573034 92.0
62.629474 29.869959 1368728577041 90.0
62.629398 29.86969 1368728581047 89.0
62.629342 29.869464 1368728585041 91.0
62.629274 29.869191 1368728589041 88.0
62.629212 29.868931 1368728593040 90.0
62.62914 29.868674 1368728597043 90.0
62.629074 29.868476 1368728601044 94.0
62.629021 29.868214 1368728605041 95.0
62.628946 29.867986 1368728609042 92.0
62.628888 29.867828 1368728613041 96.0
62.628837 29.867638 1368728617042 97.0
62.628813 29.867449 1368728621039 102.0
62.628757 29.867232 1368728625039 107.0
62.628703 29.867024 1368728629041 110.0
62.628615 29.866756 1368728633040 107.0
62.628532 29.866506 1368728637033 106.0
62.628465 29.866258 1368728641042 106.0
62.628396 29.865996 1368728645043 104.0
62.628294 29.865754 1368728649038 104.0
62.628227 29.865507 1368728653041 105.0
62.628136 29.86522 1368728657037 100.0
62.628077 29.865061 1368728661037 98.0
62.627976 29.865071 1368728665038 97.0
62.627862 29.865085 1368728669035 98.0
62.627744 29.865149 1368728673036 98.0
62.627651 29.865209 1368728677037 106.0
62.627553 29.865242 1368728681041 113.0
62.627514 29.865334 1368728685036 117.0
62.627428 29.865443 1368728689027 114.0
62.627332 29.865571 1368728693036 115.0
62.627249 29.865689 1368728697037 114.0
62.627174 29.865821 1368728701040 114.0
62.627113 29.865901 1368728705038 112.0
62.627053 29.866001 1368728709037 110.0
62.626991 29.866077 1368728713031 107.0
62.626932 29.866149 1368728717039 106.0
62.6269 29.866165 1368728721037 103.0
62.626874 29.86625 1368728725037 105.0
62.626839 29.866411 1368728729039 102.0
62.626794 29.866651 1368728733038 103.0
62.626736 29.866878 1368728737036 102.0
62.626685 29.867077 1368728741037 104.0
62.626592 29.867307 1368728745036 106.0
62.62652 29.867613 1368728749027 104.0
62.626442 29.867888 1368728753037 106.0
62.626368 29.868104 1368728757037 108.0
62.62628 29.868307 1368728761037 106.0
62.626182 29.868485 1368728765027 104.0
62.626057 29.86867 1368728769036 105.0
62.625938 29.868759 1368728773038 107.0
62.625823 29.868866 1368728777044 109.0
62.625696 29.869021 1368728781040 111.0
62.625563 29.869156 1368728785036 112.0
62.625429 29.869346 1368728789028 115.0
62.625306 29.869496 1368728793037 113.0
62.625232 29.869603 1368728797038 113.0
62.625178 29.869852 1368728801035 114.0
62.625101 29.869995 1368728805035 114.0
62.625006 29.870031 1368728809036 116.0
62.624917 29.869986 1368728813031 110.0
62.624779 29.869957 1368728817026 105.0
62.624659 29.869926 1368728821037 101.0
62.624535 29.86995 1368728825035 98.0
62.624444 29.869877 1368728829027 98.0
62.624276 29.869801 1368728833038 93.0
62.62411 29.869721 1368728837026 95.0
62.623943 29.869654 1368728841026 94.0
62.623754 29.86963 1368728845023 94.0
62.623553 29.869641 1368728849027 94.0
62.623353 29.869611 1368728853036 93.0
62.62315 29.869607 1368728857026 92.0
62.622929 29.869639 1368728861025 94.0
62.622763 29.869823 1368728865036 91.0
62.622587 29.870068 1368728869027 94.0
62.622418 29.870305 1368728873036 99.0
62.62226 29.870496 1368728877026 101.0
62.622136 29.87066 1368728881037 103.0
62.622004 29.870838 1368728885027 102.0
62.621861 29.871046 1368728889036 101.0
62.621695 29.871249 1368728893036 102.0
62.621521 29.87134 1368728897024 99.0
62.621343 29.871422 1368728901026 100.0
62.621189 29.87147 1368728905039 100.0
62.621052 29.871524 1368728909028 98.0
62.620946 29.871573 1368728913033 99.0
62.620817 29.871626 1368728917025 100.0
62.620731 29.871726 1368728921027 100.0
62.620702 29.871805 1368728925029 99.0
62.620627 29.871874 1368728929034 99.0
62.620623 29.871659 1368728933027 98.0
62.620636 29.871478 1368728937027 99.0
62.620603 29.871275 1368728941035 100.0
62.620572 29.87103 1368728945036 100.0
62.620519 29.87079 1368728949037 102.0
62.620513 29.870573 1368728953034 106.0
62.620466 29.870256 1368728957034 105.0
62.620412 29.869919 1368728961025 101.0
62.620366 29.869602 1368728965024 100.0
62.620329 29.869299 1368728969028 101.0
62.620284 29.868938 1368728973035 98.0
62.620235 29.868559 1368728977032 99.0
62.620192 29.868171 1368728981026 98.0
62.620142 29.867778 1368728985025 101.0
62.620091 29.867335 1368728989025 102.0
62.620049 29.866932 1368728993028 100.0
62.620002 29.866509 1368728997035 100.0
62.619943 29.866091 1368729001023 102.0
62.619895 29.865684 1368729005033 103.0
62.619828 29.865302 1368729009027 103.0
62.619778 29.864895 1368729013034 100.0
62.619742 29.864521 1368729017030 101.0
62.619646 29.864131 1368729021033 100.0
62.619582 29.863723 1368729025030 101.0
62.619536 29.863299 1368729029024 102.0
62.619471 29.862903 1368729033032 103.0
62.619418 29.862502 1368729037026 99.0
62.619377 29.862121 1368729041024 103.0
62.619344 29.861822 1368729045033 102.0
62.619294 29.861521 1368729049024 100.0
62.619246 29.861118 1368729053024 98.0
62.619208 29.860695 1368729057029 98.0
62.619167 29.860281 1368729061024 97.0
62.619142 29.859897 1368729065023 96.0
62.619112 29.859507 1368729069022 96.0
62.61909 29.85918 1368729073024 96.0
62.619065 29.858889 1368729077022 96.0
62.619046 29.858545 1368729081034 96.0
62.619015 29.858186 1368729085022 97.0
62.618969 29.857839 1368729089023 96.0
62.618935 29.857476 1368729093028 97.0
62.618896 29.857104 1368729097029 98.0
62.618865 29.856725 1368729101036 98.0
62.618813 29.856431 1368729105032 96.0
62.618775 29.856142 1368729109023 97.0
62.61875 29.855852 1368729113032 95.0
62.618681 29.855551 1368729117036 96.0
62.618642 29.855285 1368729121022 99.0
62.618598 29.854893 1368729125032 102.0
62.618566 29.85452 1368729129030 102.0
62.618509 29.85414 1368729133026 102.0
62.618475 29.853768 1368729137022 103.0
62.618425 29.853381 1368729141033 102.0
62.618368 29.853038 1368729145020 104.0
62.618329 29.852673 1368729149027 105.0
62.61827 29.852315 1368729153033 105.0
62.61822 29.851957 1368729157032 105.0
62.618146 29.851645 1368729161028 102.0
62.61805 29.851339 1368729165021 102.0
62.617993 29.850922 1368729169024 102.0
62.617909 29.850579 1368729173021 102.0
62.617873 29.850264 1368729177021 102.0
62.617801 29.849898 1368729181034 102.0
62.617734 29.849553 1368729185030 102.0
62.617709 29.849282 1368729189033 103.0
62.617647 29.848988 1368729193033 107.0
62.617556 29.848662 1368729197023 101.0
62.617481 29.848355 1368729201032 102.0
62.617391 29.848045 1368729205033 100.0
62.617313 29.847719 1368729209024 98.0
62.617258 29.8474 1368729213029 95.0
62.617209 29.847102 1368729217032 97.0
62.617186 29.846759 1368729221031 97.0
62.617103 29.84647 1368729225024 94.0
62.616984 29.846132 1368729229030 92.0
62.616942 29.845792 1368729233031 91.0
62.61691 29.84546 1368729237022 92.0
62.616871 29.845109 1368729241020 94.0
62.616845 29.844771 1368729245022 95.0
62.616833 29.844426 1368729249021 95.0
62.616772 29.844124 1368729253020 94.0
62.616747 29.843838 1368729257027 97.0
62.616736 29.843564 1368729261030 100.0
62.616711 29.84324 1368729265027 102.0
62.61669 29.842931 1368729269029 105.0
62.616668 29.842607 1368729273023 106.0
62.616657 29.84229 1368729277031 104.0
62.616648 29.841955 1368729281023 102.0
62.616656 29.84161 1368729285027 100.0
62.616678 29.841242 1368729289024 102.0
62.6167 29.840846 1368729293029 102.0
62.616708 29.840462 1368729297021 105.0
62.616724 29.840053 1368729301025 107.0
62.616725 29.839644 1368729305030 104.0
62.616739 29.839256 1368729309030 103.0
62.616746 29.838855 1368729313021 104.0
62.616775 29.838482 1368729317027 103.0
62.616801 29.838106 1368729321034 102.0
62.616814 29.83774 1368729325031 104.0
62.616817 29.837324 1368729329020 107.0
62.616825 29.836906 1368729333019 106.0
62.61683 29.836514 1368729337033 107.0
62.616845 29.83611 1368729341020 106.0
62.616863 29.835725 1368729345027 105.0
62.616874 29.835374 1368729349031 106.0
62.616868 29.835028 1368729353020 106.0
62.6169 29.834667 1368729357029 103.0
62.616907 29.83433 1368729361030 104.0
62.616911 29.834004 1368729365032 106.0
62.616914 29.833672 1368729369035 104.0
62.61692 29.83336 1368729373019 101.0
62.61695 29.833022 1368729377020 100.0
62.616983 29.832698 1368729381031 100.0
62.616989 29.832334 1368729385035 100.0
62.617007 29.831977 1368729389031 102.0
62.617033 29.83161 1368729393032 104.0
62.617032 29.831232 1368729397029 104.0
62.617048 29.830847 1368729401029 104.0
62.617084 29.830464 1368729405020 106.0
62.617092 29.830064 1368729409031 110.0
62.617094 29.829643 1368729413031 108.0
62.617105 29.829251 1368729417030 107.0
62.617097 29.828888 1368729421020 106.0
62.617118 29.828525 1368729425021 105.0
62.617122 29.828177 1368729429029 105.0
62.617125 29.827843 1368729433029 106.0
62.617135 29.827527 1368729437029 106.0
62.617129 29.827213 1368729441019 107.0
62.617121 29.826895 1368729445029 103.0
62.617122 29.826641 1368729449019 104.0
62.617079 29.826317 1368729453028 102.0
62.617059 29.825977 1368729457019 100.0
62.617066 29.82562 1368729461031 101.0
62.617056 29.825267 1368729465019 102.0
62.617023 29.824902 1368729469022 101.0
62.617012 29.824531 1368729473020 100.0
62.616985 29.824198 1368729477019 99.0
62.616954 29.823905 1368729481018 99.0
62.616909 29.82366 1368729485021 99.0
62.616882 29.823409 1368729489027 102.0
62.616824 29.823123 1368729493018 103.0
62.616776 29.822847 1368729497021 102.0
62.616728 29.822549 1368729501032 104.0
62.616667 29.822223 1368729505033 105.0
62.616624 29.821979 1368729509028 105.0
62.616571 29.82172 1368729513031 106.0
62.616565 29.821695 1368729517025 106.0
62.616477 29.821269 1368729522023 105.0
62.616369 29.820587 1368729529020 109.0
62.61628 29.820139 1368729535018 108.0
62.61626 29.820006 1368729537024 107.0
62.616218 29.819692 1368729541018 109.0
62.616116 29.81918 1368729547030 112.0
62.616082 29.819004 1368729549021 112.0
62.616009 29.818686 1368729553031 115.0
62.615929 29.818407 1368729557020 111.0
62.615862 29.818129 1368729561020 108.0
62.615778 29.817764 1368729567029 109.0
62.615719 29.817582 1368729570020 107.0
62.615665 29.817387 1368729573029 104.0
62.615642 29.817132 1368729577023 106.0
62.615622 29.816802 1368729581030 103.0
62.615582 29.816379 1368729585018 104.0
62.615441 29.816005 1368729589022 101.0
62.615376 29.815706 1368729593025 99.0
62.61528 29.815422 1368729597020 98.0
62.615198 29.815075 1368729601029 93.0
62.61515 29.814751 1368729605021 98.0
62.615104 29.814428 1368729609030 100.0
62.61505 29.81412 1368729613026 101.0
62.614984 29.813804 1368729617017 100.0
62.614916 29.81346 1368729621019 99.0
62.614849 29.813123 1368729625016 101.0
62.614771 29.812773 1368729629028 101.0
62.614694 29.812445 1368729633019 100.0
62.614632 29.812149 1368729637031 103.0
62.614582 29.811894 1368729641022 100.0
62.614538 29.811588 1368729645023 101.0
62.614481 29.811314 1368729649028 99.0
62.61445 29.810975 1368729653019 98.0
62.614429 29.810645 1368729657031 101.0
62.61441 29.810259 1368729661033 103.0
62.614374 29.809863 1368729665022 102.0
62.614321 29.809488 1368729669032 101.0
62.614273 29.809103 1368729673021 101.0
62.614226 29.808728 1368729677025 100.0
62.614171 29.808366 1368729681021 99.0
62.614154 29.807966 1368729685019 99.0
62.614142 29.807558 1368729689020 99.0
62.614134 29.807162 1368729693020 100.0
62.614111 29.806756 1368729697020 98.0
62.614106 29.806364 1368729701019 100.0
62.614085 29.80593 1368729705029 102.0
62.614064 29.805527 1368729709023 102.0
62.614064 29.805135 1368729713018 106.0
62.614057 29.804743 1368729717028 110.0
62.614037 29.804385 1368729721018 110.0
62.613988 29.804013 1368729725022 107.0
62.613947 29.803595 1368729729023 110.0
62.613905 29.803316 1368729733062 113.0
62.613852 29.803022 1368729737027 115.0
62.61378 29.802713 1368729741030 111.0
62.613724 29.802341 1368729745024 112.0
62.613641 29.801945 1368729749030 111.0
62.613562 29.801554 1368729753019 111.0
62.613474 29.801174 1368729757021 111.0
62.613375 29.800794 1368729761021 109.0
62.613285 29.800439 1368729765019 110.0
62.613172 29.800038 1368729769028 109.0
62.613056 29.799709 1368729773020 105.0
62.612945 29.799418 1368729777026 105.0
62.612868 29.799075 1368729781026 102.0
62.612784 29.798743 1368729785016 101.0
62.612694 29.798404 1368729789016 102.0
62.612607 29.798062 1368729793018 103.0
62.612501 29.797697 1368729797022 103.0
62.612356 29.797343 1368729801020 103.0
62.61217 29.797024 1368729805020 100.0
62.611971 29.796788 1368729809030 100.0
62.611795 29.796589 1368729813028 98.0
62.611641 29.796362 1368729817020 97.0
62.611511 29.796085 1368729821019 99.0
62.611377 29.795727 1368729825018 99.0
62.611225 29.795362 1368729829018 100.0
62.611093 29.794975 1368729833029 100.0
62.610937 29.794563 1368729837017 101.0
62.610787 29.794147 1368729841018 102.0
62.610646 29.793769 1368729845021 103.0
62.610534 29.793403 1368729849031 102.0
62.610434 29.793016 1368729853021 102.0
62.61035 29.792654 1368729857018 102.0
62.610285 29.792284 1368729861018 103.0
62.610244 29.791918 1368729865032 102.0
62.610246 29.791548 1368729869018 103.0
62.610224 29.791241 1368729873020 104.0
62.610187 29.790973 1368729877017 103.0
62.610132 29.790621 1368729881026 100.0
62.610085 29.790326 1368729885053 99.0
62.610013 29.790008 1368729889021 95.0
62.609956 29.789662 1368729893028 93.0
62.609901 29.789259 1368729897031 95.0
62.609843 29.788884 1368729901028 94.0
62.609792 29.788472 1368729905028 95.0
62.609763 29.788088 1368729909018 97.0
62.609736 29.787711 1368729913022 98.0
62.609651 29.7874 1368729917022 98.0
62.609568 29.787065 1368729921018 98.0
62.60949 29.786705 1368729925021 98.0
62.60941 29.786326 1368729929019 101.0
62.609307 29.785996 1368729933019 102.0
62.609146 29.785742 1368729937016 103.0
62.608987 29.78543 1368729941017 103.0
62.608862 29.78515 1368729945017 103.0
62.608742 29.784906 1368729949028 105.0
62.608628 29.784659 1368729953019 105.0
62.60852 29.784436 1368729957016 106.0
62.608424 29.784203 1368729961028 105.0
62.608331 29.783929 1368729965027 105.0
62.608238 29.783624 1368729969029 104.0
62.60814 29.783307 1368729973019 103.0
62.608055 29.782928 1368729977015 104.0
62.607966 29.782502 1368729981013 104.0
62.60787 29.782053 1368729985025 103.0
62.607771 29.781579 1368729989022 102.0
62.607693 29.781053 1368729993013 101.0
62.607619 29.780526 1368729997018 101.0
62.607592 29.780037 1368730001025 100.0
62.607589 29.779583 1368730005018 101.0
62.607571 29.77915 1368730009029 100.0
62.60759 29.778749 1368730013024 104.0
62.607584 29.778279 1368730017015 106.0
62.607587 29.77786 1368730021027 108.0
62.607571 29.777492 1368730025027 106.0
62.607545 29.777101 1368730029015 107.0
62.607513 29.776781 1368730033024 105.0
62.607471 29.776462 1368730037015 102.0
62.607428 29.776152 1368730041020 103.0
62.60741 29.775838 1368730045020 108.0
62.607423 29.775478 1368730049019 109.0
62.60745 29.77516 1368730053023 110.0
62.607465 29.774911 1368730057021 110.0
62.607478 29.774737 1368730061024 110.0
62.607487 29.774662 1368730065017 109.0
62.607485 29.774578 1368730069025 107.0
62.607472 29.774338 1368730073016 105.0
62.607482 29.774075 1368730077027 104.0
62.60754 29.773912 1368730081025 102.0
62.607605 29.773725 1368730085015 99.0
62.607678 29.773559 1368730089013 100.0
62.607737 29.773365 1368730093015 101.0
62.607739 29.773108 1368730097024 100.0
62.60774 29.772871 1368730101013 99.0
62.607739 29.772587 1368730105016 99.0
62.607731 29.772339 1368730109013 98.0
62.607721 29.772032 1368730113017 98.0
62.607696 29.771711 1368730117023 96.0
62.60766 29.771393 1368730121024 98.0
62.607609 29.771081 1368730125025 96.0
62.607552 29.770811 1368730129021 94.0
62.607561 29.770486 1368730133011 96.0
62.607654 29.770203 1368730137021 96.0
62.607723 29.769919 1368730141010 96.0
62.607784 29.769667 1368730145012 95.0
62.607826 29.76938 1368730149010 95.0
62.607821 29.769073 1368730153011 97.0
62.607821 29.768803 1368730157016 96.0
62.607787 29.768464 1368730161023 97.0
62.607806 29.768195 1368730165024 96.0
62.607786 29.767891 1368730169024 93.0
62.607766 29.767643 1368730173011 94.0
62.607758 29.767433 1368730177017 96.0
62.607632 29.76722 1368730181019 101.0
62.607468 29.767099 1368730185023 104.0
62.607372 29.766997 1368730189023 102.0
62.607263 29.766872 1368730193010 101.0
62.60714 29.766744 1368730197023 101.0
62.606994 29.76661 1368730201010 92.0
62.606864 29.766484 1368730205010 89.0
62.606734 29.766373 1368730209023 80.0
62.60667 29.766227 1368730213024 82.0
62.606589 29.766152 1368730217023 87.0
62.606472 29.766047 1368730221026 91.0
62.606344 29.765937 1368730225017 95.0
62.606206 29.765816 1368730229025 96.0
62.606078 29.765623 1368730233012 102.0
62.60593 29.765514 1368730237019 103.0
62.60579 29.765363 1368730241021 102.0
62.605645 29.765283 1368730245020 97.0
62.605549 29.76519 1368730249011 95.0
62.605509 29.76497 1368730253022 93.0
62.605568 29.764682 1368730257011 92.0
62.605589 29.764416 1368730261020 97.0
62.605637 29.764111 1368730265023 100.0
62.605703 29.763835 1368730269021 101.0
62.605742 29.763593 1368730273020 101.0
62.605778 29.763401 1368730277022 100.0
62.605729 29.763187 1368730281013 99.0
62.605591 29.763039 1368730285017 98.0
62.605418 29.762874 1368730289024 95.0
62.605213 29.762659 1368730293020 95.0
62.60498 29.762458 1368730297025 95.0
62.604798 29.762296 1368730301010 96.0
62.604642 29.762167 1368730305019 95.0
62.604534 29.762021 1368730309025 93.0
62.604429 29.76183 1368730313012 92.0
62.604337 29.76173 1368730317023 91.0
62.604239 29.76163 1368730321011 91.0
62.604136 29.76151 1368730325021 90.0
62.60401 29.76142 1368730329022 95.0
62.603888 29.761299 1368730333023 95.0
62.603765 29.761157 1368730337011 97.0
62.603658 29.761014 1368730341025 100.0
62.603539 29.760902 1368730345022 99.0
62.603428 29.760825 1368730349021 98.0
62.603331 29.760724 1368730353021 99.0
62.603285 29.760637 1368730357010 99.0
62.603286 29.760603 1368730361051 101.0
62.603294 29.760577 1368730365051 100.0
62.603309 29.760464 1368730369021 98.0
62.603338 29.760304 1368730373022 99.0
62.603363 29.760091 1368730377043 101.0
62.603401 29.759864 1368730381004 101.0
62.603448 29.75964 1368730385013 100.0
62.603503 29.759418 1368730389014 100.0
62.603541 29.759231 1368730393013 100.0
62.603514 29.758994 1368730397019 105.0
62.603546 29.758704 1368730401005 104.0
62.603605 29.75838 1368730405013 106.0
62.603651 29.758097 1368730409017 108.0
62.603686 29.757672 1368730413014 108.0
62.603738 29.757329 1368730417020 112.0
62.603766 29.757165 1368730421020 112.0
62.603806 29.756877 1368730425021 110.0
62.603766 29.756773 1368730429020 113.0
62.603673 29.756646 1368730433020 113.0
62.603544 29.756593 1368730437019 110.0
62.603421 29.756487 1368730441012 105.0
62.603337 29.756398 1368730445019 104.0
62.603255 29.75634 1368730449013 102.0
62.603215 29.756333 1368730453013 102.0
62.603211 29.756356 1368730457008 99.0
62.603228 29.756233 1368730462015 99.0
62.603235 29.756231 1368730465005 99.0
62.603236 29.756143 1368730469008 99.0
62.60321 29.756107 1368730474005 100.0
62.603209 29.756081 1368730477011 103.0
62.603221 29.756058 1368730481021 105.0
62.603222 29.756053 1368730485067 108.0
62.603225 29.756051 1368730489015 109.0
62.603224 29.756058 1368730493012 109.0
62.603217 29.75606 1368730497049 109.0
62.603211 29.756077 1368730501007 108.0