50.768999 6.09046 1368094323000 195.0
50.76901 6.090516 1368094325000 198.0
50.769023 6.090539 1368094327000 198.0
50.769037 6.090517 1368094329000 197.0
50.769052 6.090475 1368094331000 195.0
50.76906 6.090466 1368094333000 197.0
50.769068 6.090457 1368094335000 197.0
50.769085 6.090415 1368094337000 197.0
50.769096 6.090375 1368094339000 197.0
50.769105 6.090345 1368094341000 197.0
50.769117 6.090338 1368094343000 197.0
50.769134 6.090337 1368094345000 197.0
50.769151 6.090318 1368094347000 197.0
50.769169 6.090291 1368094349000 197.0
50.769181 6.09026 1368094351000 197.0
50.769187 6.090234 1368094353000 197.0
50.76919 6.090204 1368094355000 197.0
50.769192 6.090164 1368094357000 197.0
50.769198 6.090114 1368094359000 197.0
50.769207 6.090074 1368094361000 197.0
50.769223 6.090036 1368094363000 197.0
50.769234 6.090007 1368094365000 197.0
50.769239 6.089991 1368094367000 197.0
50.769243 6.089959 1368094369000 197.0
50.769251 6.089919 1368094371000 197.0
50.769262 6.089863 1368094373000 198.0
50.769284 6.089817 1368094375000 197.0
50.769307 6.08978 1368094377000 196.0
50.769323 6.089751 1368094379000 196.0
50.769335 6.089716 1368094381000 195.0
50.769346 6.089675 1368094383000 195.0
50.769359 6.089632 1368094385000 195.0
50.769373 6.089607 1368094387000 195.0
50.769398 6.089586 1368094389000 188.0
50.769426 6.089541 1368094391000 186.0
50.769445 6.089523 1368094393000 186.0
50.769464 6.089507 1368094395000 187.0
50.769462 6.089447 1368094397000 190.0
50.769477 6.089422 1368094399000 186.0
50.769515 6.089392 1368094402000 182.0
50.76954 6.089378 1368094404000 180.0
50.769558 6.089363 1368094406000 178.0
50.769576 6.089344 1368094408000 177.0
50.769589 6.089323 1368094410000 174.0
50.769609 6.08929 1368094412000 176.0
50.769633 6.089251 1368094414000 175.0
50.769656 6.089171 1368094416000 176.0
50.769667 6.089132 1368094418000 175.0
50.769676 6.089101 1368094420000 176.0
50.769684 6.089071 1368094422000 177.0
50.769699 6.089126 1368094424000 177.0
50.769709 6.089181 1368094426000 176.0
50.769718 6.089229 1368094428000 176.0
50.76973 6.089266 1368094430000 176.0
50.769745 6.089276 1368094432000 176.0
50.769779 6.08927 1368094434000 181.0
50.769855 6.089239 1368094436000 183.0
50.769907 6.08922 1368094438000 184.0
50.769962 6.089213 1368094440000 183.0
50.770021 6.089205 1368094442000 177.0
50.770066 6.089204 1368094444000 178.0
50.770082 6.089181 1368094446000 180.0
50.770063 6.089124 1368094448000 180.0
50.770053 6.089087 1368094450000 180.0
50.770044 6.089042 1368094452000 179.0
50.770072 6.089002 1368094454000 177.0
50.770104 6.088969 1368094456000 177.0
50.770134 6.088952 1368094458000 175.0
50.770163 6.08894 1368094460000 175.0
50.770207 6.088925 1368094462000 177.0
50.77024 6.088904 1368094464000 177.0
50.770259 6.088868 1368094466000 177.0
50.770292 6.088825 1368094468000 176.0
50.77033 6.088785 1368094470000 175.0
50.77035 6.088762 1368094472000 176.0
50.77036 6.088755 1368094474000 175.0
50.770363 6.088743 1368094476000 175.0
50.770363 6.088721 1368094478000 173.0
50.770365 6.08869 1368094480000 173.0
50.770377 6.088662 1368094482000 172.0
50.770395 6.088635 1368094484000 170.0
50.770391 6.088571 1368094486000 169.0
50.77039 6.088522 1368094488000 171.0
50.770374 6.08849 1368094490000 172.0
50.770361 6.088471 1368094492000 172.0
50.770362 6.088447 1368094494000 172.0
50.770374 6.08842 1368094496000 172.0
50.770378 6.088397 1368094498000 172.0
50.770379 6.088359 1368094500000 172.0
50.770379 6.088317 1368094502000 172.0
50.77039 6.088301 1368094504000 171.0
50.770425 6.088331 1368094506000 171.0
50.770466 6.088379 1368094508000 170.0
50.770509 6.088423 1368094510000 170.0
50.770543 6.088467 1368094512000 170.0
50.77057 6.08851 1368094514000 169.0
50.770595 6.088542 1368094516000 170.0
50.770626 6.088562 1368094518000 170.0
50.770664 6.088568 1368094520000 171.0
50.770709 6.088571 1368094522000 171.0
50.770752 6.088576 1368094524000 172.0
50.770793 6.088582 1368094526000 172.0
50.770827 6.088591 1368094528000 172.0
50.77085 6.088594 1368094530000 172.0
50.770866 6.088598 1368094532000 172.0
50.770878 6.088606 1368094534000 172.0
50.7709 6.088617 1368094536000 172.0
50.770926 6.088631 1368094538000 173.0
50.77095 6.088647 1368094540000 173.0
50.770975 6.088663 1368094542000 174.0
50.771004 6.088678 1368094544000 174.0
50.771033 6.088697 1368094546000 174.0
50.771063 6.088725 1368094548000 174.0
50.771089 6.08876 1368094550000 175.0
50.771109 6.088791 1368094552000 175.0
50.771123 6.088811 1368094554000 175.0
50.771135 6.088825 1368094556000 176.0
50.771156 6.08884 1368094558000 177.0
50.771181 6.088852 1368094560000 177.0
50.771203 6.088861 1368094562000 178.0
50.771217 6.088882 1368094564000 179.0
50.771233 6.08891 1368094566000 179.0
50.771253 6.08894 1368094568000 179.0
50.771277 6.088964 1368094570000 179.0
50.771305 6.088966 1368094572000 178.0
50.771336 6.088961 1368094574000 179.0
50.771362 6.088964 1368094576000 179.0
50.771389 6.088975 1368094578000 179.0
50.771413 6.088991 1368094580000 179.0
50.771422 6.089 1368094582000 179.0
50.771432 6.089015 1368094584000 181.0
50.771472 6.08908 1368094586000 178.0
50.771515 6.089195 1368094588000 178.0
50.771534 6.089265 1368094590000 179.0
50.771552 6.089283 1368094592000 181.0
50.771593 6.089262 1368094594000 172.0
50.771602 6.08925 1368094596000 168.0
50.771596 6.089227 1368094598000 172.0
50.771602 6.089175 1368094600000 173.0
50.771599 6.089141 1368094602000 174.0
50.771609 6.089102 1368094604000 173.0
50.771624 6.089083 1368094606000 172.0
50.771648 6.089062 1368094608000 171.0
50.771674 6.089032 1368094610000 168.0
50.771708 6.088986 1368094614000 167.0
50.77173 6.08897 1368094616000 167.0
50.771741 6.088942 1368094618000 168.0
50.771747 6.088923 1368094620000 168.0
50.771741 6.088917 1368094622000 168.0
50.771732 6.088908 1368094624000 166.0
50.771724 6.08889 1368094626000 165.0
50.77173 6.088873 1368094628000 164.0
50.771746 6.088867 1368094630000 164.0
50.771759 6.08886 1368094632000 164.0
50.771772 6.088856 1368094634000 165.0
50.771789 6.088846 1368094636000 166.0
50.771807 6.088817 1368094638000 167.0
50.771821 6.088773 1368094640000 166.0
50.771839 6.088727 1368094642000 168.0
50.771856 6.088695 1368094644000 170.0
50.77189 6.088676 1368094646000 172.0
50.771924 6.08865 1368094648000 173.0
50.771967 6.08862 1368094650000 173.0
50.772009 6.088599 1368094652000 174.0
50.772044 6.088562 1368094654000 174.0
50.772059 6.088509 1368094656000 173.0
50.772055 6.088439 1368094658000 173.0
50.772053 6.088375 1368094660000 172.0
50.772058 6.088325 1368094662000 171.0
50.772067 6.088285 1368094664000 171.0
50.772072 6.088246 1368094666000 171.0
50.77209 6.088201 1368094668000 172.0
50.772123 6.088163 1368094670000 173.0
50.772218 6.088074 1368094674000 168.0
50.772245 6.088041 1368094675000 165.0
50.772281 6.087973 1368094677000 161.0
50.772282 6.087909 1368094679000 159.0
50.772234 6.087853 1368094681000 159.0
50.772174 6.087807 1368094683000 156.0
50.772146 6.087768 1368094685000 156.0
50.772122 6.087708 1368094687000 155.0
50.772105 6.08765 1368094689000 157.0
50.772096 6.087597 1368094691000 158.0
50.772091 6.087578 1368094693000 159.0
50.772085 6.087546 1368094695000 160.0
50.772086 6.087505 1368094697000 160.0
50.772089 6.087456 1368094699000 161.0
50.772089 6.087406 1368094701000 159.0
50.772094 6.087389 1368094703000 160.0
50.772102 6.087399 1368094705000 161.0
50.772104 6.087409 1368094706000 161.0
50.772132 6.087439 1368094715000 160.0
50.772142 6.087414 1368094717000 159.0
50.772155 6.0874 1368094719000 157.0
50.772181 6.087397 1368094721000 159.0
50.772203 6.087397 1368094723000 159.0
50.772275 6.087378 1368094726000 159.0
50.772311 6.087357 1368094728000 158.0
50.772334 6.087326 1368094730000 158.0
50.772351 6.0873 1368094732000 158.0
50.772371 6.087276 1368094734000 158.0
50.772395 6.08723 1368094736000 156.0
50.772396 6.087157 1368094738000 156.0
50.772405 6.087103 1368094740000 157.0
50.772412 6.087058 1368094742000 157.0
50.772419 6.087028 1368094744000 157.0
50.772426 6.086996 1368094746000 156.0
50.772432 6.086951 1368094748000 158.0
50.772457 6.086909 1368094750000 158.0
50.772483 6.086879 1368094752000 159.0
50.772501 6.086842 1368094754000 160.0
50.772497 6.086793 1368094756000 160.0
50.772489 6.086732 1368094758000 159.0
50.772496 6.086689 1368094760000 160.0
50.772504 6.086638 1368094762000 162.0
50.772508 6.086595 1368094764000 163.0
50.772515 6.086553 1368094766000 164.0
50.772528 6.086511 1368094768000 163.0
50.772548 6.086488 1368094770000 162.0
50.772583 6.086463 1368094772000 163.0
50.772629 6.086464 1368094774000 163.0
50.77267 6.086475 1368094776000 164.0
50.772708 6.086477 1368094778000 164.0
50.772758 6.086468 1368094780000 166.0
50.772798 6.086454 1368094782000 167.0
50.772821 6.086437 1368094784000 163.0
50.772837 6.086424 1368094786000 161.0
50.772836 6.086419 1368094788000 161.0
50.772837 6.08641 1368094790000 161.0
50.772838 6.086389 1368094792000 162.0
50.772847 6.086368 1368094794000 162.0
50.772858 6.086348 1368094796000 162.0
50.772857 6.086334 1368094798000 160.0
50.772855 6.086317 1368094800000 159.0
50.772854 6.086339 1368094802000 159.0
50.772872 6.086366 1368094804000 158.0
50.772896 6.086381 1368094806000 158.0
50.772917 6.086403 1368094808000 160.0
50.772932 6.086428 1368094810000 163.0
50.772943 6.086454 1368094812000 163.0
50.772978 6.086515 1368094816000 165.0
50.772988 6.08652 1368094818000 165.0
50.772986 6.086517 1368094819000 166.0
50.772982 6.086505 1368094826000 163.0
50.772987 6.086506 1368094828000 165.0
50.772993 6.086476 1368094830000 166.0
50.773001 6.086451 1368094832000 166.0
50.773012 6.086424 1368094834000 166.0
50.773013 6.086416 1368094836000 169.0
50.773038 6.086407 1368094844000 167.0
50.773032 6.086422 1368094845000 168.0
50.773032 6.086422 1368094862000 169.0
50.77302 6.086486 1368094863000 168.0
50.773021 6.086475 1368094866000 167.0
50.77302 6.086462 1368094868000 169.0
50.773068 6.086501 1368094870000 169.0
50.773111 6.086533 1368094872000 171.0
50.773146 6.086562 1368094874000 172.0
50.773163 6.086604 1368094876000 179.0
50.773189 6.086662 1368094878000 180.0
50.773218 6.086706 1368094880000 181.0
50.773235 6.08672 1368094882000 183.0
50.773248 6.086712 1368094884000 183.0
50.773268 6.086716 1368094886000 183.0
50.773298 6.086691 1368094888000 183.0
50.773317 6.086672 1368094890000 182.0
50.773328 6.086657 1368094892000 183.0
50.773337 6.086657 1368094894000 184.0
50.773344 6.086684 1368094896000 184.0
50.773358 6.086698 1368094898000 183.0
50.773372 6.086722 1368094900000 182.0
50.773397 6.086759 1368094902000 182.0
50.773417 6.086789 1368094904000 182.0
50.773434 6.086813 1368094906000 180.0
50.77345 6.086825 1368094908000 180.0
50.773466 6.086844 1368094910000 180.0
50.773488 6.086848 1368094912000 182.0
50.773496 6.086833 1368094914000 183.0
50.773493 6.086829 1368094915000 182.0
50.773469 6.086825 1368094918000 183.0
50.77346 6.086825 1368094920000 183.0
50.77346 6.086836 1368094922000 181.0
50.773466 6.086863 1368094924000 180.0
50.773481 6.086877 1368094926000 180.0
50.773505 6.086867 1368094928000 182.0
50.773542 6.086871 1368094930000 182.0
50.773583 6.086933 1368094932000 182.0
50.773617 6.086982 1368094934000 181.0
50.773652 6.087027 1368094936000 181.0
50.773677 6.087061 1368094938000 179.0
50.773678 6.08708 1368094940000 179.0
50.773683 6.087091 1368094942000 179.0
50.773711 6.087078 1368094944000 181.0
50.773751 6.087043 1368094946000 181.0
50.773782 6.087006 1368094948000 181.0
50.773789 6.087003 1368094950000 176.0
50.773789 6.087023 1368094953000 177.0
50.773797 6.087045 1368094954000 177.0
50.773798 6.08706 1368094956000 178.0
50.773795 6.087055 1368094959000 178.0
50.773795 6.087051 1368094960000 178.0
50.773806 6.087053 1368094962000 178.0
50.773853 6.087118 1368094966000 177.0
50.773879 6.087152 1368094968000 176.0
50.773909 6.087183 1368094970000 175.0
50.773916 6.087196 1368094972000 175.0
50.773913 6.087196 1368094973000 175.0
50.773918 6.087207 1368094976000 175.0
50.773937 6.087224 1368094978000 174.0
50.773961 6.087249 1368094980000 173.0
50.77399 6.0873 1368094982000 172.0
50.774022 6.087334 1368094984000 174.0
50.774051 6.087361 1368094986000 173.0
50.774072 6.087393 1368094988000 173.0
50.774092 6.087434 1368094990000 171.0
50.774112 6.087483 1368094992000 172.0
50.774136 6.087529 1368094994000 172.0
50.774157 6.087561 1368094996000 172.0
50.774172 6.087581 1368094998000 172.0
50.774182 6.087607 1368095000000 171.0
50.774188 6.087668 1368095002000 168.0
50.774198 6.087722 1368095004000 165.0
50.774222 6.087735 1368095006000 164.0
50.774252 6.087718 1368095008000 162.0
50.774279 6.087682 1368095010000 161.0
50.774297 6.087675 1368095012000 162.0
50.774312 6.087695 1368095014000 164.0
50.774322 6.087719 1368095016000 165.0
50.774334 6.087734 1368095018000 164.0
50.774349 6.087735 1368095020000 165.0
50.774368 6.087741 1368095022000 166.0
50.774395 6.087769 1368095024000 167.0
50.774415 6.087753 1368095026000 170.0
50.774436 6.087714 1368095028000 171.0
50.774465 6.087691 1368095030000 171.0
50.774498 6.087687 1368095032000 173.0
50.774526 6.087706 1368095034000 173.0
50.774541 6.087722 1368095036000 171.0
50.774552 6.087732 1368095038000 170.0
50.774579 6.087767 1368095040000 171.0
50.774625 6.08781 1368095042000 172.0
50.77467 6.08786 1368095044000 169.0
50.774715 6.087925 1368095046000 168.0
50.774748 6.087994 1368095048000 169.0
50.77479 6.088037 1368095052000 169.0
50.774804 6.088044 1368095053000 166.0
50.774827 6.088051 1368095055000 167.0
50.774848 6.088057 1368095057000 164.0
50.774857 6.088063 1368095059000 169.0
50.774856 6.088076 1368095061000 171.0
50.774857 6.088091 1368095063000 172.0
50.774875 6.088098 1368095065000 171.0
50.774901 6.088096 1368095067000 170.0
50.774918 6.088107 1368095069000 167.0
50.774941 6.088124 1368095071000 167.0
50.774966 6.088144 1368095073000 167.0
50.774983 6.08816 1368095075000 167.0
50.774997 6.088158 1368095077000 166.0
50.775001 6.088161 1368095078000 168.0
50.774991 6.088109 1368095081000 166.0
50.775018 6.088088 1368095085000 165.0
50.775042 6.088103 1368095087000 164.0
50.775064 6.088108 1368095089000 167.0
50.775093 6.088104 1368095091000 167.0
50.77513 6.088094 1368095093000 168.0
50.77517 6.088088 1368095095000 169.0
50.775208 6.088073 1368095097000 171.0
50.775226 6.088061 1368095099000 172.0
50.775246 6.088053 1368095101000 168.0
50.775278 6.088076 1368095103000 169.0
50.7753 6.088103 1368095105000 170.0
50.775322 6.088128 1368095107000 172.0
50.77533 6.08814 1368095109000 172.0
50.77535 6.088151 1368095111000 174.0
50.775373 6.088152 1368095113000 175.0
50.775407 6.088155 1368095115000 176.0
50.77543 6.088166 1368095117000 176.0
50.775453 6.088175 1368095119000 178.0
50.775472 6.088176 1368095121000 179.0
50.775489 6.088183 1368095123000 180.0
50.77551 6.088215 1368095125000 180.0
50.775526 6.088246 1368095127000 182.0
50.775565 6.088305 1368095129000 184.0
50.775605 6.08834 1368095131000 185.0
50.775635 6.088362 1368095133000 181.0
50.77566 6.088383 1368095135000 180.0
50.775677 6.08839 1368095137000 181.0
50.775689 6.088396 1368095139000 182.0
50.775707 6.088424 1368095141000 181.0
50.775727 6.088467 1368095143000 182.0
50.775742 6.088517 1368095145000 182.0
50.775754 6.088563 1368095147000 183.0
50.775768 6.088597 1368095149000 184.0
50.775796 6.088601 1368095151000 183.0
50.775824 6.088603 1368095153000 184.0
50.775849 6.088621 1368095155000 184.0
50.775871 6.088658 1368095157000 185.0
50.775887 6.088698 1368095159000 186.0
50.775902 6.088737 1368095161000 187.0
50.775922 6.088775 1368095163000 189.0
50.775945 6.088823 1368095165000 190.0
50.775967 6.088878 1368095167000 190.0
50.775992 6.088935 1368095169000 190.0
50.776015 6.088997 1368095171000 191.0
50.776029 6.089058 1368095173000 193.0
50.776036 6.089098 1368095175000 193.0
50.776046 6.089121 1368095177000 194.0
50.776058 6.089132 1368095179000 194.0
50.776066 6.089144 1368095181000 194.0
50.776075 6.08917 1368095183000 192.0
50.776098 6.089203 1368095185000 190.0
50.776115 6.089236 1368095187000 189.0
50.776126 6.089266 1368095189000 187.0
50.776145 6.089276 1368095191000 183.0
50.776162 6.089259 1368095193000 180.0
50.776194 6.089276 1368095195000 179.0
50.776233 6.089314 1368095197000 179.0
50.776259 6.089365 1368095199000 179.0
50.776278 6.089408 1368095201000 178.0
50.776297 6.089453 1368095203000 178.0
50.776307 6.0895 1368095205000 169.0
50.776299 6.089556 1368095207000 167.0
50.776302 6.089598 1368095209000 166.0
50.776324 6.089679 1368095211000 168.0
50.776322 6.089716 1368095213000 167.0
50.776324 6.089722 1368095214000 166.0
50.776322 6.08972 1368095217000 167.0
50.776322 6.08972 1368095218000 169.0
50.776328 6.08977 1368095221000 172.0
50.77633 6.089815 1368095223000 170.0
50.776332 6.089819 1368095225000 172.0
50.776336 6.089806 1368095227000 172.0
50.776348 6.089803 1368095229000 171.0
50.776363 6.08982 1368095231000 171.0
50.776382 6.089838 1368095233000 171.0
50.776397 6.089849 1368095235000 171.0
50.776408 6.089901 1368095237000 165.0
50.776421 6.089943 1368095239000 166.0
50.776423 6.089946 1368095241000 164.0
50.776426 6.089962 1368095243000 162.0
50.776441 6.089996 1368095245000 162.0
50.776455 6.090026 1368095247000 162.0
50.776478 6.090058 1368095249000 161.0
50.776505 6.090097 1368095251000 161.0
50.77652 6.09011 1368095253000 160.0
50.776533 6.090113 1368095255000 161.0
50.776547 6.090131 1368095257000 161.0
50.776576 6.090159 1368095259000 161.0
50.776609 6.090184 1368095261000 162.0
50.776634 6.09021 1368095263000 162.0
50.776645 6.090234 1368095265000 164.0
50.776649 6.090254 1368095267000 166.0
50.776662 6.090275 1368095269000 164.0
50.776687 6.090308 1368095271000 158.0
50.776738 6.090364 1368095273000 156.0
50.776796 6.090399 1368095275000 159.0
50.776837 6.090425 1368095277000 160.0
50.776873 6.090449 1368095279000 163.0
50.776905 6.090481 1368095281000 164.0
50.77693 6.090507 1368095283000 163.0
50.776948 6.09051 1368095285000 164.0
50.776961 6.090517 1368095287000 164.0
50.776963 6.090536 1368095289000 165.0
50.776962 6.090558 1368095291000 167.0
50.776963 6.090587 1368095293000 163.0
50.776975 6.09064 1368095295000 161.0
50.77698 6.090696 1368095297000 161.0
50.776975 6.090743 1368095299000 161.0
50.776971 6.090782 1368095301000 162.0
50.776978 6.090828 1368095303000 170.0
50.776996 6.090865 1368095305000 177.0
50.777013 6.090887 1368095307000 179.0
50.777029 6.090903 1368095309000 179.0
50.777041 6.090907 1368095311000 179.0
50.777055 6.090905 1368095313000 181.0
50.777062 6.090895 1368095315000 180.0
50.777072 6.090898 1368095317000 181.0
50.777079 6.090903 1368095319000 181.0
50.77709 6.090906 1368095321000 183.0
50.777118 6.090941 1368095323000 182.0
50.77714 6.090969 1368095325000 183.0
50.777167 6.090984 1368095327000 182.0
50.777207 6.091011 1368095329000 181.0
50.777242 6.091037 1368095331000 181.0
50.777259 6.091052 1368095333000 181.0
50.777289 6.091085 1368095335000 182.0
50.777314 6.091097 1368095337000 182.0
50.777328 6.091103 1368095339000 182.0
50.777359 6.091141 1368095341000 183.0
50.777387 6.091186 1368095343000 185.0
50.777398 6.09123 1368095345000 184.0
50.77739 6.091296 1368095347000 182.0
50.777387 6.091356 1368095349000 181.0
50.777369 6.091488 1368095351000 181.0
50.777367 6.091565 1368095353000 181.0
50.777374 6.091619 1368095355000 182.0
50.777393 6.091628 1368095357000 181.0
50.777436 6.091649 1368095359000 176.0
50.777479 6.091676 1368095361000 170.0
50.777519 6.091718 1368095363000 168.0
50.777549 6.091741 1368095365000 166.0
50.777536 6.09178 1368095367000 163.0
50.777527 6.091831 1368095369000 163.0
50.777513 6.091874 1368095371000 161.0
50.77748 6.0919 1368095373000 162.0
50.777459 6.091918 1368095375000 163.0
50.777457 6.091918 1368095377000 166.0
50.777468 6.091917 1368095379000 168.0
50.77749 6.09193 1368095381000 170.0
50.777519 6.091951 1368095383000 172.0
50.777541 6.092006 1368095385000 173.0
50.77756 6.092071 1368095387000 170.0
50.777575 6.092126 1368095389000 171.0
50.777584 6.092193 1368095391000 171.0
50.777595 6.092246 1368095393000 173.0
50.777606 6.092307 1368095395000 172.0
50.777622 6.092384 1368095397000 171.0
50.777638 6.092458 1368095399000 170.0
50.77765 6.092509 1368095401000 168.0
50.777655 6.092532 1368095403000 167.0
50.77766 6.092544 1368095405000 163.0
50.777662 6.092532 1368095406000 163.0
50.777671 6.092539 1368095409000 162.0
50.777681 6.092569 1368095411000 161.0
50.777708 6.092579 1368095413000 164.0
50.777743 6.092585 1368095415000 164.0
50.777777 6.092624 1368095417000 166.0
50.777813 6.092674 1368095419000 167.0
50.777828 6.092721 1368095421000 167.0
50.777836 6.092767 1368095423000 169.0
50.777846 6.092802 1368095425000 169.0
50.777846 6.092819 1368095427000 171.0
50.777831 6.092806 1368095429000 172.0
50.777823 6.092826 1368095431000 172.0
50.777821 6.092856 1368095433000 171.0
50.777835 6.092888 1368095435000 172.0
50.777872 6.092942 1368095437000 171.0
50.777918 6.093004 1368095439000 172.0
50.777961 6.093051 1368095441000 174.0
50.777994 6.093085 1368095443000 173.0
50.778022 6.093125 1368095445000 175.0
50.778054 6.093167 1368095447000 177.0
50.778081 6.093205 1368095449000 178.0
50.778102 6.093241 1368095451000 177.0
50.778116 6.093271 1368095453000 178.0
50.778123 6.093297 1368095455000 179.0
50.77812 6.093326 1368095457000 179.0
50.778114 6.093356 1368095459000 180.0
50.778108 6.093397 1368095461000 180.0
50.778107 6.093453 1368095463000 180.0
50.778111 6.093506 1368095465000 182.0
50.778116 6.093556 1368095467000 182.0
50.778126 6.093594 1368095469000 182.0
50.778136 6.093614 1368095471000 183.0
50.778137 6.093647 1368095473000 181.0
50.778133 6.093686 1368095475000 182.0
50.778135 6.093718 1368095477000 183.0
50.77815 6.09374 1368095479000 183.0
50.778167 6.093758 1368095481000 185.0
50.778185 6.093777 1368095483000 187.0
50.778208 6.093808 1368095485000 188.0
50.778232 6.093861 1368095487000 187.0
50.778251 6.093908 1368095489000 186.0
50.778267 6.093957 1368095491000 185.0
50.778285 6.094008 1368095493000 182.0
50.77829 6.094027 1368095495000 183.0
50.778232 6.094032 1368095497000 173.0
50.778176 6.094039 1368095499000 172.0
50.778123 6.094075 1368095501000 169.0
50.778094 6.094102 1368095503000 170.0
50.778079 6.094123 1368095505000 170.0
50.778072 6.094139 1368095507000 170.0
50.778058 6.094154 1368095509000 168.0
50.778044 6.09417 1368095511000 168.0
50.778037 6.094264 1368095513000 168.0
50.778046 6.094348 1368095515000 165.0
50.778057 6.094412 1368095517000 163.0
50.778075 6.094467 1368095519000 164.0
50.77809 6.094488 1368095521000 168.0
50.778119 6.094462 1368095523000 165.0
50.778139 6.094471 1368095525000 166.0
50.778151 6.094479 1368095527000 165.0
50.778167 6.094489 1368095529000 166.0
50.778177 6.094502 1368095531000 164.0
50.77818 6.09452 1368095533000 164.0
50.77818 6.094526 1368095535000 166.0
50.778185 6.094526 1368095537000 166.0
50.778196 6.094526 1368095539000 166.0
50.778219 6.094537 1368095541000 167.0
50.778258 6.094533 1368095543000 165.0
50.778297 6.094518 1368095546000 168.0
50.778311 6.094492 1368095549000 164.0
50.778346 6.094473 1368095551000 164.0
50.778389 6.094464 1368095553000 161.0
50.778427 6.094469 1368095555000 160.0
50.77846 6.094475 1368095557000 162.0
50.7785 6.094482 1368095559000 162.0
50.778534 6.094497 1368095561000 161.0
50.778551 6.09453 1368095563000 161.0
50.778556 6.094556 1368095565000 159.0
50.778525 6.094573 1368095567000 160.0
50.778513 6.094595 1368095569000 161.0
50.778515 6.094614 1368095571000 162.0
50.778524 6.094634 1368095573000 163.0
50.778532 6.094654 1368095575000 163.0
50.778544 6.094698 1368095577000 162.0
50.778553 6.094707 1368095579000 163.0
50.778562 6.09471 1368095581000 163.0
50.778571 6.094706 1368095583000 164.0
50.778587 6.094701 1368095585000 164.0
50.778623 6.0947 1368095587000 167.0
50.778687 6.094694 1368095589000 166.0
50.778743 6.094691 1368095591000 167.0
50.778754 6.094667 1368095593000 169.0
50.778774 6.094638 1368095595000 167.0
50.778786 6.094587 1368095597000 168.0
50.778801 6.094578 1368095599000 167.0
50.778828 6.094569 1368095602000 170.0
50.778837 6.094564 1368095603000 171.0
50.77886 6.094553 1368095605000 172.0
50.778886 6.094539 1368095607000 172.0
50.778898 6.094528 1368095609000 171.0
50.778896 6.094505 1368095611000 170.0
50.778912 6.094465 1368095613000 169.0
50.778925 6.094429 1368095615000 168.0
50.778939 6.09438 1368095617000 166.0
50.778957 6.094371 1368095619000 164.0
50.778974 6.094369 1368095621000 163.0
50.778992 6.094364 1368095623000 163.0
50.779017 6.094357 1368095625000 164.0
50.779045 6.094334 1368095627000 164.0
50.77907 6.094307 1368095629000 164.0
50.779088 6.094284 1368095631000 164.0
50.779098 6.094272 1368095633000 164.0
50.77911 6.094256 1368095635000 165.0
50.779123 6.094222 1368095637000 165.0
50.779127 6.094111 1368095639000 167.0
50.779144 6.094061 1368095641000 168.0
50.779155 6.093988 1368095643000 167.0
50.779167 6.093939 1368095645000 167.0
50.779184 6.093876 1368095647000 167.0
50.77921 6.093857 1368095649000 167.0
50.779241 6.093852 1368095651000 167.0
50.779263 6.093829 1368095653000 166.0
50.779284 6.093795 1368095655000 166.0
50.779297 6.093752 1368095657000 167.0
50.779306 6.093713 1368095659000 166.0
50.779315 6.093685 1368095661000 167.0
50.779341 6.093684 1368095663000 167.0
50.779371 6.09368 1368095665000 167.0
50.779401 6.093661 1368095667000 167.0
50.779426 6.093632 1368095669000 167.0
50.779443 6.093588 1368095671000 168.0
50.779456 6.093553 1368095673000 168.0
50.779469 6.09353 1368095675000 168.0
50.779474 6.093503 1368095677000 168.0
50.779473 6.093467 1368095679000 168.0
50.779477 6.09343 1368095681000 169.0
50.77949 6.093396 1368095683000 169.0
50.779505 6.093368 1368095685000 168.0
50.779522 6.093334 1368095687000 168.0
50.77953 6.093277 1368095689000 172.0
50.779539 6.093231 1368095691000 170.0
50.779559 6.093204 1368095693000 170.0
50.779573 6.093169 1368095695000 171.0
50.779584 6.093129 1368095697000 172.0
50.779599 6.093091 1368095699000 172.0
50.77961 6.09305 1368095701000 170.0
50.779628 6.093018 1368095703000 170.0
50.779651 6.092994 1368095705000 170.0
50.779674 6.092973 1368095707000 171.0
50.779694 6.092958 1368095709000 171.0
50.77971 6.092932 1368095711000 172.0
50.779725 6.092902 1368095713000 172.0
50.779744 6.092881 1368095715000 169.0
50.779765 6.092862 1368095717000 168.0
50.779793 6.092852 1368095719000 168.0
50.779827 6.092857 1368095721000 169.0
50.779846 6.092825 1368095723000 172.0
50.779855 6.092773 1368095725000 172.0
50.779861 6.092725 1368095727000 170.0
50.779867 6.092692 1368095729000 170.0
50.779872 6.092664 1368095731000 171.0
50.779884 6.092644 1368095733000 170.0
50.7799 6.092617 1368095735000 169.0
50.779917 6.09258 1368095737000 168.0
50.779934 6.092538 1368095739000 169.0
50.779953 6.092505 1368095741000 165.0
50.779973 6.09248 1368095743000 163.0
50.779993 6.09246 1368095745000 162.0
50.780012 6.092435 1368095747000 161.0
50.780022 6.092405 1368095749000 161.0
50.780032 6.092373 1368095751000 161.0
50.780045 6.092337 1368095753000 162.0
50.780062 6.092304 1368095755000 162.0
50.78008 6.092269 1368095757000 162.0
50.780102 6.092221 1368095759000 162.0
50.780127 6.092172 1368095761000 163.0
50.780151 6.092137 1368095763000 163.0
50.780163 6.092094 1368095765000 163.0
50.780173 6.092053 1368095767000 163.0
50.780188 6.092035 1368095769000 164.0
50.780214 6.092029 1368095771000 163.0
50.780242 6.09202 1368095773000 163.0
50.780268 6.092011 1368095775000 163.0
50.780289 6.092017 1368095777000 163.0
50.780318 6.092045 1368095779000 164.0
50.78034 6.092067 1368095781000 164.0
50.78035 6.092069 1368095783000 165.0
50.780361 6.092056 1368095785000 165.0
50.780381 6.092047 1368095787000 166.0
50.78041 6.092038 1368095789000 167.0
50.780443 6.092018 1368095791000 166.0
50.780476 6.091991 1368095793000 167.0
50.780505 6.091966 1368095795000 168.0
50.780523 6.091944 1368095797000 168.0
50.780542 6.091929 1368095799000 164.0
50.780563 6.091914 1368095801000 163.0
50.780582 6.091897 1368095803000 165.0
50.780604 6.091878 1368095805000 166.0
50.780632 6.091856 1368095807000 166.0
50.780658 6.091836 1368095809000 167.0
50.780682 6.091818 1368095811000 168.0
50.780702 6.091797 1368095813000 168.0
50.780716 6.091762 1368095815000 169.0
50.78074 6.091737 1368095817000 165.0
50.78077 6.091737 1368095819000 163.0
50.780798 6.091725 1368095821000 163.0
50.780824 6.091715 1368095823000 164.0
50.780851 6.091703 1368095825000 169.0
50.780859 6.091703 1368095826000 169.0
50.780857 6.091653 1368095831000 175.0
50.780862 6.091637 1368095833000 174.0
50.780877 6.091634 1368095835000 173.0
50.780909 6.091639 1368095837000 173.0
50.780941 6.091647 1368095839000 175.0
50.780969 6.09167 1368095841000 175.0
50.780992 6.091709 1368095843000 176.0
50.781016 6.091751 1368095845000 175.0
50.781037 6.091781 1368095847000 173.0
50.781052 6.091796 1368095849000 173.0
50.781059 6.091816 1368095851000 173.0
50.781056 6.091844 1368095853000 172.0
50.781055 6.091866 1368095855000 171.0
50.781057 6.091892 1368095857000 170.0
50.78107 6.091939 1368095859000 170.0
50.781087 6.091961 1368095861000 170.0
50.781109 6.091978 1368095863000 169.0
50.781133 6.092018 1368095865000 169.0
50.781157 6.092057 1368095867000 167.0
50.781175 6.092096 1368095869000 168.0
50.781196 6.092125 1368095871000 168.0
50.781213 6.092155 1368095873000 168.0
50.781229 6.092184 1368095875000 168.0
50.781257 6.092215 1368095877000 169.0
50.781281 6.092232 1368095879000 171.0
50.781302 6.092246 1368095881000 172.0
50.781316 6.092271 1368095883000 172.0
50.781341 6.092323 1368095885000 175.0
50.781358 6.092381 1368095887000 176.0
50.781369 6.092413 1368095889000 176.0
50.781386 6.092418 1368095891000 176.0
50.78141 6.092387 1368095893000 176.0
50.781411 6.092362 1368095895000 180.0
50.781393 6.092353 1368095897000 179.0
50.781377 6.092338 1368095899000 178.0
50.781375 6.092322 1368095901000 178.0
50.781384 6.092297 1368095903000 178.0
50.781399 6.092273 1368095905000 178.0
50.781429 6.092223 1368095907000 177.0
50.78145 6.092178 1368095909000 175.0
50.781469 6.092132 1368095911000 176.0
50.781486 6.092097 1368095913000 175.0
50.781504 6.092078 1368095915000 176.0
50.781524 6.092069 1368095917000 177.0
50.781549 6.092074 1368095919000 178.0
50.781568 6.092078 1368095921000 178.0
50.781591 6.09207 1368095923000 179.0
50.781614 6.092057 1368095925000 179.0
50.781637 6.09205 1368095927000 179.0
50.781664 6.092057 1368095931000 179.0
50.781673 6.09206 1368095933000 179.0
50.781682 6.092058 1368095935000 179.0
50.781692 6.092048 1368095937000 179.0
50.781702 6.092037 1368095939000 179.0
50.78171 6.092026 1368095941000 179.0