62.60822 29.717543 1371047914000 73.0
62.608186 29.7174 1371047916000 76.0
62.608189 29.717282 1371047918000 76.0
62.6082 29.717152 1371047920000 75.0
62.608197 29.717045 1371047922000 75.0
62.608173 29.716919 1371047924000 74.0
62.608149 29.716785 1371047926000 74.0
62.608136 29.716674 1371047928000 74.0
62.608148 29.716549 1371047930000 74.0
62.608166 29.716421 1371047932000 73.0
62.608177 29.716298 1371047934000 73.0
62.608167 29.716175 1371047936000 72.0
62.608136 29.716042 1371047938000 72.0
62.608084 29.715918 1371047940000 72.0
62.608036 29.715836 1371047942000 73.0
62.607983 29.71576 1371047944000 73.0
62.607932 29.715699 1371047946000 74.0
62.607874 29.715663 1371047948000 74.0
62.607812 29.715623 1371047950000 74.0
62.607747 29.715575 1371047952000 74.0
62.607694 29.715558 1371047954000 74.0
62.607654 29.715518 1371047956000 74.0
62.60764 29.715448 1371047958000 75.0
62.607625 29.715407 1371047960000 75.0
62.607579 29.715401 1371047962000 74.0
62.607509 29.715428 1371047964000 74.0
62.607435 29.71548 1371047966000 74.0
62.607368 29.71554 1371047968000 74.0
62.607301 29.715612 1371047970000 75.0
62.607243 29.715639 1371047972000 75.0
62.6072 29.715632 1371047974000 74.0
62.607153 29.715615 1371047976000 74.0
62.607104 29.715638 1371047978000 74.0
62.607054 29.715672 1371047980000 73.0
62.607002 29.715708 1371047982000 73.0
62.606952 29.715786 1371047984000 73.0
62.60691 29.715889 1371047986000 73.0
62.606884 29.715989 1371047988000 74.0
62.606845 29.716081 1371047990000 73.0
62.606799 29.716148 1371047992000 73.0
62.606773 29.716216 1371047994000 73.0
62.606754 29.716287 1371047996000 73.0
62.60673 29.716365 1371047998000 73.0
62.60669 29.716466 1371048000000 73.0
62.606667 29.716605 1371048002000 72.0
62.606642 29.716735 1371048004000 73.0
62.606626 29.716834 1371048006000 73.0
62.60663 29.716936 1371048008000 73.0
62.606668 29.717119 1371048010000 71.0
62.606703 29.717317 1371048012000 71.0
62.60674 29.71754 1371048014000 71.0
62.60678 29.717738 1371048016000 71.0
62.606809 29.717891 1371048018000 71.0
62.606822 29.71802 1371048020000 70.0
62.606827 29.718149 1371048022000 70.0
62.60684 29.718282 1371048024000 72.0
62.606862 29.718431 1371048026000 72.0
62.606887 29.71858 1371048028000 72.0
62.606899 29.718702 1371048030000 72.0
62.606899 29.718814 1371048032000 72.0
62.606886 29.718911 1371048034000 72.0
62.606868 29.718983 1371048036000 72.0
62.606848 29.719064 1371048038000 71.0
62.606815 29.719127 1371048040000 71.0
62.606798 29.719216 1371048042000 72.0
62.606766 29.719283 1371048044000 72.0
62.606711 29.719362 1371048046000 73.0
62.606639 29.719433 1371048048000 73.0
62.606568 29.71951 1371048050000 73.0
62.606518 29.719584 1371048052000 73.0
62.606488 29.719681 1371048054000 72.0
62.606454 29.719795 1371048056000 72.0
62.606401 29.719873 1371048058000 73.0
62.606358 29.719949 1371048060000 70.0
62.606307 29.720035 1371048062000 70.0
62.606252 29.720123 1371048064000 70.0
62.606204 29.720166 1371048066000 70.0
62.606171 29.720153 1371048068000 69.0
62.606131 29.720183 1371048070000 68.0
62.606093 29.720238 1371048072000 68.0
62.606062 29.720243 1371048074000 69.0
62.606031 29.720205 1371048076000 69.0
62.605995 29.720187 1371048078000 69.0
62.605961 29.720172 1371048080000 69.0
62.605921 29.72017 1371048082000 68.0
62.605891 29.720133 1371048084000 69.0
62.60541 29.72027 1371048100000 74.0
62.6053 29.720255 1371048102000 75.0
62.605196 29.720229 1371048104000 75.0
62.605123 29.720223 1371048106000 76.0
62.605056 29.720271 1371048108000 77.0
62.604985 29.720323 1371048110000 77.0
62.604925 29.720383 1371048112000 77.0
62.604883 29.720431 1371048114000 77.0
62.604852 29.720454 1371048116000 77.0
62.604817 29.720558 1371048118000 77.0
62.604777 29.720669 1371048120000 77.0
62.604736 29.720775 1371048122000 77.0
62.60469 29.720888 1371048124000 77.0
62.604641 29.720976 1371048126000 78.0
62.604589 29.72104 1371048128000 79.0
62.604563 29.721149 1371048130000 79.0
62.604534 29.721279 1371048132000 79.0
62.604507 29.72142 1371048134000 79.0
62.60447 29.721552 1371048136000 80.0
62.604428 29.721674 1371048138000 81.0
62.604376 29.721775 1371048140000 81.0
62.604329 29.721885 1371048142000 82.0
62.604286 29.72199 1371048144000 82.0
62.604241 29.7221 1371048146000 83.0
62.604193 29.722197 1371048148000 82.0
62.604138 29.722264 1371048150000 83.0
62.604088 29.722324 1371048152000 82.0
62.604045 29.722411 1371048154000 82.0
62.604006 29.722474 1371048156000 82.0
62.603997 29.722578 1371048158000 82.0
62.603988 29.722689 1371048160000 81.0
62.603961 29.722748 1371048162000 81.0
62.603925 29.722783 1371048164000 80.0
62.603878 29.722804 1371048166000 79.0
62.603828 29.722809 1371048168000 79.0
62.603774 29.722821 1371048170000 79.0
62.603708 29.722836 1371048172000 78.0
62.603619 29.722833 1371048174000 77.0
62.603543 29.722872 1371048176000 78.0
62.603459 29.722929 1371048178000 76.0
62.603392 29.723029 1371048180000 75.0
62.603346 29.723107 1371048182000 76.0
62.603257 29.723233 1371048184000 78.0
62.60297 29.723591 1371048186000 81.0
62.602909 29.723709 1371048188000 82.0
62.602853 29.723795 1371048190000 80.0
62.602819 29.723909 1371048192000 78.0
62.602786 29.72402 1371048194000 78.0
62.60274 29.724114 1371048196000 77.0
62.602697 29.724196 1371048198000 77.0
62.602675 29.724274 1371048200000 78.0
62.602683 29.724398 1371048202000 82.0
62.602688 29.724502 1371048204000 84.0
62.602683 29.724579 1371048206000 83.0
62.602671 29.724651 1371048208000 83.0
62.602648 29.724758 1371048210000 85.0
62.602596 29.724905 1371048212000 83.0
62.602533 29.72501 1371048214000 82.0
62.602467 29.72503 1371048216000 84.0
62.602396 29.72502 1371048218000 84.0
62.602317 29.725003 1371048220000 83.0
62.60224 29.724991 1371048222000 83.0
62.60217 29.724997 1371048224000 83.0
62.602097 29.725018 1371048226000 83.0
62.602028 29.725053 1371048228000 83.0
62.601953 29.725064 1371048230000 82.0
62.601873 29.725021 1371048232000 82.0
62.6018 29.725 1371048234000 81.0
62.601724 29.724998 1371048236000 82.0
62.601656 29.724992 1371048238000 80.0
62.601591 29.724981 1371048240000 81.0
62.601524 29.72499 1371048242000 80.0
62.601452 29.725043 1371048244000 82.0
62.601386 29.725122 1371048246000 83.0
62.601323 29.725217 1371048248000 83.0
62.601255 29.725318 1371048250000 84.0
62.601187 29.725408 1371048252000 84.0
62.601111 29.725463 1371048254000 84.0
62.601035 29.725512 1371048256000 84.0
62.600969 29.725555 1371048258000 84.0
62.600915 29.725588 1371048260000 84.0
62.600849 29.725627 1371048262000 83.0
62.600793 29.725707 1371048264000 84.0
62.600735 29.725774 1371048266000 83.0
62.600678 29.725844 1371048268000 83.0
62.600618 29.725928 1371048270000 83.0
62.600572 29.726044 1371048272000 83.0
62.600527 29.726179 1371048274000 83.0
62.600489 29.726317 1371048276000 83.0
62.600466 29.726474 1371048278000 82.0
62.600451 29.726613 1371048280000 83.0
62.600433 29.726738 1371048282000 83.0
62.600411 29.72684 1371048284000 82.0
62.600384 29.726936 1371048286000 81.0
62.600367 29.727036 1371048288000 81.0
62.600366 29.727191 1371048290000 80.0
62.600371 29.727366 1371048292000 80.0
62.60038 29.727545 1371048294000 80.0
62.600391 29.72771 1371048296000 80.0
62.600396 29.727858 1371048298000 80.0
62.600397 29.727993 1371048300000 80.0
62.600393 29.72812 1371048302000 80.0
62.600381 29.728234 1371048304000 79.0
62.600363 29.728344 1371048306000 79.0
62.600346 29.728478 1371048308000 78.0
62.600327 29.728629 1371048310000 79.0
62.600313 29.728782 1371048312000 80.0
62.600303 29.728937 1371048314000 80.0
62.600313 29.72911 1371048316000 80.0
62.60032 29.729275 1371048318000 80.0
62.60032 29.729439 1371048320000 80.0
62.600323 29.729607 1371048322000 79.0
62.600329 29.729781 1371048324000 79.0
62.600344 29.729962 1371048326000 78.0
62.600354 29.730146 1371048328000 79.0
62.600357 29.730336 1371048330000 77.0
62.600347 29.730502 1371048332000 78.0
62.60033 29.73067 1371048334000 76.0
62.600309 29.730833 1371048336000 76.0
62.600288 29.731003 1371048338000 76.0
62.600273 29.731182 1371048340000 75.0
62.600244 29.731341 1371048342000 76.0
62.60021 29.731486 1371048344000 76.0
62.600184 29.731664 1371048346000 75.0
62.600166 29.731831 1371048348000 76.0
62.600143 29.731986 1371048350000 76.0
62.600111 29.73211 1371048352000 78.0
62.600078 29.732232 1371048354000 78.0
62.600044 29.732347 1371048356000 78.0
62.600022 29.732473 1371048358000 78.0
62.600003 29.732597 1371048360000 78.0
62.59999 29.732744 1371048362000 79.0
62.599969 29.732912 1371048364000 79.0
62.599938 29.733076 1371048366000 80.0
62.599904 29.733232 1371048368000 80.0
62.599886 29.733382 1371048370000 79.0
62.59987 29.733519 1371048372000 79.0
62.59985 29.733656 1371048374000 78.0
62.599825 29.733772 1371048376000 79.0
62.599801 29.733908 1371048378000 79.0
62.599775 29.734044 1371048380000 79.0
62.599738 29.734153 1371048382000 76.0
62.599695 29.734221 1371048384000 76.0
62.59965 29.734288 1371048386000 75.0
62.599598 29.73438 1371048388000 75.0
62.599542 29.73449 1371048390000 74.0
62.599498 29.734607 1371048392000 76.0
62.599458 29.734734 1371048394000 76.0
62.599416 29.734857 1371048396000 75.0
62.599364 29.734988 1371048398000 75.0
62.599312 29.735128 1371048400000 76.0
62.599265 29.735279 1371048402000 75.0
62.599217 29.735429 1371048404000 75.0
62.599166 29.735558 1371048406000 78.0
62.599118 29.735669 1371048408000 77.0
62.599072 29.735784 1371048410000 77.0
62.599034 29.735929 1371048412000 79.0
62.598998 29.736092 1371048414000 80.0
62.598958 29.736263 1371048416000 81.0
62.598922 29.736431 1371048418000 80.0
62.598894 29.736575 1371048420000 80.0
62.598865 29.736715 1371048422000 80.0
62.59882 29.736825 1371048424000 79.0
62.59877 29.73693 1371048426000 79.0
62.598719 29.73704 1371048428000 79.0
62.598681 29.737151 1371048430000 79.0
62.598651 29.737247 1371048432000 79.0
62.598607 29.737316 1371048434000 79.0
62.598555 29.737377 1371048436000 79.0
62.598497 29.737475 1371048438000 79.0
62.598436 29.737564 1371048440000 78.0
62.598367 29.737664 1371048442000 78.0
62.598322 29.737807 1371048444000 79.0
62.598285 29.737969 1371048446000 78.0
62.598241 29.738131 1371048448000 78.0
62.598181 29.738309 1371048450000 78.0
62.598127 29.738482 1371048452000 79.0
62.598078 29.73863 1371048454000 79.0
62.598033 29.738767 1371048456000 79.0
62.597987 29.738896 1371048458000 79.0
62.59795 29.739001 1371048460000 79.0
62.597914 29.739105 1371048462000 79.0
62.597898 29.739241 1371048464000 80.0
62.597887 29.739415 1371048466000 80.0
62.59789 29.739609 1371048468000 80.0
62.597903 29.739816 1371048470000 80.0
62.59791 29.74001 1371048472000 80.0
62.597901 29.740187 1371048474000 81.0
62.597885 29.740368 1371048476000 85.0
62.597856 29.740543 1371048478000 85.0
62.597812 29.740674 1371048480000 85.0
62.597775 29.740786 1371048482000 88.0
62.59775 29.740923 1371048484000 91.0
62.597729 29.741091 1371048486000 92.0
62.597711 29.741269 1371048488000 93.0
62.5977 29.741458 1371048490000 94.0
62.597698 29.741643 1371048492000 95.0
62.597698 29.741824 1371048494000 96.0
62.597701 29.741985 1371048496000 96.0
62.597693 29.742143 1371048498000 96.0
62.59767 29.742287 1371048500000 96.0
62.597649 29.742424 1371048502000 95.0
62.597643 29.742603 1371048504000 94.0
62.597635 29.742945 1371048506000 92.0
62.597606 29.74314 1371048508000 91.0
62.597514 29.743303 1371048510000 93.0
62.597464 29.74344 1371048512000 93.0
62.597409 29.743596 1371048514000 91.0
62.597263 29.743646 1371048516000 91.0
62.597143 29.743689 1371048518000 92.0
62.597059 29.743729 1371048520000 91.0
62.596967 29.743731 1371048522000 91.0
62.596882 29.743727 1371048524000 90.0
62.596799 29.743707 1371048526000 90.0
62.596727 29.743653 1371048528000 90.0
62.596667 29.743572 1371048530000 91.0
62.596602 29.743511 1371048532000 91.0
62.596539 29.743449 1371048534000 91.0
62.596489 29.743381 1371048536000 91.0
62.59643 29.743323 1371048538000 91.0
62.596384 29.743243 1371048540000 91.0
62.596333 29.743167 1371048542000 91.0
62.596285 29.743083 1371048544000 92.0
62.596235 29.742983 1371048546000 92.0
62.596188 29.742866 1371048548000 90.0
62.596134 29.742755 1371048550000 91.0
62.596072 29.742667 1371048552000 90.0
62.596009 29.742572 1371048554000 89.0
62.595952 29.742458 1371048556000 91.0
62.595893 29.742361 1371048558000 91.0
62.595835 29.742273 1371048560000 91.0
62.595769 29.742193 1371048562000 91.0
62.595702 29.742111 1371048564000 91.0
62.595624 29.742042 1371048566000 91.0
62.595548 29.741988 1371048568000 92.0
62.595475 29.741936 1371048570000 92.0
62.595402 29.741874 1371048572000 92.0
62.595323 29.741808 1371048574000 92.0
62.595246 29.74175 1371048576000 91.0
62.595169 29.741691 1371048578000 91.0
62.595097 29.741631 1371048580000 91.0
62.595025 29.741579 1371048582000 91.0
62.594968 29.741519 1371048584000 90.0
62.594916 29.741444 1371048586000 91.0
62.59486 29.741368 1371048588000 91.0
62.59481 29.741288 1371048590000 91.0
62.594759 29.741216 1371048592000 92.0
62.594707 29.741148 1371048594000 92.0
62.594649 29.741088 1371048596000 91.0
62.594577 29.741039 1371048598000 91.0
62.594516 29.74098 1371048600000 92.0
62.594475 29.740888 1371048602000 90.0
62.594444 29.740812 1371048604000 90.0
62.594399 29.74077 1371048606000 90.0
62.594339 29.740726 1371048608000 89.0
62.59428 29.74066 1371048610000 88.0
62.594226 29.740595 1371048612000 87.0
62.594175 29.740536 1371048614000 88.0
62.594109 29.740487 1371048616000 88.0
62.594013 29.740463 1371048618000 88.0
62.593927 29.740425 1371048620000 88.0
62.593863 29.740364 1371048622000 88.0
62.593808 29.7403 1371048624000 90.0
62.593755 29.74025 1371048626000 91.0
62.593703 29.740197 1371048628000 90.0
62.593637 29.740142 1371048630000 89.0
62.593563 29.740118 1371048632000 90.0
62.593487 29.740083 1371048634000 88.0
62.593411 29.74005 1371048636000 89.0
62.593331 29.740016 1371048638000 89.0
62.59326 29.739997 1371048640000 89.0
62.593186 29.739988 1371048642000 88.0
62.593111 29.73999 1371048644000 88.0
62.593037 29.739986 1371048646000 87.0
62.592966 29.739981 1371048648000 87.0
62.592888 29.739977 1371048650000 88.0
62.592814 29.739982 1371048652000 87.0
62.59275 29.740005 1371048654000 86.0
62.5927 29.740039 1371048656000 87.0
62.592652 29.740086 1371048658000 86.0
62.592597 29.740114 1371048660000 86.0
62.592539 29.74009 1371048662000 85.0
62.59247 29.740054 1371048664000 85.0
62.592394 29.740016 1371048666000 85.0
62.59232 29.739969 1371048668000 85.0
62.592253 29.739948 1371048670000 85.0
62.592184 29.739957 1371048672000 85.0
62.592111 29.739997 1371048674000 85.0
62.592033 29.740076 1371048676000 85.0
62.591952 29.740155 1371048678000 85.0
62.591884 29.740208 1371048680000 85.0
62.591826 29.74023 1371048682000 83.0
62.591766 29.740239 1371048684000 82.0
62.591703 29.740232 1371048686000 82.0
62.591642 29.740219 1371048688000 82.0
62.591581 29.740219 1371048690000 81.0
62.591526 29.740228 1371048692000 82.0
62.591472 29.740284 1371048694000 82.0
62.591438 29.74039 1371048696000 81.0
62.591422 29.74052 1371048698000 82.0
62.591418 29.74065 1371048700000 82.0
62.591417 29.740768 1371048702000 82.0
62.591422 29.740882 1371048704000 81.0
62.591434 29.741015 1371048706000 82.0
62.591452 29.741171 1371048708000 82.0
62.591475 29.741313 1371048710000 82.0
62.5915 29.74144 1371048712000 82.0
62.59152 29.741555 1371048714000 81.0
62.591525 29.741671 1371048716000 81.0
62.591515 29.741782 1371048718000 82.0
62.591479 29.741855 1371048720000 80.0
62.591429 29.741898 1371048722000 79.0
62.591375 29.74196 1371048724000 78.0
62.591331 29.742032 1371048726000 78.0
62.591308 29.742105 1371048728000 78.0
62.591306 29.742217 1371048730000 78.0
62.591316 29.742376 1371048732000 77.0
62.59134 29.742558 1371048734000 77.0
62.591363 29.742728 1371048736000 78.0
62.591381 29.742882 1371048738000 77.0
62.591388 29.743034 1371048740000 77.0
62.591399 29.743176 1371048742000 77.0
62.59141 29.743322 1371048744000 77.0
62.591411 29.74347 1371048746000 77.0
62.591412 29.743627 1371048748000 76.0
62.591419 29.743786 1371048750000 75.0
62.591432 29.743931 1371048752000 75.0
62.591451 29.744069 1371048754000 75.0
62.591473 29.7442 1371048756000 77.0
62.591492 29.744326 1371048758000 77.0
62.591499 29.744445 1371048760000 77.0
62.59152 29.74456 1371048762000 77.0
62.591553 29.744678 1371048764000 76.0
62.591591 29.74479 1371048766000 76.0
62.591631 29.744887 1371048768000 76.0
62.591678 29.744966 1371048770000 76.0
62.59173 29.745034 1371048772000 76.0
62.591772 29.745108 1371048774000 75.0
62.591798 29.745199 1371048776000 76.0
62.591829 29.745283 1371048778000 75.0
62.591855 29.745372 1371048780000 75.0
62.591852 29.745453 1371048782000 75.0
62.591854 29.745548 1371048784000 75.0
62.59186 29.745644 1371048786000 74.0
62.591855 29.745792 1371048788000 75.0
62.591855 29.745959 1371048790000 76.0
62.591865 29.746123 1371048792000 77.0
62.591877 29.746244 1371048794000 77.0
62.591906 29.746352 1371048796000 77.0
62.591925 29.746458 1371048798000 77.0
62.591947 29.746553 1371048800000 77.0
62.591964 29.746645 1371048802000 78.0
62.591989 29.74673 1371048804000 78.0
62.592015 29.74683 1371048806000 79.0
62.592033 29.746944 1371048808000 78.0
62.592052 29.747061 1371048810000 78.0
62.592083 29.747189 1371048812000 77.0
62.592097 29.747312 1371048814000 75.0
62.592109 29.747441 1371048816000 74.0
62.59213 29.747588 1371048818000 74.0
62.592175 29.747772 1371048820000 76.0
62.592251 29.747959 1371048822000 76.0
62.592327 29.748115 1371048824000 74.0
62.592391 29.748222 1371048826000 73.0
62.592454 29.748341 1371048828000 72.0
62.592511 29.748437 1371048830000 72.0
62.59256 29.748505 1371048832000 72.0
62.59261 29.748571 1371048834000 73.0
62.592664 29.748626 1371048836000 71.0
62.592716 29.748692 1371048838000 70.0
62.592751 29.748791 1371048840000 69.0
62.592768 29.748916 1371048842000 68.0
62.592786 29.749056 1371048844000 68.0
62.592806 29.749216 1371048846000 69.0
62.592825 29.749377 1371048848000 69.0
62.592851 29.749534 1371048850000 69.0
62.59287 29.749681 1371048852000 68.0
62.592881 29.749811 1371048854000 68.0
62.592893 29.749943 1371048856000 68.0
62.59289 29.750064 1371048858000 67.0
62.592879 29.750189 1371048860000 68.0
62.59286 29.750315 1371048862000 70.0
62.59282 29.75045 1371048864000 73.0
62.592791 29.750585 1371048866000 72.0
62.592767 29.750722 1371048868000 72.0
62.592754 29.750886 1371048870000 72.0
62.592754 29.751042 1371048872000 72.0
62.592768 29.751189 1371048874000 73.0
62.592797 29.751342 1371048876000 72.0
62.592834 29.751489 1371048878000 72.0
62.592868 29.751637 1371048880000 70.0
62.592901 29.751766 1371048882000 70.0
62.592941 29.751885 1371048884000 70.0
62.592986 29.751994 1371048886000 70.0
62.593029 29.752108 1371048888000 70.0
62.593069 29.752223 1371048890000 71.0
62.593102 29.752353 1371048892000 72.0
62.593132 29.752481 1371048894000 70.0
62.593159 29.752605 1371048896000 71.0
62.593197 29.752727 1371048898000 73.0
62.593233 29.752861 1371048900000 73.0
62.593268 29.753004 1371048902000 72.0
62.593303 29.753148 1371048904000 72.0
62.593328 29.753289 1371048906000 72.0
62.593354 29.753442 1371048908000 72.0
62.59339 29.753592 1371048910000 71.0
62.593429 29.753758 1371048912000 71.0
62.593469 29.753936 1371048914000 71.0
62.593506 29.754137 1371048916000 71.0
62.593537 29.754321 1371048918000 71.0
62.593559 29.754487 1371048920000 72.0
62.593582 29.754659 1371048922000 71.0
62.593605 29.754838 1371048924000 70.0
62.59364 29.75502 1371048926000 72.0
62.593682 29.755194 1371048928000 72.0
62.593729 29.755365 1371048930000 72.0
62.59378 29.755518 1371048932000 73.0
62.593834 29.755654 1371048934000 73.0
62.593894 29.755785 1371048936000 73.0
62.59395 29.755906 1371048938000 73.0
62.593992 29.756036 1371048940000 73.0
62.594027 29.756166 1371048942000 72.0
62.594068 29.756287 1371048944000 72.0
62.59411 29.756405 1371048946000 73.0
62.594146 29.756538 1371048948000 72.0
62.594163 29.756665 1371048950000 72.0
62.594191 29.756785 1371048952000 73.0
62.594237 29.756868 1371048954000 72.0
62.594292 29.756947 1371048956000 71.0
62.594378 29.757018 1371048959000 71.0
62.594408 29.757028 1371048960000 71.0
62.594473 29.757047 1371048962000 70.0
62.59453 29.75706 1371048964000 71.0
62.594577 29.757073 1371048966000 72.0
62.594606 29.757105 1371048968000 72.0
62.594614 29.757177 1371048970000 72.0
62.594613 29.757259 1371048972000 72.0
62.594616 29.757337 1371048974000 71.0
62.594628 29.757433 1371048976000 72.0
62.594644 29.757536 1371048978000 72.0
62.594678 29.757644 1371048980000 74.0
62.594714 29.757756 1371048982000 74.0
62.594736 29.757868 1371048984000 73.0
62.594745 29.757967 1371048986000 72.0
62.594757 29.758083 1371048988000 72.0
62.594754 29.75822 1371048990000 72.0
62.594764 29.758355 1371048992000 73.0
62.594781 29.75848 1371048994000 73.0
62.594806 29.758589 1371048996000 73.0
62.594837 29.758675 1371048998000 73.0
62.594874 29.758754 1371049000000 73.0
62.594907 29.758846 1371049002000 73.0
62.594925 29.758944 1371049004000 72.0
62.59494 29.759012 1371049006000 71.0
62.594959 29.759085 1371049008000 70.0
62.594982 29.759171 1371049010000 70.0
62.59501 29.759259 1371049012000 70.0
62.595046 29.759338 1371049014000 71.0
62.595085 29.759415 1371049016000 71.0
62.595118 29.759491 1371049018000 70.0
62.59515 29.759578 1371049020000 70.0
62.595185 29.759665 1371049022000 70.0
62.595218 29.759749 1371049024000 70.0
62.595241 29.75983 1371049026000 70.0
62.595265 29.759922 1371049028000 70.0
62.595284 29.760023 1371049030000 70.0
62.595301 29.760112 1371049032000 70.0
62.595317 29.76019 1371049034000 69.0
62.595332 29.760264 1371049036000 69.0
62.595343 29.760324 1371049038000 70.0
62.595346 29.760374 1371049040000 70.0
62.595354 29.760429 1371049042000 71.0
62.595371 29.760475 1371049044000 69.0
62.595381 29.76052 1371049046000 68.0
62.595395 29.76059 1371049048000 68.0
62.59542 29.760674 1371049050000 69.0
62.595454 29.760755 1371049052000 69.0
62.595484 29.760814 1371049054000 68.0
62.595517 29.760858 1371049056000 67.0
62.595554 29.760887 1371049058000 68.0
62.595612 29.760913 1371049060000 68.0
62.59567 29.760961 1371049062000 71.0
62.59572 29.761028 1371049064000 71.0
62.595747 29.761097 1371049066000 71.0
62.595772 29.761168 1371049068000 70.0
62.595803 29.761229 1371049070000 70.0
62.595849 29.761269 1371049072000 71.0
62.595905 29.761308 1371049074000 69.0
62.59596 29.761328 1371049076000 69.0
62.59602 29.761341 1371049078000 70.0
62.596079 29.761358 1371049080000 69.0
62.596131 29.761401 1371049082000 70.0
62.59619 29.761449 1371049084000 70.0
62.596245 29.761503 1371049086000 69.0
62.5963 29.761556 1371049088000 69.0
62.596356 29.7616 1371049090000 69.0
62.596415 29.761636 1371049092000 69.0
62.596471 29.761671 1371049094000 71.0
62.596539 29.761704 1371049096000 72.0
62.596613 29.761735 1371049098000 72.0
62.596685 29.761783 1371049100000 72.0
62.596755 29.76183 1371049102000 73.0
62.596822 29.761892 1371049104000 72.0
62.596881 29.761976 1371049106000 72.0
62.596945 29.762062 1371049108000 73.0
62.597011 29.76213 1371049110000 72.0
62.597068 29.762196 1371049112000 72.0
62.597108 29.76227 1371049114000 72.0
62.597142 29.762362 1371049116000 73.0
62.597161 29.762474 1371049118000 74.0
62.597177 29.7626 1371049120000 73.0
62.597205 29.762734 1371049122000 74.0
62.597257 29.762833 1371049124000 74.0
62.597325 29.762888 1371049126000 76.0
62.597391 29.762923 1371049128000 76.0
62.597447 29.76295 1371049130000 76.0
62.597499 29.762979 1371049132000 76.0
62.597551 29.763016 1371049134000 77.0
62.597603 29.763055 1371049136000 76.0
62.597649 29.763122 1371049138000 75.0
62.597676 29.763229 1371049140000 75.0
62.597672 29.763352 1371049142000 76.0
62.597658 29.76349 1371049144000 76.0
62.597648 29.763649 1371049146000 76.0
62.59765 29.763809 1371049148000 77.0
62.597696 29.763965 1371049150000 78.0
62.597764 29.764135 1371049152000 78.0
62.597823 29.764285 1371049154000 78.0
62.59786 29.764404 1371049156000 77.0
62.597907 29.764472 1371049158000 78.0
62.597974 29.764538 1371049160000 75.0
62.598055 29.764599 1371049162000 75.0
62.598142 29.76466 1371049164000 74.0
62.598218 29.764729 1371049166000 73.0
62.598285 29.764797 1371049168000 74.0
62.598337 29.764869 1371049170000 73.0
62.59838 29.76495 1371049172000 73.0
62.598434 29.765034 1371049174000 74.0
62.598493 29.7651 1371049176000 74.0
62.598559 29.765156 1371049178000 73.0
62.598627 29.76522 1371049180000 74.0
62.598684 29.765294 1371049182000 73.0
62.598738 29.765368 1371049184000 73.0
62.598802 29.765447 1371049186000 73.0
62.598865 29.765535 1371049188000 73.0
62.598918 29.765595 1371049190000 74.0
62.598968 29.765634 1371049192000 74.0
62.599026 29.76569 1371049194000 74.0
62.599085 29.76578 1371049196000 74.0
62.599144 29.765878 1371049198000 75.0
62.5992 29.765984 1371049200000 75.0
62.599247 29.766103 1371049202000 75.0
62.599291 29.766238 1371049204000 75.0
62.599316 29.766382 1371049206000 75.0
62.599328 29.766538 1371049208000 75.0
62.599344 29.766693 1371049210000 75.0
62.599375 29.76685 1371049212000 75.0
62.599435 29.766953 1371049214000 75.0
62.599511 29.767015 1371049216000 75.0
62.599582 29.767054 1371049218000 75.0
62.59966 29.767065 1371049220000 76.0
62.59974 29.767076 1371049222000 76.0
62.599812 29.76709 1371049224000 76.0
62.599873 29.76711 1371049226000 77.0
62.599934 29.76713 1371049228000 76.0
62.599994 29.767139 1371049230000 76.0
62.600054 29.767104 1371049232000 76.0
62.600108 29.767027 1371049234000 77.0
62.600146 29.766921 1371049236000 78.0
62.600178 29.766806 1371049238000 79.0
62.600215 29.766707 1371049240000 79.0
62.600259 29.766663 1371049242000 79.0
62.600299 29.766679 1371049244000 78.0
62.600322 29.76673 1371049246000 78.0
62.600338 29.766788 1371049248000 78.0
62.600332 29.766878 1371049250000 78.0
62.600305 29.766996 1371049252000 80.0
62.600278 29.767128 1371049254000 80.0
62.60024 29.767259 1371049256000 81.0
62.600205 29.767391 1371049258000 81.0
62.600174 29.767535 1371049260000 81.0
62.600139 29.767687 1371049262000 83.0
62.600113 29.76783 1371049264000 83.0
62.600085 29.767958 1371049266000 82.0
62.600065 29.768105 1371049268000 82.0
62.600048 29.768255 1371049270000 82.0
62.600036 29.768408 1371049272000 82.0
62.600025 29.768545 1371049274000 83.0
62.600015 29.768683 1371049276000 81.0
62.600001 29.768828 1371049278000 81.0
62.59999 29.768998 1371049280000 80.0
62.599976 29.769175 1371049282000 81.0
62.599963 29.769353 1371049284000 80.0
62.599945 29.769528 1371049286000 80.0
62.599926 29.769722 1371049288000 80.0
62.599903 29.769913 1371049290000 81.0
62.599875 29.770086 1371049292000 82.0
62.599849 29.770257 1371049294000 82.0
62.599823 29.770422 1371049296000 81.0
62.599794 29.770592 1371049298000 81.0
62.599764 29.770759 1371049300000 81.0
62.599737 29.770913 1371049302000 82.0
62.599721 29.771074 1371049304000 83.0
62.599708 29.771245 1371049306000 83.0
62.599705 29.771413 1371049308000 83.0
62.599709 29.771567 1371049310000 83.0
62.599713 29.771706 1371049312000 82.0
62.599711 29.771834 1371049314000 82.0
62.599697 29.771968 1371049316000 82.0
62.599704 29.772132 1371049318000 82.0
62.599716 29.772302 1371049320000 81.0
62.599739 29.772485 1371049322000 80.0
62.599753 29.772683 1371049324000 78.0
62.599756 29.772881 1371049326000 78.0
62.599771 29.773079 1371049328000 78.0
62.5998 29.773271 1371049330000 77.0
62.59983 29.773455 1371049332000 78.0
62.599851 29.773617 1371049334000 79.0
62.599867 29.773777 1371049336000 79.0
62.59987 29.77394 1371049338000 78.0
62.599856 29.774111 1371049340000 79.0
62.599826 29.774261 1371049342000 79.0
62.599782 29.774375 1371049344000 79.0
62.599717 29.774485 1371049346000 83.0
62.599635 29.774547 1371049348000 84.0
62.599557 29.77457 1371049350000 83.0
62.59948 29.774556 1371049352000 85.0
62.599392 29.774513 1371049354000 84.0
62.599295 29.774433 1371049356000 85.0
62.599203 29.774365 1371049358000 84.0
62.599116 29.774326 1371049360000 83.0
62.599033 29.774259 1371049362000 83.0
62.598947 29.774185 1371049364000 82.0
62.598873 29.774116 1371049366000 80.0
62.598804 29.774046 1371049368000 80.0
62.598723 29.77398 1371049370000 81.0
62.598594 29.773878 1371049372000 82.0
62.598519 29.773834 1371049374000 83.0
62.598435 29.773773 1371049376000 82.0
62.598361 29.773689 1371049378000 82.0
62.598271 29.773641 1371049380000 82.0
62.598186 29.773583 1371049382000 82.0
62.598109 29.77351 1371049384000 81.0
62.598036 29.773428 1371049386000 81.0
62.597963 29.773324 1371049388000 81.0
62.597889 29.773221 1371049390000 82.0
62.597827 29.77309 1371049392000 81.0
62.597782 29.772937 1371049394000 80.0
62.59774 29.772788 1371049396000 80.0
62.597688 29.772645 1371049398000 81.0
62.597638 29.772501 1371049400000 81.0
62.597588 29.772358 1371049402000 81.0
62.597556 29.772164 1371049404000 82.0
62.597504 29.772009 1371049406000 81.0
62.597447 29.771956 1371049408000 81.0
62.597386 29.771877 1371049410000 80.0
62.597291 29.771764 1371049412000 80.0
62.597235 29.771653 1371049414000 80.0
62.597172 29.77153 1371049416000 79.0
62.59711 29.771406 1371049418000 79.0
62.597043 29.771283 1371049420000 79.0
62.596965 29.771156 1371049422000 79.0
62.596889 29.771043 1371049424000 79.0
62.596819 29.770932 1371049426000 79.0
62.59675 29.77082 1371049428000 79.0
62.596692 29.770702 1371049430000 78.0
62.596642 29.770588 1371049432000 78.0
62.596598 29.770476 1371049434000 79.0
62.596551 29.770393 1371049436000 80.0
62.596499 29.770313 1371049438000 79.0
62.596448 29.77022 1371049440000 78.0
62.596399 29.770118 1371049442000 78.0
62.596352 29.770007 1371049444000 79.0
62.596303 29.769893 1371049446000 79.0
62.596253 29.769795 1371049448000 80.0
62.596201 29.769703 1371049450000 80.0
62.596144 29.769598 1371049452000 80.0
62.596094 29.769521 1371049454000 80.0
62.596053 29.769472 1371049456000 79.0
62.596017 29.769404 1371049458000 79.0
62.595972 29.769324 1371049460000 78.0
62.59591 29.769259 1371049462000 78.0
62.595846 29.769182 1371049464000 79.0
62.595787 29.769086 1371049466000 79.0
62.595736 29.768977 1371049468000 79.0
62.595688 29.768856 1371049470000 79.0
62.595646 29.768749 1371049472000 80.0
62.595607 29.768658 1371049474000 80.0
62.595568 29.768651 1371049476000 80.0
62.595528 29.768706 1371049478000 80.0
62.595481 29.768797 1371049480000 79.0
62.595427 29.768917 1371049482000 80.0
62.595379 29.769062 1371049484000 80.0
62.595331 29.769231 1371049486000 80.0
62.595285 29.769395 1371049488000 82.0
62.595244 29.76952 1371049490000 85.0
62.595203 29.769615 1371049492000 83.0
62.595151 29.769645 1371049494000 83.0
62.5951 29.769608 1371049496000 83.0
62.595053 29.76953 1371049498000 83.0
62.595009 29.769426 1371049500000 82.0
62.59497 29.769304 1371049502000 80.0
62.594932 29.769181 1371049504000 79.0
62.594886 29.769054 1371049506000 79.0
62.594837 29.768924 1371049508000 80.0
62.59478 29.768795 1371049510000 80.0
62.594753 29.768677 1371049512000 81.0
62.594723 29.768561 1371049514000 80.0
62.594677 29.768451 1371049516000 81.0
62.594617 29.768355 1371049518000 81.0
62.594559 29.768271 1371049520000 81.0
62.594517 29.768184 1371049522000 81.0
62.594485 29.7681 1371049524000 82.0
62.594447 29.768021 1371049526000 82.0
62.594415 29.767946 1371049528000 81.0
62.594384 29.767877 1371049530000 80.0
62.594359 29.767817 1371049532000 80.0
62.594347 29.767743 1371049534000 81.0
62.594334 29.767666 1371049536000 80.0
62.594317 29.767596 1371049538000 79.0
62.594295 29.767542 1371049540000 79.0
62.594258 29.767508 1371049542000 79.0
62.59422 29.767502 1371049544000 79.0
62.594171 29.767582 1371049546000 77.0
62.594111 29.767697 1371049548000 80.0
62.594047 29.767775 1371049550000 81.0
62.59398 29.767824 1371049552000 79.0
62.593914 29.767853 1371049554000 79.0
62.593856 29.767878 1371049556000 80.0
62.593802 29.767934 1371049558000 81.0
62.593751 29.767998 1371049560000 86.0
62.593707 29.768041 1371049562000 88.0
62.593657 29.768082 1371049564000 87.0
62.593601 29.768131 1371049566000 86.0
62.593545 29.768181 1371049568000 83.0
62.593485 29.768229 1371049570000 83.0
62.593416 29.768267 1371049572000 83.0
62.593347 29.768311 1371049574000 83.0
62.593277 29.768384 1371049576000 83.0
62.593209 29.768474 1371049578000 83.0
62.59314 29.768554 1371049580000 84.0
62.593075 29.768622 1371049582000 84.0
62.592996 29.768626 1371049584000 84.0
62.59292 29.768601 1371049586000 84.0
62.592859 29.768561 1371049588000 84.0
62.592791 29.768541 1371049590000 84.0
62.592714 29.768549 1371049592000 84.0
62.592635 29.768572 1371049594000 84.0
62.592555 29.768604 1371049596000 84.0
62.59248 29.768641 1371049598000 84.0
62.59242 29.768685 1371049600000 85.0
62.592366 29.768728 1371049602000 85.0
62.592317 29.768787 1371049604000 85.0
62.592268 29.768859 1371049606000 85.0
62.592203 29.768921 1371049608000 85.0
62.592142 29.768952 1371049610000 85.0
62.592093 29.769001 1371049612000 85.0
62.592029 29.769004 1371049614000 85.0
62.591959 29.768997 1371049616000 85.0
62.591885 29.769011 1371049618000 86.0
62.591811 29.769046 1371049620000 86.0
62.591741 29.769102 1371049622000 86.0
62.59167 29.769166 1371049624000 86.0
62.591596 29.769221 1371049626000 86.0
62.591519 29.769244 1371049628000 85.0
62.591435 29.769302 1371049630000 85.0
62.59136 29.769361 1371049632000 85.0
62.591278 29.769398 1371049634000 85.0
62.591192 29.769426 1371049636000 85.0
62.591118 29.769459 1371049638000 84.0
62.591051 29.769514 1371049640000 85.0
62.590983 29.769557 1371049642000 85.0
62.59091 29.769569 1371049644000 84.0
62.590846 29.769614 1371049646000 84.0
62.590779 29.769667 1371049648000 84.0
62.59071 29.769715 1371049650000 85.0
62.59064 29.769757 1371049652000 86.0
62.590576 29.76979 1371049654000 85.0
62.59052 29.769824 1371049656000 86.0
62.590468 29.769844 1371049658000 86.0
62.590405 29.769863 1371049660000 86.0
62.590343 29.769891 1371049662000 86.0
62.590284 29.769922 1371049664000 86.0
62.59024 29.769945 1371049666000 86.0
62.5902 29.769989 1371049668000 86.0
62.590165 29.770047 1371049670000 86.0
62.590112 29.770092 1371049672000 85.0
62.590047 29.7701 1371049674000 85.0
62.589974 29.770112 1371049676000 85.0
62.589886 29.770169 1371049678000 85.0
62.589797 29.77023 1371049680000 85.0
62.589706 29.770295 1371049682000 85.0
62.58958 29.770372 1371049684000 85.0
62.589505 29.770314 1371049686000 86.0
62.589451 29.770279 1371049688000 86.0
62.589402 29.770314 1371049690000 86.0
62.589255 29.770359 1371049692000 86.0
62.589168 29.770409 1371049694000 86.0
62.589103 29.770415 1371049696000 85.0
62.589034 29.77043 1371049698000 86.0
62.588957 29.77047 1371049700000 86.0
62.588883 29.770518 1371049702000 85.0
62.588846 29.770574 1371049704000 86.0
62.588766 29.770567 1371049706000 86.0
62.588699 29.770677 1371049708000 85.0
62.58863 29.770698 1371049710000 84.0
62.588572 29.77074 1371049712000 86.0
62.588516 29.770757 1371049714000 87.0
62.588465 29.770781 1371049716000 89.0
62.588419 29.77081 1371049718000 88.0
62.588376 29.770829 1371049720000 88.0
62.588332 29.770834 1371049722000 87.0
62.588271 29.770856 1371049724000 87.0
62.588192 29.770921 1371049726000 88.0
62.588102 29.770981 1371049728000 86.0
62.588012 29.771029 1371049730000 87.0
62.587926 29.771079 1371049732000 87.0
62.587841 29.771134 1371049734000 87.0
62.587762 29.771203 1371049736000 87.0
62.587683 29.771258 1371049738000 87.0
62.587605 29.771304 1371049740000 87.0
62.587542 29.771354 1371049742000 88.0
62.587483 29.771399 1371049744000 87.0
62.587422 29.771428 1371049746000 87.0
62.587361 29.771449 1371049748000 87.0
62.587308 29.771455 1371049750000 87.0
62.58725 29.771463 1371049752000 85.0
62.587189 29.771484 1371049754000 84.0
62.587129 29.771528 1371049756000 84.0
62.587066 29.771563 1371049758000 84.0
62.587017 29.771577 1371049760000 84.0
62.586969 29.771607 1371049762000 84.0
62.586912 29.771647 1371049764000 84.0
62.586844 29.771685 1371049766000 84.0
62.586778 29.771708 1371049768000 84.0
62.586731 29.771735 1371049770000 83.0
62.586692 29.771774 1371049772000 83.0
62.58667 29.771797 1371049774000 83.0
62.586651 29.771823 1371049776000 82.0
62.586643 29.771847 1371049778000 81.0
62.586635 29.771863 1371049780000 81.0
62.586628 29.771874 1371049782000 82.0
62.586628 29.771874 1371049784000 83.0
62.586628 29.771874 1371049786000 83.0
62.586628 29.771874 1371049788000 82.0
62.586628 29.771874 1371049790000 82.0
62.586637 29.77183 1371049792000 82.0
62.586623 29.771799 1371049794000 81.0
62.586595 29.771785 1371049796000 82.0
62.586562 29.771787 1371049798000 81.0
62.586536 29.771771 1371049800000 81.0
62.586508 29.771766 1371049802000 79.0
62.586479 29.771776 1371049804000 81.0
62.586436 29.771815 1371049806000 82.0
62.586391 29.771819 1371049808000 82.0
62.586367 29.771775 1371049810000 80.0
62.58635 29.771701 1371049812000 80.0
62.586316 29.771628 1371049814000 80.0
62.586279 29.771566 1371049816000 81.0
62.586246 29.771504 1371049818000 81.0
62.586214 29.771436 1371049820000 81.0
62.586164 29.771358 1371049822000 73.0
62.586109 29.771287 1371049824000 74.0
62.586053 29.77121 1371049826000 79.0
62.586001 29.771131 1371049828000 81.0
62.585954 29.771079 1371049830000 83.0
62.585917 29.771031 1371049832000 85.0
62.585873 29.770957 1371049834000 84.0
62.585818 29.770885 1371049836000 84.0
62.585768 29.77082 1371049838000 83.0
62.585719 29.770745 1371049840000 84.0
62.585673 29.770664 1371049842000 85.0
62.585628 29.770586 1371049844000 84.0
62.585576 29.770507 1371049846000 85.0
62.585522 29.770436 1371049848000 82.0
62.58548 29.770369 1371049850000 81.0
62.585447 29.770317 1371049852000 82.0
62.585415 29.770257 1371049854000 81.0
62.585373 29.77018 1371049856000 81.0
62.585314 29.770095 1371049858000 80.0
62.58525 29.770003 1371049860000 77.0
62.585172 29.769906 1371049862000 76.0
62.58511 29.769823 1371049864000 76.0
62.585048 29.76975 1371049866000 76.0
62.584998 29.769686 1371049868000 77.0
62.584952 29.769614 1371049870000 77.0
62.584912 29.769526 1371049872000 77.0
62.58488 29.769444 1371049874000 77.0
62.584847 29.769349 1371049876000 78.0
62.584803 29.769283 1371049878000 78.0
62.584745 29.769277 1371049880000 78.0
62.584684 29.769289 1371049882000 78.0
62.584592 29.769287 1371049885000 79.0
62.584559 29.769293 1371049886000 79.0
62.584498 29.769319 1371049888000 79.0
62.584431 29.769335 1371049890000 78.0
62.584359 29.76932 1371049892000 79.0
62.584287 29.769288 1371049894000 79.0
62.584218 29.769253 1371049896000 79.0
62.584139 29.769193 1371049898000 75.0
62.584052 29.769117 1371049900000 76.0
62.583969 29.769048 1371049902000 76.0
62.583895 29.76898 1371049904000 76.0
62.583821 29.768908 1371049906000 76.0
62.583746 29.768835 1371049908000 76.0
62.583676 29.768765 1371049910000 74.0
62.583608 29.768702 1371049912000 74.0
62.583542 29.76865 1371049914000 76.0
62.58348 29.768605 1371049916000 76.0
62.583422 29.768583 1371049918000 76.0
62.58338 29.768571 1371049920000 76.0
62.583346 29.768553 1371049922000 76.0
62.583313 29.768516 1371049924000 76.0
62.583275 29.768459 1371049926000 75.0
62.583226 29.768403 1371049928000 75.0
62.583177 29.768357 1371049930000 75.0
62.583117 29.768303 1371049932000 75.0
62.583054 29.768251 1371049934000 75.0
62.582997 29.768213 1371049936000 75.0
62.58294 29.768178 1371049938000 75.0
62.582881 29.768143 1371049940000 73.0
62.582813 29.768114 1371049942000 72.0
62.582746 29.768081 1371049944000 73.0
62.582681 29.768047 1371049946000 73.0
62.582612 29.768004 1371049948000 73.0
62.582534 29.767957 1371049950000 73.0
62.582442 29.767899 1371049952000 71.0
62.582351 29.76783 1371049954000 71.0
62.582265 29.767759 1371049956000 71.0
62.582185 29.767688 1371049958000 71.0
62.582086 29.767573 1371049960000 70.0
62.581997 29.767483 1371049962000 70.0
62.581964 29.767427 1371049964000 70.0
62.58189 29.767324 1371049966000 70.0
62.581824 29.767233 1371049968000 70.0
62.581778 29.767163 1371049970000 70.0
62.581686 29.767127 1371049972000 69.0
62.581603 29.767067 1371049974000 70.0
62.58147 29.767041 1371049976000 70.0
62.581392 29.766954 1371049978000 70.0
62.581311 29.766872 1371049980000 70.0
62.581253 29.766845 1371049982000 71.0
62.581231 29.766777 1371049984000 71.0
62.581166 29.76672 1371049986000 70.0
62.58112 29.766669 1371049988000 70.0
62.581079 29.766674 1371049990000 70.0
62.581056 29.76668 1371049992000 70.0
62.581034 29.766702 1371049994000 70.0
62.580997 29.76672 1371049996000 67.0
62.580947 29.766728 1371049998000 67.0
62.580895 29.766719 1371050000000 67.0
62.580847 29.766701 1371050002000 67.0
62.580799 29.766689 1371050004000 67.0
62.580755 29.766669 1371050006000 68.0
62.580717 29.766616 1371050008000 68.0
62.580696 29.766528 1371050010000 67.0
62.580696 29.766386 1371050012000 69.0
62.580727 29.766228 1371050014000 70.0
62.580763 29.766079 1371050016000 69.0
62.580819 29.765954 1371050018000 71.0
62.580868 29.765867 1371050020000 70.0
62.580902 29.765799 1371050022000 70.0
62.580909 29.765701 1371050024000 70.0
62.580898 29.765585 1371050026000 70.0
62.580874 29.765479 1371050028000 71.0
62.580849 29.765386 1371050030000 70.0
62.580824 29.765286 1371050032000 70.0
62.580799 29.765183 1371050034000 68.0
62.580745 29.765056 1371050036000 70.0
62.580684 29.764923 1371050038000 72.0
62.580686 29.764836 1371050040000 70.0
62.58072 29.7648 1371050042000 70.0
62.580763 29.764819 1371050044000 67.0
62.580806 29.764873 1371050046000 68.0
62.580828 29.764932 1371050048000 67.0
62.580838 29.764983 1371050050000 67.0
62.580838 29.764983 1371050052000 67.0
62.580847 29.765001 1371050054000 66.0
62.580851 29.764997 1371050056000 66.0
62.580851 29.764987 1371050058000 66.0
62.580851 29.764968 1371050060000 66.0
62.580848 29.764939 1371050062000 66.0
62.580816 29.764927 1371050064000 70.0
62.580777 29.764948 1371050066000 71.0
62.580741 29.764978 1371050068000 74.0
62.580713 29.765007 1371050070000 73.0
62.580696 29.765038 1371050072000 73.0
62.580687 29.765085 1371050078000 75.0
62.580696 29.765085 1371050080000 74.0
62.580696 29.765085 1371050082000 72.0
62.580711 29.765105 1371050084000 72.0
62.580711 29.765105 1371050086000 71.0
62.580721 29.765129 1371050088000 71.0
62.580727 29.765139 1371050090000 71.0
62.580729 29.765137 1371050092000 72.0
62.580728 29.765143 1371050094000 72.0
62.580738 29.765136 1371050096000 71.0
62.580733 29.765131 1371050098000 72.0
62.580716 29.765113 1371050100000 71.0
62.580712 29.765108 1371050102000 72.0
62.580711 29.765109 1371050104000 71.0
62.580714 29.765111 1371050106000 72.0
62.580722 29.765114 1371050108000 72.0
62.580727 29.765118 1371050110000 72.0
62.580727 29.765118 1371050112000 72.0
62.580727 29.765118 1371050114000 72.0
62.580727 29.765118 1371050116000 72.0
62.580744 29.765105 1371050118000 72.0
62.580744 29.765105 1371050120000 72.0
62.580768 29.765115 1371050122000 72.0
62.580782 29.765089 1371050124000 72.0
62.580799 29.765026 1371050126000 73.0
62.580797 29.76496 1371050128000 73.0
62.580791 29.764878 1371050130000 73.0
62.580753 29.764823 1371050132000 73.0
62.580701 29.764781 1371050134000 72.0
62.580657 29.764767 1371050136000 73.0
62.580623 29.764808 1371050138000 72.0
62.580627 29.76487 1371050140000 73.0
62.580646 29.764944 1371050143000 73.0
62.580665 29.764987 1371050145000 73.0
62.580683 29.765014 1371050147000 73.0
62.580699 29.765036 1371050149000 73.0
62.58071 29.76507 1371050151000 73.0
62.580714 29.765098 1371050153000 72.0
62.580711 29.76512 1371050155000 72.0
62.580714 29.765119 1371050157000 72.0
62.580714 29.765119 1371050159000 72.0
62.580723 29.765097 1371050161000 72.0
62.580726 29.765082 1371050163000 72.0
62.580731 29.765053 1371050165000 72.0
62.580743 29.765027 1371050167000 73.0
62.580755 29.765019 1371050169000 73.0
62.580762 29.765038 1371050171000 74.0
62.580765 29.765068 1371050173000 74.0
62.580766 29.765081 1371050175000 74.0
62.580766 29.765081 1371050177000 74.0
62.580766 29.765081 1371050179000 74.0
62.580759 29.765131 1371050181000 74.0
62.58075 29.765161 1371050183000 74.0
62.580745 29.765167 1371050185000 75.0
62.580745 29.765167 1371050187000 75.0
62.580742 29.765189 1371050189000 75.0
62.580752 29.765191 1371050191000 75.0
62.580752 29.765191 1371050193000 75.0
62.580752 29.765191 1371050195000 76.0
62.580758 29.765162 1371050197000 76.0
62.580758 29.765162 1371050199000 76.0
62.580762 29.765144 1371050201000 76.0
62.580772 29.765139 1371050203000 76.0
62.580788 29.765135 1371050205000 77.0
62.580798 29.765159 1371050207000 76.0
62.580803 29.765192 1371050209000 77.0
62.580811 29.765213 1371050211000 77.0
62.580819 29.765234 1371050213000 78.0
62.580825 29.765251 1371050215000 79.0
62.580827 29.765255 1371050217000 78.0
62.580831 29.765234 1371050219000 78.0
62.58084 29.765211 1371050221000 78.0
62.580846 29.765215 1371050223000 77.0
62.580856 29.765229 1371050225000 78.0
62.580867 29.765227 1371050227000 78.0
62.580881 29.765225 1371050229000 78.0
62.580889 29.765218 1371050231000 78.0
62.580897 29.765203 1371050233000 79.0
62.580906 29.765187 1371050235000 79.0
62.580907 29.765168 1371050237000 79.0
62.580908 29.765139 1371050239000 79.0
62.580912 29.765112 1371050241000 77.0
62.580926 29.765094 1371050243000 77.0
62.580942 29.765087 1371050245000 77.0
62.580957 29.765104 1371050247000 77.0
62.580963 29.765119 1371050249000 77.0
62.580962 29.765118 1371050251000 77.0
62.580954 29.765076 1371050253000 77.0
62.580939 29.765046 1371050255000 78.0
62.580923 29.765051 1371050257000 78.0
62.58092 29.765078 1371050259000 78.0
62.580918 29.7651 1371050261000 78.0
62.58091 29.765128 1371050263000 77.0
62.580899 29.765166 1371050265000 77.0
62.580892 29.765188 1371050267000 78.0
62.580891 29.76521 1371050269000 77.0
62.580886 29.765217 1371050271000 76.0
62.580868 29.76522 1371050273000 77.0
62.580872 29.765216 1371050275000 77.0
62.580882 29.765219 1371050277000 79.0
62.580882 29.765219 1371050279000 81.0
62.580905 29.76525 1371050281000 81.0
62.580909 29.765247 1371050283000 80.0
62.580911 29.765229 1371050285000 82.0
62.580916 29.76522 1371050287000 82.0
62.580916 29.76522 1371050289000 82.0
62.580943 29.765206 1371050291000 82.0
62.580953 29.765182 1371050293000 82.0
62.580962 29.765171 1371050295000 82.0
62.580977 29.765173 1371050297000 81.0
62.58099 29.765184 1371050299000 81.0
62.581 29.765186 1371050301000 81.0
62.581009 29.765169 1371050303000 81.0
62.581013 29.765115 1371050305000 80.0
62.58101 29.765063 1371050307000 80.0
62.580995 29.765031 1371050309000 79.0
62.580978 29.765025 1371050311000 79.0
62.580962 29.765009 1371050313000 79.0
62.580946 29.764994 1371050315000 80.0
62.580939 29.765005 1371050317000 80.0
62.580928 29.765017 1371050319000 78.0
62.580916 29.765026 1371050321000 78.0
62.580906 29.765035 1371050323000 78.0
62.580905 29.765054 1371050325000 78.0
62.580903 29.765077 1371050327000 78.0
62.580903 29.765099 1371050329000 78.0
62.580894 29.765105 1371050331000 78.0
62.580879 29.765116 1371050333000 78.0
62.580874 29.765135 1371050335000 78.0
62.580877 29.765155 1371050337000 78.0
62.580885 29.765165 1371050339000 78.0
62.58089 29.76516 1371050341000 77.0
62.580895 29.765153 1371050343000 78.0
62.5809 29.765155 1371050345000 77.0
62.580902 29.765154 1371050347000 77.0
62.580902 29.765156 1371050349000 77.0
62.580909 29.765143 1371050351000 76.0
62.580925 29.765118 1371050353000 76.0
62.580935 29.765089 1371050355000 76.0
62.580943 29.765049 1371050357000 76.0
62.580944 29.765015 1371050359000 76.0
62.580947 29.764994 1371050361000 76.0
62.580945 29.764986 1371050363000 75.0
62.580946 29.76498 1371050365000 75.0
62.580954 29.764956 1371050367000 75.0
62.580957 29.764926 1371050369000 75.0
62.580958 29.764897 1371050371000 73.0
62.580962 29.764875 1371050373000 73.0
62.580973 29.764855 1371050375000 73.0
62.580977 29.764836 1371050377000 73.0
62.580978 29.764835 1371050379000 73.0
62.580986 29.764863 1371050381000 74.0
62.580981 29.764909 1371050383000 74.0
62.580963 29.764961 1371050385000 74.0
62.580938 29.765009 1371050387000 74.0
62.580914 29.765043 1371050389000 74.0
62.580897 29.765062 1371050391000 73.0
62.580885 29.765073 1371050393000 73.0
62.580886 29.765076 1371050395000 73.0
62.580898 29.765075 1371050397000 73.0
62.580919 29.76506 1371050399000 74.0
62.58093 29.765051 1371050401000 74.0
62.58093 29.765054 1371050403000 74.0
62.580904 29.765066 1371050405000 74.0
62.580877 29.765086 1371050407000 74.0
62.580858 29.765118 1371050409000 74.0
62.580853 29.76514 1371050411000 72.0
62.580851 29.76516 1371050413000 72.0
62.580856 29.765177 1371050415000 73.0
62.580864 29.765194 1371050417000 73.0
62.580866 29.765213 1371050419000 73.0
62.580869 29.765219 1371050421000 73.0
62.580869 29.765219 1371050423000 73.0
62.580892 29.765197 1371050425000 73.0
62.580906 29.765192 1371050427000 73.0
62.580922 29.765178 1371050429000 74.0
62.58093 29.76517 1371050431000 74.0
62.580941 29.765157 1371050433000 75.0
62.580944 29.765142 1371050435000 74.0
62.580937 29.765122 1371050437000 73.0
62.580937 29.765122 1371050439000 72.0
62.580937 29.765122 1371050441000 72.0
62.580937 29.765122 1371050443000 73.0
62.580916 29.765043 1371050445000 73.0
62.580912 29.765037 1371050447000 72.0
62.580912 29.765037 1371050449000 73.0
62.580884 29.76501 1371050451000 73.0
62.580887 29.765022 1371050453000 73.0
62.580888 29.765057 1371050455000 73.0
62.580877 29.7651 1371050457000 72.0
62.580855 29.765133 1371050459000 72.0
62.580836 29.765171 1371050461000 73.0
62.580819 29.765187 1371050463000 72.0
62.580814 29.765179 1371050465000 72.0
62.580812 29.76517 1371050467000 72.0
62.580808 29.765144 1371050469000 72.0
62.580802 29.765129 1371050471000 72.0
62.580785 29.765138 1371050473000 73.0
62.580773 29.765177 1371050475000 75.0
62.580775 29.765193 1371050477000 75.0
62.580782 29.765195 1371050479000 75.0
62.580821 29.765182 1371050481000 77.0
62.580836 29.765161 1371050483000 76.0
62.580844 29.765132 1371050485000 76.0
62.580854 29.765114 1371050487000 77.0
62.580828 29.765077 1371050489000 78.0
62.580799 29.765028 1371050491000 79.0
62.580774 29.765003 1371050493000 79.0
62.580755 29.764991 1371050495000 79.0
62.580737 29.764977 1371050497000 79.0
62.580725 29.76495 1371050499000 78.0
62.580714 29.764918 1371050501000 79.0
62.580709 29.764871 1371050503000 79.0
62.580704 29.764828 1371050505000 80.0
62.580702 29.7648 1371050507000 80.0
62.580705 29.764791 1371050509000 81.0
62.580704 29.764788 1371050511000 80.0
62.580704 29.764788 1371050513000 80.0
62.580701 29.764826 1371050515000 79.0
62.580693 29.764855 1371050517000 79.0
62.58068 29.764876 1371050519000 79.0
62.58068 29.764876 1371050521000 78.0
62.58068 29.764876 1371050523000 78.0
62.58068 29.764876 1371050525000 78.0
62.58068 29.764876 1371050527000 78.0
62.58068 29.764876 1371050529000 78.0
62.58068 29.764876 1371050531000 77.0
62.58068 29.764876 1371050533000 77.0
62.58068 29.764876 1371050535000 77.0
62.58068 29.764876 1371050537000 77.0
62.580661 29.764909 1371050539000 77.0
62.580659 29.764908 1371050541000 78.0
62.580659 29.764905 1371050543000 78.0
62.580659 29.764905 1371050545000 76.0
62.580651 29.764932 1371050547000 75.0
62.580651 29.764932 1371050549000 76.0
62.580651 29.764932 1371050551000 76.0
62.580688 29.764991 1371050553000 76.0
62.580731 29.764994 1371050555000 75.0
62.580758 29.764971 1371050557000 75.0
62.580768 29.764938 1371050559000 76.0
62.58077 29.764924 1371050561000 77.0
62.580756 29.764919 1371050563000 77.0
62.580736 29.764924 1371050565000 77.0
62.580715 29.764926 1371050567000 77.0
62.580704 29.764937 1371050569000 77.0
62.580688 29.764945 1371050571000 77.0
62.580672 29.764927 1371050573000 77.0
62.580652 29.764894 1371050575000 76.0
62.580634 29.764861 1371050577000 76.0
62.580614 29.764829 1371050579000 76.0
62.580597 29.764809 1371050581000 78.0
62.580582 29.764796 1371050583000 78.0
62.58057 29.764793 1371050585000 78.0
62.580566 29.764799 1371050587000 78.0
62.580571 29.764798 1371050589000 78.0
62.580569 29.764794 1371050591000 76.0
62.580561 29.764791 1371050593000 74.0
62.580559 29.764785 1371050595000 75.0
62.580559 29.76479 1371050597000 75.0
62.580559 29.764795 1371050599000 75.0
62.580558 29.764795 1371050601000 75.0
62.580553 29.764805 1371050603000 74.0
62.580553 29.764805 1371050605000 75.0
62.580553 29.764805 1371050607000 75.0
62.580553 29.764805 1371050609000 75.0
62.580553 29.764805 1371050611000 75.0
62.580588 29.76483 1371050613000 74.0
62.580607 29.76484 1371050615000 74.0
62.580625 29.764874 1371050617000 74.0
62.58064 29.764906 1371050619000 74.0
62.580655 29.764928 1371050621000 74.0
62.580661 29.764937 1371050623000 74.0
62.580658 29.764945 1371050625000 74.0
62.580658 29.764945 1371050627000 74.0
62.580658 29.764945 1371050629000 74.0
62.580658 29.764945 1371050631000 74.0
62.580658 29.764945 1371050633000 74.0
62.580658 29.764945 1371050635000 74.0
62.580658 29.764945 1371050637000 73.0
62.580643 29.764948 1371050639000 73.0
62.580637 29.764953 1371050641000 73.0
62.580632 29.764982 1371050643000 73.0
62.580636 29.764992 1371050645000 72.0
62.580636 29.764992 1371050647000 72.0
62.580646 29.764952 1371050649000 72.0
62.580651 29.764947 1371050651000 71.0
62.580651 29.764947 1371050653000 70.0
62.580665 29.764918 1371050655000 70.0
62.580673 29.764927 1371050657000 72.0
62.580681 29.764915 1371050659000 72.0
62.580681 29.764915 1371050661000 73.0
62.580681 29.764915 1371050663000 73.0
62.580681 29.764915 1371050665000 73.0
62.580705 29.764894 1371050667000 74.0
62.580714 29.764884 1371050669000 74.0
62.580722 29.764848 1371050671000 75.0
62.580732 29.764801 1371050673000 75.0
62.580736 29.764758 1371050675000 75.0
62.580738 29.764728 1371050677000 74.0
62.58074 29.764691 1371050679000 74.0
62.580734 29.764658 1371050681000 76.0
62.580717 29.764644 1371050683000 78.0
62.580692 29.76464 1371050685000 77.0
62.580692 29.76464 1371050687000 77.0
62.580692 29.76464 1371050689000 76.0
62.580692 29.76464 1371050691000 77.0
62.580692 29.76464 1371050693000 76.0
62.58066 29.764712 1371050695000 76.0
62.58066 29.764712 1371050697000 76.0
62.58066 29.764712 1371050699000 76.0
62.58066 29.764712 1371050701000 76.0
62.58066 29.764712 1371050703000 76.0
62.58066 29.764712 1371050705000 75.0
62.58066 29.764712 1371050707000 75.0
62.58066 29.764712 1371050709000 75.0
62.580689 29.764724 1371050711000 74.0
62.580709 29.76472 1371050713000 74.0
62.580729 29.7647 1371050715000 74.0
62.580729 29.764673 1371050717000 74.0
62.580725 29.764666 1371050719000 72.0
62.58071 29.764684 1371050721000 72.0
62.58069 29.764729 1371050723000 72.0
62.580657 29.764776 1371050725000 72.0
62.580628 29.76481 1371050727000 72.0
62.580624 29.764836 1371050729000 72.0
62.580626 29.764873 1371050731000 72.0
62.58063 29.764874 1371050733000 72.0
62.580647 29.764856 1371050735000 72.0
62.580667 29.764823 1371050737000 72.0
62.580686 29.764802 1371050739000 71.0
62.580692 29.764812 1371050741000 73.0
62.580687 29.764819 1371050743000 75.0
62.580661 29.764821 1371050745000 77.0
62.580646 29.764831 1371050747000 76.0
62.580639 29.764842 1371050749000 76.0
62.580647 29.76484 1371050751000 76.0
62.580658 29.76485 1371050753000 76.0
62.580665 29.764882 1371050755000 75.0
62.58066 29.764894 1371050757000 76.0
62.580646 29.764873 1371050759000 77.0
62.580647 29.764835 1371050761000 77.0
62.580652 29.764812 1371050763000 77.0
62.580664 29.764792 1371050765000 77.0
62.580661 29.764767 1371050767000 77.0
62.580647 29.764748 1371050769000 76.0
62.580636 29.764739 1371050771000 76.0
62.580635 29.764767 1371050773000 75.0
62.580639 29.764815 1371050775000 75.0
62.580638 29.764825 1371050777000 75.0
62.580627 29.76483 1371050779000 75.0
62.580621 29.764839 1371050781000 76.0
62.580612 29.76483 1371050783000 77.0
62.580602 29.76482 1371050785000 77.0
62.580595 29.764825 1371050787000 77.0
62.580587 29.764858 1371050789000 77.0
62.580575 29.764894 1371050791000 77.0
62.580564 29.764944 1371050793000 76.0
62.580556 29.765001 1371050795000 76.0
62.580552 29.765047 1371050797000 76.0
62.580546 29.765057 1371050799000 76.0
62.580526 29.765079 1371050801000 76.0
62.580487 29.765095 1371050803000 75.0
62.580456 29.765111 1371050805000 75.0
62.580426 29.765133 1371050807000 75.0
62.580403 29.765126 1371050809000 76.0
62.580377 29.765147 1371050811000 75.0
62.58035 29.765172 1371050813000 75.0
62.580325 29.765158 1371050815000 76.0
62.58031 29.76513 1371050817000 76.0
62.58031 29.765123 1371050819000 75.0
62.58031 29.765123 1371050821000 75.0
62.580327 29.765142 1371050823000 75.0
62.580327 29.765142 1371050825000 75.0
62.580327 29.765142 1371050827000 75.0
62.580327 29.765142 1371050829000 75.0
62.580327 29.765142 1371050831000 75.0
62.580323 29.765152 1371050833000 74.0
62.580323 29.765152 1371050835000 74.0
62.580355 29.765191 1371050837000 73.0
62.580375 29.765207 1371050839000 73.0
62.580376 29.765212 1371050841000 73.0
62.580356 29.76523 1371050843000 74.0
62.580334 29.765257 1371050845000 74.0
62.580305 29.7653 1371050847000 74.0
62.580259 29.765346 1371050849000 75.0
62.58021 29.765388 1371050851000 76.0
62.580179 29.765422 1371050853000 76.0
62.580176 29.765449 1371050855000 76.0
62.580178 29.765479 1371050857000 76.0
62.580167 29.765517 1371050859000 76.0
62.580155 29.765552 1371050861000 76.0
62.580148 29.765579 1371050863000 76.0
62.58015 29.765592 1371050865000 76.0
62.580138 29.765631 1371050867000 77.0
62.580115 29.765669 1371050869000 77.0
62.58009 29.765703 1371050871000 77.0
62.580071 29.765723 1371050873000 77.0
62.580047 29.765735 1371050875000 78.0
62.580024 29.765749 1371050877000 79.0
62.580008 29.765769 1371050879000 80.0
62.579995 29.765804 1371050881000 79.0
62.579975 29.765845 1371050883000 82.0
62.579963 29.765879 1371050885000 81.0
62.579958 29.765895 1371050887000 79.0
62.579943 29.765922 1371050889000 80.0
62.579927 29.765972 1371050891000 80.0
62.57992 29.765995 1371050893000 80.0
62.579915 29.765993 1371050895000 79.0
62.579927 29.765983 1371050897000 77.0
62.579927 29.765983 1371050899000 78.0
62.579974 29.765964 1371050901000 77.0
62.579974 29.765964 1371050903000 77.0
62.579984 29.76594 1371050905000 77.0
62.579984 29.76594 1371050907000 77.0
62.579984 29.76594 1371050909000 76.0
62.579984 29.76594 1371050911000 76.0
62.579975 29.765959 1371050913000 76.0
62.579975 29.765959 1371050915000 76.0
62.579993 29.765965 1371050917000 76.0
62.580009 29.765962 1371050919000 76.0
62.58002 29.765951 1371050921000 76.0
62.580001 29.76595 1371050923000 77.0
62.579985 29.765938 1371050925000 78.0
62.579981 29.765918 1371050927000 77.0
62.579984 29.765914 1371050929000 76.0
62.579985 29.76592 1371050931000 77.0
62.579985 29.765921 1371050933000 77.0
62.579985 29.765882 1371050935000 77.0
62.579994 29.765856 1371050937000 76.0
62.580007 29.765849 1371050939000 77.0
62.580016 29.765848 1371050941000 77.0
62.580016 29.765833 1371050943000 77.0
62.580017 29.76583 1371050945000 77.0
62.580019 29.765876 1371050947000 79.0
62.580021 29.765939 1371050949000 79.0
62.580022 29.765983 1371050951000 79.0
62.580028 29.766004 1371050953000 78.0
62.580032 29.766022 1371050955000 77.0
62.580027 29.766034 1371050957000 78.0
62.580026 29.766031 1371050959000 78.0
62.580026 29.766031 1371050961000 79.0
62.580026 29.766031 1371050963000 78.0
62.580026 29.766031 1371050965000 78.0
62.580026 29.766031 1371050967000 79.0
62.580026 29.766031 1371050969000 80.0
62.580026 29.766031 1371050971000 80.0
62.580026 29.766031 1371050973000 80.0
62.580026 29.766031 1371050975000 80.0
62.580026 29.766031 1371050977000 80.0
62.580026 29.766031 1371050979000 80.0
62.580026 29.766031 1371050981000 80.0
62.580026 29.766031 1371050983000 80.0
62.580026 29.766031 1371050985000 80.0
62.580026 29.766031 1371050987000 80.0
62.580026 29.766031 1371050989000 80.0
62.580026 29.766031 1371050991000 80.0
62.580026 29.766031 1371050993000 80.0
62.580026 29.766031 1371050995000 81.0
62.580026 29.766031 1371050997000 81.0
62.580026 29.766031 1371050999000 81.0
62.580042 29.766006 1371051001000 80.0
62.580051 29.765987 1371051003000 78.0
62.580053 29.765994 1371051005000 79.0
62.580053 29.765994 1371051007000 79.0
62.580053 29.765994 1371051009000 79.0
62.580053 29.765994 1371051011000 78.0
62.580053 29.765994 1371051013000 78.0
62.580053 29.765994 1371051015000 78.0
62.580053 29.765994 1371051017000 77.0
62.580053 29.765994 1371051019000 77.0
62.580053 29.765994 1371051021000 77.0
62.580053 29.765994 1371051023000 77.0
62.580053 29.765994 1371051025000 77.0
62.580053 29.765994 1371051027000 78.0
62.580053 29.765994 1371051029000 79.0
62.580053 29.765994 1371051031000 79.0
62.580053 29.765994 1371051033000 79.0
62.580053 29.765994 1371051035000 79.0
62.580053 29.765994 1371051037000 79.0
62.580053 29.765994 1371051039000 79.0
62.580053 29.765994 1371051041000 79.0
62.580053 29.765994 1371051043000 79.0
62.580048 29.766013 1371051045000 79.0
62.580048 29.766013 1371051047000 79.0
62.580048 29.766013 1371051049000 79.0
62.580048 29.766013 1371051051000 80.0
62.580048 29.766013 1371051053000 80.0
62.580048 29.766013 1371051055000 79.0
62.580048 29.766013 1371051057000 80.0
62.580048 29.766013 1371051059000 80.0
62.580048 29.766013 1371051061000 80.0
62.580048 29.766013 1371051063000 80.0
62.580048 29.766013 1371051065000 79.0
62.580048 29.766013 1371051067000 79.0
62.580048 29.766013 1371051069000 79.0
62.580048 29.766013 1371051071000 79.0
62.580048 29.766013 1371051073000 79.0
62.580048 29.766013 1371051075000 79.0
62.580048 29.766013 1371051077000 79.0
62.580013 29.765975 1371051079000 80.0
62.580013 29.765982 1371051081000 79.0
62.580013 29.765982 1371051083000 79.0
62.580013 29.765982 1371051085000 78.0
62.580013 29.765982 1371051087000 78.0
62.580013 29.765982 1371051089000 78.0
62.580013 29.765982 1371051091000 78.0
62.580013 29.765982 1371051093000 78.0
62.57999 29.765966 1371051095000 78.0
62.579981 29.76595 1371051097000 78.0
62.579982 29.765946 1371051099000 77.0
62.580004 29.765932 1371051101000 77.0
62.580023 29.765919 1371051103000 77.0
62.580033 29.765922 1371051105000 78.0
62.58004 29.765948 1371051107000 78.0
62.580033 29.765996 1371051109000 78.0
62.580033 29.765996 1371051111000 78.0
62.580033 29.765996 1371051113000 78.0
62.580033 29.765996 1371051115000 77.0
62.580033 29.765996 1371051117000 77.0
62.580033 29.765996 1371051119000 77.0
62.580033 29.765996 1371051121000 77.0
62.580033 29.765996 1371051123000 77.0
62.580033 29.765996 1371051125000 77.0
62.580033 29.765996 1371051127000 78.0
62.580033 29.765996 1371051129000 78.0
62.580033 29.765996 1371051131000 77.0
62.580033 29.765996 1371051133000 77.0
62.580033 29.765996 1371051135000 77.0
62.580033 29.765996 1371051137000 77.0
62.580033 29.765996 1371051139000 77.0
62.580033 29.765996 1371051141000 77.0
62.580033 29.765996 1371051143000 77.0
62.580033 29.765996 1371051145000 77.0
62.580033 29.765996 1371051147000 77.0
62.579987 29.765979 1371051149000 78.0
62.579972 29.765982 1371051151000 79.0
62.579953 29.766002 1371051153000 80.0
62.579942 29.766024 1371051155000 80.0
62.579934 29.766031 1371051157000 81.0
62.579932 29.766032 1371051159000 82.0
62.579938 29.766 1371051161000 81.0
62.579938 29.766 1371051163000 82.0
62.579938 29.766 1371051165000 81.0
62.579938 29.766 1371051167000 81.0
62.579938 29.766 1371051169000 80.0
62.579938 29.766 1371051171000 80.0
62.579938 29.766 1371051173000 80.0
62.579938 29.766 1371051175000 80.0
62.579938 29.766 1371051177000 80.0
62.579971 29.765974 1371051179000 80.0
62.57997 29.765978 1371051181000 83.0
62.57997 29.765978 1371051183000 85.0
62.57997 29.765978 1371051185000 85.0