62.615346 29.742904 1372955495000 83.0
62.615346 29.742904 1372955497000 83.0
62.615338 29.742906 1372955499000 83.0
62.61534 29.742931 1372955502000 84.0
62.615319 29.743038 1372955504000 85.0
62.615318 29.743123 1372955506000 85.0
62.615343 29.743158 1372955508000 86.0
62.615359 29.743164 1372955510000 86.0
62.615364 29.743194 1372955512000 85.0
62.615368 29.743281 1372955514000 85.0
62.615375 29.743416 1372955516000 86.0
62.615391 29.743546 1372955518000 85.0
62.615403 29.74369 1372955520000 84.0
62.615409 29.743845 1372955522000 84.0
62.615424 29.744003 1372955525000 84.0
62.615433 29.744148 1372955526000 84.0
62.615436 29.744284 1372955528000 84.0
62.615435 29.744424 1372955530000 84.0
62.61543 29.744545 1372955532000 85.0
62.615435 29.744673 1372955534000 85.0
62.615444 29.744809 1372955536000 85.0
62.615451 29.744943 1372955538000 85.0
62.61545 29.745086 1372955540000 86.0
62.615446 29.745223 1372955542000 85.0
62.615452 29.745362 1372955544000 85.0
62.615453 29.745507 1372955546000 85.0
62.615465 29.745649 1372955548000 84.0
62.61548 29.745783 1372955550000 83.0
62.615491 29.745875 1372955553000 83.0
62.615497 29.745963 1372955554000 84.0
62.615498 29.746074 1372955556000 84.0
62.615508 29.746208 1372955558000 84.0
62.615523 29.746342 1372955560000 84.0
62.615538 29.746474 1372955562000 84.0
62.615548 29.746604 1372955564000 85.0
62.615554 29.746736 1372955566000 85.0
62.615554 29.746865 1372955568000 84.0
62.615552 29.746988 1372955570000 84.0
62.615558 29.747107 1372955572000 84.0
62.615563 29.747232 1372955574000 85.0
62.615569 29.747365 1372955577000 86.0
62.615567 29.74751 1372955578000 86.0
62.615569 29.747638 1372955580000 85.0
62.615576 29.747767 1372955582000 85.0
62.615584 29.747902 1372955584000 85.0
62.615587 29.748025 1372955586000 84.0
62.615595 29.748113 1372955588000 86.0
62.615607 29.748199 1372955590000 86.0
62.615619 29.748299 1372955592000 87.0
62.615644 29.748433 1372955594000 87.0
62.615675 29.748584 1372955596000 88.0
62.615695 29.748728 1372955598000 88.0
62.615714 29.748848 1372955600000 88.0
62.615736 29.748955 1372955602000 87.0
62.615759 29.749078 1372955604000 86.0
62.615776 29.749245 1372955606000 87.0
62.615789 29.749372 1372955608000 86.0
62.615808 29.749479 1372955610000 87.0
62.615834 29.749561 1372955613000 87.0
62.615862 29.74962 1372955615000 87.0
62.61589 29.749681 1372955616000 87.0
62.615912 29.749772 1372955618000 86.0
62.615928 29.74987 1372955620000 87.0
62.61594 29.749968 1372955622000 88.0
62.615944 29.750076 1372955624000 87.0
62.615951 29.750199 1372955627000 88.0
62.615962 29.750301 1372955628000 88.0
62.615973 29.750396 1372955630000 87.0
62.615977 29.750494 1372955632000 87.0
62.615982 29.75059 1372955634000 87.0
62.61598 29.750677 1372955636000 87.0
62.615965 29.750739 1372955638000 88.0
62.615952 29.750827 1372955640000 89.0
62.61594 29.750927 1372955642000 87.0
62.615933 29.751028 1372955645000 88.0
62.615925 29.751153 1372955646000 89.0
62.615927 29.751266 1372955648000 89.0
62.615927 29.751381 1372955650000 88.0
62.615929 29.751478 1372955652000 88.0
62.615931 29.751561 1372955654000 88.0
62.615936 29.751638 1372955657000 87.0
62.615947 29.751724 1372955658000 88.0
62.615957 29.751808 1372955660000 89.0
62.615958 29.751892 1372955662000 89.0
62.61596 29.751969 1372955664000 89.0
62.61596 29.752064 1372955666000 89.0
62.615955 29.752187 1372955668000 89.0
62.615953 29.752318 1372955670000 89.0
62.615961 29.752439 1372955672000 90.0
62.615962 29.752575 1372955674000 90.0
62.615959 29.75275 1372955676000 90.0
62.615946 29.752894 1372955678000 90.0
62.615921 29.752991 1372955680000 91.0
62.615901 29.753093 1372955682000 91.0
62.61587 29.753224 1372955685000 91.0
62.615846 29.753331 1372955686000 91.0
62.615852 29.753415 1372955689000 92.0
62.615854 29.753487 1372955690000 92.0
62.615848 29.75359 1372955692000 92.0
62.615862 29.753694 1372955694000 93.0
62.615874 29.753785 1372955696000 92.0
62.615881 29.753882 1372955698000 93.0
62.615898 29.753968 1372955700000 94.0
62.615909 29.754066 1372955702000 93.0
62.61592 29.754179 1372955704000 93.0
62.615941 29.754295 1372955706000 93.0
62.615956 29.754417 1372955708000 93.0
62.615967 29.754518 1372955710000 92.0
62.615976 29.754617 1372955712000 92.0
62.615994 29.754707 1372955714000 92.0
62.616018 29.754804 1372955716000 91.0
62.616046 29.754886 1372955718000 91.0
62.616078 29.75496 1372955720000 92.0
62.616103 29.755034 1372955722000 92.0
62.616112 29.755118 1372955724000 92.0
62.616114 29.755208 1372955726000 92.0
62.616126 29.755307 1372955728000 92.0
62.616153 29.755426 1372955730000 92.0
62.616182 29.755537 1372955732000 92.0
62.616194 29.755639 1372955735000 93.0
62.616197 29.755749 1372955736000 93.0
62.616202 29.755855 1372955738000 92.0
62.616211 29.755964 1372955740000 93.0
62.616224 29.756072 1372955742000 91.0
62.616234 29.756176 1372955744000 92.0
62.616245 29.756305 1372955746000 93.0
62.616262 29.756433 1372955748000 94.0
62.616276 29.756528 1372955750000 94.0
62.616283 29.756607 1372955752000 94.0
62.616288 29.756702 1372955754000 94.0
62.616289 29.756806 1372955756000 93.0
62.616289 29.756897 1372955758000 93.0
62.616288 29.756974 1372955760000 93.0
62.61629 29.757063 1372955762000 93.0
62.616288 29.757151 1372955764000 93.0
62.616287 29.757236 1372955766000 93.0
62.616279 29.757324 1372955768000 93.0
62.616261 29.757412 1372955770000 92.0
62.616234 29.757493 1372955772000 92.0
62.616207 29.757568 1372955774000 91.0
62.616174 29.757633 1372955776000 91.0
62.616132 29.757661 1372955778000 90.0
62.616082 29.757654 1372955780000 90.0
62.616028 29.757634 1372955782000 90.0
62.615974 29.757622 1372955784000 89.0
62.615934 29.757632 1372955786000 90.0
62.615898 29.757643 1372955788000 90.0
62.615874 29.757643 1372955790000 91.0
62.615837 29.757614 1372955792000 90.0
62.615794 29.757587 1372955794000 90.0
62.61575 29.757561 1372955796000 90.0
62.615705 29.757528 1372955798000 90.0
62.615651 29.757523 1372955800000 90.0
62.615592 29.757525 1372955802000 91.0
62.615528 29.757519 1372955804000 91.0
62.615474 29.75751 1372955806000 91.0
62.615426 29.757507 1372955808000 91.0
62.61538 29.757502 1372955810000 91.0
62.615335 29.757481 1372955812000 91.0
62.615277 29.75743 1372955814000 92.0
62.615217 29.757399 1372955816000 92.0
62.615154 29.757376 1372955818000 91.0
62.615104 29.757359 1372955820000 91.0
62.615058 29.757354 1372955822000 91.0
62.615013 29.757371 1372955824000 92.0
62.614973 29.7574 1372955826000 92.0
62.614952 29.75743 1372955828000 92.0
62.614944 29.757433 1372955830000 94.0
62.614933 29.75742 1372955832000 94.0
62.614909 29.757413 1372955834000 95.0
62.614884 29.757404 1372955836000 95.0
62.61486 29.757383 1372955838000 96.0
62.61481 29.757338 1372955840000 96.0
62.614748 29.757313 1372955842000 96.0
62.614694 29.75729 1372955845000 96.0
62.614649 29.757257 1372955847000 96.0
62.614614 29.757254 1372955848000 97.0
62.614582 29.757275 1372955850000 95.0
62.614543 29.757316 1372955852000 95.0
62.6145 29.757366 1372955854000 95.0
62.614457 29.757413 1372955856000 95.0
62.614406 29.757452 1372955858000 95.0
62.614355 29.757515 1372955860000 94.0
62.614299 29.757585 1372955862000 94.0
62.614262 29.757658 1372955864000 94.0
62.614232 29.757721 1372955866000 94.0
62.614205 29.75778 1372955868000 94.0
62.614183 29.757841 1372955870000 94.0
62.614157 29.757888 1372955872000 93.0
62.614132 29.757936 1372955874000 94.0
62.614085 29.757963 1372955877000 93.0
62.614021 29.757969 1372955878000 91.0
62.613971 29.757965 1372955880000 92.0
62.613908 29.757957 1372955882000 92.0
62.613831 29.75795 1372955884000 92.0
62.613743 29.757941 1372955886000 91.0
62.613671 29.757967 1372955888000 91.0
62.613621 29.758016 1372955890000 92.0
62.613576 29.758077 1372955892000 93.0
62.613533 29.758144 1372955894000 94.0
62.613491 29.758203 1372955896000 94.0
62.613448 29.758253 1372955898000 93.0
62.613419 29.758304 1372955900000 93.0
62.613386 29.758334 1372955902000 93.0
62.61335 29.758366 1372955904000 94.0
62.613316 29.758408 1372955906000 95.0
62.613293 29.758452 1372955908000 95.0
62.613268 29.758487 1372955910000 95.0
62.613243 29.758514 1372955912000 96.0
62.613211 29.758541 1372955915000 95.0
62.61315 29.758557 1372955916000 96.0
62.613086 29.758572 1372955918000 98.0
62.613041 29.758587 1372955920000 98.0
62.613022 29.758603 1372955922000 98.0
62.612954 29.758622 1372955924000 99.0
62.612902 29.758641 1372955926000 99.0
62.612853 29.758692 1372955928000 100.0
62.612809 29.758757 1372955930000 98.0
62.612764 29.758799 1372955932000 98.0
62.612719 29.758843 1372955934000 97.0
62.612685 29.758874 1372955936000 98.0
62.612657 29.758898 1372955938000 98.0
62.612638 29.758924 1372955940000 97.0
62.612617 29.758956 1372955942000 96.0
62.612597 29.758986 1372955944000 95.0
62.612554 29.758992 1372955946000 96.0
62.612506 29.759012 1372955948000 96.0
62.612465 29.759036 1372955950000 97.0
62.612424 29.759052 1372955953000 97.0
62.612374 29.759067 1372955954000 97.0
62.612325 29.759085 1372955956000 97.0
62.612282 29.759103 1372955958000 97.0
62.612234 29.759131 1372955961000 98.0
62.61218 29.759163 1372955962000 98.0
62.612127 29.759192 1372955964000 98.0
62.612071 29.759227 1372955966000 98.0
62.61202 29.759271 1372955968000 99.0
62.611975 29.759318 1372955970000 99.0
62.611938 29.759367 1372955972000 99.0
62.611937 29.759451 1372955974000 97.0
62.611949 29.759553 1372955976000 97.0
62.611963 29.75965 1372955978000 97.0
62.611982 29.759743 1372955980000 96.0
62.611991 29.759817 1372955983000 96.0
62.611995 29.759876 1372955984000 96.0
62.612 29.759961 1372955986000 97.0
62.612004 29.760045 1372955988000 97.0
62.611996 29.760144 1372955990000 97.0
62.611989 29.760252 1372955992000 98.0
62.611987 29.760356 1372955994000 98.0
62.611993 29.760443 1372955996000 98.0
62.612012 29.760521 1372955998000 99.0
62.612024 29.760578 1372956000000 99.0
62.612028 29.760644 1372956002000 100.0
62.612034 29.760735 1372956004000 100.0
62.612034 29.76084 1372956006000 100.0
62.612046 29.760914 1372956008000 101.0
62.612065 29.760965 1372956010000 101.0
62.612093 29.761024 1372956012000 100.0
62.612135 29.761101 1372956014000 99.0
62.612197 29.761186 1372956016000 98.0
62.612268 29.761273 1372956018000 97.0
62.612332 29.761359 1372956020000 97.0
62.612385 29.761405 1372956022000 97.0
62.612427 29.761417 1372956024000 98.0
62.612477 29.761432 1372956026000 97.0
62.612524 29.761447 1372956028000 97.0
62.612567 29.761452 1372956030000 98.0
62.612601 29.761481 1372956032000 99.0
62.612631 29.761525 1372956034000 99.0
62.612678 29.761561 1372956036000 99.0
62.612745 29.761584 1372956038000 99.0
62.612799 29.761578 1372956040000 98.0
62.612847 29.761549 1372956042000 98.0
62.612898 29.761517 1372956044000 98.0
62.612955 29.761486 1372956046000 97.0
62.613005 29.761455 1372956048000 97.0
62.61305 29.76144 1372956050000 96.0
62.613096 29.761432 1372956052000 96.0
62.613137 29.761413 1372956054000 96.0
62.613167 29.761387 1372956056000 96.0
62.613206 29.761377 1372956058000 95.0
62.613252 29.761364 1372956060000 95.0
62.613296 29.761369 1372956062000 94.0
62.613333 29.761393 1372956064000 94.0
62.613364 29.761432 1372956066000 94.0
62.613385 29.761475 1372956068000 94.0
62.61341 29.761497 1372956070000 94.0
62.613435 29.761513 1372956072000 94.0
62.613445 29.761532 1372956074000 94.0
62.613457 29.761549 1372956076000 94.0
62.613483 29.761576 1372956078000 93.0
62.61352 29.761609 1372956080000 94.0
62.613562 29.761656 1372956082000 93.0
62.613602 29.761688 1372956084000 92.0
62.61365 29.76172 1372956086000 93.0
62.613696 29.761754 1372956088000 93.0
62.613742 29.761807 1372956090000 94.0
62.613786 29.761858 1372956092000 94.0
62.613838 29.761893 1372956094000 93.0
62.613886 29.761915 1372956096000 92.0
62.613925 29.761936 1372956098000 93.0
62.613961 29.76196 1372956100000 94.0
62.613991 29.761983 1372956103000 94.0
62.614007 29.762006 1372956104000 93.0
62.614035 29.762014 1372956106000 93.0
62.614085 29.762029 1372956108000 93.0
62.61415 29.762047 1372956110000 93.0
62.614222 29.762081 1372956112000 92.0
62.614284 29.762127 1372956114000 92.0
62.614336 29.762151 1372956116000 92.0
62.614384 29.762158 1372956118000 91.0
62.614428 29.762162 1372956120000 91.0
62.614459 29.762159 1372956122000 91.0
62.614506 29.762148 1372956124000 89.0
62.61455 29.762149 1372956126000 91.0
62.614594 29.762175 1372956128000 91.0
62.614642 29.762203 1372956130000 91.0
62.614681 29.762212 1372956133000 91.0
62.61471 29.762229 1372956134000 92.0
62.614732 29.762232 1372956136000 93.0
62.614752 29.762234 1372956138000 93.0
62.614784 29.762237 1372956140000 93.0
62.614824 29.762252 1372956142000 93.0
62.614875 29.762292 1372956144000 93.0
62.614923 29.762333 1372956146000 92.0
62.61497 29.762353 1372956148000 92.0
62.615016 29.762354 1372956150000 93.0
62.615054 29.762348 1372956152000 94.0
62.615091 29.762343 1372956154000 93.0
62.615132 29.762332 1372956156000 93.0
62.615182 29.76232 1372956158000 94.0
62.615238 29.762327 1372956160000 94.0
62.615299 29.762357 1372956163000 94.0
62.615358 29.762396 1372956164000 93.0
62.615408 29.762425 1372956166000 94.0
62.615441 29.762438 1372956168000 93.0
62.61549 29.762436 1372956170000 94.0
62.615553 29.762455 1372956172000 95.0
62.6156 29.762457 1372956174000 94.0
62.615643 29.762442 1372956176000 94.0
62.615702 29.762418 1372956178000 94.0
62.615757 29.762381 1372956180000 94.0
62.615802 29.76235 1372956182000 93.0
62.615826 29.762322 1372956184000 93.0
62.61584 29.762303 1372956186000 94.0
62.615848 29.762276 1372956188000 96.0
62.615862 29.762194 1372956190000 94.0
62.615875 29.762096 1372956193000 95.0
62.615903 29.762006 1372956194000 95.0
62.615941 29.761944 1372956196000 96.0
62.615993 29.761891 1372956198000 96.0
62.616044 29.761839 1372956200000 95.0
62.616088 29.761779 1372956202000 95.0
62.616139 29.761725 1372956204000 96.0
62.61619 29.761651 1372956206000 98.0
62.616224 29.761555 1372956208000 95.0
62.616249 29.761441 1372956210000 96.0
62.616266 29.761337 1372956213000 96.0
62.616274 29.761242 1372956214000 95.0
62.616276 29.761157 1372956216000 95.0
62.616282 29.761075 1372956218000 96.0
62.616281 29.760992 1372956220000 95.0
62.616271 29.760915 1372956223000 96.0
62.616265 29.760832 1372956225000 96.0
62.616281 29.76074 1372956226000 98.0
62.616301 29.760643 1372956228000 97.0
62.616318 29.760529 1372956230000 98.0
62.616331 29.760436 1372956232000 98.0
62.616337 29.760356 1372956234000 97.0
62.616352 29.760273 1372956236000 99.0
62.61637 29.760202 1372956238000 98.0
62.616397 29.760144 1372956240000 97.0
62.616415 29.76008 1372956242000 97.0
62.61642 29.760021 1372956244000 99.0
62.616429 29.759955 1372956246000 99.0
62.61644 29.759866 1372956248000 100.0
62.616452 29.75977 1372956250000 99.0
62.616464 29.759671 1372956253000 99.0
62.616483 29.75958 1372956254000 99.0
62.616489 29.759491 1372956256000 99.0
62.616483 29.759401 1372956258000 100.0
62.616484 29.759301 1372956260000 101.0
62.616483 29.759209 1372956262000 100.0
62.61648 29.759116 1372956264000 101.0
62.616479 29.759025 1372956266000 102.0
62.616469 29.758926 1372956268000 102.0
62.616459 29.758811 1372956270000 102.0
62.616455 29.758708 1372956272000 102.0
62.61645 29.758616 1372956274000 102.0
62.616452 29.758552 1372956277000 102.0
62.616442 29.758499 1372956278000 102.0
62.616428 29.758453 1372956280000 101.0
62.616417 29.75835 1372956283000 101.0
62.616407 29.758216 1372956284000 101.0
62.616397 29.758093 1372956286000 100.0
62.616374 29.757992 1372956288000 100.0
62.616365 29.757891 1372956291000 99.0
62.616359 29.757804 1372956292000 100.0
62.616355 29.757722 1372956294000 100.0
62.616364 29.757659 1372956296000 100.0
62.616369 29.75759 1372956298000 99.0
62.616358 29.757537 1372956300000 98.0
62.616325 29.757521 1372956302000 98.0
62.616274 29.757526 1372956304000 99.0
62.61622 29.757529 1372956306000 98.0
62.616172 29.757537 1372956308000 97.0
62.616129 29.757564 1372956310000 97.0
62.616087 29.757594 1372956313000 97.0
62.616054 29.757614 1372956314000 97.0
62.616023 29.757635 1372956317000 98.0
62.615982 29.757658 1372956318000 98.0
62.615919 29.757658 1372956320000 97.0
62.615856 29.757643 1372956322000 98.0
62.615811 29.757647 1372956324000 98.0
62.615773 29.757646 1372956326000 99.0
62.615738 29.757645 1372956329000 99.0
62.615698 29.757641 1372956330000 98.0
62.615646 29.757654 1372956333000 97.0
62.61559 29.757658 1372956334000 97.0
62.615537 29.757665 1372956337000 97.0
62.615483 29.757649 1372956338000 97.0
62.615433 29.757627 1372956340000 96.0
62.61539 29.757622 1372956343000 97.0
62.615365 29.757625 1372956344000 97.0
62.615337 29.757636 1372956346000 96.0
62.615308 29.757616 1372956348000 97.0
62.615267 29.757576 1372956350000 96.0
62.615218 29.7575 1372956352000 96.0
62.61517 29.757463 1372956354000 95.0
62.615137 29.757447 1372956357000 95.0
62.615098 29.757459 1372956358000 96.0
62.61506 29.757484 1372956361000 96.0
62.615019 29.757511 1372956362000 96.0
62.614984 29.757518 1372956364000 96.0
62.614961 29.7575 1372956366000 96.0
62.614966 29.757471 1372956368000 96.0
62.614983 29.757433 1372956370000 96.0
62.615004 29.757387 1372956373000 97.0
62.615028 29.757327 1372956374000 98.0
62.615046 29.757247 1372956376000 97.0
62.615059 29.757162 1372956378000 98.0
62.615075 29.757067 1372956380000 98.0
62.615094 29.756978 1372956382000 97.0
62.615123 29.756888 1372956384000 97.0
62.615149 29.756777 1372956386000 98.0
62.615163 29.756682 1372956388000 97.0
62.615161 29.756585 1372956390000 98.0
62.61516 29.75651 1372956392000 98.0
62.61515 29.756425 1372956394000 97.0
62.61514 29.756317 1372956396000 97.0
62.615135 29.756198 1372956398000 98.0
62.615127 29.756074 1372956400000 97.0
62.615115 29.755954 1372956403000 98.0
62.615098 29.755844 1372956404000 98.0
62.615091 29.755742 1372956406000 99.0
62.615097 29.755653 1372956408000 99.0
62.615114 29.755565 1372956410000 99.0
62.615128 29.755466 1372956412000 99.0
62.615124 29.755359 1372956414000 98.0
62.615118 29.755244 1372956416000 99.0
62.615112 29.755123 1372956418000 99.0
62.615101 29.755008 1372956420000 100.0
62.615079 29.754879 1372956422000 100.0
62.615053 29.75474 1372956424000 101.0
62.615019 29.754604 1372956426000 100.0
62.614994 29.754493 1372956428000 99.0
62.61496 29.754388 1372956430000 100.0
62.614927 29.754293 1372956433000 99.0
62.614889 29.754204 1372956434000 100.0
62.614848 29.75411 1372956437000 101.0
62.614816 29.754007 1372956438000 100.0
62.614789 29.753905 1372956440000 99.0
62.614756 29.753797 1372956442000 99.0
62.614725 29.75371 1372956444000 99.0
62.614705 29.753634 1372956446000 99.0
62.614693 29.753571 1372956448000 99.0
62.614678 29.753504 1372956450000 99.0
62.614672 29.753405 1372956452000 100.0
62.614661 29.753306 1372956454000 101.0
62.614638 29.753221 1372956456000 100.0
62.614622 29.753128 1372956458000 99.0
62.614617 29.753049 1372956460000 100.0
62.614624 29.752961 1372956463000 98.0
62.614632 29.752859 1372956464000 99.0
62.614646 29.752767 1372956466000 99.0
62.614652 29.752685 1372956468000 101.0
62.614664 29.752597 1372956470000 99.0
62.614669 29.752504 1372956472000 98.0
62.614682 29.752398 1372956474000 97.0
62.614659 29.752324 1372956476000 95.0
62.614609 29.752308 1372956478000 94.0
62.614551 29.752318 1372956480000 95.0
62.614497 29.752342 1372956483000 96.0
62.614452 29.75238 1372956484000 95.0
62.614407 29.75242 1372956486000 94.0
62.614364 29.752448 1372956488000 94.0
62.61432 29.752443 1372956491000 94.0
62.614266 29.752392 1372956493000 94.0
62.614217 29.752327 1372956494000 95.0
62.614194 29.752277 1372956496000 96.0
62.614199 29.75225 1372956498000 96.0
62.614202 29.752211 1372956500000 96.0
62.614227 29.752154 1372956502000 95.0
62.614262 29.752128 1372956504000 95.0
62.614296 29.752101 1372956506000 95.0
62.614332 29.752049 1372956508000 95.0
62.614373 29.75198 1372956510000 95.0
62.614409 29.751924 1372956512000 94.0
62.614437 29.751862 1372956515000 95.0
62.614461 29.751791 1372956516000 94.0
62.614474 29.751724 1372956518000 94.0
62.614477 29.751662 1372956520000 93.0
62.614469 29.751594 1372956523000 94.0
62.614471 29.751519 1372956524000 95.0
62.614476 29.75145 1372956526000 95.0
62.614488 29.751383 1372956528000 96.0
62.61451 29.751302 1372956530000 95.0
62.614537 29.751229 1372956532000 96.0
62.614566 29.751161 1372956534000 97.0
62.61459 29.751087 1372956536000 96.0
62.614603 29.751031 1372956538000 95.0
62.614618 29.750977 1372956540000 95.0
62.614635 29.7509 1372956542000 96.0
62.614653 29.75082 1372956544000 95.0
62.61469 29.750735 1372956546000 97.0
62.614711 29.750632 1372956548000 98.0
62.614716 29.750532 1372956550000 98.0
62.614714 29.750444 1372956553000 98.0
62.614714 29.750346 1372956554000 98.0
62.614707 29.750252 1372956556000 99.0
62.614689 29.750157 1372956558000 99.0
62.614683 29.75007 1372956560000 98.0
62.61468 29.749974 1372956562000 99.0
62.614672 29.749871 1372956564000 100.0
62.614672 29.749755 1372956566000 100.0
62.614663 29.749642 1372956568000 101.0
62.614635 29.749544 1372956570000 101.0
62.614611 29.74945 1372956572000 101.0
62.614585 29.74938 1372956574000 101.0
62.614562 29.749306 1372956576000 102.0
62.614546 29.749233 1372956578000 100.0
62.614538 29.749156 1372956580000 100.0
62.61454 29.749071 1372956583000 100.0
62.614545 29.748983 1372956584000 100.0
62.614547 29.748902 1372956586000 100.0
62.614552 29.748832 1372956588000 101.0
62.614551 29.748764 1372956590000 101.0
62.614556 29.748704 1372956592000 101.0
62.614569 29.748652 1372956594000 101.0
62.614587 29.748589 1372956596000 102.0
62.614594 29.748517 1372956598000 101.0
62.614586 29.748438 1372956600000 101.0
62.614587 29.748362 1372956602000 103.0
62.614595 29.748268 1372956604000 103.0
62.614595 29.748164 1372956606000 103.0
62.61458 29.748061 1372956608000 103.0
62.614573 29.74796 1372956610000 104.0
62.614571 29.747845 1372956613000 103.0
62.614563 29.747729 1372956614000 102.0
62.614547 29.747635 1372956616000 102.0
62.614526 29.747554 1372956618000 103.0
62.61451 29.747465 1372956620000 101.0
62.614499 29.747383 1372956622000 101.0
62.614496 29.747294 1372956624000 102.0
62.614487 29.747212 1372956626000 101.0
62.614475 29.747141 1372956628000 101.0
62.614461 29.747084 1372956630000 100.0
62.614446 29.747023 1372956632000 100.0
62.614446 29.74697 1372956634000 102.0
62.614446 29.746912 1372956636000 101.0
62.614443 29.746855 1372956638000 101.0
62.614433 29.746801 1372956641000 102.0
62.614433 29.746736 1372956643000 102.0
62.614434 29.746669 1372956645000 102.0
62.61445 29.746599 1372956646000 103.0
62.614476 29.74651 1372956648000 102.0
62.614501 29.746427 1372956650000 103.0
62.614523 29.74636 1372956652000 103.0
62.614542 29.746287 1372956654000 103.0
62.614559 29.746209 1372956656000 103.0
62.614565 29.746127 1372956658000 103.0
62.61457 29.746039 1372956661000 103.0
62.614578 29.745957 1372956662000 102.0
62.614587 29.745865 1372956664000 102.0
62.614587 29.745777 1372956666000 102.0
62.614574 29.745689 1372956668000 103.0
62.614554 29.745605 1372956670000 103.0
62.61454 29.745523 1372956672000 104.0
62.614528 29.745433 1372956674000 104.0
62.614524 29.74533 1372956676000 103.0
62.614527 29.74524 1372956678000 103.0
62.614544 29.745162 1372956680000 102.0
62.614563 29.745097 1372956682000 101.0
62.614569 29.745034 1372956684000 102.0
62.614575 29.744972 1372956686000 102.0
62.61458 29.744897 1372956688000 101.0
62.614583 29.744791 1372956690000 102.0
62.614588 29.74468 1372956692000 103.0
62.6146 29.74459 1372956694000 102.0
62.61461 29.744505 1372956696000 102.0
62.614617 29.74443 1372956698000 102.0
62.614625 29.744346 1372956700000 102.0
62.614632 29.744257 1372956702000 102.0
62.614636 29.744166 1372956704000 101.0
62.614646 29.744075 1372956706000 102.0
62.614664 29.743963 1372956709000 103.0
62.614685 29.743838 1372956710000 103.0
62.614708 29.743717 1372956712000 103.0
62.614727 29.743595 1372956714000 105.0
62.614731 29.743476 1372956717000 104.0
62.614735 29.743401 1372956718000 104.0
62.614733 29.743347 1372956720000 105.0
62.614729 29.743293 1372956722000 105.0
62.614722 29.74323 1372956724000 105.0
62.614708 29.743169 1372956726000 104.0
62.614689 29.74309 1372956728000 104.0
62.614676 29.742998 1372956730000 105.0
62.614677 29.742913 1372956732000 104.0
62.614672 29.74283 1372956735000 105.0
62.614664 29.742764 1372956736000 105.0
62.61466 29.742734 1372956738000 104.0
62.614656 29.742722 1372956740000 104.0
62.614663 29.742713 1372956742000 103.0
62.61468 29.742675 1372956744000 95.0
62.614702 29.742615 1372956746000 107.0
62.614717 29.742599 1372956748000 107.0
62.614731 29.742592 1372956750000 104.0
62.614737 29.742586 1372956752000 101.0
62.614751 29.742597 1372956754000 98.0
62.61477 29.742599 1372956757000 97.0
62.614793 29.742591 1372956758000 97.0
62.614827 29.742607 1372956760000 98.0
62.614858 29.742632 1372956762000 98.0
62.614898 29.742697 1372956764000 98.0
62.614938 29.742753 1372956766000 101.0
62.614966 29.742795 1372956768000 103.0
62.615 29.742856 1372956770000 104.0
62.615027 29.7429 1372956772000 104.0