62.614832 29.742717 1372784739665 108.0
62.614906 29.742826 1372784742662 107.0
62.614912 29.74285 1372784744664 107.0
62.614934 29.742859 1372784746664 108.0
62.614958 29.742858 1372784748658 108.0
62.614972 29.742858 1372784750665 108.0
62.614955 29.742804 1372784752669 108.0
62.61497 29.742798 1372784753679 108.0
62.614972 29.7428 1372784755678 107.0
62.614976 29.742826 1372784757680 107.0
62.614968 29.742842 1372784759678 108.0
62.614971 29.742853 1372784761677 108.0
62.614946 29.742746 1372784763681 110.0
62.614971 29.742801 1372784765679 112.0
62.614933 29.742681 1372784767666 114.0
62.614946 29.742588 1372784769679 114.0
62.615063 29.74273 1372784772664 112.0
62.615101 29.742925 1372784774667 110.0
62.615113 29.743076 1372784776659 110.0
62.615155 29.743277 1372784778660 109.0
62.615169 29.743345 1372784779665 108.0
62.615181 29.74349 1372784781667 107.0
62.615203 29.743696 1372784784651 106.0
62.615213 29.74384 1372784786661 106.0
62.615227 29.74398 1372784788660 106.0
62.61524 29.744114 1372784790655 106.0
62.615259 29.744257 1372784792653 106.0
62.615281 29.744403 1372784794667 104.0
62.615304 29.74455 1372784796659 104.0
62.615315 29.744697 1372784798655 103.0
62.615327 29.744837 1372784800653 102.0
62.615334 29.744977 1372784802654 102.0
62.615342 29.745109 1372784804653 101.0
62.615353 29.74524 1372784806652 100.0
62.615358 29.745359 1372784808642 100.0
62.615365 29.745475 1372784810654 100.0
62.615353 29.745498 1372784812650 102.0
62.615357 29.745608 1372784814652 102.0
62.615361 29.745707 1372784816652 103.0
62.615375 29.745816 1372784818649 103.0
62.615379 29.745922 1372784820652 103.0
62.61539 29.746034 1372784822640 103.0
62.615408 29.746104 1372784824639 105.0
62.61541 29.746182 1372784826643 107.0
62.615412 29.746263 1372784828636 109.0
62.6154 29.746343 1372784830647 110.0
62.615384 29.746419 1372784832646 112.0
62.61539 29.746476 1372784834647 114.0
62.615389 29.746543 1372784836643 117.0
62.615377 29.746626 1372784838644 117.0
62.615366 29.746714 1372784840643 118.0
62.615353 29.746797 1372784842642 117.0
62.615361 29.74691 1372784844646 116.0
62.615345 29.746985 1372784846651 116.0
62.615348 29.74706 1372784848641 116.0
62.615357 29.747148 1372784850641 116.0
62.615345 29.747209 1372784852638 118.0
62.615329 29.747277 1372784854672 119.0
62.615323 29.747322 1372784856639 122.0
62.615292 29.747437 1372784858640 120.0
62.61527 29.747512 1372784860643 120.0
62.615292 29.747598 1372784862639 122.0
62.615287 29.747698 1372784864640 121.0
62.615296 29.747824 1372784866639 120.0
62.615301 29.74794 1372784868637 118.0
62.615315 29.748054 1372784870630 115.0
62.615333 29.748166 1372784872637 114.0
62.615361 29.748284 1372784874635 113.0
62.615399 29.748416 1372784876641 112.0
62.615435 29.748574 1372784878632 111.0
62.615437 29.74868 1372784880634 107.0
62.615452 29.748754 1372784882634 106.0
62.615478 29.748835 1372784884637 105.0
62.615494 29.748909 1372784886634 105.0
62.615503 29.748976 1372784888632 107.0
62.615502 29.749053 1372784890631 108.0
62.615509 29.749153 1372784892630 108.0
62.61552 29.749253 1372784894634 109.0
62.615517 29.749327 1372784896632 109.0
62.615539 29.74942 1372784898632 108.0
62.615542 29.749559 1372784900631 108.0
62.615556 29.749644 1372784902630 109.0
62.615567 29.749751 1372784904633 109.0
62.615586 29.749863 1372784906626 109.0
62.615579 29.749895 1372784908628 111.0
62.615577 29.750007 1372784910632 110.0
62.615585 29.750106 1372784912625 110.0
62.615576 29.750164 1372784914643 110.0
62.615574 29.750243 1372784916625 110.0
62.615572 29.750328 1372784918624 110.0
62.615584 29.750429 1372784920628 111.0
62.615583 29.750519 1372784922621 112.0
62.615571 29.750576 1372784924625 112.0
62.615575 29.750667 1372784926619 113.0
62.615567 29.750777 1372784928625 111.0
62.615561 29.750894 1372784930621 109.0
62.615558 29.751003 1372784932621 110.0
62.615572 29.751057 1372784934619 111.0
62.615573 29.7511 1372784936621 113.0
62.615582 29.751205 1372784938630 111.0
62.615563 29.751233 1372784940622 113.0
62.615557 29.751285 1372784942620 114.0
62.615559 29.75136 1372784944616 115.0
62.615577 29.751452 1372784946625 116.0
62.615588 29.751553 1372784948617 115.0
62.615619 29.751687 1372784950617 114.0
62.615651 29.751811 1372784952621 116.0
62.615655 29.751893 1372784954620 116.0
62.61566 29.751993 1372784956615 115.0
62.615674 29.752128 1372784958616 114.0
62.615702 29.752287 1372784960614 115.0
62.615745 29.75246 1372784962613 109.0
62.615745 29.752556 1372784964611 107.0
62.615754 29.752657 1372784966613 105.0
62.615761 29.752732 1372784968614 104.0
62.615796 29.752859 1372784970610 104.0
62.615819 29.752943 1372784972610 107.0
62.61583 29.753036 1372784974623 109.0
62.61583 29.753115 1372784976609 110.0
62.615829 29.753183 1372784978610 111.0
62.615826 29.753254 1372784980614 112.0
62.615824 29.753343 1372784982613 111.0
62.615837 29.753425 1372784984610 112.0
62.615832 29.75352 1372784986605 112.0
62.615825 29.753615 1372784988604 110.0
62.615842 29.753708 1372784990610 111.0
62.615846 29.753809 1372784992614 110.0
62.61586 29.75394 1372784994605 109.0
62.615854 29.754049 1372784996611 105.0
62.615853 29.754129 1372784998607 105.0
62.615834 29.754225 1372785000607 104.0
62.615807 29.754299 1372785002608 102.0
62.615815 29.754404 1372785004621 102.0
62.615793 29.754456 1372785006609 103.0
62.615776 29.754518 1372785008607 104.0
62.615766 29.754597 1372785010604 101.0
62.61579 29.754716 1372785012605 103.0
62.615794 29.754782 1372785014606 105.0
62.615777 29.754844 1372785016606 104.0
62.615797 29.754972 1372785018604 103.0
62.61582 29.75509 1372785020605 106.0
62.615795 29.755156 1372785022606 105.0
62.61578 29.755222 1372785024602 106.0
62.615768 29.755301 1372785026601 104.0
62.615759 29.755364 1372785028598 104.0
62.615741 29.755453 1372785030600 102.0
62.615707 29.755529 1372785032600 99.0
62.615701 29.755622 1372785034615 99.0
62.615703 29.755722 1372785036601 100.0
62.615715 29.755848 1372785038600 99.0
62.615716 29.755974 1372785040598 102.0
62.615721 29.756068 1372785042597 105.0
62.615716 29.756141 1372785044595 108.0
62.615712 29.756232 1372785046595 110.0
62.615722 29.756308 1372785048602 112.0
62.615711 29.756388 1372785050595 113.0
62.615711 29.756477 1372785052595 113.0
62.615679 29.756562 1372785054592 113.0
62.61566 29.756652 1372785056593 111.0
62.615653 29.756744 1372785058597 108.0
62.615652 29.756842 1372785060594 106.0
62.615659 29.756936 1372785062593 105.0
62.615675 29.757036 1372785064594 108.0
62.615708 29.757162 1372785066597 106.0
62.615731 29.757249 1372785068593 107.0
62.615744 29.757337 1372785070587 107.0
62.615766 29.757453 1372785072594 108.0
62.615767 29.757546 1372785074597 109.0
62.61576 29.757558 1372785076598 111.0
62.615759 29.757632 1372785078597 113.0
62.615758 29.757697 1372785080596 115.0
62.615737 29.75778 1372785082598 114.0
62.615738 29.757865 1372785084591 114.0
62.615728 29.757937 1372785086593 115.0
62.615735 29.758006 1372785088592 116.0
62.615735 29.758085 1372785090587 117.0
62.615752 29.758189 1372785092592 116.0
62.615782 29.758325 1372785094606 116.0
62.615788 29.758425 1372785096597 116.0
62.615774 29.758506 1372785098592 116.0
62.615735 29.758558 1372785100592 117.0
62.615725 29.758602 1372785102589 118.0
62.615715 29.75869 1372785104583 118.0
62.615704 29.75877 1372785106585 117.0
62.615683 29.758826 1372785108588 117.0
62.615662 29.758885 1372785110586 118.0
62.615645 29.758933 1372785112591 118.0
62.615647 29.75899 1372785114584 119.0
62.615654 29.759077 1372785116590 118.0
62.615645 29.759162 1372785118584 118.0
62.61564 29.759245 1372785120585 117.0
62.61564 29.759318 1372785122585 119.0
62.615617 29.759421 1372785124585 116.0
62.615614 29.759523 1372785126581 117.0
62.61559 29.759603 1372785128583 116.0
62.615609 29.759717 1372785130584 115.0
62.615619 29.759809 1372785132583 115.0
62.615623 29.759891 1372785134585 115.0
62.615651 29.759985 1372785136583 116.0
62.615723 29.760132 1372785138583 116.0
62.615797 29.760303 1372785140582 114.0
62.615791 29.760376 1372785142581 115.0
62.615773 29.760453 1372785144580 114.0
62.615779 29.760546 1372785146579 115.0
62.615773 29.760631 1372785148575 116.0
62.615769 29.760708 1372785150578 114.0
62.61577 29.760762 1372785152584 116.0
62.615779 29.760848 1372785154587 116.0
62.615801 29.760945 1372785156577 114.0
62.61579 29.760993 1372785158570 114.0
62.615804 29.761082 1372785160572 113.0
62.615848 29.761175 1372785162573 110.0
62.615835 29.761241 1372785164576 108.0
62.615832 29.761286 1372785166572 108.0
62.615826 29.76134 1372785168571 108.0
62.615821 29.761408 1372785170570 107.0
62.615814 29.761456 1372785172574 109.0
62.615799 29.761473 1372785174572 111.0
62.61579 29.76149 1372785176569 112.0
62.61576 29.761491 1372785178568 111.0
62.615727 29.761481 1372785180565 111.0
62.615736 29.761533 1372785182566 112.0
62.61575 29.761564 1372785184569 114.0
62.615722 29.761612 1372785186567 114.0
62.61569 29.761624 1372785188564 115.0
62.615684 29.76164 1372785190568 118.0
62.615659 29.761655 1372785192565 118.0
62.615654 29.761668 1372785194564 121.0
62.615614 29.76166 1372785196564 120.0
62.615588 29.761667 1372785198561 121.0
62.615564 29.76169 1372785200567 122.0
62.615533 29.76169 1372785202559 123.0
62.615507 29.761709 1372785204562 124.0
62.61548 29.761728 1372785206559 126.0
62.61545 29.761745 1372785208559 127.0
62.615429 29.761774 1372785210561 128.0
62.615401 29.761772 1372785212561 127.0
62.615362 29.761784 1372785214574 125.0
62.615344 29.761803 1372785216560 126.0
62.615332 29.761797 1372785218556 125.0
62.61531 29.761815 1372785220559 130.0
62.615282 29.761818 1372785222555 130.0
62.615257 29.761806 1372785224556 130.0
62.615261 29.76178 1372785226560 131.0
62.615221 29.761785 1372785228557 132.0
62.615201 29.761786 1372785230556 134.0
62.615193 29.761803 1372785232560 139.0
62.615181 29.761798 1372785234552 142.0
62.615151 29.761795 1372785236556 144.0
62.615127 29.761804 1372785238558 148.0
62.615109 29.761815 1372785240556 151.0
62.61508 29.761823 1372785242556 153.0
62.615051 29.76182 1372785244559 156.0
62.615006 29.761805 1372785246559 155.0
62.614955 29.761812 1372785248554 153.0
62.614927 29.761776 1372785250552 152.0
62.614883 29.76176 1372785252550 150.0
62.614825 29.761749 1372785254552 148.0
62.614801 29.761733 1372785256553 150.0
62.614761 29.761715 1372785258552 151.0
62.614693 29.761728 1372785260547 151.0
62.61465 29.761728 1372785262547 154.0
62.614611 29.761729 1372785264547 152.0
62.614595 29.761691 1372785266552 152.0
62.614543 29.761704 1372785268549 151.0
62.614514 29.761685 1372785270546 151.0
62.614483 29.761662 1372785272548 153.0
62.614429 29.761658 1372785274562 150.0
62.614397 29.761636 1372785276547 151.0
62.614346 29.761624 1372785278546 148.0
62.614299 29.761615 1372785280545 149.0
62.614263 29.761587 1372785282542 148.0
62.614214 29.761564 1372785284545 149.0
62.614159 29.761558 1372785286544 147.0
62.614124 29.761521 1372785288544 145.0
62.614119 29.761472 1372785290545 146.0
62.614083 29.761442 1372785292540 145.0
62.614056 29.761405 1372785294541 144.0
62.614023 29.761387 1372785296544 145.0
62.613986 29.761372 1372785298542 145.0
62.613956 29.761348 1372785300540 144.0
62.613919 29.761326 1372785302542 141.0
62.613883 29.761321 1372785304533 138.0
62.613842 29.761311 1372785306538 137.0
62.613827 29.761293 1372785308537 136.0
62.613812 29.761271 1372785310543 136.0
62.613804 29.761238 1372785312537 135.0
62.613742 29.76125 1372785314537 135.0
62.613684 29.761246 1372785316536 132.0
62.613627 29.761255 1372785318540 132.0
62.613613 29.761256 1372785320531 132.0
62.613549 29.761253 1372785322536 126.0
62.613509 29.761259 1372785324536 127.0
62.613444 29.761256 1372785326540 122.0
62.6134 29.761245 1372785328535 123.0
62.613357 29.76124 1372785330533 126.0
62.613332 29.76122 1372785332522 129.0
62.613299 29.761198 1372785334545 129.0
62.613264 29.76117 1372785336529 128.0
62.613229 29.761158 1372785338530 131.0
62.613176 29.761166 1372785340529 133.0
62.613133 29.761163 1372785342529 135.0
62.613073 29.761166 1372785344521 136.0
62.613029 29.761158 1372785346528 139.0
62.612969 29.761154 1372785348523 141.0
62.612925 29.761156 1372785350526 141.0
62.612877 29.761141 1372785352530 141.0
62.612846 29.761104 1372785354526 140.0
62.612791 29.761077 1372785356521 140.0
62.612759 29.761032 1372785358528 140.0
62.612721 29.760985 1372785360523 138.0
62.612661 29.760963 1372785362524 136.0
62.612626 29.760897 1372785364520 134.0
62.612574 29.760834 1372785366519 131.0
62.612532 29.760775 1372785368524 128.0
62.612503 29.760712 1372785370524 126.0
62.612474 29.760654 1372785372519 125.0
62.612452 29.76058 1372785374520 123.0
62.612436 29.760519 1372785376518 121.0
62.612417 29.760454 1372785378522 121.0
62.612394 29.760391 1372785380517 120.0
62.612359 29.760328 1372785382518 120.0
62.612338 29.760254 1372785384522 118.0
62.612325 29.760193 1372785386519 117.0
62.612301 29.760113 1372785388520 116.0
62.612286 29.760061 1372785390519 118.0
62.612285 29.759999 1372785392515 120.0
62.61227 29.75993 1372785394542 121.0
62.612248 29.75988 1372785396517 123.0
62.61223 29.759836 1372785398522 126.0
62.612208 29.759801 1372785400515 127.0
62.612177 29.759754 1372785402509 126.0
62.612148 29.759733 1372785404513 127.0
62.61214 29.759679 1372785406508 127.0
62.612124 29.759645 1372785408516 126.0
62.612087 29.759587 1372785410512 125.0
62.612049 29.759554 1372785412510 123.0
62.612054 29.759537 1372785414512 124.0
62.612012 29.759469 1372785416511 122.0
62.611951 29.759393 1372785418511 122.0
62.611923 29.75934 1372785420510 124.0
62.611871 29.759272 1372785422506 126.0
62.611829 29.759229 1372785424503 128.0
62.611775 29.759212 1372785426509 131.0
62.611743 29.759191 1372785428506 130.0
62.611683 29.75916 1372785430506 129.0
62.611624 29.75912 1372785432509 129.0
62.611574 29.759056 1372785434506 130.0
62.611552 29.759023 1372785436500 129.0
62.611529 29.75898 1372785438500 126.0
62.611451 29.75888 1372785440503 126.0
62.611151 29.758587 1372785442508 127.0
62.610883 29.758308 1372785444505 128.0
62.61023 29.757753 1372785446503 126.0
62.609761 29.757345 1372785448504 117.0
62.609253 29.756934 1372785450504 103.0
62.60883 29.756546 1372785452509 102.0
62.609294 29.756823 1372785454512 103.0
62.609791 29.757131 1372785456493 101.0
62.610384 29.75748 1372785458503 102.0
62.610689 29.757623 1372785460500 104.0
62.610759 29.757582 1372785462498 103.0
62.610939 29.757623 1372785464498 103.0
62.610992 29.75757 1372785466495 101.0
62.611013 29.757511 1372785468498 97.0
62.611051 29.75746 1372785470492 93.0
62.611073 29.757383 1372785472494 92.0
62.61113 29.757339 1372785474499 91.0
62.61115 29.757257 1372785476500 90.0
62.611168 29.75718 1372785478496 87.0
62.611196 29.757122 1372785480494 85.0
62.611204 29.757051 1372785482494 82.0
62.611252 29.757009 1372785484495 79.0
62.611302 29.756976 1372785486490 75.0
62.611346 29.756932 1372785488490 73.0
62.611408 29.756885 1372785490490 75.0
62.611434 29.756815 1372785492489 74.0
62.611473 29.756762 1372785494479 76.0
62.611515 29.756721 1372785496484 74.0
62.611531 29.756659 1372785498487 72.0
62.611547 29.756587 1372785500487 71.0
62.611472 29.756457 1372785502484 69.0
62.611443 29.756361 1372785504481 68.0
62.611445 29.756292 1372785506489 68.0
62.611451 29.756234 1372785508487 68.0
62.611476 29.756174 1372785510491 70.0
62.611496 29.75613 1372785512490 70.0
62.611514 29.756051 1372785514496 73.0
62.611549 29.755991 1372785516483 76.0
62.611618 29.755951 1372785518482 85.0
62.611639 29.755885 1372785520480 86.0
62.61168 29.755805 1372785522483 90.0
62.611726 29.755737 1372785524476 94.0
62.611754 29.755673 1372785526478 94.0
62.611787 29.755631 1372785528479 93.0
62.611808 29.755563 1372785530482 91.0
62.61183 29.755503 1372785532475 92.0
62.611852 29.755451 1372785534477 92.0
62.611864 29.755401 1372785536479 93.0
62.611882 29.755332 1372785538474 93.0
62.611892 29.755282 1372785540478 94.0
62.611903 29.755227 1372785542480 94.0
62.611913 29.755185 1372785544482 94.0
62.611931 29.755131 1372785546478 93.0
62.611948 29.75507 1372785548476 92.0
62.611964 29.755001 1372785550476 91.0
62.611981 29.754927 1372785552481 90.0
62.611989 29.754851 1372785554476 91.0
62.612 29.754785 1372785556473 92.0
62.612002 29.754703 1372785558498 96.0
62.612002 29.754646 1372785560478 97.0
62.612007 29.754576 1372785562477 99.0
62.61202 29.754492 1372785564476 100.0
62.612033 29.754416 1372785566474 100.0
62.612039 29.754326 1372785568477 102.0
62.612059 29.754245 1372785570478 104.0
62.612066 29.754153 1372785572472 107.0
62.61208 29.754061 1372785574487 108.0
62.612089 29.753987 1372785576476 109.0
62.612107 29.753868 1372785578474 111.0
62.612126 29.753788 1372785580470 110.0
62.61213 29.753731 1372785582470 109.0
62.612143 29.753654 1372785584471 110.0
62.612149 29.753576 1372785586470 110.0
62.612167 29.75348 1372785588472 110.0
62.612174 29.753417 1372785590466 111.0
62.612179 29.753336 1372785592467 112.0
62.6122 29.753209 1372785594469 112.0
62.612218 29.753093 1372785596468 111.0
62.61223 29.753014 1372785598465 111.0
62.612209 29.752894 1372785600467 110.0
62.612208 29.752773 1372785602469 112.0
62.612193 29.752633 1372785604463 112.0
62.612184 29.752498 1372785606463 111.0
62.61218 29.752385 1372785608464 113.0
62.612189 29.75227 1372785610459 116.0
62.612192 29.752136 1372785612464 120.0
62.612186 29.752039 1372785614459 121.0
62.612191 29.751947 1372785616460 122.0
62.612197 29.75185 1372785618460 123.0
62.612206 29.751736 1372785620460 125.0
62.612205 29.751641 1372785622459 127.0
62.612196 29.751539 1372785624456 127.0
62.612197 29.751438 1372785626458 129.0
62.612195 29.751346 1372785628449 130.0
62.612193 29.751254 1372785630461 130.0
62.612182 29.751172 1372785632454 129.0
62.61218 29.751074 1372785634481 129.0
62.612174 29.750977 1372785636454 129.0
62.612172 29.750898 1372785638452 130.0
62.612172 29.750803 1372785640459 132.0
62.612173 29.750709 1372785642451 133.0
62.612171 29.750621 1372785644448 135.0
62.612163 29.750541 1372785646450 132.0
62.612156 29.75046 1372785648450 133.0
62.612147 29.750372 1372785650449 131.0
62.612141 29.750317 1372785652448 131.0
62.612131 29.750251 1372785654447 131.0
62.612116 29.750168 1372785656448 129.0
62.612107 29.750088 1372785658460 128.0
62.612103 29.750012 1372785660444 129.0
62.612099 29.749925 1372785662448 131.0
62.612086 29.74985 1372785664446 131.0
62.612072 29.749788 1372785666451 130.0
62.612061 29.74971 1372785668448 129.0
62.612054 29.749631 1372785670444 129.0
62.612052 29.749557 1372785672445 130.0
62.612048 29.749482 1372785674446 131.0
62.612046 29.749406 1372785676447 134.0
62.612037 29.749304 1372785678444 133.0
62.612039 29.749223 1372785680443 135.0
62.612033 29.749132 1372785682443 136.0
62.612027 29.749051 1372785684442 137.0
62.612017 29.74897 1372785686449 137.0
62.612005 29.748888 1372785688442 137.0
62.612008 29.74881 1372785690442 139.0
62.611991 29.748722 1372785692440 137.0
62.611976 29.748635 1372785694452 134.0
62.611963 29.748552 1372785696438 133.0
62.611953 29.748468 1372785698445 133.0
62.611946 29.748399 1372785700439 135.0
62.611934 29.748337 1372785702441 137.0
62.611916 29.748252 1372785704439 137.0
62.611902 29.748175 1372785706439 138.0
62.611881 29.748096 1372785708437 139.0
62.611858 29.748 1372785710434 140.0
62.611833 29.747941 1372785712437 141.0
62.611806 29.747879 1372785714432 141.0
62.611777 29.747847 1372785716435 140.0
62.611751 29.74777 1372785718436 139.0
62.61172 29.747716 1372785720441 138.0
62.611701 29.747655 1372785722437 138.0
62.611678 29.747584 1372785724432 139.0
62.611656 29.747528 1372785726434 140.0
62.611636 29.747482 1372785728432 140.0
62.611626 29.747457 1372785730435 141.0
62.61161 29.747388 1372785732432 140.0
62.611609 29.74734 1372785734430 139.0
62.61162 29.747291 1372785736431 139.0
62.611585 29.747221 1372785738427 138.0
62.611556 29.747148 1372785740431 137.0
62.611541 29.747051 1372785742437 136.0
62.611547 29.746982 1372785744430 135.0
62.611556 29.746983 1372785746430 133.0
62.611563 29.746992 1372785748429 133.0
62.611593 29.746941 1372785750425 133.0
62.611614 29.746869 1372785752426 134.0
62.611637 29.746829 1372785754441 133.0
62.611648 29.746813 1372785756436 136.0
62.611651 29.7468 1372785758426 136.0
62.611655 29.746803 1372785760427 138.0
62.611673 29.746784 1372785762422 137.0
62.611691 29.746763 1372785764425 139.0
62.611706 29.746745 1372785766425 137.0
62.61173 29.746717 1372785768426 137.0
62.611761 29.746736 1372785770427 136.0
62.611804 29.746763 1372785772422 140.0
62.61184 29.746747 1372785774423 140.0
62.611882 29.746742 1372785776423 139.0
62.611917 29.746701 1372785778425 135.0
62.611948 29.746694 1372785780423 135.0
62.611964 29.746664 1372785782423 130.0
62.611977 29.746612 1372785784423 131.0
62.612001 29.746568 1372785786425 127.0
62.612014 29.746521 1372785788421 126.0
62.612033 29.746504 1372785790421 126.0
62.612053 29.746463 1372785792422 127.0
62.612065 29.746444 1372785794419 125.0
62.612087 29.746447 1372785796419 125.0
62.612117 29.746433 1372785798422 127.0
62.612124 29.746406 1372785800421 124.0
62.612134 29.746415 1372785802421 123.0
62.61215 29.746445 1372785804421 125.0
62.612185 29.746423 1372785806426 126.0
62.612208 29.746455 1372785808428 128.0
62.612224 29.74646 1372785810418 129.0
62.612248 29.746462 1372785812420 128.0
62.612277 29.746454 1372785814431 130.0
62.612319 29.746489 1372785816417 132.0
62.612347 29.746508 1372785818418 133.0
62.612384 29.746516 1372785820412 132.0
62.612428 29.746544 1372785822415 132.0
62.612458 29.746549 1372785824415 133.0
62.612516 29.746567 1372785826413 132.0
62.612579 29.746578 1372785828419 133.0
62.612637 29.746628 1372785830414 133.0
62.612684 29.746638 1372785832411 131.0
62.612751 29.746665 1372785834412 131.0
62.612801 29.746682 1372785836413 132.0
62.612849 29.746707 1372785838408 133.0
62.612885 29.746668 1372785840414 131.0
62.612942 29.746668 1372785842408 131.0
62.612955 29.746676 1372785844414 134.0
62.612995 29.746688 1372785846408 133.0
62.613029 29.746695 1372785848405 134.0
62.613059 29.746701 1372785850407 135.0
62.613103 29.746711 1372785852409 134.0
62.613151 29.746717 1372785854406 133.0
62.613208 29.746704 1372785856402 129.0
62.613253 29.746713 1372785858406 129.0
62.61329 29.746719 1372785860406 127.0
62.613313 29.746701 1372785862404 127.0
62.613362 29.746693 1372785864400 130.0
62.613429 29.746664 1372785866405 129.0
62.61349 29.746634 1372785868399 128.0
62.613547 29.746655 1372785870403 131.0
62.613601 29.746686 1372785872399 134.0
62.613652 29.746712 1372785874415 137.0
62.613676 29.746712 1372785876396 136.0
62.613757 29.746749 1372785878395 138.0
62.613745 29.746748 1372785880396 138.0
62.613751 29.746732 1372785882398 138.0
62.613741 29.746724 1372785884396 138.0
62.613764 29.746731 1372785886397 140.0
62.61379 29.746744 1372785888393 143.0
62.61382 29.74675 1372785890392 145.0
62.613855 29.746766 1372785892396 145.0
62.613892 29.746772 1372785894392 145.0
62.613931 29.746738 1372785896391 147.0
62.613934 29.746673 1372785898391 147.0
62.613966 29.746623 1372785900393 148.0
62.613977 29.746597 1372785902389 148.0
62.613988 29.746488 1372785904392 146.0
62.613988 29.746382 1372785906391 142.0
62.613982 29.746315 1372785908393 142.0
62.613982 29.746229 1372785910390 138.0
62.613995 29.746138 1372785912392 134.0
62.614031 29.746044 1372785914388 130.0
62.614048 29.745922 1372785916391 130.0
62.61407 29.745839 1372785918389 133.0
62.614115 29.745802 1372785920392 131.0
62.614159 29.745752 1372785922387 134.0
62.614179 29.745645 1372785924387 135.0
62.614184 29.745571 1372785926390 135.0
62.614206 29.745445 1372785928386 132.0
62.61422 29.745311 1372785930384 136.0
62.614232 29.745227 1372785932383 139.0
62.614247 29.745149 1372785934395 140.0
62.614265 29.745054 1372785936382 136.0
62.614305 29.745013 1372785938380 139.0
62.614323 29.744935 1372785940381 137.0
62.614326 29.744842 1372785942381 137.0
62.614343 29.744756 1372785944381 136.0
62.614359 29.744699 1372785946381 137.0
62.614361 29.74462 1372785948379 138.0
62.614378 29.744563 1372785950378 137.0
62.614389 29.744452 1372785952377 133.0
62.614392 29.744371 1372785954377 129.0
62.614398 29.744311 1372785956379 128.0
62.614394 29.744267 1372785958376 128.0
62.614392 29.744212 1372785960378 129.0
62.614399 29.744164 1372785962376 133.0
62.614397 29.744107 1372785964375 134.0
62.614403 29.744014 1372785966375 136.0
62.614418 29.743918 1372785968381 137.0
62.614426 29.743795 1372785970376 140.0
62.614419 29.74373 1372785972372 139.0
62.614412 29.743627 1372785974374 134.0
62.61441 29.743552 1372785976370 132.0
62.614434 29.743524 1372785978379 130.0
62.614473 29.743538 1372785980374 129.0
62.614495 29.74353 1372785982373 127.0
62.614524 29.743518 1372785984378 124.0
62.61455 29.743497 1372785986374 122.0
62.614558 29.743481 1372785988889 120.0
62.614615 29.743462 1372785990387 120.0
62.614642 29.743468 1372785992370 120.0
62.614678 29.743432 1372785994387 117.0
62.614692 29.743418 1372785996366 116.0
62.6147 29.743437 1372785998374 115.0
62.614717 29.743426 1372786000364 111.0
62.614722 29.743438 1372786002369 110.0
62.614729 29.743467 1372786004403 110.0
62.614729 29.743492 1372786006363 109.0
62.614733 29.743511 1372786008366 109.0
62.614734 29.743523 1372786010367 108.0
62.614738 29.743513 1372786012372 108.0
62.61475 29.743532 1372786014363 108.0
62.614746 29.743486 1372786016366 103.0
62.614759 29.743518 1372786018372 101.0
62.614776 29.743494 1372786020365 100.0
62.614798 29.743445 1372786022359 99.0
62.614814 29.743427 1372786024358 99.0
62.614826 29.74341 1372786026355 97.0
62.614839 29.743414 1372786027700 97.0
62.614855 29.74336 1372786029679 95.0
62.614882 29.743353 1372786031689 93.0
62.614922 29.743307 1372786033688 95.0