62.615088 29.742781 1372608556000 105.0
62.615093 29.742859 1372608558000 106.0
62.615094 29.742875 1372608560000 100.0
62.615102 29.742895 1372608562000 98.0
62.615114 29.742886 1372608564000 94.0
62.615131 29.742888 1372608566000 97.0
62.615143 29.742912 1372608568000 101.0
62.615154 29.742963 1372608570000 102.0
62.615169 29.742992 1372608572000 102.0
62.615189 29.743 1372608574000 101.0
62.615208 29.743008 1372608576000 100.0
62.615228 29.743013 1372608578000 101.0
62.615254 29.743018 1372608580000 100.0
62.615289 29.743031 1372608582000 98.0
62.615308 29.743058 1372608584000 100.0
62.615324 29.74309 1372608586000 99.0
62.61535 29.743165 1372608589000 95.0
62.61537 29.743203 1372608591000 93.0
62.615398 29.743207 1372608593000 93.0
62.61543 29.743204 1372608595000 95.0
62.615447 29.743275 1372608597000 95.0
62.615443 29.743404 1372608599000 93.0
62.615435 29.743574 1372608601000 94.0
62.615436 29.74373 1372608603000 94.0
62.615446 29.743869 1372608605000 94.0
62.615461 29.744004 1372608607000 94.0
62.61547 29.744125 1372608609000 97.0
62.61548 29.744243 1372608611000 100.0
62.615488 29.744372 1372608613000 98.0
62.615495 29.744502 1372608615000 97.0
62.6155 29.744657 1372608617000 97.0
62.6155 29.744768 1372608619000 96.0
62.615503 29.744866 1372608621000 95.0
62.615505 29.744979 1372608623000 98.0
62.615508 29.74512 1372608625000 98.0
62.615508 29.745268 1372608627000 98.0
62.615508 29.745398 1372608629000 99.0
62.615513 29.745542 1372608631000 100.0
62.615526 29.745679 1372608633000 98.0
62.615545 29.745801 1372608635000 97.0
62.615561 29.745897 1372608637000 98.0
62.615571 29.745993 1372608639000 97.0
62.61558 29.746078 1372608641000 98.0
62.615594 29.746162 1372608643000 104.0
62.615612 29.746256 1372608645000 103.0
62.615623 29.746369 1372608647000 105.0
62.615631 29.74649 1372608649000 106.0
62.615613 29.746614 1372608651000 105.0
62.615593 29.746729 1372608653000 104.0
62.615589 29.746852 1372608655000 104.0
62.61559 29.746976 1372608657000 104.0
62.615601 29.747068 1372608659000 104.0
62.615608 29.747207 1372608661000 103.0
62.615614 29.747326 1372608663000 103.0
62.61562 29.747424 1372608665000 102.0
62.615626 29.747522 1372608667000 102.0
62.615629 29.74764 1372608669000 102.0
62.615633 29.747775 1372608671000 102.0
62.61564 29.747894 1372608673000 102.0
62.615649 29.747986 1372608675000 101.0
62.615656 29.748082 1372608677000 97.0
62.615667 29.748191 1372608679000 98.0
62.615681 29.748306 1372608681000 98.0
62.615702 29.748412 1372608683000 98.0
62.615731 29.748532 1372608685000 100.0
62.61576 29.748678 1372608687000 100.0
62.615786 29.748812 1372608689000 99.0
62.615804 29.748934 1372608691000 99.0
62.615818 29.749034 1372608693000 99.0
62.615829 29.749124 1372608695000 99.0
62.615852 29.749236 1372608697000 96.0
62.615884 29.749324 1372608699000 98.0
62.615919 29.749402 1372608701000 97.0
62.615958 29.749489 1372608703000 96.0
62.615981 29.749533 1372608705000 95.0
62.615993 29.749554 1372608707000 95.0
62.615999 29.749599 1372608709000 95.0
62.615996 29.749687 1372608711000 95.0
62.615991 29.749793 1372608713000 95.0
62.615992 29.749892 1372608715000 95.0
62.615996 29.749989 1372608717000 95.0
62.615995 29.750081 1372608719000 96.0
62.615998 29.75017 1372608721000 96.0
62.616007 29.750256 1372608723000 96.0
62.61601 29.750347 1372608725000 96.0
62.616008 29.75044 1372608727000 96.0
62.615995 29.750543 1372608729000 96.0
62.615981 29.75066 1372608731000 96.0
62.615966 29.750763 1372608733000 96.0
62.615958 29.750869 1372608735000 96.0
62.615953 29.750974 1372608737000 96.0
62.615963 29.751132 1372608739000 98.0
62.615967 29.751252 1372608741000 98.0
62.615971 29.75136 1372608743000 97.0
62.615979 29.75147 1372608745000 95.0
62.615988 29.751582 1372608747000 94.0
62.616 29.75168 1372608749000 96.0
62.616011 29.751765 1372608751000 96.0
62.616017 29.751849 1372608753000 96.0
62.616014 29.751971 1372608755000 96.0
62.616001 29.752095 1372608757000 97.0
62.615989 29.75222 1372608759000 99.0
62.615974 29.752368 1372608761000 97.0
62.615971 29.752507 1372608763000 96.0
62.61598 29.752628 1372608765000 97.0
62.615991 29.752735 1372608767000 97.0
62.616004 29.752836 1372608769000 97.0
62.616014 29.752937 1372608771000 96.0
62.616023 29.753034 1372608773000 96.0
62.616036 29.753129 1372608775000 97.0
62.616045 29.753253 1372608777000 96.0
62.616051 29.753384 1372608779000 97.0
62.616053 29.753496 1372608781000 96.0
62.616056 29.753604 1372608783000 97.0
62.616064 29.753703 1372608785000 98.0
62.616076 29.753804 1372608787000 98.0
62.61609 29.753933 1372608789000 98.0
62.616109 29.754092 1372608791000 97.0
62.61613 29.754218 1372608793000 98.0
62.616148 29.754319 1372608795000 96.0
62.616159 29.754418 1372608797000 97.0
62.616159 29.754523 1372608799000 95.0
62.61616 29.754611 1372608801000 95.0
62.616167 29.75468 1372608803000 95.0
62.61617 29.754772 1372608805000 95.0
62.616162 29.754833 1372608807000 95.0
62.616166 29.754887 1372608809000 95.0
62.61617 29.754938 1372608811000 95.0
62.616175 29.754998 1372608813000 95.0
62.616183 29.755101 1372608815000 96.0
62.616208 29.755222 1372608817000 96.0
62.616233 29.755354 1372608819000 95.0
62.616247 29.755459 1372608821000 98.0
62.616251 29.755548 1372608823000 98.0
62.616255 29.755634 1372608825000 100.0
62.616264 29.755725 1372608827000 100.0
62.616276 29.755843 1372608830000 100.0
62.616297 29.755945 1372608831000 100.0
62.616309 29.756077 1372608833000 101.0
62.61631 29.756221 1372608835000 102.0
62.616323 29.756364 1372608837000 100.0
62.61633 29.756461 1372608839000 100.0
62.616333 29.756559 1372608841000 101.0
62.616327 29.75663 1372608843000 101.0
62.616308 29.756687 1372608845000 101.0
62.616286 29.756708 1372608847000 102.0
62.616275 29.756717 1372608849000 104.0
62.616278 29.756776 1372608851000 103.0
62.616272 29.756869 1372608853000 103.0
62.616266 29.756992 1372608855000 105.0
62.616283 29.757102 1372608857000 106.0
62.616312 29.75721 1372608860000 106.0
62.61632 29.757304 1372608861000 105.0
62.616331 29.757459 1372608863000 98.0
62.616359 29.757612 1372608865000 98.0
62.616366 29.757714 1372608867000 97.0
62.616361 29.757814 1372608869000 97.0
62.616352 29.757918 1372608871000 97.0
62.616343 29.75805 1372608873000 97.0
62.616333 29.758174 1372608875000 99.0
62.616339 29.758269 1372608877000 100.0
62.616356 29.758349 1372608879000 99.0
62.616368 29.758427 1372608881000 100.0
62.616376 29.758518 1372608883000 100.0
62.616382 29.758619 1372608885000 100.0
62.616389 29.758733 1372608887000 100.0
62.616396 29.758837 1372608890000 99.0
62.616391 29.758954 1372608891000 98.0
62.616389 29.759048 1372608893000 97.0
62.616388 29.759148 1372608895000 97.0
62.61639 29.759241 1372608897000 96.0
62.616392 29.759305 1372608899000 97.0
62.616388 29.759369 1372608901000 97.0
62.616376 29.759475 1372608903000 98.0
62.616361 29.759624 1372608905000 99.0
62.616352 29.75978 1372608907000 99.0
62.616343 29.759915 1372608909000 101.0
62.616329 29.760006 1372608911000 102.0
62.616302 29.760069 1372608913000 102.0
62.616278 29.760128 1372608915000 103.0
62.616261 29.760193 1372608917000 103.0
62.616248 29.760271 1372608920000 103.0
62.616233 29.760364 1372608921000 103.0
62.616225 29.760474 1372608923000 104.0
62.61622 29.760561 1372608925000 103.0
62.616214 29.760652 1372608927000 103.0
62.616205 29.760748 1372608929000 102.0
62.616198 29.760845 1372608931000 104.0
62.61619 29.760934 1372608933000 103.0
62.616168 29.761037 1372608935000 103.0
62.616143 29.761147 1372608937000 103.0
62.616118 29.761234 1372608939000 103.0
62.616092 29.761324 1372608941000 103.0
62.616069 29.761414 1372608943000 102.0
62.616045 29.761479 1372608945000 102.0
62.616014 29.761535 1372608947000 103.0
62.615974 29.761592 1372608950000 103.0
62.615935 29.76166 1372608951000 103.0
62.615898 29.761732 1372608953000 104.0
62.615871 29.761789 1372608955000 105.0
62.61587 29.761836 1372608957000 106.0
62.615857 29.76187 1372608959000 106.0
62.615824 29.761885 1372608961000 105.0
62.615788 29.761876 1372608963000 106.0
62.615753 29.761857 1372608965000 107.0
62.615718 29.761849 1372608967000 106.0
62.615686 29.761878 1372608969000 105.0
62.615647 29.761942 1372608971000 104.0
62.6156 29.761996 1372608973000 105.0
62.615559 29.762036 1372608975000 106.0
62.615515 29.762059 1372608977000 106.0
62.615466 29.762071 1372608980000 105.0
62.615419 29.762078 1372608981000 105.0
62.615376 29.762085 1372608983000 105.0
62.615328 29.762103 1372608985000 105.0
62.615274 29.762135 1372608987000 103.0
62.615213 29.762175 1372608989000 103.0
62.615152 29.762199 1372608991000 102.0
62.61508 29.762199 1372608993000 101.0
62.615029 29.762182 1372608995000 102.0
62.614983 29.762158 1372608997000 104.0
62.614943 29.762126 1372608999000 104.0
62.614895 29.762103 1372609001000 102.0
62.614838 29.762077 1372609003000 101.0
62.614785 29.76206 1372609005000 101.0
62.614739 29.762061 1372609007000 102.0
62.614695 29.762062 1372609009000 102.0
62.61466 29.76206 1372609011000 101.0
62.614621 29.76203 1372609013000 100.0
62.614571 29.761999 1372609015000 100.0
62.614521 29.761981 1372609017000 100.0
62.614481 29.761969 1372609019000 101.0
62.614452 29.761951 1372609021000 101.0
62.614422 29.761939 1372609023000 101.0
62.614384 29.761923 1372609025000 103.0
62.614341 29.761899 1372609027000 103.0
62.614294 29.761893 1372609029000 102.0
62.61425 29.761891 1372609031000 101.0
62.614201 29.76189 1372609033000 102.0
62.614158 29.761882 1372609035000 102.0
62.614129 29.761867 1372609037000 102.0
62.614108 29.761834 1372609039000 103.0
62.614082 29.761793 1372609041000 102.0
62.614049 29.761755 1372609043000 102.0
62.614008 29.761691 1372609045000 100.0
62.613966 29.761634 1372609047000 100.0
62.613926 29.761593 1372609049000 101.0
62.61388 29.761568 1372609051000 101.0
62.613837 29.761542 1372609053000 102.0
62.613799 29.761504 1372609055000 101.0
62.613753 29.761448 1372609057000 100.0
62.613705 29.761405 1372609059000 100.0
62.613658 29.761374 1372609061000 99.0
62.613606 29.761345 1372609063000 99.0
62.61356 29.76131 1372609065000 101.0
62.613515 29.761286 1372609067000 101.0
62.613474 29.761266 1372609069000 101.0
62.613442 29.76126 1372609071000 100.0
62.613415 29.761257 1372609073000 100.0
62.613381 29.761249 1372609075000 99.0
62.613338 29.76125 1372609077000 98.0
62.613289 29.761262 1372609079000 99.0
62.613237 29.76128 1372609081000 100.0
62.613192 29.761299 1372609083000 101.0
62.613149 29.761309 1372609085000 100.0
62.613098 29.761319 1372609087000 101.0
62.61305 29.761331 1372609089000 102.0
62.613006 29.76133 1372609091000 102.0
62.612963 29.761323 1372609093000 103.0
62.61292 29.761312 1372609095000 103.0
62.612878 29.761302 1372609097000 102.0
62.612829 29.76129 1372609099000 102.0
62.61278 29.761273 1372609101000 102.0
62.612722 29.761267 1372609103000 102.0
62.612659 29.761288 1372609105000 102.0
62.612601 29.761304 1372609107000 101.0
62.612554 29.761314 1372609109000 100.0
62.612514 29.761315 1372609111000 100.0
62.612469 29.761291 1372609113000 100.0
62.612422 29.76126 1372609115000 99.0
62.612378 29.761221 1372609117000 99.0
62.61234 29.761179 1372609119000 99.0
62.612315 29.761133 1372609121000 100.0
62.612293 29.761067 1372609123000 101.0
62.612272 29.760984 1372609125000 101.0
62.612256 29.760912 1372609127000 101.0
62.612244 29.760857 1372609129000 101.0
62.612241 29.76079 1372609131000 103.0
62.612241 29.760723 1372609133000 103.0
62.612241 29.760671 1372609135000 104.0
62.612237 29.760619 1372609137000 103.0
62.612236 29.760541 1372609139000 102.0
62.612231 29.760458 1372609141000 103.0
62.612222 29.760372 1372609143000 103.0
62.612208 29.760282 1372609145000 103.0
62.612193 29.760186 1372609147000 103.0
62.612185 29.760094 1372609149000 105.0
62.612174 29.759992 1372609151000 104.0
62.612166 29.759872 1372609153000 104.0
62.612159 29.759756 1372609155000 104.0
62.612136 29.759662 1372609157000 102.0
62.612125 29.759596 1372609159000 102.0
62.612122 29.759555 1372609161000 101.0
62.612117 29.759538 1372609163000 100.0
62.612108 29.759547 1372609165000 101.0
62.612098 29.759546 1372609167000 100.0
62.612101 29.759532 1372609169000 100.0
62.612122 29.759504 1372609171000 99.0
62.612152 29.759477 1372609173000 99.0
62.612189 29.759438 1372609175000 99.0
62.61223 29.759381 1372609177000 99.0
62.612274 29.759328 1372609179000 99.0
62.612318 29.75928 1372609181000 99.0
62.612369 29.759245 1372609183000 100.0
62.612407 29.759202 1372609185000 100.0
62.612438 29.759161 1372609187000 100.0
62.612475 29.759121 1372609189000 99.0
62.612511 29.759089 1372609191000 99.0
62.612549 29.759067 1372609193000 99.0
62.612588 29.759059 1372609195000 98.0
62.612627 29.759041 1372609197000 97.0
62.612668 29.759009 1372609199000 97.0
62.612707 29.758977 1372609201000 98.0
62.612748 29.758952 1372609203000 97.0
62.612793 29.758915 1372609205000 96.0
62.612845 29.758889 1372609207000 94.0
62.612894 29.758875 1372609209000 93.0
62.612954 29.75885 1372609211000 92.0
62.612996 29.758833 1372609213000 92.0
62.613035 29.75878 1372609215000 93.0
62.613061 29.758769 1372609217000 94.0
62.613088 29.758765 1372609219000 96.0
62.613121 29.758752 1372609221000 96.0
62.613162 29.758725 1372609223000 96.0
62.613195 29.758703 1372609225000 97.0
62.613231 29.758691 1372609227000 95.0
62.613262 29.758679 1372609229000 96.0
62.613306 29.758664 1372609231000 96.0
62.613373 29.75862 1372609233000 95.0
62.613424 29.758582 1372609235000 95.0
62.613458 29.758539 1372609237000 98.0
62.613484 29.758501 1372609239000 100.0
62.613515 29.75846 1372609241000 99.0
62.613557 29.75843 1372609243000 98.0
62.61361 29.75842 1372609245000 97.0
62.613663 29.758415 1372609247000 98.0
62.613699 29.758383 1372609249000 96.0
62.613721 29.758354 1372609251000 96.0
62.613738 29.758331 1372609253000 96.0
62.613753 29.758312 1372609255000 96.0
62.613771 29.758301 1372609257000 96.0
62.613798 29.758289 1372609259000 97.0
62.613821 29.758277 1372609261000 97.0
62.613857 29.758259 1372609263000 98.0
62.613907 29.758246 1372609265000 97.0
62.613968 29.758244 1372609267000 99.0
62.614024 29.758256 1372609269000 98.0
62.614063 29.758263 1372609271000 97.0
62.614098 29.75826 1372609273000 96.0
62.614135 29.758246 1372609275000 95.0
62.614162 29.758216 1372609277000 96.0
62.614182 29.758197 1372609279000 97.0
62.614206 29.758191 1372609281000 97.0
62.614252 29.758188 1372609283000 97.0
62.614301 29.758187 1372609285000 97.0
62.614335 29.758149 1372609287000 97.0
62.614367 29.758085 1372609289000 96.0
62.614406 29.758042 1372609291000 96.0
62.614444 29.757996 1372609293000 95.0
62.614478 29.757964 1372609295000 96.0
62.614506 29.757947 1372609297000 96.0
62.614529 29.757925 1372609299000 97.0
62.614554 29.757909 1372609301000 98.0
62.614575 29.75789 1372609303000 100.0
62.614601 29.757863 1372609305000 100.0
62.614625 29.757838 1372609307000 101.0
62.614645 29.757822 1372609309000 100.0
62.614669 29.757818 1372609311000 100.0
62.614698 29.757821 1372609313000 101.0
62.614733 29.757815 1372609315000 100.0
62.614772 29.757786 1372609317000 101.0
62.614816 29.757748 1372609319000 101.0
62.61486 29.757718 1372609321000 101.0
62.614902 29.757675 1372609323000 100.0
62.614936 29.75762 1372609325000 101.0
62.614969 29.757556 1372609327000 100.0
62.614993 29.757494 1372609329000 101.0
62.615022 29.757415 1372609331000 99.0
62.615057 29.757317 1372609333000 100.0
62.615087 29.757211 1372609335000 100.0
62.6151 29.757111 1372609337000 100.0
62.615113 29.757024 1372609339000 100.0
62.61512 29.756951 1372609341000 102.0
62.615126 29.756856 1372609343000 102.0
62.615134 29.756767 1372609345000 102.0
62.615138 29.756682 1372609347000 101.0
62.615135 29.7566 1372609349000 101.0
62.615123 29.756526 1372609351000 102.0
62.615122 29.756453 1372609353000 103.0
62.61513 29.756357 1372609355000 104.0
62.615132 29.756234 1372609357000 105.0
62.615133 29.756109 1372609359000 105.0
62.615128 29.755985 1372609361000 105.0
62.615117 29.755888 1372609363000 106.0
62.615103 29.755783 1372609365000 105.0
62.615089 29.755698 1372609367000 104.0
62.615078 29.7556 1372609369000 104.0
62.615071 29.755508 1372609371000 104.0
62.615072 29.755409 1372609373000 105.0
62.615078 29.755278 1372609375000 107.0
62.615083 29.75517 1372609377000 107.0
62.615081 29.7551 1372609379000 108.0
62.61507 29.75504 1372609381000 107.0
62.615057 29.754994 1372609383000 107.0
62.615036 29.75496 1372609385000 108.0
62.615024 29.754925 1372609387000 110.0
62.615022 29.754873 1372609389000 111.0
62.615023 29.754809 1372609391000 111.0
62.615017 29.754743 1372609393000 112.0
62.615008 29.754682 1372609395000 111.0
62.615 29.754633 1372609397000 112.0
62.614999 29.754576 1372609399000 111.0
62.614995 29.754513 1372609401000 111.0
62.614999 29.754426 1372609403000 111.0
62.615004 29.75434 1372609405000 112.0
62.614996 29.754274 1372609407000 113.0
62.614972 29.754226 1372609409000 112.0
62.614955 29.754193 1372609411000 114.0
62.614939 29.754145 1372609413000 114.0
62.614923 29.754068 1372609415000 112.0
62.614909 29.753967 1372609417000 111.0
62.614901 29.753861 1372609419000 112.0
62.614904 29.753754 1372609421000 113.0
62.614897 29.753657 1372609423000 113.0
62.614885 29.753566 1372609425000 114.0
62.614859 29.753486 1372609427000 111.0
62.614841 29.753404 1372609429000 111.0
62.614827 29.753305 1372609431000 111.0
62.61482 29.753198 1372609433000 112.0
62.614822 29.753097 1372609435000 111.0
62.614818 29.753004 1372609437000 109.0
62.61481 29.752917 1372609439000 109.0
62.614801 29.752834 1372609441000 109.0
62.614796 29.752747 1372609443000 109.0
62.614795 29.752658 1372609445000 109.0
62.614793 29.752568 1372609447000 110.0
62.614797 29.75248 1372609449000 110.0
62.614809 29.752369 1372609451000 110.0
62.614822 29.752242 1372609453000 110.0
62.614824 29.752133 1372609455000 110.0
62.614808 29.752045 1372609457000 111.0
62.614791 29.751958 1372609459000 111.0
62.614786 29.751879 1372609461000 112.0
62.614773 29.7518 1372609463000 111.0
62.614752 29.751725 1372609465000 111.0
62.614722 29.751659 1372609467000 110.0
62.614689 29.751597 1372609469000 108.0
62.614663 29.751526 1372609471000 106.0
62.614656 29.751463 1372609473000 105.0
62.61465 29.751418 1372609475000 105.0
62.614639 29.751362 1372609477000 104.0
62.614629 29.751283 1372609479000 104.0
62.614617 29.751174 1372609481000 103.0
62.614615 29.751115 1372609483000 103.0
62.614617 29.751065 1372609485000 102.0
62.61462 29.751012 1372609487000 103.0
62.614618 29.750953 1372609489000 101.0
62.614613 29.750874 1372609491000 102.0
62.614608 29.750779 1372609493000 103.0
62.614603 29.750678 1372609495000 103.0
62.614598 29.75059 1372609497000 102.0
62.614595 29.750519 1372609499000 102.0
62.614595 29.750448 1372609501000 102.0
62.614587 29.750351 1372609503000 101.0
62.614569 29.750254 1372609505000 101.0
62.61455 29.750175 1372609507000 102.0
62.614543 29.750115 1372609509000 102.0
62.614533 29.750015 1372609511000 101.0
62.61452 29.749902 1372609513000 102.0
62.614505 29.749806 1372609515000 102.0
62.614489 29.749734 1372609517000 102.0
62.61448 29.749692 1372609519000 103.0
62.614478 29.749659 1372609521000 104.0
62.614472 29.749615 1372609523000 104.0
62.614466 29.749551 1372609525000 104.0
62.61447 29.749469 1372609527000 104.0
62.614473 29.749374 1372609529000 104.0
62.614474 29.749298 1372609531000 105.0
62.614471 29.749236 1372609533000 105.0
62.614462 29.749153 1372609535000 104.0
62.614462 29.749035 1372609537000 105.0
62.614474 29.7489 1372609539000 105.0
62.614487 29.748786 1372609541000 104.0
62.614503 29.74866 1372609543000 103.0
62.614513 29.748527 1372609545000 102.0
62.614514 29.748396 1372609547000 101.0
62.61451 29.748288 1372609549000 102.0
62.614499 29.748188 1372609551000 102.0
62.614495 29.748069 1372609553000 103.0
62.614492 29.747956 1372609555000 103.0
62.614492 29.747889 1372609557000 103.0
62.614494 29.747843 1372609559000 103.0
62.614494 29.747802 1372609561000 103.0
62.614493 29.747759 1372609563000 103.0
62.614488 29.74771 1372609565000 102.0
62.614482 29.747648 1372609567000 101.0
62.614475 29.747571 1372609569000 101.0
62.614448 29.747478 1372609571000 99.0
62.614415 29.747367 1372609573000 98.0
62.614388 29.747251 1372609575000 101.0
62.61437 29.747157 1372609577000 100.0
62.614363 29.747093 1372609579000 97.0
62.614361 29.747018 1372609581000 98.0
62.614358 29.746911 1372609583000 99.0
62.614354 29.74681 1372609585000 100.0
62.614342 29.746673 1372609587000 98.0
62.61432 29.746536 1372609589000 100.0
62.614305 29.746452 1372609591000 100.0
62.614306 29.746395 1372609593000 99.0
62.614319 29.746345 1372609595000 100.0
62.614328 29.746289 1372609597000 99.0
62.614345 29.746303 1372609599000 95.0
62.614349 29.746312 1372609601000 94.0
62.614349 29.746312 1372609603000 92.0
62.614371 29.746302 1372609605000 91.0
62.614395 29.74627 1372609607000 91.0
62.614411 29.746235 1372609609000 92.0
62.614429 29.746205 1372609611000 94.0
62.614446 29.746181 1372609613000 94.0
62.614482 29.746174 1372609615000 93.0
62.614506 29.746177 1372609617000 93.0
62.614547 29.746176 1372609619000 93.0
62.614595 29.746169 1372609621000 93.0
62.614637 29.746145 1372609623000 100.0
62.614678 29.746122 1372609625000 99.0
62.614725 29.746115 1372609627000 99.0
62.614767 29.746114 1372609629000 100.0
62.614808 29.746099 1372609631000 101.0
62.614847 29.746077 1372609633000 101.0
62.614893 29.746046 1372609635000 101.0
62.614909 29.746026 1372609637000 98.0
62.614921 29.746019 1372609639000 96.0
62.614932 29.746015 1372609641000 96.0
62.614945 29.746002 1372609643000 94.0
62.614965 29.745994 1372609645000 96.0
62.614992 29.745981 1372609647000 96.0
62.615032 29.745958 1372609649000 99.0
62.615075 29.74594 1372609651000 99.0
62.615115 29.745918 1372609653000 98.0
62.615155 29.745901 1372609655000 99.0
62.615192 29.7459 1372609657000 100.0
62.61523 29.745915 1372609659000 98.0
62.615259 29.745909 1372609661000 96.0
62.615281 29.745874 1372609663000 94.0
62.615311 29.745841 1372609665000 94.0
62.615348 29.745853 1372609667000 96.0
62.615369 29.745897 1372609669000 94.0
62.615384 29.745914 1372609671000 95.0
62.615404 29.745938 1372609673000 98.0
62.615434 29.745943 1372609675000 98.0
62.615454 29.745932 1372609677000 97.0
62.615458 29.745928 1372609679000 95.0
62.615466 29.745905 1372609681000 93.0
62.61547 29.745823 1372609683000 91.0
62.615471 29.745665 1372609685000 94.0
62.615464 29.74549 1372609687000 91.0
62.615457 29.745321 1372609689000 88.0
62.615459 29.745169 1372609691000 89.0
62.615453 29.745054 1372609693000 89.0
62.615436 29.744952 1372609695000 89.0
62.615418 29.74483 1372609697000 90.0
62.615411 29.744713 1372609699000 87.0
62.615404 29.744618 1372609701000 89.0
62.615398 29.744513 1372609703000 90.0
62.615397 29.744399 1372609705000 90.0
62.615394 29.744303 1372609707000 89.0
62.615391 29.744211 1372609709000 85.0
62.615395 29.744099 1372609711000 83.0
62.615401 29.743977 1372609713000 83.0
62.615403 29.743852 1372609715000 82.0
62.615391 29.743713 1372609717000 82.0
62.615381 29.743567 1372609719000 83.0
62.615375 29.743432 1372609721000 83.0
62.615375 29.743311 1372609723000 85.0
62.615369 29.743206 1372609725000 85.0
62.615358 29.743102 1372609727000 85.0
62.61534 29.743034 1372609729000 89.0
62.615316 29.743024 1372609731000 91.0
62.615296 29.743044 1372609733000 92.0
62.615288 29.743058 1372609736000 94.0
62.615255 29.743061 1372609739000 95.0
62.61523 29.743067 1372609741000 95.0
62.615207 29.743076 1372609743000 95.0