62.614979 29.743385 1375979899000 78.0
62.614992 29.743289 1375979901000 78.0
62.615005 29.743253 1375979902000 78.0
62.615008 29.743218 1375979904000 78.0
62.615017 29.743308 1375979906000 80.0
62.61505 29.743309 1375979908000 81.0
62.615055 29.743227 1375979910000 80.0
62.615051 29.743158 1375979913000 82.0
62.615034 29.743073 1375979914000 82.0
62.615022 29.74302 1375979915000 83.0
62.615012 29.742863 1375979918000 83.0
62.615028 29.742833 1375979921000 83.0
62.615067 29.742869 1375979922000 82.0
62.615129 29.742917 1375979924000 79.0
62.615187 29.742985 1375979926000 78.0
62.615209 29.743031 1375979927000 77.0
62.615237 29.743126 1375979929000 75.0
62.615259 29.743244 1375979933000 75.0
62.615282 29.74337 1375979934000 76.0
62.615286 29.743415 1375979935000 76.0
62.615314 29.743646 1375979938000 75.0
62.615329 29.7438 1375979940000 74.0
62.61535 29.743981 1375979942000 73.0
62.61536 29.7441 1375979944000 74.0
62.615367 29.74418 1375979946000 75.0
62.615377 29.744268 1375979949000 77.0
62.61539 29.7444 1375979950000 78.0
62.615403 29.744543 1375979952000 78.0
62.61541 29.744679 1375979955000 77.0
62.615415 29.744807 1375979956000 78.0
62.615423 29.745012 1375979959000 77.0
62.615433 29.745194 1375979963000 79.0
62.615439 29.745257 1375979964000 79.0
62.615451 29.745434 1375979966000 80.0
62.615459 29.745566 1375979968000 79.0
62.615463 29.745634 1375979970000 79.0
62.615481 29.745876 1375979973000 79.0
62.615487 29.745952 1375979974000 78.0
62.615492 29.746143 1375979976000 79.0
62.6155 29.746247 1375979978000 79.0
62.615517 29.746326 1375979980000 78.0
62.615524 29.746416 1375979983000 78.0
62.615528 29.746521 1375979984000 78.0
62.615536 29.746659 1375979986000 79.0
62.615549 29.746791 1375979989000 80.0
62.615581 29.747081 1375979993000 81.0
62.615584 29.747156 1375979994000 81.0
62.615591 29.747389 1375979996000 81.0
62.615603 29.74753 1375979998000 82.0
62.615617 29.747658 1375980000000 82.0
62.615621 29.747764 1375980002000 83.0
62.615622 29.747861 1375980004000 83.0
62.615628 29.748008 1375980006000 86.0
62.615634 29.748139 1375980008000 85.0
62.615637 29.748252 1375980010000 85.0
62.615641 29.748359 1375980012000 85.0
62.615643 29.748436 1375980014000 84.0
62.61564 29.748455 1375980017000 83.0
62.615647 29.748468 1375980018000 84.0
62.615673 29.748511 1375980020000 85.0
62.615704 29.74859 1375980023000 84.0
62.615717 29.748631 1375980024000 85.0
62.615754 29.748774 1375980026000 86.0
62.615772 29.748863 1375980028000 86.0
62.615785 29.74894 1375980030000 85.0
62.615791 29.749014 1375980032000 85.0
62.615795 29.749024 1375980034000 85.0
62.615799 29.749055 1375980037000 85.0
62.615802 29.749146 1375980038000 85.0
62.615801 29.749241 1375980040000 84.0
62.615795 29.749297 1375980043000 84.0
62.615799 29.749365 1375980045000 84.0
62.615812 29.749449 1375980046000 84.0
62.61582 29.749538 1375980048000 84.0
62.615839 29.749684 1375980050000 84.0
62.615871 29.749843 1375980053000 84.0
62.615891 29.749963 1375980055000 84.0
62.615901 29.750162 1375980058000 83.0
62.615908 29.750328 1375980060000 83.0
62.615909 29.750531 1375980063000 83.0
62.615907 29.750727 1375980064000 83.0
62.615892 29.750889 1375980066000 83.0
62.615878 29.751021 1375980068000 84.0
62.61588 29.751209 1375980070000 84.0
62.615892 29.75139 1375980073000 83.0
62.615906 29.751501 1375980074000 82.0
62.61592 29.751578 1375980076000 82.0
62.615934 29.751674 1375980078000 81.0
62.61595 29.751773 1375980080000 81.0
62.61596 29.751885 1375980083000 82.0
62.615962 29.751942 1375980084000 82.0
62.615979 29.752086 1375980086000 82.0
62.615993 29.752193 1375980088000 82.0
62.616006 29.752318 1375980090000 82.0
62.61601 29.752419 1375980092000 82.0
62.616018 29.752527 1375980094000 83.0
62.616021 29.752564 1375980095000 84.0
62.616023 29.752648 1375980098000 82.0
62.616027 29.752733 1375980101000 82.0
62.616042 29.752853 1375980103000 82.0
62.616042 29.752914 1375980105000 83.0
62.616036 29.752954 1375980106000 83.0
62.616042 29.753041 1375980108000 83.0
62.616054 29.75319 1375980111000 83.0
62.61606 29.753339 1375980112000 83.0
62.616062 29.753474 1375980115000 82.0
62.616056 29.753555 1375980116000 83.0
62.616062 29.753641 1375980118000 83.0
62.616074 29.753731 1375980120000 83.0
62.61609 29.753869 1375980122000 82.0
62.616097 29.754094 1375980124000 82.0
62.616099 29.754342 1375980126000 82.0
62.616101 29.754405 1375980127000 82.0
62.616119 29.754487 1375980130000 83.0
62.616136 29.754496 1375980131000 82.0
62.616182 29.754563 1375980134000 83.0
62.616191 29.754612 1375980136000 83.0
62.616196 29.7547 1375980138000 83.0
62.616199 29.75476 1375980140000 83.0
62.616201 29.754816 1375980141000 83.0
62.616203 29.754956 1375980143000 83.0
62.61624 29.755216 1375980146000 83.0
62.61627 29.755322 1375980148000 82.0
62.61629 29.755444 1375980150000 81.0
62.616303 29.755586 1375980152000 81.0
62.616306 29.755659 1375980153000 80.0
62.616315 29.755846 1375980156000 81.0
62.616324 29.755932 1375980158000 81.0
62.616327 29.756003 1375980160000 81.0
62.616323 29.756061 1375980163000 83.0
62.616319 29.756114 1375980164000 83.0
62.616318 29.756171 1375980166000 84.0
62.616324 29.756238 1375980168000 84.0
62.616335 29.756316 1375980170000 85.0
62.616344 29.756405 1375980172000 84.0
62.616348 29.756499 1375980174000 84.0
62.616359 29.756585 1375980176000 84.0
62.616368 29.75667 1375980178000 85.0
62.616363 29.756772 1375980180000 85.0
62.616351 29.7569 1375980182000 85.0
62.616336 29.757057 1375980184000 85.0
62.616321 29.757205 1375980186000 85.0
62.616316 29.757272 1375980187000 85.0
62.616308 29.757486 1375980190000 85.0
62.6163 29.757634 1375980193000 85.0
62.616296 29.757823 1375980196000 84.0
62.616307 29.75789 1375980199000 84.0
62.616316 29.757963 1375980200000 84.0
62.616323 29.758045 1375980202000 84.0
62.616325 29.758104 1375980203000 84.0
62.61632 29.758254 1375980206000 84.0
62.616315 29.758299 1375980208000 83.0
62.616313 29.758348 1375980210000 81.0
62.616317 29.758436 1375980212000 82.0
62.616324 29.758529 1375980214000 83.0
62.616333 29.758641 1375980217000 83.0
62.616348 29.758765 1375980218000 83.0
62.61636 29.758865 1375980220000 83.0
62.616363 29.758922 1375980221000 84.0
62.616373 29.759099 1375980224000 83.0
62.616378 29.75922 1375980226000 83.0
62.616379 29.759349 1375980228000 83.0
62.61638 29.759464 1375980230000 83.0
62.616376 29.759552 1375980233000 83.0
62.616361 29.759666 1375980234000 82.0
62.616353 29.759782 1375980236000 82.0
62.61635 29.759904 1375980238000 81.0
62.61635 29.759997 1375980240000 81.0
62.616346 29.760077 1375980243000 80.0
62.616325 29.760164 1375980245000 80.0
62.616301 29.760242 1375980246000 80.0
62.616293 29.760301 1375980248000 80.0
62.616304 29.76036 1375980250000 80.0
62.6163 29.760452 1375980253000 80.0
62.616284 29.760528 1375980254000 80.0
62.616266 29.760621 1375980256000 80.0
62.61625 29.76072 1375980258000 81.0
62.616226 29.76084 1375980260000 81.0
62.616199 29.760988 1375980262000 80.0
62.616178 29.761106 1375980264000 80.0
62.61617 29.761147 1375980265000 80.0
62.616154 29.761299 1375980268000 80.0
62.616146 29.761404 1375980271000 80.0
62.616136 29.761512 1375980272000 80.0
62.616121 29.761617 1375980274000 80.0
62.616109 29.761673 1375980275000 81.0
62.616093 29.761843 1375980278000 81.0
62.616089 29.761923 1375980280000 81.0
62.616082 29.761959 1375980281000 81.0
62.616023 29.762045 1375980284000 81.0
62.615972 29.762095 1375980286000 81.0
62.615917 29.762154 1375980288000 81.0
62.615875 29.762195 1375980290000 81.0
62.615839 29.762228 1375980292000 81.0
62.615793 29.762252 1375980295000 81.0
62.615749 29.762266 1375980297000 81.0
62.615724 29.762273 1375980298000 81.0
62.615713 29.762293 1375980300000 81.0
62.615697 29.762325 1375980303000 81.0
62.615665 29.762349 1375980304000 81.0
62.615622 29.762399 1375980306000 81.0
62.615568 29.762424 1375980308000 81.0
62.615463 29.76255 1375980310000 81.0
62.615377 29.762579 1375980312000 81.0
62.615308 29.762492 1375980314000 81.0
62.615231 29.762429 1375980316000 82.0
62.615163 29.762389 1375980318000 81.0
62.615112 29.762367 1375980320000 81.0
62.6151 29.762389 1375980322000 81.0
62.615103 29.762383 1375980324000 81.0
62.615105 29.762342 1375980326000 81.0
62.615073 29.762308 1375980328000 82.0
62.615036 29.762291 1375980330000 82.0
62.614992 29.762288 1375980332000 82.0
62.61495 29.762285 1375980334000 82.0
62.614913 29.762268 1375980336000 82.0
62.61489 29.762248 1375980338000 82.0
62.614885 29.762213 1375980340000 81.0
62.614868 29.762172 1375980342000 81.0
62.614845 29.762131 1375980344000 81.0
62.614827 29.762098 1375980346000 81.0
62.614819 29.762091 1375980347000 81.0
62.614759 29.762087 1375980350000 82.0
62.614731 29.762086 1375980351000 82.0
62.614651 29.762069 1375980354000 82.0
62.614596 29.762045 1375980357000 82.0
62.614543 29.762081 1375980358000 82.0
62.614466 29.762114 1375980360000 82.0
62.61439 29.762131 1375980362000 82.0
62.614311 29.762096 1375980364000 82.0
62.614274 29.762083 1375980366000 82.0
62.614221 29.762064 1375980368000 82.0
62.614207 29.762062 1375980369000 82.0
62.614168 29.762094 1375980373000 82.0
62.614124 29.762128 1375980374000 82.0
62.614106 29.762148 1375980376000 82.0
62.614083 29.762131 1375980379000 82.0
62.614051 29.762118 1375980380000 82.0
62.614018 29.76209 1375980382000 82.0
62.613982 29.76206 1375980385000 82.0
62.613932 29.76204 1375980386000 83.0
62.613884 29.762005 1375980389000 83.0
62.613825 29.761957 1375980390000 83.0
62.613777 29.761892 1375980392000 83.0
62.613726 29.7618 1375980395000 83.0
62.613705 29.761686 1375980397000 83.0
62.613717 29.7616 1375980398000 83.0
62.613713 29.761553 1375980400000 83.0
62.613671 29.761498 1375980402000 83.0
62.613647 29.761444 1375980403000 84.0
62.613549 29.761379 1375980406000 84.0
62.613491 29.76137 1375980408000 84.0
62.613448 29.761397 1375980411000 84.0
62.613406 29.761439 1375980412000 84.0
62.61335 29.761496 1375980414000 84.0
62.613288 29.761493 1375980416000 83.0
62.61326 29.761488 1375980417000 83.0
62.613191 29.761455 1375980421000 83.0
62.61316 29.76146 1375980422000 83.0
62.613128 29.761456 1375980424000 83.0
62.613088 29.761463 1375980426000 83.0
62.613061 29.761466 1375980428000 83.0
62.613035 29.76147 1375980430000 83.0
62.613005 29.761491 1375980432000 83.0
62.612966 29.761501 1375980434000 83.0
62.612952 29.761505 1375980436000 83.0
62.612921 29.761509 1375980438000 83.0
62.612897 29.761477 1375980440000 83.0
62.61285 29.761434 1375980443000 83.0
62.612719 29.761326 1375980446000 82.0
62.612647 29.761269 1375980448000 82.0
62.612581 29.761217 1375980450000 82.0
62.612517 29.761209 1375980452000 82.0
62.612461 29.761206 1375980454000 82.0
62.612404 29.76118 1375980456000 82.0
62.61235 29.761154 1375980458000 82.0
62.612319 29.761109 1375980460000 83.0
62.612298 29.761053 1375980462000 82.0
62.612269 29.760996 1375980464000 83.0
62.612236 29.760969 1375980466000 83.0
62.612202 29.760919 1375980468000 82.0
62.612187 29.7609 1375980470000 82.0
62.612141 29.760862 1375980472000 83.0
62.612125 29.760858 1375980473000 83.0
62.612089 29.760812 1375980476000 83.0
62.612049 29.760649 1375980478000 83.0
62.612028 29.760551 1375980480000 83.0
62.612006 29.760475 1375980482000 86.0
62.611991 29.760391 1375980484000 85.0
62.611978 29.760319 1375980486000 85.0
62.611971 29.760268 1375980488000 85.0
62.611968 29.760184 1375980490000 85.0
62.611974 29.760088 1375980493000 85.0
62.61197 29.760018 1375980495000 86.0
62.611964 29.759941 1375980496000 86.0
62.611945 29.75991 1375980498000 86.0
62.611921 29.759925 1375980500000 86.0
62.611921 29.759906 1375980503000 88.0
62.611929 29.759855 1375980504000 85.0
62.611952 29.759719 1375980506000 88.0
62.611969 29.759626 1375980508000 87.0
62.611977 29.759542 1375980510000 86.0
62.611985 29.759491 1375980512000 86.0
62.612037 29.759345 1375980515000 89.0
62.612083 29.759288 1375980517000 89.0
62.612124 29.759266 1375980518000 90.0
62.612166 29.759292 1375980520000 91.0
62.61222 29.759316 1375980523000 92.0
62.61228 29.759323 1375980525000 92.0
62.612349 29.759268 1375980526000 92.0
62.612421 29.759175 1375980529000 90.0
62.612483 29.759105 1375980530000 90.0
62.612534 29.759063 1375980532000 90.0
62.612577 29.759018 1375980534000 90.0
62.612611 29.758979 1375980537000 88.0
62.612634 29.758962 1375980539000 85.0
62.61265 29.758937 1375980540000 85.0
62.612676 29.758911 1375980543000 85.0
62.612692 29.758884 1375980545000 84.0
62.612732 29.758828 1375980548000 83.0
62.612764 29.758788 1375980550000 83.0
62.612803 29.758757 1375980552000 83.0
62.61284 29.758736 1375980554000 82.0
62.612873 29.758738 1375980556000 82.0
62.612912 29.758736 1375980558000 82.0
62.61294 29.758713 1375980560000 82.0
62.612972 29.758677 1375980562000 81.0
62.613029 29.758646 1375980565000 79.0
62.613107 29.758616 1375980566000 80.0
62.613149 29.7586 1375980567000 80.0
62.613251 29.758539 1375980570000 79.0
62.613307 29.758509 1375980572000 81.0
62.61334 29.75848 1375980575000 81.0
62.613363 29.758451 1375980576000 81.0
62.613384 29.758422 1375980578000 81.0
62.613417 29.7584 1375980580000 80.0
62.613453 29.758375 1375980582000 80.0
62.613481 29.758368 1375980584000 80.0
62.613538 29.758355 1375980586000 79.0
62.613603 29.758341 1375980589000 79.0
62.613655 29.758316 1375980590000 79.0
62.613701 29.758295 1375980593000 78.0
62.613742 29.758288 1375980594000 77.0
62.613781 29.758266 1375980596000 77.0
62.61383 29.758225 1375980598000 76.0
62.613883 29.758177 1375980600000 76.0
62.613931 29.758136 1375980602000 75.0
62.613989 29.758157 1375980604000 74.0
62.614042 29.758184 1375980606000 74.0
62.614076 29.758196 1375980608000 74.0
62.614099 29.758176 1375980610000 72.0
62.614132 29.758137 1375980612000 72.0
62.614173 29.758105 1375980614000 73.0
62.61422 29.758084 1375980616000 73.0
62.614267 29.758083 1375980618000 73.0
62.614299 29.758092 1375980621000 73.0
62.614317 29.758099 1375980622000 73.0
62.61433 29.75808 1375980624000 72.0
62.614343 29.758074 1375980626000 73.0
62.614353 29.758062 1375980628000 72.0
62.614362 29.758022 1375980630000 72.0
62.614378 29.757961 1375980632000 72.0
62.614384 29.757877 1375980635000 72.0
62.614389 29.757799 1375980637000 72.0
62.614396 29.757771 1375980638000 72.0
62.614466 29.757678 1375980640000 72.0
62.614503 29.757661 1375980641000 73.0
62.61463 29.75765 1375980644000 72.0
62.614695 29.757653 1375980646000 71.0
62.614755 29.757649 1375980648000 70.0
62.614808 29.757626 1375980651000 71.0
62.614844 29.75762 1375980652000 72.0
62.614881 29.757631 1375980654000 71.0
62.614943 29.757661 1375980656000 71.0
62.615002 29.757699 1375980658000 70.0
62.615065 29.757752 1375980660000 71.0
62.615119 29.757801 1375980662000 71.0
62.615173 29.757823 1375980665000 71.0
62.615217 29.757826 1375980666000 71.0
62.615251 29.757811 1375980668000 70.0
62.6153 29.757795 1375980670000 71.0
62.615366 29.757795 1375980673000 72.0
62.615435 29.757799 1375980675000 72.0
62.615494 29.757836 1375980676000 72.0
62.615544 29.757871 1375980678000 72.0
62.615581 29.757896 1375980680000 73.0
62.615619 29.757918 1375980682000 74.0
62.615653 29.757914 1375980684000 73.0
62.615695 29.757938 1375980686000 72.0
62.615733 29.757948 1375980688000 72.0
62.615768 29.757937 1375980690000 72.0
62.615809 29.757908 1375980692000 73.0
62.61583 29.757892 1375980694000 73.0
62.615884 29.757838 1375980696000 73.0
62.615904 29.757785 1375980698000 74.0
62.615926 29.757744 1375980700000 75.0
62.615952 29.757718 1375980703000 74.0
62.615974 29.757706 1375980704000 73.0
62.615997 29.757684 1375980706000 73.0
62.616022 29.757665 1375980708000 72.0
62.616058 29.757645 1375980710000 72.0
62.616081 29.757634 1375980712000 72.0
62.616153 29.757603 1375980714000 72.0
62.616212 29.757603 1375980716000 72.0
62.616276 29.757646 1375980718000 72.0
62.616331 29.757694 1375980720000 72.0
62.61638 29.757711 1375980722000 72.0
62.616415 29.757695 1375980724000 73.0
62.616434 29.757689 1375980726000 73.0
62.61645 29.757708 1375980728000 76.0
62.61645 29.757717 1375980730000 80.0
62.61644 29.757693 1375980732000 83.0
62.616428 29.757659 1375980735000 82.0
62.616415 29.757671 1375980736000 82.0
62.616403 29.757768 1375980738000 82.0
62.6164 29.7579 1375980740000 81.0
62.616393 29.758028 1375980743000 80.0
62.616388 29.758085 1375980744000 79.0
62.616376 29.758253 1375980746000 80.0
62.616372 29.758365 1375980748000 82.0
62.616366 29.758469 1375980750000 82.0
62.616368 29.758552 1375980753000 82.0
62.61638 29.758611 1375980755000 81.0
62.616393 29.758689 1375980757000 82.0
62.616409 29.758765 1375980759000 82.0
62.61642 29.758834 1375980760000 81.0
62.616416 29.75894 1375980763000 81.0
62.616401 29.75909 1375980764000 82.0
62.616399 29.759167 1375980766000 82.0
62.616401 29.759328 1375980768000 82.0
62.616407 29.759443 1375980770000 83.0
62.616399 29.759571 1375980773000 82.0
62.616391 29.759684 1375980775000 82.0
62.61638 29.759807 1375980776000 83.0
62.616359 29.759962 1375980779000 83.0
62.616336 29.760102 1375980780000 83.0
62.616314 29.760223 1375980782000 82.0
62.616304 29.760276 1375980783000 82.0
62.616282 29.760423 1375980786000 82.0
62.616269 29.760505 1375980788000 83.0
62.61627 29.76052 1375980790000 83.0
62.616274 29.760537 1375980792000 83.0
62.616274 29.760566 1375980794000 83.0
62.616266 29.760597 1375980796000 83.0
62.616263 29.760668 1375980798000 83.0
62.616257 29.760761 1375980800000 83.0
62.61625 29.760857 1375980803000 84.0
62.616239 29.760966 1375980806000 85.0
62.616234 29.761053 1375980808000 84.0
62.616221 29.761204 1375980810000 85.0
62.616195 29.761354 1375980813000 86.0
62.616165 29.761474 1375980815000 86.0
62.616136 29.761566 1375980816000 86.0
62.61612 29.761623 1375980818000 86.0
62.61609 29.761712 1375980820000 86.0
62.616037 29.761802 1375980823000 85.0
62.61598 29.761892 1375980824000 85.0
62.615939 29.761972 1375980826000 85.0
62.615891 29.762055 1375980829000 85.0
62.615834 29.762128 1375980833000 85.0
62.6158 29.762158 1375980834000 85.0
62.615756 29.762183 1375980837000 85.0
62.615729 29.76221 1375980838000 85.0
62.615706 29.762214 1375980840000 85.0
62.615663 29.762218 1375980842000 85.0
62.615613 29.762267 1375980845000 85.0
62.61557 29.76231 1375980846000 85.0
62.615536 29.762316 1375980849000 85.0
62.615508 29.762318 1375980850000 84.0
62.615478 29.762274 1375980853000 84.0
62.615442 29.762215 1375980854000 84.0
62.615393 29.762144 1375980856000 84.0
62.615337 29.762071 1375980858000 84.0
62.615285 29.762048 1375980860000 84.0
62.615262 29.762056 1375980862000 84.0
62.615203 29.762098 1375980865000 84.0
62.61517 29.762116 1375980866000 84.0
62.61514 29.762119 1375980868000 84.0
62.61511 29.762126 1375980870000 84.0
62.615085 29.762124 1375980872000 84.0
62.615079 29.762118 1375980874000 84.0
62.615046 29.762111 1375980877000 84.0
62.615035 29.76211 1375980879000 84.0
62.615028 29.76211 1375980880000 84.0
62.614992 29.762145 1375980882000 84.0
62.614957 29.762163 1375980884000 84.0
62.614938 29.762184 1375980886000 84.0
62.614926 29.762191 1375980887000 84.0
62.614891 29.762181 1375980890000 84.0
62.614853 29.762173 1375980892000 84.0
62.614825 29.762166 1375980893000 84.0
62.614741 29.762147 1375980896000 84.0
62.614711 29.762144 1375980898000 84.0
62.614625 29.762132 1375980900000 84.0
62.614589 29.762125 1375980902000 84.0
62.614562 29.762108 1375980904000 84.0
62.614544 29.762139 1375980907000 84.0
62.614514 29.762165 1375980909000 84.0
62.614462 29.762177 1375980910000 84.0
62.614401 29.762152 1375980913000 84.0
62.614337 29.762078 1375980914000 84.0
62.614296 29.762003 1375980916000 84.0
62.614273 29.761948 1375980918000 84.0
62.614239 29.761938 1375980920000 84.0
62.614194 29.76197 1375980922000 84.0
62.614149 29.76199 1375980924000 84.0
62.614109 29.762007 1375980927000 84.0
62.614077 29.762018 1375980929000 84.0
62.614049 29.761988 1375980931000 84.0
62.613995 29.761978 1375980933000 83.0
62.613963 29.761977 1375980934000 83.0
62.613819 29.761976 1375980936000 83.0
62.61378 29.76197 1375980937000 83.0
62.613702 29.761943 1375980940000 83.0
62.613683 29.761928 1375980941000 83.0
62.613635 29.761857 1375980944000 84.0
62.613597 29.761836 1375980946000 84.0
62.613569 29.761828 1375980949000 84.0
62.613532 29.761811 1375980950000 84.0
62.613488 29.761798 1375980953000 84.0
62.613453 29.761828 1375980954000 84.0
62.613442 29.761808 1375980956000 83.0
62.613472 29.761745 1375980959000 83.0
62.613503 29.761672 1375980960000 83.0
62.613544 29.761606 1375980962000 83.0
62.613574 29.761529 1375980964000 83.0
62.613574 29.761453 1375980966000 83.0
62.613544 29.761377 1375980968000 83.0
62.6135 29.761324 1375980970000 83.0
62.613443 29.761273 1375980972000 83.0
62.613358 29.761268 1375980974000 83.0
62.613293 29.761275 1375980976000 83.0
62.613235 29.761275 1375980978000 83.0
62.613151 29.761298 1375980980000 83.0
62.613068 29.761326 1375980982000 84.0
62.613032 29.76133 1375980983000 83.0
62.612918 29.761348 1375980986000 84.0
62.612839 29.761354 1375980989000 84.0
62.612769 29.761364 1375980990000 84.0
62.612701 29.76138 1375980992000 84.0
62.612632 29.76134 1375980994000 84.0
62.612571 29.761266 1375980996000 84.0
62.612538 29.761239 1375980997000 85.0
62.612452 29.761189 1375981000000 84.0
62.612427 29.761179 1375981002000 85.0
62.612406 29.761162 1375981004000 85.0
62.612365 29.76116 1375981006000 84.0
62.612321 29.761154 1375981009000 84.0
62.612287 29.761126 1375981010000 85.0
62.612247 29.761066 1375981012000 86.0
62.612225 29.760977 1375981014000 87.0
62.612208 29.760902 1375981017000 87.0
62.612182 29.760908 1375981018000 86.0
62.61218 29.760975 1375981020000 90.0
62.612185 29.760993 1375981022000 89.0
62.612185 29.760988 1375981024000 89.0
62.612171 29.760915 1375981026000 90.0
62.612154 29.760886 1375981028000 90.0
62.612139 29.760835 1375981030000 90.0
62.612118 29.760815 1375981033000 91.0
62.612115 29.760868 1375981035000 91.0
62.612116 29.760944 1375981036000 91.0
62.612124 29.761049 1375981038000 92.0
62.612155 29.760285 1375981040000 86.0
62.612124 29.759726 1375981050000 89.0
62.612101 29.75971 1375981052000 90.0
62.61209 29.759675 1375981054000 92.0
62.6121 29.759497 1375981057000 81.0
62.612139 29.759325 1375981058000 80.0
62.612163 29.759235 1375981060000 80.0
62.612181 29.759034 1375981062000 76.0
62.612217 29.758974 1375981064000 76.0
62.612262 29.758967 1375981066000 75.0
62.6123 29.759001 1375981068000 76.0
62.612328 29.759041 1375981070000 77.0
62.612356 29.759048 1375981072000 76.0
62.612384 29.759026 1375981074000 76.0
62.612422 29.758974 1375981076000 77.0
62.612459 29.758913 1375981078000 76.0
62.61249 29.758873 1375981080000 76.0
62.612518 29.75884 1375981083000 77.0
62.612543 29.758814 1375981084000 77.0
62.612624 29.758769 1375981087000 76.0
62.612655 29.758761 1375981088000 76.0
62.612693 29.758748 1375981090000 75.0
62.61271 29.758749 1375981091000 75.0
62.612777 29.75876 1375981094000 74.0
62.612799 29.758784 1375981096000 74.0
62.61282 29.758798 1375981098000 73.0
62.612876 29.758762 1375981101000 72.0
62.612908 29.758738 1375981102000 72.0
62.612991 29.758672 1375981105000 72.0
62.613014 29.758674 1375981106000 71.0
62.613021 29.758711 1375981108000 71.0
62.613042 29.758718 1375981110000 72.0
62.613075 29.758682 1375981112000 69.0
62.613097 29.758673 1375981114000 69.0
62.613165 29.758639 1375981116000 68.0
62.61321 29.758621 1375981118000 67.0
62.613268 29.758609 1375981120000 68.0
62.61332 29.758589 1375981123000 68.0
62.613378 29.758558 1375981124000 69.0
62.613446 29.758532 1375981126000 70.0
62.613475 29.758528 1375981127000 69.0
62.613566 29.758481 1375981130000 70.0
62.61362 29.758459 1375981132000 70.0
62.613661 29.758413 1375981135000 69.0
62.613686 29.758385 1375981137000 68.0
62.613712 29.758362 1375981139000 67.0
62.613745 29.758337 1375981140000 66.0
62.613791 29.758311 1375981143000 64.0
62.613851 29.758285 1375981145000 64.0
62.613885 29.758236 1375981146000 65.0
62.613907 29.758194 1375981148000 65.0
62.613935 29.758178 1375981151000 65.0
62.613983 29.758184 1375981152000 65.0
62.614013 29.758193 1375981154000 65.0
62.614089 29.75821 1375981156000 66.0
62.614107 29.758198 1375981158000 67.0
62.614131 29.758179 1375981160000 67.0
62.61417 29.758162 1375981162000 65.0
62.614193 29.758144 1375981163000 66.0
62.614254 29.758107 1375981166000 65.0
62.614283 29.7581 1375981168000 66.0
62.614309 29.758092 1375981170000 66.0
62.614338 29.75806 1375981173000 65.0
62.614353 29.757999 1375981174000 65.0
62.614367 29.757953 1375981177000 66.0
62.614386 29.757932 1375981179000 65.0
62.614398 29.757923 1375981180000 66.0
62.614443 29.757917 1375981182000 65.0
62.614515 29.757867 1375981184000 65.0
62.614582 29.757813 1375981186000 65.0
62.614627 29.757772 1375981188000 65.0
62.614652 29.757735 1375981190000 65.0
62.614672 29.757664 1375981192000 65.0
62.614686 29.757565 1375981194000 65.0
62.614707 29.757493 1375981196000 66.0
62.614731 29.757457 1375981198000 65.0
62.61475 29.757449 1375981200000 66.0
62.614754 29.75746 1375981202000 68.0
62.614763 29.757479 1375981204000 67.0
62.614769 29.757474 1375981206000 68.0
62.614798 29.757506 1375981208000 67.0
62.61485 29.757545 1375981211000 65.0
62.614919 29.757582 1375981213000 65.0
62.614974 29.757643 1375981214000 67.0
62.615005 29.757703 1375981216000 67.0
62.615019 29.757718 1375981218000 67.0
62.615011 29.757701 1375981220000 67.0
62.615013 29.757617 1375981223000 67.0
62.615024 29.757505 1375981224000 66.0
62.615042 29.757384 1375981226000 66.0
62.615052 29.757287 1375981228000 66.0
62.615054 29.757248 1375981229000 66.0
62.615063 29.757101 1375981232000 70.0
62.615087 29.756976 1375981234000 71.0
62.615092 29.75688 1375981237000 72.0
62.615089 29.756826 1375981238000 72.0
62.615074 29.756716 1375981240000 72.0
62.615046 29.75652 1375981243000 73.0
62.615022 29.756443 1375981244000 73.0
62.614995 29.756354 1375981246000 74.0
62.614971 29.756301 1375981248000 74.0
62.614964 29.756235 1375981250000 74.0
62.614971 29.75611 1375981253000 74.0
62.61498 29.755969 1375981255000 74.0
62.614979 29.755834 1375981256000 75.0
62.614977 29.755689 1375981258000 76.0
62.614982 29.755593 1375981259000 76.0
62.61501 29.755238 1375981262000 76.0
62.615032 29.754895 1375981264000 76.0
62.614978 29.754915 1375981266000 76.0
62.615002 29.754859 1375981268000 77.0
62.614918 29.754929 1375981270000 77.0
62.614871 29.754893 1375981273000 77.0
62.614841 29.754774 1375981276000 78.0
62.614829 29.754754 1375981277000 78.0
62.614812 29.754685 1375981281000 78.0
62.614784 29.754695 1375981282000 79.0
62.614766 29.754692 1375981283000 79.0
62.614729 29.754603 1375981287000 79.0
62.614691 29.754581 1375981288000 79.0
62.614644 29.754538 1375981290000 79.0
62.614615 29.754491 1375981293000 79.0
62.614598 29.754422 1375981294000 80.0
62.614602 29.75437 1375981295000 80.0
62.614599 29.75421 1375981299000 80.0
62.614588 29.754101 1375981301000 80.0
62.614574 29.754034 1375981302000 80.0
62.614568 29.753993 1375981304000 80.0
62.614575 29.753933 1375981306000 80.0
62.614581 29.753867 1375981308000 81.0
62.614603 29.753829 1375981310000 81.0
62.614605 29.753773 1375981312000 81.0
62.614596 29.753663 1375981314000 82.0
62.614591 29.753563 1375981317000 83.0
62.614587 29.75347 1375981319000 83.0
62.61458 29.753358 1375981320000 84.0
62.614574 29.753247 1375981323000 85.0
62.61458 29.753215 1375981324000 86.0
62.614701 29.752723 1375981326000 85.0
62.6147 29.752683 1375981328000 86.0
62.614726 29.752647 1375981330000 86.0
62.614778 29.752598 1375981333000 86.0
62.614808 29.75258 1375981334000 87.0
62.614891 29.752563 1375981336000 88.0
62.614947 29.752553 1375981338000 89.0
62.614991 29.752549 1375981340000 88.0
62.615034 29.752554 1375981343000 88.0
62.615092 29.752542 1375981344000 86.0
62.615151 29.752528 1375981347000 87.0
62.615193 29.752508 1375981348000 88.0
62.615213 29.752496 1375981349000 88.0
62.615293 29.752523 1375981353000 88.0
62.615328 29.752548 1375981354000 88.0
62.615457 29.752646 1375981357000 89.0
62.615526 29.752692 1375981358000 90.0
62.615556 29.7527 1375981359000 90.0
62.615596 29.752698 1375981363000 91.0
62.61559 29.75266 1375981365000 91.0
62.615591 29.752633 1375981366000 91.0
62.615607 29.752601 1375981368000 92.0
62.61563 29.752565 1375981370000 92.0
62.615662 29.752542 1375981372000 92.0
62.615706 29.752492 1375981375000 92.0
62.615754 29.752468 1375981376000 92.0
62.615825 29.752484 1375981378000 91.0
62.615875 29.752519 1375981381000 92.0
62.615922 29.752548 1375981382000 92.0
62.615942 29.75256 1375981384000 92.0
62.615991 29.7526 1375981386000 90.0
62.616034 29.752685 1375981388000 92.0
62.616082 29.75274 1375981391000 92.0
62.616133 29.75275 1375981394000 93.0
62.616114 29.752746 1375981396000 95.0
62.616117 29.752644 1375981398000 93.0
62.616125 29.752573 1375981400000 94.0
62.616136 29.752337 1375981403000 95.0
62.616134 29.752249 1375981404000 95.0
62.616148 29.75197 1375981407000 96.0
62.616159 29.751833 1375981408000 96.0
62.616162 29.751758 1375981411000 95.0
62.616165 29.751673 1375981413000 95.0
62.616159 29.751573 1375981414000 96.0
62.616144 29.751522 1375981417000 98.0
62.616133 29.751431 1375981421000 97.0
62.616095 29.751395 1375981423000 97.0
62.616061 29.751317 1375981425000 93.0
62.616036 29.751213 1375981426000 94.0
62.616025 29.751082 1375981428000 93.0
62.616023 29.750958 1375981430000 92.0
62.616024 29.750863 1375981432000 92.0
62.616023 29.750825 1375981433000 92.0
62.616012 29.750683 1375981437000 93.0
62.616008 29.750567 1375981440000 93.0
62.616014 29.750474 1375981443000 94.0
62.616016 29.750368 1375981445000 95.0
62.616011 29.750242 1375981446000 96.0
62.616012 29.750107 1375981448000 96.0
62.616019 29.749982 1375981450000 96.0
62.616023 29.749928 1375981451000 96.0
62.616041 29.749767 1375981454000 97.0
62.61605 29.749683 1375981456000 97.0
62.616051 29.749624 1375981458000 97.0
62.616046 29.749567 1375981461000 97.0
62.616025 29.749519 1375981463000 97.0
62.615983 29.749494 1375981464000 97.0
62.615953 29.749456 1375981467000 97.0
62.615926 29.749432 1375981468000 97.0
62.615898 29.749391 1375981470000 98.0
62.615888 29.749274 1375981472000 99.0
62.615872 29.74917 1375981474000 100.0
62.615851 29.749111 1375981477000 101.0
62.615829 29.749043 1375981479000 101.0
62.61581 29.74897 1375981480000 100.0
62.615796 29.748875 1375981483000 99.0
62.615781 29.748777 1375981485000 101.0
62.615772 29.748665 1375981487000 97.0
62.615755 29.748568 1375981488000 96.0
62.615739 29.748486 1375981490000 97.0
62.615732 29.748396 1375981492000 97.0
62.615727 29.748322 1375981495000 97.0
62.615715 29.748263 1375981497000 97.0
62.615702 29.74818 1375981498000 97.0
62.615694 29.748045 1375981500000 97.0
62.615688 29.747909 1375981503000 98.0
62.615691 29.74784 1375981504000 98.0
62.615694 29.747773 1375981506000 98.0
62.6157 29.747676 1375981508000 97.0
62.615699 29.74756 1375981510000 97.0
62.615691 29.747445 1375981512000 97.0
62.615686 29.747389 1375981514000 97.0
62.615671 29.747297 1375981516000 96.0
62.615656 29.74725 1375981518000 96.0
62.615652 29.747191 1375981520000 96.0
62.615653 29.747157 1375981522000 96.0
62.615647 29.747014 1375981524000 95.0
62.615627 29.746845 1375981526000 96.0
62.615617 29.746697 1375981528000 96.0
62.615609 29.74657 1375981530000 95.0
62.615589 29.746466 1375981533000 95.0
62.615575 29.746416 1375981534000 95.0
62.615576 29.746389 1375981536000 95.0
62.615568 29.746319 1375981539000 95.0
62.615559 29.746241 1375981541000 95.0
62.615552 29.746179 1375981543000 96.0
62.615547 29.746152 1375981544000 97.0
62.615533 29.746085 1375981546000 96.0
62.615522 29.746026 1375981548000 95.0
62.615512 29.745952 1375981551000 95.0
62.615512 29.745859 1375981552000 96.0
62.615509 29.745742 1375981554000 96.0
62.615501 29.745608 1375981557000 97.0
62.615496 29.745468 1375981558000 97.0
62.615497 29.745365 1375981560000 98.0
62.615497 29.745313 1375981563000 97.0
62.615494 29.745296 1375981564000 97.0
62.615486 29.745278 1375981567000 98.0
62.61548 29.745241 1375981568000 97.0
62.61547 29.745149 1375981570000 97.0
62.615464 29.745042 1375981573000 98.0
62.615469 29.744934 1375981574000 97.0
62.61548 29.744822 1375981576000 97.0
62.615488 29.744707 1375981578000 96.0
62.615488 29.744562 1375981581000 96.0
62.615481 29.744448 1375981583000 96.0
62.615473 29.744367 1375981584000 97.0
62.615462 29.744274 1375981587000 97.0
62.615455 29.744198 1375981588000 97.0
62.615454 29.744101 1375981591000 97.0
62.61545 29.743983 1375981593000 97.0
62.615444 29.743875 1375981595000 96.0
62.615438 29.743817 1375981596000 95.0
62.61543 29.743763 1375981598000 94.0
62.615424 29.743668 1375981601000 94.0
62.615427 29.743582 1375981603000 93.0
62.615428 29.743511 1375981604000 93.0
62.615424 29.743445 1375981607000 94.0
62.61541 29.743412 1375981608000 93.0
62.615402 29.743403 1375981610000 93.0
62.615393 29.74338 1375981612000 93.0
62.615395 29.743319 1375981615000 92.0
62.615389 29.743289 1375981617000 92.0
62.615374 29.743277 1375981618000 92.0
62.615365 29.743255 1375981621000 91.0
62.615363 29.743236 1375981622000 90.0
62.615364 29.743232 1375981625000 90.0
62.615377 29.743231 1375981626000 90.0
62.615366 29.743208 1375981628000 91.0
62.615353 29.743192 1375981629000 91.0
62.615312 29.743122 1375981633000 92.0
62.615299 29.743029 1375981634000 91.0
62.615273 29.742907 1375981636000 93.0
62.615213 29.742854 1375981639000 97.0
62.614992 29.743077 1375981642000 91.0
62.614976 29.743162 1375981644000 92.0
62.614974 29.743162 1375981646000 91.0