62.615022 29.743249 1375805994000 89.0
62.615022 29.743249 1375805996000 89.0
62.615022 29.743249 1375805998000 89.0
62.615047 29.743276 1375806000000 89.0
62.615065 29.743271 1375806002000 89.0
62.615098 29.743258 1375806004000 89.0
62.615146 29.743251 1375806006000 89.0
62.615198 29.743244 1375806008000 87.0
62.615254 29.743217 1375806010000 86.0
62.615301 29.743212 1375806012000 85.0
62.615339 29.743233 1375806014000 86.0
62.615348 29.743353 1375806017000 89.0
62.615348 29.743512 1375806018000 91.0
62.615353 29.743629 1375806020000 93.0
62.61536 29.743744 1375806022000 87.0
62.615365 29.743862 1375806024000 84.0
62.615357 29.744026 1375806026000 84.0
62.615354 29.744176 1375806028000 83.0
62.615351 29.744327 1375806030000 82.0
62.615358 29.744461 1375806032000 79.0
62.615366 29.744583 1375806034000 79.0
62.615378 29.744688 1375806036000 80.0
62.615405 29.744804 1375806038000 80.0
62.615423 29.744927 1375806040000 80.0
62.615448 29.745058 1375806042000 80.0
62.615465 29.745173 1375806044000 80.0
62.615464 29.745279 1375806046000 80.0
62.615461 29.745359 1375806048000 82.0
62.615457 29.745434 1375806050000 82.0
62.615455 29.745488 1375806052000 83.0
62.615458 29.745559 1375806054000 83.0
62.615471 29.745641 1375806056000 82.0
62.615487 29.745724 1375806058000 80.0
62.615499 29.745805 1375806060000 82.0
62.615503 29.7459 1375806062000 82.0
62.615504 29.746002 1375806064000 82.0
62.615499 29.746125 1375806066000 83.0
62.615502 29.746236 1375806068000 79.0
62.61551 29.746333 1375806070000 80.0
62.615522 29.746426 1375806072000 80.0
62.615516 29.746555 1375806074000 80.0
62.615508 29.746691 1375806076000 81.0
62.615505 29.746817 1375806078000 80.0
62.615496 29.746907 1375806080000 79.0
62.615479 29.746958 1375806083000 80.0
62.61547 29.747015 1375806084000 81.0
62.615471 29.747089 1375806086000 80.0
62.615489 29.747156 1375806088000 80.0
62.615499 29.747225 1375806090000 80.0
62.615522 29.747317 1375806092000 80.0
62.615528 29.747408 1375806094000 81.0
62.615531 29.747512 1375806096000 82.0
62.615537 29.747635 1375806098000 82.0
62.615564 29.747812 1375806100000 82.0
62.615579 29.747889 1375806101000 82.0
62.61561 29.748103 1375806104000 83.0
62.615627 29.748248 1375806106000 82.0
62.615648 29.748379 1375806108000 79.0
62.615663 29.748483 1375806110000 80.0
62.615676 29.748582 1375806112000 80.0
62.615692 29.748673 1375806114000 83.0
62.615708 29.748786 1375806116000 84.0
62.615727 29.748901 1375806118000 85.0
62.615758 29.748973 1375806121000 85.0
62.615791 29.749023 1375806122000 84.0
62.615817 29.749096 1375806124000 84.0
62.615829 29.749163 1375806126000 85.0
62.615833 29.749223 1375806128000 85.0
62.615837 29.749291 1375806130000 84.0
62.615852 29.74938 1375806132000 85.0
62.615866 29.749464 1375806134000 86.0
62.615881 29.74955 1375806136000 86.0
62.615896 29.749651 1375806138000 85.0
62.615904 29.749787 1375806140000 85.0
62.615914 29.74995 1375806142000 84.0
62.61593 29.750097 1375806144000 85.0
62.61595 29.750248 1375806146000 85.0
62.615976 29.750403 1375806148000 85.0
62.615992 29.750527 1375806150000 85.0
62.615988 29.750625 1375806152000 85.0
62.615976 29.750709 1375806154000 85.0
62.61597 29.750749 1375806155000 85.0
62.615904 29.751912 1375806183000 85.0
62.615909 29.752004 1375806184000 85.0
62.61592 29.752106 1375806186000 85.0
62.615919 29.752213 1375806188000 89.0
62.615906 29.752304 1375806190000 91.0
62.61589 29.752402 1375806192000 90.0
62.615892 29.752512 1375806194000 89.0
62.615903 29.752619 1375806196000 89.0
62.615914 29.752721 1375806198000 89.0
62.615924 29.752826 1375806200000 89.0
62.615943 29.752931 1375806202000 89.0
62.615958 29.75305 1375806204000 89.0
62.615956 29.753176 1375806206000 89.0
62.615942 29.753255 1375806208000 88.0
62.615949 29.753348 1375806210000 87.0
62.615976 29.753476 1375806212000 87.0
62.615997 29.753612 1375806214000 86.0
62.616008 29.753757 1375806216000 86.0
62.616011 29.753883 1375806218000 87.0
62.616016 29.753985 1375806220000 88.0
62.616022 29.754068 1375806222000 88.0
62.616032 29.754141 1375806224000 88.0
62.616044 29.754198 1375806226000 88.0
62.616046 29.754301 1375806228000 87.0
62.616049 29.754399 1375806230000 87.0
62.616066 29.754531 1375806232000 85.0
62.616088 29.754652 1375806234000 88.0
62.616098 29.754759 1375806236000 90.0
62.616106 29.75488 1375806238000 90.0
62.61612 29.754981 1375806240000 86.0
62.616135 29.755067 1375806242000 85.0
62.616145 29.755164 1375806245000 84.0
62.616153 29.755276 1375806246000 83.0
62.616153 29.755378 1375806248000 84.0
62.616154 29.755463 1375806250000 84.0
62.616159 29.755528 1375806252000 83.0
62.616161 29.755577 1375806254000 81.0
62.616164 29.755643 1375806256000 82.0
62.61617 29.75572 1375806258000 82.0
62.616168 29.755802 1375806260000 82.0
62.61618 29.75592 1375806262000 82.0
62.616195 29.756054 1375806264000 82.0
62.616203 29.75612 1375806265000 83.0
62.616218 29.756289 1375806268000 83.0
62.616219 29.756375 1375806270000 82.0
62.616227 29.756459 1375806272000 85.0
62.61623 29.756533 1375806274000 86.0
62.616227 29.75662 1375806276000 85.0
62.616229 29.756723 1375806278000 84.0
62.616233 29.756819 1375806280000 84.0
62.616238 29.756921 1375806282000 84.0
62.616257 29.757075 1375806284000 84.0
62.616265 29.757192 1375806286000 85.0
62.61627 29.75728 1375806288000 84.0
62.616276 29.757346 1375806290000 84.0
62.616273 29.757419 1375806292000 84.0
62.616264 29.757493 1375806294000 84.0
62.616243 29.757584 1375806296000 83.0
62.616232 29.757693 1375806298000 84.0
62.616216 29.757786 1375806300000 84.0
62.616209 29.757894 1375806302000 84.0
62.616224 29.758037 1375806304000 82.0
62.616243 29.758175 1375806306000 83.0
62.616259 29.75827 1375806308000 86.0
62.616279 29.758325 1375806310000 87.0
62.61629 29.758387 1375806312000 88.0
62.616298 29.758451 1375806314000 87.0
62.61631 29.758523 1375806316000 87.0
62.616328 29.758619 1375806318000 86.0
62.616338 29.75872 1375806320000 86.0
62.616346 29.758825 1375806322000 85.0
62.616351 29.758917 1375806324000 85.0
62.61635 29.759002 1375806326000 85.0
62.616353 29.759116 1375806328000 85.0
62.616354 29.759229 1375806330000 86.0
62.616355 29.759329 1375806332000 86.0
62.616353 29.759417 1375806334000 84.0
62.616371 29.759459 1375806336000 84.0
62.616383 29.759502 1375806338000 84.0
62.616386 29.759589 1375806340000 84.0
62.616373 29.759715 1375806342000 84.0
62.61636 29.759827 1375806344000 84.0
62.616348 29.759946 1375806346000 83.0
62.616319 29.760014 1375806348000 78.0
62.616303 29.760079 1375806350000 78.0
62.616297 29.760146 1375806352000 79.0
62.616296 29.760212 1375806354000 78.0
62.616285 29.760288 1375806356000 78.0
62.616273 29.760363 1375806358000 78.0
62.616273 29.76046 1375806360000 78.0
62.61627 29.760541 1375806362000 84.0
62.61626 29.760626 1375806364000 86.0
62.616254 29.760696 1375806366000 88.0
62.616249 29.76077 1375806368000 90.0
62.616246 29.760813 1375806369000 89.0
62.616226 29.760952 1375806372000 90.0
62.616222 29.76106 1375806374000 90.0
62.616207 29.76118 1375806376000 88.0
62.616201 29.761258 1375806378000 87.0
62.61619 29.761346 1375806380000 86.0
62.616154 29.761454 1375806382000 87.0
62.616125 29.761563 1375806385000 88.0
62.616097 29.761652 1375806386000 88.0
62.616075 29.761721 1375806388000 90.0
62.616041 29.761768 1375806390000 90.0
62.616005 29.761822 1375806392000 90.0
62.615969 29.761893 1375806394000 89.0
62.61594 29.761939 1375806396000 90.0
62.61591 29.761947 1375806398000 90.0
62.615884 29.761952 1375806400000 91.0
62.615859 29.761979 1375806402000 90.0
62.615831 29.762004 1375806404000 91.0
62.615799 29.762041 1375806406000 91.0
62.615769 29.762063 1375806409000 91.0
62.615748 29.762091 1375806410000 90.0
62.615735 29.762142 1375806412000 91.0
62.615729 29.76215 1375806414000 91.0
62.615716 29.762169 1375806416000 91.0
62.615696 29.762193 1375806418000 91.0
62.61567 29.762204 1375806420000 91.0
62.615636 29.762203 1375806422000 90.0
62.615597 29.762184 1375806424000 91.0
62.615554 29.762162 1375806426000 91.0
62.615513 29.762159 1375806428000 87.0
62.615487 29.762154 1375806430000 87.0
62.615464 29.762133 1375806432000 87.0
62.615445 29.762114 1375806434000 86.0
62.615421 29.762115 1375806436000 86.0
62.615391 29.762105 1375806438000 87.0
62.615354 29.762082 1375806440000 86.0
62.615305 29.76207 1375806442000 87.0
62.615252 29.76206 1375806444000 86.0
62.615202 29.762038 1375806446000 85.0
62.615157 29.762014 1375806448000 86.0
62.615108 29.762011 1375806450000 86.0
62.615056 29.762026 1375806452000 86.0
62.615011 29.762045 1375806454000 86.0
62.614979 29.762043 1375806456000 86.0
62.614946 29.762036 1375806458000 87.0
62.61491 29.762045 1375806460000 86.0
62.614869 29.762048 1375806462000 86.0
62.614819 29.762029 1375806464000 88.0
62.614776 29.761997 1375806466000 88.0
62.614749 29.761955 1375806468000 88.0
62.614723 29.761944 1375806470000 88.0
62.614692 29.76195 1375806473000 88.0
62.614645 29.761956 1375806474000 87.0
62.614605 29.76196 1375806476000 87.0
62.614557 29.761987 1375806478000 87.0
62.614514 29.761982 1375806480000 87.0
62.614469 29.761975 1375806482000 87.0
62.614426 29.761981 1375806484000 87.0
62.614376 29.761981 1375806486000 87.0
62.614329 29.761974 1375806488000 89.0
62.61429 29.761969 1375806490000 89.0
62.614257 29.76196 1375806492000 90.0
62.614221 29.761952 1375806494000 91.0
62.614183 29.761949 1375806496000 91.0
62.614149 29.761941 1375806498000 90.0
62.61412 29.76194 1375806500000 90.0
62.61408 29.76194 1375806502000 90.0
62.614041 29.761925 1375806504000 89.0
62.614005 29.761898 1375806506000 90.0
62.613973 29.761856 1375806508000 91.0
62.613943 29.761815 1375806510000 90.0
62.613916 29.761782 1375806512000 90.0
62.613878 29.761733 1375806514000 90.0
62.613834 29.761689 1375806516000 90.0
62.613794 29.761654 1375806518000 90.0
62.613752 29.76163 1375806520000 90.0
62.613718 29.761615 1375806522000 90.0
62.613701 29.761604 1375806524000 92.0
62.61369 29.761587 1375806526000 91.0
62.613675 29.761571 1375806528000 91.0
62.613658 29.761567 1375806530000 89.0
62.613636 29.761561 1375806532000 89.0
62.613612 29.761544 1375806534000 89.0
62.613581 29.761537 1375806536000 90.0
62.613551 29.761536 1375806538000 90.0
62.613521 29.761518 1375806540000 90.0
62.613488 29.761482 1375806542000 90.0
62.613441 29.761444 1375806544000 90.0
62.613388 29.761429 1375806546000 89.0
62.613331 29.761399 1375806548000 88.0
62.613272 29.761364 1375806550000 87.0
62.613209 29.761329 1375806552000 86.0
62.613159 29.761306 1375806554000 86.0
62.613112 29.76128 1375806556000 87.0
62.613068 29.761271 1375806558000 89.0
62.613026 29.761255 1375806561000 89.0
62.612983 29.761241 1375806562000 89.0
62.612947 29.761267 1375806564000 89.0
62.612915 29.761294 1375806566000 86.0
62.612879 29.761304 1375806568000 85.0
62.612859 29.761305 1375806569000 85.0
62.612787 29.761312 1375806572000 82.0
62.612748 29.761361 1375806574000 81.0
62.612716 29.761347 1375806576000 81.0
62.612677 29.761308 1375806578000 80.0
62.612638 29.761247 1375806580000 81.0
62.612602 29.761191 1375806582000 81.0
62.612572 29.761148 1375806584000 82.0
62.612546 29.761117 1375806586000 83.0
62.612517 29.761102 1375806588000 83.0
62.61248 29.761122 1375806590000 83.0
62.612441 29.761122 1375806593000 83.0
62.612399 29.761109 1375806594000 84.0
62.612361 29.761087 1375806596000 85.0
62.612333 29.76105 1375806598000 85.0
62.61231 29.761013 1375806600000 86.0
62.612292 29.760994 1375806602000 85.0
62.612275 29.760958 1375806604000 84.0
62.612255 29.760912 1375806606000 85.0
62.612231 29.760855 1375806608000 84.0
62.612203 29.760804 1375806610000 84.0
62.612169 29.760758 1375806612000 84.0
62.612146 29.760693 1375806614000 84.0
62.612149 29.760598 1375806616000 84.0
62.61217 29.760494 1375806618000 84.0
62.612185 29.76042 1375806620000 84.0
62.612196 29.76036 1375806622000 84.0
62.6122 29.760311 1375806624000 84.0
62.612202 29.760271 1375806626000 85.0
62.61219 29.760205 1375806628000 86.0
62.61218 29.760137 1375806630000 85.0
62.61215 29.760089 1375806632000 86.0
62.612126 29.760049 1375806634000 86.0
62.612097 29.759979 1375806636000 87.0
62.612073 29.759918 1375806638000 88.0
62.612062 29.759862 1375806640000 88.0
62.612057 29.7598 1375806642000 88.0
62.612055 29.759753 1375806644000 88.0
62.612059 29.759717 1375806646000 89.0
62.612064 29.75967 1375806648000 90.0
62.612062 29.759643 1375806650000 92.0
62.612057 29.759643 1375806652000 93.0
62.612051 29.759631 1375806654000 92.0
62.61204 29.759617 1375806656000 93.0
62.612027 29.759607 1375806658000 93.0
62.612019 29.759596 1375806660000 94.0
62.612011 29.759585 1375806662000 93.0
62.611995 29.759592 1375806664000 93.0
62.611969 29.759597 1375806666000 94.0
62.611959 29.759596 1375806668000 95.0
62.611976 29.75956 1375806670000 92.0
62.612001 29.759508 1375806672000 91.0
62.612029 29.759462 1375806674000 92.0
62.612068 29.759431 1375806676000 91.0
62.612105 29.759425 1375806678000 90.0
62.612139 29.759421 1375806680000 90.0
62.612182 29.759395 1375806682000 89.0
62.612239 29.759378 1375806684000 89.0
62.612313 29.759388 1375806686000 91.0
62.612384 29.759383 1375806688000 92.0
62.612437 29.759335 1375806690000 92.0
62.612471 29.759239 1375806692000 92.0
62.612491 29.759131 1375806694000 90.0
62.612517 29.759076 1375806696000 90.0
62.612555 29.759046 1375806698000 91.0
62.612585 29.759027 1375806700000 90.0
62.612621 29.758996 1375806702000 90.0
62.612678 29.758968 1375806704000 90.0
62.612738 29.758958 1375806706000 89.0
62.612783 29.758949 1375806708000 90.0
62.612822 29.758926 1375806710000 89.0
62.61286 29.758903 1375806712000 89.0
62.612893 29.758877 1375806714000 90.0
62.612921 29.758859 1375806716000 92.0
62.612949 29.758841 1375806718000 90.0
62.612983 29.758824 1375806720000 91.0
62.613022 29.758814 1375806722000 91.0
62.613069 29.758798 1375806724000 90.0
62.613119 29.758781 1375806726000 90.0
62.613166 29.758763 1375806728000 91.0
62.613211 29.758743 1375806730000 90.0
62.613256 29.758713 1375806732000 90.0
62.6133 29.758687 1375806734000 90.0
62.613335 29.758653 1375806736000 88.0
62.613362 29.758612 1375806738000 87.0
62.613395 29.758573 1375806740000 87.0
62.613437 29.758538 1375806742000 86.0
62.613475 29.758501 1375806744000 86.0
62.613504 29.75847 1375806746000 88.0
62.613552 29.758432 1375806748000 88.0
62.613607 29.75841 1375806750000 89.0
62.613667 29.758424 1375806752000 90.0
62.613724 29.75843 1375806754000 90.0
62.613783 29.758416 1375806756000 89.0
62.613831 29.75841 1375806758000 91.0
62.613872 29.758406 1375806760000 89.0
62.613919 29.758391 1375806762000 88.0
62.613956 29.758362 1375806764000 88.0
62.613988 29.758312 1375806766000 89.0
62.614028 29.758244 1375806768000 90.0
62.614065 29.75819 1375806770000 89.0
62.614101 29.758168 1375806772000 90.0
62.614131 29.758161 1375806774000 91.0
62.614157 29.758161 1375806776000 90.0
62.614185 29.758153 1375806778000 92.0
62.6142 29.75813 1375806780000 92.0
62.614217 29.758103 1375806782000 91.0
62.614238 29.758089 1375806784000 91.0
62.614261 29.758089 1375806786000 91.0
62.614284 29.758081 1375806788000 92.0
62.614313 29.758058 1375806790000 92.0
62.61435 29.758025 1375806792000 93.0
62.61438 29.758013 1375806794000 92.0
62.614423 29.757998 1375806796000 90.0
62.614477 29.757977 1375806799000 90.0
62.614528 29.757957 1375806800000 90.0
62.61458 29.75795 1375806802000 90.0
62.614632 29.757966 1375806804000 89.0
62.614683 29.757988 1375806806000 89.0
62.614716 29.758014 1375806808000 87.0
62.614747 29.758018 1375806810000 85.0
62.614776 29.757991 1375806812000 86.0
62.614788 29.757976 1375806814000 87.0
62.614806 29.757965 1375806816000 86.0
62.614851 29.757948 1375806818000 86.0
62.614922 29.757944 1375806820000 86.0
62.614986 29.757935 1375806822000 84.0
62.615035 29.75792 1375806824000 84.0
62.615068 29.75791 1375806826000 84.0
62.6151 29.757921 1375806828000 84.0
62.615138 29.757947 1375806830000 84.0
62.615181 29.757973 1375806832000 84.0
62.615223 29.75797 1375806834000 85.0
62.615267 29.757957 1375806836000 86.0
62.61531 29.757941 1375806838000 86.0
62.615356 29.757909 1375806840000 86.0
62.615396 29.757882 1375806842000 85.0
62.615439 29.757858 1375806844000 86.0
62.615477 29.75783 1375806846000 86.0
62.615509 29.757787 1375806848000 85.0
62.615547 29.757758 1375806850000 84.0
62.615578 29.757716 1375806852000 83.0
62.615595 29.757712 1375806854000 85.0
62.615623 29.757712 1375806856000 85.0
62.615656 29.757705 1375806858000 84.0
62.615687 29.757697 1375806860000 84.0
62.615722 29.757692 1375806862000 84.0
62.615765 29.757703 1375806864000 83.0
62.615808 29.757715 1375806866000 84.0
62.615852 29.757745 1375806868000 84.0
62.615892 29.757762 1375806870000 84.0
62.615932 29.757769 1375806872000 84.0
62.615972 29.757763 1375806874000 83.0
62.61601 29.757767 1375806876000 83.0
62.616051 29.757769 1375806878000 83.0
62.616092 29.757772 1375806880000 85.0
62.616132 29.757764 1375806882000 84.0
62.616171 29.757738 1375806884000 84.0
62.616213 29.757728 1375806886000 84.0
62.616251 29.757759 1375806888000 85.0
62.616285 29.757809 1375806890000 85.0
62.616321 29.757856 1375806892000 86.0
62.616348 29.757891 1375806894000 85.0
62.616355 29.757936 1375806896000 85.0
62.616344 29.758001 1375806898000 86.0
62.616327 29.758082 1375806900000 85.0
62.616305 29.758178 1375806902000 86.0
62.616296 29.758273 1375806904000 86.0
62.616297 29.758366 1375806906000 85.0
62.6163 29.758461 1375806908000 86.0
62.616305 29.758594 1375806910000 84.0
62.616314 29.758802 1375806912000 84.0
62.616321 29.758964 1375806914000 84.0
62.616336 29.759085 1375806916000 84.0
62.616337 29.759173 1375806918000 84.0
62.616338 29.759256 1375806920000 84.0
62.616341 29.759338 1375806922000 82.0
62.61635 29.7594 1375806924000 80.0
62.616343 29.759487 1375806926000 81.0
62.616335 29.759605 1375806928000 80.0
62.616336 29.759714 1375806930000 81.0
62.616338 29.759823 1375806932000 81.0
62.616332 29.759926 1375806934000 79.0
62.616318 29.76002 1375806936000 80.0
62.616299 29.760122 1375806938000 78.0
62.616291 29.760273 1375806940000 78.0
62.616284 29.760419 1375806942000 78.0
62.616284 29.760553 1375806944000 78.0
62.616278 29.76068 1375806946000 80.0
62.616264 29.760758 1375806948000 80.0
62.616243 29.760819 1375806950000 82.0
62.616218 29.7609 1375806952000 81.0
62.616189 29.760974 1375806954000 82.0
62.616165 29.761031 1375806956000 83.0
62.616137 29.761114 1375806958000 83.0
62.616112 29.761209 1375806960000 82.0
62.616097 29.761309 1375806962000 83.0
62.616084 29.761398 1375806964000 83.0
62.616082 29.761508 1375806966000 83.0
62.616073 29.761623 1375806968000 83.0
62.616059 29.761719 1375806970000 83.0
62.616046 29.761803 1375806972000 82.0
62.616017 29.761873 1375806974000 80.0
62.615988 29.761929 1375806976000 80.0
62.615969 29.761968 1375806978000 79.0
62.615945 29.762017 1375806981000 79.0
62.615903 29.762061 1375806982000 79.0
62.615849 29.762125 1375806984000 79.0
62.615797 29.762197 1375806986000 80.0
62.615751 29.762252 1375806988000 81.0
62.615709 29.762289 1375806990000 81.0
62.615675 29.762385 1375806992000 80.0
62.615641 29.762484 1375806994000 81.0
62.615601 29.762562 1375806996000 81.0
62.615566 29.762578 1375806998000 80.0
62.615547 29.762562 1375807000000 81.0
62.615526 29.762514 1375807002000 82.0
62.615503 29.76245 1375807004000 82.0
62.615471 29.76237 1375807006000 81.0
62.615424 29.762317 1375807008000 80.0
62.61538 29.76227 1375807010000 81.0
62.615352 29.762263 1375807012000 82.0
62.615329 29.76227 1375807014000 82.0
62.615297 29.762276 1375807016000 81.0
62.615251 29.762281 1375807018000 82.0
62.615202 29.762265 1375807020000 82.0
62.615163 29.762242 1375807022000 83.0
62.615118 29.762224 1375807024000 80.0
62.61507 29.762197 1375807026000 80.0
62.61502 29.762168 1375807028000 79.0
62.614973 29.76215 1375807030000 79.0
62.614918 29.762148 1375807032000 80.0
62.614875 29.76214 1375807034000 81.0
62.614833 29.76212 1375807036000 80.0
62.614793 29.76208 1375807038000 80.0
62.614738 29.762039 1375807040000 79.0
62.614698 29.762005 1375807042000 79.0
62.614661 29.762001 1375807044000 79.0
62.614623 29.762016 1375807046000 80.0
62.614583 29.762009 1375807048000 79.0
62.614543 29.761999 1375807050000 79.0
62.614491 29.761977 1375807052000 79.0
62.614455 29.761965 1375807054000 79.0
62.614429 29.761977 1375807056000 78.0
62.614403 29.761985 1375807058000 79.0
62.614367 29.761966 1375807060000 80.0
62.614332 29.761936 1375807062000 81.0
62.614299 29.761918 1375807064000 82.0
62.614269 29.761914 1375807066000 83.0
62.614235 29.761901 1375807068000 82.0
62.614193 29.761878 1375807070000 81.0
62.614149 29.761873 1375807072000 82.0
62.614111 29.761873 1375807074000 83.0
62.61408 29.761868 1375807076000 82.0
62.614057 29.761852 1375807078000 82.0
62.614042 29.761835 1375807080000 82.0
62.614015 29.76181 1375807082000 83.0
62.613988 29.761799 1375807084000 84.0
62.613964 29.761795 1375807086000 85.0
62.61394 29.761767 1375807088000 82.0
62.613915 29.761734 1375807090000 82.0
62.613888 29.761714 1375807092000 81.0
62.613863 29.761702 1375807094000 82.0
62.613829 29.761689 1375807096000 83.0
62.613788 29.761657 1375807098000 84.0
62.613741 29.761596 1375807100000 86.0
62.613686 29.761533 1375807102000 86.0
62.613634 29.761481 1375807104000 86.0
62.613583 29.761434 1375807106000 87.0
62.613534 29.761405 1375807108000 89.0
62.613484 29.761379 1375807110000 89.0
62.613436 29.761356 1375807112000 87.0
62.613385 29.76132 1375807114000 86.0
62.613328 29.761281 1375807116000 86.0
62.613277 29.761283 1375807118000 87.0
62.613228 29.761292 1375807120000 86.0
62.613182 29.761293 1375807122000 86.0
62.613139 29.761276 1375807124000 86.0
62.613092 29.761259 1375807126000 85.0
62.613039 29.761258 1375807128000 85.0
62.612986 29.761268 1375807130000 84.0
62.612937 29.761288 1375807132000 84.0
62.612883 29.761313 1375807134000 83.0
62.612836 29.761343 1375807136000 83.0
62.612799 29.761368 1375807138000 82.0
62.612765 29.761354 1375807140000 81.0
62.612729 29.761336 1375807142000 82.0
62.612685 29.761334 1375807144000 83.0
62.612633 29.761333 1375807146000 83.0
62.612576 29.761325 1375807148000 84.0
62.612531 29.76131 1375807150000 84.0
62.612489 29.761283 1375807152000 84.0
62.61245 29.761247 1375807154000 84.0
62.61241 29.761213 1375807156000 83.0
62.612365 29.761182 1375807158000 82.0
62.612322 29.761142 1375807160000 82.0
62.612282 29.761096 1375807162000 83.0
62.612249 29.761046 1375807164000 83.0
62.612222 29.761006 1375807166000 83.0
62.6122 29.760958 1375807168000 83.0
62.612183 29.760907 1375807171000 83.0
62.612163 29.760842 1375807172000 83.0
62.612145 29.760785 1375807174000 83.0
62.612125 29.760732 1375807176000 83.0
62.61211 29.760664 1375807178000 83.0
62.612093 29.760596 1375807180000 84.0
62.612059 29.760529 1375807182000 86.0
62.612024 29.760462 1375807184000 86.0
62.612004 29.760402 1375807186000 87.0
62.611999 29.760344 1375807188000 87.0
62.612001 29.760277 1375807190000 87.0
62.612 29.760204 1375807192000 86.0
62.611999 29.760103 1375807194000 86.0
62.611995 29.760001 1375807196000 87.0
62.611988 29.759919 1375807198000 87.0
62.611986 29.759856 1375807200000 88.0
62.611987 29.759793 1375807202000 89.0
62.611983 29.759733 1375807204000 89.0
62.611981 29.759671 1375807206000 90.0
62.611982 29.759607 1375807208000 88.0
62.611987 29.759557 1375807210000 89.0
62.611996 29.759535 1375807212000 89.0
62.612006 29.75951 1375807214000 88.0
62.612028 29.759476 1375807216000 87.0
62.612054 29.759443 1375807218000 87.0
62.612066 29.759425 1375807220000 87.0
62.612087 29.759399 1375807222000 87.0
62.612125 29.759365 1375807224000 87.0
62.612181 29.759314 1375807226000 88.0
62.612232 29.759265 1375807228000 87.0
62.612282 29.759222 1375807230000 87.0
62.612324 29.759193 1375807232000 88.0
62.61236 29.759183 1375807234000 88.0
62.612398 29.759184 1375807236000 89.0
62.612439 29.759179 1375807238000 88.0
62.612466 29.759153 1375807240000 89.0
62.612503 29.759125 1375807242000 87.0
62.612539 29.759103 1375807244000 86.0
62.612554 29.759099 1375807246000 86.0
62.612559 29.759084 1375807248000 85.0
62.6126 29.759042 1375807250000 85.0
62.61265 29.758997 1375807252000 87.0
62.612705 29.758948 1375807254000 86.0
62.612753 29.758904 1375807256000 85.0
62.612813 29.758851 1375807258000 83.0
62.612873 29.758809 1375807260000 83.0
62.612928 29.758803 1375807262000 83.0
62.612983 29.758806 1375807264000 83.0
62.613029 29.758825 1375807266000 83.0
62.613074 29.758825 1375807268000 84.0
62.613117 29.758808 1375807270000 83.0
62.613132 29.758802 1375807272000 85.0
62.613136 29.758784 1375807274000 87.0
62.613143 29.758776 1375807276000 87.0
62.613153 29.758777 1375807278000 87.0
62.613164 29.758774 1375807280000 87.0
62.613176 29.758758 1375807282000 88.0
62.613197 29.758721 1375807284000 87.0
62.61324 29.758686 1375807286000 87.0
62.613307 29.758675 1375807288000 86.0
62.613383 29.758655 1375807290000 85.0
62.613446 29.758617 1375807292000 83.0
62.613474 29.758594 1375807294000 83.0
62.61349 29.758575 1375807296000 83.0
62.613512 29.758544 1375807298000 83.0
62.61354 29.758501 1375807300000 83.0
62.613574 29.758439 1375807302000 84.0
62.613621 29.758381 1375807304000 83.0
62.613677 29.758332 1375807306000 84.0
62.613712 29.758301 1375807308000 84.0
62.613758 29.758276 1375807310000 84.0
62.61384 29.75825 1375807312000 83.0
62.613937 29.758235 1375807314000 84.0
62.614029 29.758213 1375807316000 85.0
62.614092 29.758182 1375807318000 85.0
62.614118 29.758173 1375807320000 84.0
62.614125 29.758176 1375807322000 85.0
62.614136 29.758179 1375807324000 85.0
62.614156 29.758191 1375807326000 84.0
62.614178 29.75819 1375807328000 83.0
62.614203 29.758172 1375807330000 83.0
62.614224 29.758151 1375807332000 83.0
62.614249 29.758134 1375807334000 84.0
62.614276 29.758124 1375807336000 84.0
62.614303 29.758119 1375807338000 84.0
62.614338 29.758103 1375807340000 85.0
62.614386 29.758078 1375807342000 87.0
62.614439 29.758027 1375807344000 88.0
62.614491 29.757945 1375807346000 88.0
62.614539 29.757883 1375807348000 87.0
62.614576 29.757864 1375807350000 88.0
62.614618 29.757864 1375807352000 88.0
62.61466 29.757882 1375807354000 88.0
62.614704 29.757911 1375807356000 88.0
62.614745 29.757929 1375807358000 87.0
62.614768 29.757947 1375807360000 88.0
62.614788 29.757943 1375807362000 89.0
62.614815 29.757916 1375807364000 88.0
62.614841 29.757858 1375807366000 87.0
62.614871 29.757747 1375807368000 88.0
62.6149 29.757634 1375807370000 88.0
62.614939 29.757537 1375807372000 87.0
62.614971 29.757467 1375807374000 88.0
62.614996 29.757382 1375807376000 88.0
62.615025 29.757294 1375807378000 87.0
62.615043 29.757218 1375807380000 88.0
62.615058 29.757156 1375807382000 89.0
62.615077 29.75708 1375807384000 88.0
62.615088 29.756997 1375807386000 89.0
62.6151 29.7569 1375807388000 88.0
62.615102 29.756808 1375807390000 88.0
62.6151 29.756726 1375807392000 88.0
62.615096 29.756628 1375807394000 89.0
62.615083 29.756542 1375807396000 90.0
62.615066 29.75646 1375807398000 90.0
62.615053 29.756378 1375807400000 90.0
62.615042 29.756282 1375807402000 92.0
62.615037 29.756194 1375807404000 92.0
62.615029 29.756133 1375807406000 92.0
62.615026 29.75607 1375807408000 91.0
62.615024 29.75597 1375807410000 92.0
62.615015 29.755866 1375807412000 92.0
62.614998 29.755768 1375807414000 91.0
62.615004 29.755662 1375807416000 92.0
62.615015 29.755569 1375807418000 93.0
62.615021 29.755484 1375807420000 93.0
62.615014 29.755411 1375807422000 93.0
62.614998 29.755346 1375807424000 94.0
62.61499 29.755276 1375807426000 94.0
62.614986 29.755196 1375807428000 94.0
62.61498 29.755105 1375807430000 94.0
62.614967 29.755006 1375807432000 94.0
62.614952 29.754906 1375807434000 94.0
62.614935 29.754828 1375807436000 96.0
62.614919 29.754763 1375807438000 97.0
62.614901 29.754681 1375807440000 96.0
62.614883 29.754594 1375807442000 95.0
62.614863 29.754506 1375807444000 94.0
62.614842 29.75444 1375807446000 95.0
62.614824 29.754396 1375807448000 96.0
62.614813 29.754324 1375807450000 96.0
62.6148 29.75424 1375807453000 96.0
62.614793 29.754164 1375807454000 97.0
62.614785 29.754097 1375807456000 97.0
62.614778 29.754025 1375807458000 96.0
62.614771 29.753963 1375807460000 96.0
62.614754 29.753904 1375807462000 97.0
62.614744 29.753835 1375807464000 97.0
62.614749 29.753762 1375807466000 97.0
62.614752 29.753692 1375807468000 98.0
62.614756 29.753605 1375807470000 99.0
62.614761 29.753511 1375807472000 99.0
62.614764 29.753412 1375807474000 99.0
62.614767 29.753308 1375807476000 99.0
62.614764 29.753198 1375807478000 98.0
62.614759 29.753102 1375807480000 98.0
62.61476 29.753026 1375807482000 98.0
62.614759 29.75297 1375807484000 100.0
62.614757 29.75291 1375807486000 101.0
62.614753 29.752836 1375807488000 101.0
62.614749 29.752763 1375807490000 102.0
62.614726 29.752712 1375807492000 100.0
62.614689 29.752677 1375807494000 98.0
62.614643 29.752654 1375807496000 99.0
62.614599 29.752648 1375807498000 99.0
62.614559 29.752644 1375807500000 97.0
62.614522 29.752643 1375807502000 97.0
62.614489 29.752647 1375807504000 97.0
62.614459 29.752641 1375807506000 97.0
62.614428 29.752625 1375807508000 96.0
62.61439 29.752603 1375807510000 96.0
62.614348 29.752571 1375807512000 96.0
62.614322 29.752542 1375807514000 96.0
62.614313 29.752482 1375807516000 97.0
62.614314 29.752409 1375807518000 96.0
62.614319 29.752334 1375807520000 96.0
62.614321 29.752266 1375807522000 94.0
62.614322 29.752192 1375807524000 94.0
62.614324 29.752119 1375807526000 94.0
62.614337 29.752049 1375807528000 94.0
62.614354 29.751976 1375807530000 93.0
62.614394 29.751884 1375807532000 94.0
62.614433 29.751797 1375807534000 93.0
62.614471 29.751722 1375807536000 93.0
62.614517 29.751672 1375807538000 93.0
62.614555 29.751615 1375807540000 93.0
62.614581 29.751552 1375807542000 94.0
62.61459 29.75149 1375807544000 95.0
62.614587 29.751433 1375807546000 93.0
62.614581 29.751368 1375807548000 93.0
62.614584 29.751286 1375807550000 92.0
62.614585 29.751203 1375807552000 92.0
62.614573 29.751151 1375807554000 93.0
62.61457 29.751105 1375807556000 93.0
62.614573 29.751049 1375807559000 94.0
62.614579 29.750975 1375807560000 94.0
62.614592 29.750893 1375807562000 95.0
62.614601 29.75081 1375807564000 95.0
62.614604 29.75071 1375807566000 96.0
62.614611 29.750625 1375807568000 97.0
62.614621 29.75054 1375807570000 96.0
62.614622 29.75046 1375807572000 95.0
62.614609 29.750376 1375807574000 95.0
62.614584 29.750289 1375807576000 96.0
62.61456 29.750197 1375807578000 96.0
62.614538 29.750106 1375807580000 96.0
62.614516 29.750032 1375807582000 97.0
62.614502 29.749945 1375807584000 97.0
62.614494 29.749847 1375807586000 97.0
62.614482 29.749746 1375807588000 95.0
62.614473 29.749651 1375807590000 95.0
62.614471 29.749563 1375807592000 95.0
62.614472 29.749482 1375807594000 95.0
62.614468 29.749422 1375807596000 95.0
62.614478 29.749365 1375807598000 95.0
62.614493 29.749282 1375807600000 96.0
62.614526 29.749177 1375807602000 97.0
62.614553 29.749075 1375807604000 97.0
62.614565 29.749001 1375807606000 97.0
62.614566 29.748917 1375807608000 96.0
62.614558 29.748811 1375807610000 96.0
62.614558 29.748736 1375807612000 97.0
62.614562 29.74866 1375807614000 98.0
62.614567 29.748576 1375807616000 98.0
62.614563 29.748494 1375807618000 99.0
62.614548 29.74844 1375807620000 99.0
62.614518 29.748407 1375807622000 99.0
62.614508 29.748372 1375807624000 98.0
62.614507 29.748343 1375807626000 99.0
62.61451 29.748272 1375807628000 98.0
62.614508 29.748163 1375807630000 98.0
62.614498 29.748045 1375807632000 98.0
62.614484 29.74795 1375807634000 99.0
62.614476 29.747872 1375807636000 99.0
62.614473 29.747797 1375807638000 99.0
62.614476 29.747731 1375807640000 99.0
62.61447 29.747654 1375807642000 99.0
62.614467 29.747566 1375807644000 100.0
62.614466 29.747489 1375807646000 100.0
62.614474 29.747416 1375807648000 102.0
62.614485 29.747357 1375807650000 102.0
62.61448 29.747294 1375807652000 101.0
62.614464 29.747227 1375807654000 101.0
62.614458 29.747159 1375807656000 100.0
62.61446 29.747099 1375807658000 100.0
62.614461 29.747033 1375807660000 100.0
62.614449 29.746966 1375807662000 101.0
62.614432 29.746872 1375807664000 99.0
62.614423 29.746768 1375807666000 99.0
62.614427 29.746673 1375807668000 100.0
62.614437 29.746581 1375807670000 101.0
62.614444 29.74652 1375807672000 100.0
62.614455 29.746455 1375807674000 100.0
62.614468 29.746398 1375807676000 99.0
62.614475 29.746344 1375807678000 99.0
62.614473 29.746264 1375807680000 99.0
62.614475 29.746158 1375807682000 98.0
62.614478 29.746043 1375807684000 98.0
62.614477 29.745913 1375807686000 98.0
62.614469 29.745785 1375807688000 96.0
62.61446 29.745682 1375807690000 97.0
62.614459 29.745596 1375807692000 97.0
62.614465 29.745505 1375807694000 96.0
62.614475 29.745424 1375807696000 96.0
62.614485 29.745358 1375807698000 95.0
62.614496 29.745307 1375807700000 95.0
62.614509 29.745253 1375807702000 96.0
62.614515 29.745188 1375807704000 96.0
62.614513 29.745135 1375807706000 97.0
62.614507 29.745065 1375807708000 98.0
62.614501 29.744976 1375807710000 98.0
62.614501 29.74487 1375807712000 98.0
62.61451 29.744748 1375807714000 97.0
62.614531 29.744638 1375807716000 97.0
62.61455 29.744549 1375807718000 98.0
62.614564 29.744453 1375807720000 98.0
62.614575 29.744354 1375807722000 99.0
62.614589 29.744253 1375807724000 99.0
62.614597 29.744176 1375807726000 99.0
62.614599 29.744103 1375807728000 98.0
62.614608 29.74401 1375807730000 97.0
62.61462 29.7439 1375807732000 97.0
62.614624 29.743758 1375807734000 97.0
62.614612 29.743628 1375807736000 97.0
62.61459 29.743519 1375807738000 97.0
62.614574 29.743427 1375807740000 97.0
62.614564 29.743356 1375807742000 98.0
62.614564 29.743288 1375807744000 98.0
62.61456 29.743226 1375807746000 99.0
62.614553 29.743162 1375807748000 99.0
62.614546 29.743081 1375807750000 99.0
62.614559 29.74299 1375807752000 99.0
62.614569 29.742921 1375807754000 98.0
62.614574 29.742867 1375807756000 96.0
62.614589 29.742819 1375807758000 96.0
62.614613 29.742776 1375807760000 93.0
62.614665 29.742781 1375807762000 92.0
62.614705 29.742778 1375807764000 92.0
62.614744 29.742775 1375807766000 91.0
62.614766 29.742765 1375807768000 92.0
62.614789 29.74276 1375807770000 91.0
62.614797 29.742797 1375807772000 90.0
62.614794 29.742846 1375807774000 86.0
62.614794 29.742905 1375807776000 85.0
62.614797 29.742971 1375807778000 83.0
62.614804 29.74303 1375807780000 82.0
62.614805 29.743083 1375807782000 77.0
62.614808 29.743154 1375807784000 74.0
62.614813 29.743231 1375807786000 73.0
62.614834 29.74328 1375807788000 72.0
62.614861 29.743303 1375807790000 72.0