62.615097 29.743277 1376820749000 77.0
62.615097 29.743277 1376820751000 78.0
62.615097 29.743277 1376820753000 78.0
62.615097 29.743277 1376820754000 78.0
62.615097 29.743277 1376820756000 78.0
62.615122 29.743256 1376820758000 79.0
62.615178 29.743311 1376820760000 80.0
62.615245 29.743359 1376820762000 85.0
62.615296 29.743426 1376820764000 85.0
62.615326 29.743494 1376820766000 86.0
62.615353 29.743637 1376820769000 88.0
62.615363 29.743767 1376820771000 87.0
62.615379 29.743926 1376820773000 83.0
62.615388 29.744011 1376820774000 83.0
62.615417 29.744234 1376820777000 84.0
62.615437 29.744319 1376820779000 84.0
62.615445 29.744385 1376820781000 84.0
62.615445 29.744446 1376820783000 82.0
62.615445 29.744523 1376820785000 82.0
62.615446 29.744556 1376820786000 81.0
62.615449 29.744636 1376820788000 81.0
62.615457 29.744798 1376820791000 80.0
62.615461 29.744917 1376820793000 81.0
62.615462 29.745064 1376820795000 81.0
62.615464 29.745238 1376820797000 82.0
62.615471 29.745389 1376820799000 83.0
62.615489 29.745513 1376820801000 82.0
62.615502 29.745571 1376820802000 83.0
62.615548 29.745728 1376820805000 82.0
62.615562 29.745831 1376820807000 82.0
62.615559 29.745932 1376820809000 81.0
62.615556 29.745987 1376820810000 82.0
62.615553 29.746091 1376820812000 82.0
62.615546 29.74621 1376820814000 82.0
62.615546 29.746346 1376820816000 80.0
62.615551 29.746545 1376820819000 81.0
62.615548 29.746592 1376820820000 80.0
62.615539 29.746715 1376820823000 79.0
62.615534 29.74676 1376820824000 78.0
62.615507 29.746911 1376820827000 79.0
62.615499 29.746957 1376820828000 80.0
62.615503 29.747083 1376820831000 83.0
62.615515 29.747188 1376820833000 84.0
62.615525 29.747241 1376820834000 84.0
62.615544 29.747362 1376820836000 83.0
62.615573 29.747529 1376820839000 85.0
62.615587 29.747631 1376820841000 85.0
62.6156 29.747685 1376820842000 86.0
62.615617 29.747835 1376820845000 85.0
62.615621 29.747884 1376820846000 85.0
62.615634 29.748013 1376820848000 83.0
62.615643 29.748139 1376820850000 84.0
62.615648 29.748233 1376820852000 85.0
62.615647 29.748367 1376820855000 86.0
62.615652 29.748407 1376820856000 88.0
62.615659 29.748553 1376820859000 86.0
62.615671 29.748668 1376820861000 85.0
62.615683 29.74878 1376820863000 86.0
62.615689 29.748843 1376820864000 88.0
62.615693 29.748961 1376820866000 88.0
62.615706 29.749113 1376820869000 88.0
62.615723 29.749208 1376820871000 90.0
62.615744 29.749287 1376820873000 91.0
62.615769 29.749361 1376820875000 91.0
62.615791 29.749446 1376820877000 91.0
62.615802 29.749487 1376820878000 91.0
62.61584 29.7496 1376820881000 92.0
62.615851 29.749638 1376820882000 92.0
62.61587 29.749712 1376820884000 91.0
62.615882 29.74978 1376820886000 91.0
62.615902 29.749918 1376820889000 91.0
62.61592 29.750075 1376820892000 90.0
62.615921 29.750184 1376820894000 90.0
62.615922 29.750235 1376820895000 90.0
62.615918 29.75038 1376820898000 90.0
62.615914 29.750468 1376820900000 90.0
62.615925 29.750571 1376820902000 89.0
62.615937 29.750671 1376820904000 89.0
62.615936 29.750773 1376820906000 89.0
62.61593 29.750826 1376820907000 89.0
62.615918 29.750935 1376820909000 89.0
62.615907 29.751042 1376820912000 90.0
62.615907 29.751129 1376820914000 90.0
62.615914 29.751247 1376820916000 91.0
62.615919 29.751394 1376820918000 92.0
62.615922 29.751448 1376820919000 91.0
62.615914 29.751548 1376820921000 92.0
62.615908 29.751651 1376820923000 91.0
62.615903 29.75177 1376820925000 91.0
62.615897 29.751912 1376820928000 90.0
62.615901 29.751986 1376820930000 90.0
62.615908 29.752077 1376820932000 89.0
62.615912 29.752189 1376820934000 89.0
62.615914 29.752245 1376820935000 89.0
62.615925 29.752357 1376820937000 88.0
62.61594 29.752461 1376820939000 88.0
62.615962 29.752567 1376820941000 86.0
62.615999 29.752717 1376820944000 86.0
62.616008 29.752803 1376820946000 86.0
62.616012 29.752889 1376820948000 87.0
62.616012 29.752935 1376820949000 87.0
62.615997 29.753081 1376820952000 89.0
62.615989 29.753129 1376820953000 90.0
62.615981 29.753217 1376820955000 89.0
62.61598 29.753327 1376820958000 90.0
62.615983 29.753403 1376820960000 92.0
62.615992 29.753495 1376820962000 91.0
62.615997 29.753536 1376820963000 92.0
62.616 29.753702 1376820966000 91.0
62.615997 29.75377 1376820967000 92.0
62.615993 29.754025 1376820970000 91.0
62.61599 29.75411 1376820971000 91.0
62.615987 29.75431 1376820974000 92.0
62.61598 29.754414 1376820976000 93.0
62.615977 29.754452 1376820977000 94.0
62.615977 29.754536 1376820980000 93.0
62.615989 29.754589 1376820982000 94.0
62.615996 29.754679 1376820984000 94.0
62.61601 29.754787 1376820986000 93.0
62.616044 29.754887 1376820988000 93.0
62.616057 29.75494 1376820989000 94.0
62.616088 29.755104 1376820992000 93.0
62.616113 29.755218 1376820994000 93.0
62.616128 29.755314 1376820996000 93.0
62.616136 29.7554 1376820998000 92.0
62.616141 29.75544 1376820999000 92.0
62.616152 29.755579 1376821002000 92.0
62.616154 29.755629 1376821003000 92.0
62.616148 29.755713 1376821005000 91.0
62.616143 29.755791 1376821007000 92.0
62.61615 29.755885 1376821009000 93.0
62.616175 29.755982 1376821011000 94.0
62.6162 29.75609 1376821013000 94.0
62.616223 29.756189 1376821015000 94.0
62.616238 29.756292 1376821017000 93.0
62.61625 29.756391 1376821019000 93.0
62.616263 29.756555 1376821022000 95.0
62.616269 29.756614 1376821023000 94.0
62.616277 29.756724 1376821025000 92.0
62.616275 29.756865 1376821028000 92.0
62.616273 29.756909 1376821029000 91.0
62.616273 29.757061 1376821032000 91.0
62.616278 29.757169 1376821034000 91.0
62.616283 29.757291 1376821036000 92.0
62.616283 29.757353 1376821037000 92.0
62.616279 29.757486 1376821039000 91.0
62.616276 29.757666 1376821042000 91.0
62.616279 29.757773 1376821044000 91.0
62.616293 29.757887 1376821046000 91.0
62.6163 29.757995 1376821048000 91.0
62.616305 29.758101 1376821050000 89.0
62.616308 29.758189 1376821052000 89.0
62.616311 29.75827 1376821054000 88.0
62.616311 29.758308 1376821055000 88.0
62.6163 29.758387 1376821057000 88.0
62.616283 29.758529 1376821060000 88.0
62.616284 29.758574 1376821061000 87.0
62.616286 29.758665 1376821063000 87.0
62.616291 29.758761 1376821065000 87.0
62.616293 29.758854 1376821067000 87.0
62.616299 29.75894 1376821069000 87.0
62.616324 29.759076 1376821072000 86.0
62.616328 29.759123 1376821073000 87.0
62.616331 29.759265 1376821076000 87.0
62.616342 29.75936 1376821078000 85.0
62.616359 29.75945 1376821080000 86.0
62.616378 29.759546 1376821082000 87.0
62.616396 29.75963 1376821084000 87.0
62.616399 29.759665 1376821085000 87.0
62.616391 29.759787 1376821088000 87.0
62.616375 29.759885 1376821090000 87.0
62.616364 29.759975 1376821092000 86.0
62.616361 29.760053 1376821094000 86.0
62.616359 29.760139 1376821096000 88.0
62.616357 29.760179 1376821097000 89.0
62.616333 29.760314 1376821100000 86.0
62.616318 29.760405 1376821102000 85.0
62.616301 29.760501 1376821104000 85.0
62.616283 29.760593 1376821106000 86.0
62.616263 29.760679 1376821108000 87.0
62.616246 29.760765 1376821110000 86.0
62.616235 29.760807 1376821111000 86.0
62.616207 29.760943 1376821114000 85.0
62.616188 29.761028 1376821116000 85.0
62.616162 29.761107 1376821118000 84.0
62.616137 29.761204 1376821120000 84.0
62.616133 29.76125 1376821121000 84.0
62.616126 29.761341 1376821123000 83.0
62.616113 29.761444 1376821125000 83.0
62.616081 29.761574 1376821128000 83.0
62.616074 29.761615 1376821129000 83.0
62.616071 29.761783 1376821132000 82.0
62.616072 29.761831 1376821133000 82.0
62.616065 29.76189 1376821135000 81.0
62.616038 29.761926 1376821137000 81.0
62.615979 29.761947 1376821140000 81.0
62.615936 29.761964 1376821142000 82.0
62.615917 29.761973 1376821143000 81.0
62.615882 29.76199 1376821145000 81.0
62.615824 29.762022 1376821148000 79.0
62.615785 29.762059 1376821150000 79.0
62.615759 29.762093 1376821152000 79.0
62.615747 29.762106 1376821153000 79.0
62.615713 29.762144 1376821156000 79.0
62.615706 29.762149 1376821157000 80.0
62.615694 29.762166 1376821159000 80.0
62.615675 29.762191 1376821161000 81.0
62.615642 29.762206 1376821163000 81.0
62.615581 29.762188 1376821166000 81.0
62.61554 29.76219 1376821168000 81.0
62.615519 29.762195 1376821169000 82.0
62.615476 29.762203 1376821171000 81.0
62.615411 29.762182 1376821174000 82.0
62.615367 29.762178 1376821176000 82.0
62.615323 29.762177 1376821178000 82.0
62.615304 29.762175 1376821179000 82.0
62.615264 29.762171 1376821181000 82.0
62.615228 29.762167 1376821183000 83.0
62.615189 29.762168 1376821185000 85.0
62.615113 29.762173 1376821188000 84.0
62.615053 29.762157 1376821190000 86.0
62.615007 29.762136 1376821192000 85.0
62.614969 29.76214 1376821194000 84.0
62.614921 29.762131 1376821196000 84.0
62.61488 29.762095 1376821198000 82.0
62.614853 29.762068 1376821200000 82.0
62.614822 29.762066 1376821202000 82.0
62.614806 29.762064 1376821203000 82.0
62.614771 29.762067 1376821205000 82.0
62.614732 29.762053 1376821207000 83.0
62.61466 29.762022 1376821210000 84.0
62.614635 29.762024 1376821211000 84.0
62.614599 29.762032 1376821213000 84.0
62.614551 29.761998 1376821216000 84.0
62.614518 29.761938 1376821218000 84.0
62.614497 29.761902 1376821219000 84.0
62.614454 29.76184 1376821221000 84.0
62.614391 29.761795 1376821224000 84.0
62.614348 29.761805 1376821226000 84.0
62.614327 29.761811 1376821227000 84.0
62.614287 29.761814 1376821229000 84.0
62.614246 29.761811 1376821231000 84.0
62.614201 29.761781 1376821234000 83.0
62.614192 29.761773 1376821235000 83.0
62.61417 29.761769 1376821237000 84.0
62.614141 29.761759 1376821239000 84.0
62.614092 29.761746 1376821242000 84.0
62.614068 29.761738 1376821243000 83.0
62.614026 29.761707 1376821245000 83.0
62.613979 29.761679 1376821247000 82.0
62.613907 29.761622 1376821250000 82.0
62.613882 29.761604 1376821251000 82.0
62.613833 29.761564 1376821253000 81.0
62.61378 29.761527 1376821255000 81.0
62.613721 29.761481 1376821257000 81.0
62.613635 29.761391 1376821260000 81.0
62.613607 29.761368 1376821261000 80.0
62.613523 29.76131 1376821264000 79.0
62.613475 29.761264 1376821266000 79.0
62.613429 29.761228 1376821268000 78.0
62.613409 29.761215 1376821269000 79.0
62.613365 29.761198 1376821271000 80.0
62.6133 29.761146 1376821274000 81.0
62.613257 29.761146 1376821276000 81.0
62.613221 29.761175 1376821278000 82.0
62.613198 29.761183 1376821279000 81.0
62.613156 29.761202 1376821281000 82.0
62.613066 29.761211 1376821284000 80.0
62.613015 29.761248 1376821286000 80.0
62.612953 29.761278 1376821288000 78.0
62.612926 29.761287 1376821289000 78.0
62.612849 29.76129 1376821292000 78.0
62.612805 29.761285 1376821294000 78.0
62.612783 29.761276 1376821295000 77.0
62.612744 29.761257 1376821297000 78.0
62.612701 29.761244 1376821299000 77.0
62.612626 29.76128 1376821302000 78.0
62.612602 29.761299 1376821303000 78.0
62.612547 29.76134 1376821305000 80.0
62.61249 29.761344 1376821307000 79.0
62.612425 29.761271 1376821310000 79.0
62.612386 29.761181 1376821312000 79.0
62.612346 29.761104 1376821314000 79.0
62.612304 29.76103 1376821316000 79.0
62.612254 29.760973 1376821318000 78.0
62.612206 29.760908 1376821320000 77.0
62.612185 29.760879 1376821321000 78.0
62.612154 29.760806 1376821323000 78.0
62.612113 29.760702 1376821326000 78.0
62.6121 29.760663 1376821327000 79.0
62.61208 29.760536 1376821330000 81.0
62.612076 29.760496 1376821331000 82.0
62.612069 29.760411 1376821333000 82.0
62.612062 29.760311 1376821335000 83.0
62.612053 29.760212 1376821337000 82.0
62.612048 29.760102 1376821339000 81.0
62.612035 29.760009 1376821341000 83.0
62.612017 29.759901 1376821344000 81.0
62.612012 29.759862 1376821345000 80.0
62.611999 29.759774 1376821347000 81.0
62.61197 29.759636 1376821350000 80.0
62.611954 29.759558 1376821352000 81.0
62.611948 29.759503 1376821354000 81.0
62.611949 29.759485 1376821355000 81.0
62.611957 29.759465 1376821357000 81.0
62.61197 29.75946 1376821359000 82.0
62.611995 29.759458 1376821361000 82.0
62.612046 29.759431 1376821364000 82.0
62.612067 29.759421 1376821365000 82.0
62.612092 29.759395 1376821367000 84.0
62.61212 29.759391 1376821369000 84.0
62.612175 29.759424 1376821372000 85.0
62.61222 29.759422 1376821374000 85.0
62.612244 29.759411 1376821375000 85.0
62.612312 29.759365 1376821378000 85.0
62.61235 29.759328 1376821380000 87.0
62.612389 29.759293 1376821382000 86.0
62.612409 29.759275 1376821383000 86.0
62.612481 29.759228 1376821386000 86.0
62.612531 29.759185 1376821388000 87.0
62.612552 29.759175 1376821389000 87.0
62.612609 29.75913 1376821392000 88.0
62.612638 29.75909 1376821394000 87.0
62.612655 29.759075 1376821395000 88.0
62.612691 29.759049 1376821397000 87.0
62.612729 29.759033 1376821399000 87.0
62.612806 29.759018 1376821402000 87.0
62.612865 29.75901 1376821404000 87.0
62.612894 29.759004 1376821405000 87.0
62.612973 29.758989 1376821408000 87.0
62.613019 29.758977 1376821410000 87.0
62.613063 29.758963 1376821412000 87.0
62.613099 29.758951 1376821414000 88.0
62.613114 29.758946 1376821415000 88.0
62.613131 29.758956 1376821417000 89.0
62.613161 29.758961 1376821419000 87.0
62.613224 29.758945 1376821422000 88.0
62.613281 29.758918 1376821424000 87.0
62.613338 29.758875 1376821426000 87.0
62.61336 29.758852 1376821427000 87.0
62.613392 29.758816 1376821429000 87.0
62.613437 29.758759 1376821432000 87.0
62.613473 29.758722 1376821434000 88.0
62.613513 29.758705 1376821436000 88.0
62.613559 29.758675 1376821438000 89.0
62.613584 29.758648 1376821439000 91.0
62.613628 29.7586 1376821441000 92.0
62.613667 29.758565 1376821443000 91.0
62.6137 29.758543 1376821445000 90.0
62.613759 29.758523 1376821448000 89.0
62.613807 29.758521 1376821450000 89.0
62.613842 29.758534 1376821452000 89.0
62.613855 29.758541 1376821453000 89.0
62.613879 29.758544 1376821455000 90.0
62.613914 29.758539 1376821458000 90.0
62.613938 29.758532 1376821459000 91.0
62.614017 29.758529 1376821462000 91.0
62.61407 29.758481 1376821464000 94.0
62.614099 29.75845 1376821465000 93.0
62.614147 29.758387 1376821467000 95.0
62.614214 29.758272 1376821470000 95.0
62.61427 29.758207 1376821472000 95.0
62.614322 29.75815 1376821474000 97.0
62.614346 29.758128 1376821475000 97.0
62.614409 29.758064 1376821478000 96.0
62.614439 29.758035 1376821480000 97.0
62.61448 29.758018 1376821482000 99.0
62.614504 29.758017 1376821483000 99.0
62.614556 29.758006 1376821485000 98.0
62.614636 29.758021 1376821488000 98.0
62.614662 29.758028 1376821489000 98.0
62.614743 29.758015 1376821492000 98.0
62.614792 29.757995 1376821494000 97.0
62.61482 29.757982 1376821495000 96.0
62.614895 29.757954 1376821498000 98.0
62.614941 29.757937 1376821500000 98.0
62.614969 29.75792 1376821501000 97.0
62.615024 29.757894 1376821503000 97.0
62.615076 29.75788 1376821505000 97.0
62.615133 29.757868 1376821508000 95.0
62.615156 29.757862 1376821509000 95.0
62.615231 29.757862 1376821512000 95.0
62.61525 29.757859 1376821513000 95.0
62.615283 29.757842 1376821515000 95.0
62.615308 29.757839 1376821517000 95.0
62.615335 29.757864 1376821520000 95.0
62.615356 29.75791 1376821522000 95.0
62.615389 29.757935 1376821524000 95.0
62.615434 29.757943 1376821526000 95.0
62.615487 29.757934 1376821528000 95.0
62.615536 29.757924 1376821530000 95.0
62.615579 29.75792 1376821532000 95.0
62.615626 29.757938 1376821534000 96.0
62.615648 29.757951 1376821535000 96.0
62.615688 29.757965 1376821537000 96.0
62.615724 29.757976 1376821539000 95.0
62.615752 29.757982 1376821541000 94.0
62.615789 29.757985 1376821544000 94.0
62.615804 29.757988 1376821545000 95.0
62.615834 29.758024 1376821547000 94.0
62.615858 29.758061 1376821549000 95.0
62.615922 29.758113 1376821552000 95.0
62.615949 29.758124 1376821553000 95.0
62.616006 29.75811 1376821555000 94.0
62.616061 29.758086 1376821557000 95.0
62.616119 29.75811 1376821560000 95.0
62.616136 29.758116 1376821561000 95.0
62.616181 29.758103 1376821564000 94.0
62.616207 29.75807 1376821566000 93.0
62.616215 29.75807 1376821567000 93.0
62.616226 29.758101 1376821569000 92.0
62.616231 29.758169 1376821572000 91.0
62.616233 29.758198 1376821573000 91.0
62.616241 29.75827 1376821575000 91.0
62.616256 29.758344 1376821577000 91.0
62.61627 29.758401 1376821579000 93.0
62.616284 29.758476 1376821581000 93.0
62.616287 29.75856 1376821583000 92.0
62.616296 29.758654 1376821585000 90.0
62.61631 29.758748 1376821587000 89.0
62.616327 29.758839 1376821589000 89.0
62.61634 29.758935 1376821591000 88.0
62.616354 29.759027 1376821593000 87.0
62.616374 29.759114 1376821595000 87.0
62.616394 29.759239 1376821598000 88.0
62.6164 29.759338 1376821600000 88.0
62.616403 29.759386 1376821601000 88.0
62.616402 29.759475 1376821603000 88.0
62.616394 29.75955 1376821605000 88.0
62.616372 29.759632 1376821607000 89.0
62.616358 29.759708 1376821609000 89.0
62.616344 29.759813 1376821612000 89.0
62.616336 29.759855 1376821613000 88.0
62.616322 29.759947 1376821615000 88.0
62.616318 29.760031 1376821617000 89.0
62.616317 29.760089 1376821619000 88.0
62.616316 29.760156 1376821621000 88.0
62.616312 29.76024 1376821623000 88.0
62.616301 29.760346 1376821625000 87.0
62.616282 29.760489 1376821628000 85.0
62.616276 29.760532 1376821629000 85.0
62.616247 29.760654 1376821632000 87.0
62.616234 29.760697 1376821633000 86.0
62.616221 29.760805 1376821635000 86.0
62.61621 29.76093 1376821637000 87.0
62.616196 29.761046 1376821639000 86.0
62.616169 29.761182 1376821642000 85.0
62.616165 29.761216 1376821643000 85.0
62.61616 29.761286 1376821645000 84.0
62.616142 29.761373 1376821647000 82.0
62.616108 29.761506 1376821650000 81.0
62.616098 29.761552 1376821651000 82.0
62.616083 29.761644 1376821653000 82.0
62.616047 29.761791 1376821656000 82.0
62.616038 29.761837 1376821657000 82.0
62.616015 29.761966 1376821660000 82.0
62.616004 29.76199 1376821661000 82.0
62.61598 29.762011 1376821663000 82.0
62.615953 29.762025 1376821665000 81.0
62.615925 29.762042 1376821667000 81.0
62.615884 29.762071 1376821669000 80.0
62.615847 29.762117 1376821671000 81.0
62.615819 29.762161 1376821673000 80.0
62.61579 29.762198 1376821675000 80.0
62.615733 29.762223 1376821678000 80.0
62.615684 29.762229 1376821680000 80.0
62.615659 29.762219 1376821681000 81.0
62.615575 29.76218 1376821684000 80.0
62.615523 29.762157 1376821686000 79.0
62.6155 29.762151 1376821687000 79.0
62.615459 29.762156 1376821689000 79.0
62.61541 29.76214 1376821692000 80.0
62.615381 29.762152 1376821694000 79.0
62.615365 29.762162 1376821695000 80.0
62.615313 29.762182 1376821698000 81.0
62.615302 29.762184 1376821699000 81.0
62.615282 29.762185 1376821701000 81.0
62.615222 29.762163 1376821704000 81.0
62.615197 29.762146 1376821705000 81.0
62.615152 29.762106 1376821707000 81.0
62.61511 29.762087 1376821709000 80.0
62.615078 29.762102 1376821711000 79.0
62.615038 29.762113 1376821713000 80.0
62.614997 29.762122 1376821715000 79.0
62.614954 29.762131 1376821717000 79.0
62.614899 29.762162 1376821720000 79.0
62.614872 29.762158 1376821722000 78.0
62.614853 29.762143 1376821723000 75.0
62.614812 29.76211 1376821725000 74.0
62.614761 29.76208 1376821727000 74.0
62.61471 29.762041 1376821729000 75.0
62.614645 29.762023 1376821732000 78.0
62.614628 29.762019 1376821733000 78.0
62.614599 29.76202 1376821735000 77.0
62.614585 29.762014 1376821737000 76.0
62.614574 29.762013 1376821739000 77.0
62.614544 29.762001 1376821742000 79.0
62.614524 29.761989 1376821743000 79.0
62.614486 29.761955 1376821745000 79.0
62.614424 29.761906 1376821748000 80.0
62.614389 29.761912 1376821750000 82.0
62.614358 29.761908 1376821752000 83.0
62.61434 29.761894 1376821753000 84.0
62.614302 29.761871 1376821755000 83.0
62.614247 29.761852 1376821758000 84.0
62.614232 29.761853 1376821759000 84.0
62.614181 29.761819 1376821762000 85.0
62.614147 29.761774 1376821764000 86.0
62.61413 29.76175 1376821765000 86.0
62.614076 29.761711 1376821767000 87.0
62.613967 29.761659 1376821770000 85.0
62.613915 29.761644 1376821772000 85.0
62.613869 29.761627 1376821774000 84.0
62.613824 29.761601 1376821776000 83.0
62.613804 29.761582 1376821777000 83.0
62.613759 29.761482 1376821780000 82.0
62.613751 29.761463 1376821781000 82.0
62.613734 29.76146 1376821783000 81.0
62.613708 29.76146 1376821785000 81.0
62.613686 29.761461 1376821787000 83.0
62.613631 29.761445 1376821790000 83.0
62.613595 29.761424 1376821792000 83.0
62.613575 29.761409 1376821793000 84.0
62.613533 29.761378 1376821795000 85.0
62.613492 29.76136 1376821797000 86.0
62.613432 29.761301 1376821800000 85.0
62.613412 29.761285 1376821801000 84.0
62.613363 29.76127 1376821804000 85.0
62.61333 29.761262 1376821806000 85.0
62.613314 29.761264 1376821807000 85.0
62.613275 29.761266 1376821810000 85.0
62.61326 29.761234 1376821812000 86.0
62.613255 29.761224 1376821813000 86.0
62.613245 29.761206 1376821815000 86.0
62.613225 29.761203 1376821817000 87.0
62.613168 29.761202 1376821819000 86.0
62.613071 29.761273 1376821822000 87.0
62.613038 29.761313 1376821823000 87.0
62.612978 29.761354 1376821825000 87.0
62.612923 29.76138 1376821827000 86.0
62.612852 29.761367 1376821830000 87.0
62.61281 29.761337 1376821832000 87.0
62.612787 29.761318 1376821833000 87.0
62.612738 29.761278 1376821835000 86.0
62.612683 29.76124 1376821837000 85.0
62.612641 29.761208 1376821839000 85.0
62.612605 29.761202 1376821841000 85.0
62.612574 29.761204 1376821843000 85.0
62.61254 29.761219 1376821845000 85.0
62.612504 29.761202 1376821847000 85.0
62.612469 29.761155 1376821849000 84.0
62.612413 29.761071 1376821852000 83.0
62.612382 29.761039 1376821854000 84.0
62.612367 29.76103 1376821855000 83.0
62.612312 29.760982 1376821858000 83.0
62.612277 29.760916 1376821860000 80.0
62.612263 29.760884 1376821861000 80.0
62.612235 29.760838 1376821863000 79.0
62.612203 29.760752 1376821866000 79.0
62.61218 29.760683 1376821868000 79.0
62.612167 29.760642 1376821869000 79.0
62.612131 29.760503 1376821872000 80.0
62.612102 29.760431 1376821874000 80.0
62.612073 29.760364 1376821876000 80.0
62.612059 29.760331 1376821877000 80.0
62.612035 29.760268 1376821879000 80.0
62.612022 29.760167 1376821882000 80.0
62.61202 29.760088 1376821884000 79.0
62.61203 29.760045 1376821885000 80.0
62.612058 29.759954 1376821887000 80.0
62.612079 29.759863 1376821889000 79.0
62.612082 29.759756 1376821892000 80.0
62.612078 29.759695 1376821894000 80.0
62.612075 29.759669 1376821895000 80.0
62.612062 29.759618 1376821897000 80.0
62.612049 29.759542 1376821899000 80.0
62.612024 29.759488 1376821901000 81.0
62.61202 29.759448 1376821904000 80.0
62.612025 29.759451 1376821905000 80.0
62.612039 29.759451 1376821907000 80.0
62.612069 29.759452 1376821910000 81.0
62.612064 29.75949 1376821911000 81.0
62.612055 29.75957 1376821913000 81.0
62.612056 29.759683 1376821916000 81.0
62.612068 29.759733 1376821918000 82.0
62.612082 29.759735 1376821920000 82.0
62.612143 29.759705 1376821922000 84.0
62.612168 29.759703 1376821923000 84.0
62.612216 29.759692 1376821925000 84.0
62.612296 29.759589 1376821928000 85.0
62.612323 29.759543 1376821929000 85.0
62.612385 29.759432 1376821932000 86.0
62.612421 29.759373 1376821934000 86.0
62.612472 29.75931 1376821936000 86.0
62.612495 29.759282 1376821937000 85.0
62.612545 29.759232 1376821939000 84.0
62.612601 29.759179 1376821941000 84.0
62.612666 29.759157 1376821943000 84.0
62.61273 29.75913 1376821945000 85.0
62.612803 29.759067 1376821948000 86.0
62.612831 29.759034 1376821950000 86.0
62.612843 29.759015 1376821951000 86.0
62.612871 29.758991 1376821953000 86.0
62.612912 29.758984 1376821955000 86.0
62.612963 29.759006 1376821957000 86.0
62.613029 29.759032 1376821960000 85.0
62.613045 29.759031 1376821961000 85.0
62.613086 29.758995 1376821963000 85.0
62.613143 29.758956 1376821965000 85.0
62.613219 29.758898 1376821968000 85.0
62.613237 29.758859 1376821969000 85.0
62.613285 29.758772 1376821972000 84.0
62.613298 29.758771 1376821973000 84.0
62.613335 29.758766 1376821975000 85.0
62.613379 29.75874 1376821977000 86.0
62.613456 29.758719 1376821980000 86.0
62.613505 29.758676 1376821982000 88.0
62.613551 29.758612 1376821984000 88.0
62.61357 29.758591 1376821985000 88.0
62.613635 29.758508 1376821988000 87.0
62.613675 29.758441 1376821990000 86.0
62.613706 29.758385 1376821992000 86.0
62.613721 29.758364 1376821993000 86.0
62.613751 29.758341 1376821995000 86.0
62.61379 29.758331 1376821997000 85.0
62.613826 29.758336 1376821999000 86.0
62.613875 29.758324 1376822002000 85.0
62.61389 29.758318 1376822003000 86.0
62.613929 29.758296 1376822005000 87.0
62.613975 29.758252 1376822008000 88.0
62.614007 29.758231 1376822010000 88.0
62.614025 29.758225 1376822011000 87.0
62.614085 29.758227 1376822014000 88.0
62.614108 29.758234 1376822015000 88.0
62.614149 29.75824 1376822017000 89.0
62.61419 29.758238 1376822019000 88.0
62.614233 29.758228 1376822021000 89.0
62.614281 29.758207 1376822023000 88.0
62.614353 29.75822 1376822026000 89.0
62.614376 29.758226 1376822027000 90.0
62.614414 29.7582 1376822029000 89.0
62.614498 29.758059 1376822032000 88.0
62.614527 29.758015 1376822033000 88.0
62.614601 29.757935 1376822035000 88.0
62.614664 29.757857 1376822037000 88.0
62.614712 29.75779 1376822040000 88.0
62.614752 29.757754 1376822041000 88.0
62.614788 29.757753 1376822043000 87.0
62.614853 29.757824 1376822046000 86.0
62.614888 29.757891 1376822048000 87.0
62.614917 29.75795 1376822050000 86.0
62.614939 29.757994 1376822052000 86.0
62.614946 29.758 1376822053000 87.0
62.614984 29.757944 1376822055000 89.0
62.615033 29.757848 1376822057000 89.0
62.615086 29.757743 1376822060000 89.0
62.615101 29.757707 1376822061000 89.0
62.61512 29.757634 1376822063000 89.0
62.615121 29.75756 1376822065000 88.0
62.615122 29.757454 1376822067000 90.0
62.615126 29.757287 1376822070000 90.0
62.615122 29.757194 1376822072000 92.0
62.615114 29.757127 1376822074000 92.0
62.615108 29.757036 1376822076000 92.0
62.615105 29.756989 1376822077000 91.0
62.615096 29.756901 1376822079000 92.0
62.615091 29.756814 1376822081000 92.0
62.615095 29.756723 1376822083000 92.0
62.615104 29.756644 1376822085000 91.0
62.615113 29.756561 1376822087000 90.0
62.61511 29.75648 1376822089000 91.0
62.615074 29.756338 1376822092000 91.0
62.615069 29.756231 1376822094000 91.0
62.615066 29.756173 1376822095000 91.0
62.615044 29.755936 1376822098000 92.0
62.615038 29.755801 1376822100000 94.0
62.615032 29.755746 1376822101000 94.0
62.615026 29.755607 1376822104000 94.0
62.615022 29.755561 1376822105000 94.0
62.615012 29.755486 1376822107000 94.0
62.614989 29.755438 1376822109000 95.0
62.614966 29.755367 1376822112000 96.0
62.614955 29.755341 1376822113000 96.0
62.614941 29.755227 1376822116000 96.0
62.614947 29.755109 1376822118000 97.0
62.614937 29.755012 1376822120000 96.0
62.614927 29.754956 1376822121000 96.0
62.614903 29.754852 1376822123000 96.0
62.614866 29.754721 1376822126000 97.0
62.614855 29.754691 1376822127000 96.0
62.614838 29.754647 1376822130000 96.0
62.614827 29.754602 1376822131000 95.0
62.614829 29.754544 1376822133000 96.0
62.614838 29.754482 1376822135000 96.0
62.614851 29.754425 1376822137000 96.0
62.614854 29.754371 1376822139000 96.0
62.614836 29.754311 1376822141000 94.0
62.614816 29.7542 1376822143000 94.0
62.614799 29.75409 1376822145000 92.0
62.61479 29.75402 1376822147000 92.0
62.614781 29.753942 1376822149000 93.0
62.614766 29.753824 1376822151000 92.0
62.614747 29.753701 1376822153000 91.0
62.61474 29.753606 1376822155000 91.0
62.614743 29.75353 1376822157000 91.0
62.614738 29.75341 1376822160000 92.0
62.614728 29.753301 1376822162000 91.0
62.614719 29.753243 1376822163000 92.0
62.614701 29.753147 1376822165000 92.0
62.614691 29.753098 1376822167000 92.0
62.614691 29.753078 1376822169000 92.0
62.614698 29.753044 1376822171000 93.0
62.614704 29.752991 1376822173000 93.0
62.614702 29.752935 1376822175000 94.0
62.614702 29.752852 1376822178000 94.0
62.614705 29.752829 1376822179000 94.0
62.614715 29.7528 1376822181000 93.0
62.614735 29.752788 1376822183000 93.0
62.61475 29.752805 1376822185000 94.0
62.614789 29.752863 1376822188000 93.0
62.614807 29.752868 1376822189000 94.0
62.614856 29.752864 1376822191000 94.0
62.614901 29.752869 1376822193000 94.0
62.614941 29.75288 1376822195000 93.0
62.614972 29.752907 1376822197000 92.0
62.614999 29.752912 1376822199000 94.0
62.615028 29.752891 1376822201000 93.0
62.615054 29.752888 1376822204000 94.0
62.615063 29.752895 1376822205000 93.0
62.615087 29.752907 1376822207000 93.0
62.615111 29.752899 1376822209000 92.0
62.61512 29.752906 1376822211000 92.0
62.615125 29.752949 1376822213000 91.0
62.615151 29.752969 1376822215000 91.0
62.615204 29.752966 1376822218000 91.0
62.615223 29.752977 1376822219000 91.0
62.615258 29.753007 1376822221000 90.0
62.615322 29.753015 1376822223000 90.0
62.615385 29.753037 1376822225000 91.0
62.615438 29.753063 1376822227000 91.0
62.615479 29.753066 1376822229000 91.0
62.615509 29.753083 1376822232000 91.0
62.615524 29.75309 1376822233000 91.0
62.615562 29.753092 1376822235000 91.0
62.615632 29.753098 1376822238000 91.0
62.615649 29.753108 1376822239000 91.0
62.615703 29.753103 1376822241000 91.0
62.615755 29.753026 1376822243000 91.0
62.615836 29.752802 1376822245000 91.0
62.615952 29.752529 1376822248000 91.0
62.615985 29.75247 1376822249000 91.0
62.616015 29.752368 1376822251000 91.0
62.616017 29.75228 1376822253000 92.0
62.616 29.752196 1376822255000 91.0
62.615988 29.752063 1376822258000 90.0
62.615992 29.752025 1376822259000 90.0
62.615995 29.751957 1376822261000 89.0
62.616001 29.751833 1376822264000 87.0
62.616003 29.751789 1376822265000 88.0
62.616008 29.75171 1376822267000 88.0
62.616014 29.751635 1376822269000 87.0
62.616017 29.751553 1376822271000 88.0
62.616011 29.75146 1376822273000 88.0
62.61599 29.751328 1376822276000 86.0
62.615966 29.751245 1376822278000 86.0
62.615961 29.751209 1376822279000 85.0
62.615958 29.751115 1376822281000 85.0
62.615955 29.751038 1376822283000 85.0
62.615954 29.750968 1376822285000 85.0
62.615968 29.750871 1376822288000 85.0
62.615975 29.750835 1376822289000 86.0
62.615992 29.750771 1376822291000 87.0
62.616004 29.750704 1376822293000 88.0
62.616013 29.750616 1376822295000 87.0
62.616012 29.75054 1376822297000 88.0
62.616012 29.750462 1376822299000 88.0
62.616021 29.75039 1376822301000 88.0
62.616029 29.750305 1376822303000 87.0
62.616022 29.750221 1376822305000 87.0
62.616003 29.750127 1376822307000 88.0
62.615984 29.750035 1376822309000 88.0
62.615984 29.749933 1376822311000 87.0
62.615987 29.749833 1376822313000 87.0
62.615994 29.749747 1376822315000 87.0
62.615998 29.749656 1376822317000 89.0
62.615989 29.749556 1376822319000 88.0
62.615978 29.749487 1376822321000 87.0
62.61598 29.749418 1376822323000 86.0
62.615969 29.749322 1376822325000 82.0
62.615945 29.749238 1376822327000 80.0
62.615908 29.749177 1376822329000 81.0
62.615874 29.749113 1376822331000 83.0
62.615845 29.749038 1376822333000 82.0
62.615817 29.748978 1376822335000 81.0
62.615788 29.748935 1376822337000 80.0
62.615768 29.748868 1376822339000 81.0
62.615754 29.748788 1376822341000 82.0
62.615746 29.748716 1376822343000 82.0
62.615749 29.748642 1376822345000 80.0
62.615753 29.748562 1376822347000 80.0
62.615749 29.748466 1376822349000 79.0
62.61573 29.748368 1376822351000 78.0
62.615702 29.748266 1376822353000 77.0
62.615678 29.748175 1376822355000 78.0
62.615652 29.748088 1376822357000 77.0
62.615626 29.747997 1376822359000 77.0
62.615606 29.747874 1376822362000 79.0
62.615604 29.747835 1376822363000 78.0
62.615596 29.747742 1376822365000 78.0
62.615591 29.74765 1376822367000 77.0
62.615586 29.747563 1376822369000 75.0
62.615587 29.74747 1376822371000 74.0
62.615583 29.74737 1376822373000 74.0
62.615571 29.747265 1376822375000 73.0
62.615568 29.747152 1376822377000 74.0
62.615568 29.747038 1376822379000 75.0
62.615558 29.746933 1376822381000 74.0
62.615549 29.746843 1376822383000 74.0
62.615534 29.746757 1376822385000 73.0
62.615524 29.746664 1376822387000 73.0
62.615526 29.74656 1376822389000 72.0
62.615521 29.746408 1376822392000 71.0
62.615522 29.746359 1376822393000 71.0
62.615513 29.746208 1376822396000 70.0
62.615511 29.746156 1376822397000 69.0
62.615511 29.74606 1376822399000 68.0
62.615509 29.745979 1376822401000 70.0
62.6155 29.7459 1376822403000 70.0
62.615495 29.745822 1376822405000 71.0
62.615485 29.745747 1376822407000 71.0
62.615472 29.745668 1376822409000 70.0
62.615461 29.745585 1376822411000 70.0
62.615441 29.745435 1376822414000 70.0
62.615439 29.745379 1376822415000 70.0
62.615424 29.745266 1376822417000 72.0
62.615409 29.745203 1376822419000 72.0
62.615401 29.745171 1376822421000 72.0
62.615403 29.745105 1376822424000 70.0
62.615405 29.745071 1376822425000 70.0
62.615413 29.74502 1376822427000 71.0
62.615392 29.745011 1376822430000 71.0
62.615378 29.744997 1376822431000 71.0
62.615366 29.744943 1376822433000 70.0
62.615362 29.744881 1376822435000 71.0
62.615346 29.744838 1376822437000 72.0
62.615343 29.744801 1376822439000 72.0
62.615348 29.744723 1376822442000 73.0
62.61535 29.744693 1376822443000 73.0
62.615354 29.74463 1376822445000 74.0
62.615354 29.744556 1376822447000 74.0
62.615386 29.744462 1376822450000 76.0
62.615392 29.74445 1376822451000 76.0
62.615391 29.744441 1376822453000 77.0
62.615377 29.744418 1376822456000 81.0
62.615373 29.744392 1376822457000 80.0
62.615359 29.74434 1376822459000 83.0
62.61534 29.744314 1376822461000 84.0
62.615304 29.744194 1376822464000 85.0
62.615317 29.74409 1376822465000 82.0
62.615326 29.743981 1376822467000 79.0
62.615336 29.743878 1376822469000 80.0
62.615324 29.743827 1376822471000 77.0
62.615319 29.743757 1376822473000 76.0
62.615318 29.743685 1376822475000 75.0
62.615313 29.743636 1376822477000 75.0
62.615303 29.74359 1376822479000 76.0
62.615302 29.743511 1376822482000 76.0
62.615291 29.743463 1376822484000 75.0
62.615274 29.743464 1376822485000 74.0
62.615247 29.743468 1376822487000 74.0
62.615241 29.743424 1376822489000 78.0
62.615229 29.74341 1376822491000 75.0
62.615207 29.743402 1376822494000 73.0
62.615197 29.743407 1376822495000 72.0
62.615186 29.743365 1376822497000 73.0
62.615164 29.743313 1376822500000 73.0
62.615165 29.743316 1376822501000 73.0