62.615094 29.743214 1376584374000 98.0
62.615136 29.743108 1376584377000 90.0
62.615149 29.743161 1376584379000 88.0
62.615159 29.743221 1376584381000 87.0
62.615154 29.743202 1376584383000 93.0
62.61515 29.743212 1376584384000 95.0
62.61515 29.743224 1376584387000 93.0
62.615157 29.743194 1376584388000 88.0
62.615186 29.743137 1376584391000 92.0
62.615235 29.74308 1376584392000 96.0
62.615304 29.743047 1376584395000 93.0
62.61536 29.743053 1376584396000 89.0
62.61538 29.743132 1376584398000 86.0
62.615393 29.74324 1376584400000 86.0
62.615378 29.743409 1376584402000 84.0
62.615369 29.743562 1376584405000 84.0
62.615362 29.743716 1376584406000 85.0
62.615365 29.74385 1376584409000 86.0
62.61537 29.74398 1376584411000 87.0
62.615381 29.744139 1376584412000 85.0
62.615391 29.744271 1376584414000 87.0
62.615397 29.744377 1376584416000 88.0
62.615399 29.744487 1376584419000 88.0
62.615409 29.744634 1376584420000 88.0
62.615422 29.744783 1376584423000 88.0
62.615434 29.744917 1376584424000 91.0
62.615443 29.745035 1376584427000 90.0
62.615449 29.745162 1376584428000 91.0
62.615452 29.745289 1376584430000 90.0
62.615456 29.745424 1376584432000 89.0
62.615504 29.745562 1376584435000 89.0
62.615537 29.745653 1376584436000 88.0
62.615539 29.745778 1376584439000 88.0
62.615542 29.745878 1376584440000 89.0
62.615531 29.745961 1376584443000 91.0
62.615546 29.746082 1376584445000 89.0
62.615554 29.746196 1376584447000 89.0
62.61556 29.746307 1376584448000 90.0
62.615563 29.746401 1376584450000 90.0
62.615565 29.746507 1376584452000 90.0
62.615563 29.746598 1376584455000 90.0
62.615547 29.746668 1376584456000 89.0
62.615539 29.746754 1376584459000 90.0
62.615539 29.74687 1376584460000 90.0
62.615539 29.746985 1376584463000 88.0
62.615534 29.747093 1376584465000 87.0
62.615525 29.747198 1376584466000 87.0
62.61552 29.747303 1376584469000 88.0
62.615513 29.747402 1376584471000 87.0
62.61551 29.7475 1376584472000 85.0
62.615515 29.747619 1376584475000 86.0
62.615528 29.747736 1376584476000 87.0
62.615547 29.747855 1376584479000 87.0
62.615563 29.74798 1376584481000 87.0
62.61557 29.748104 1376584483000 88.0
62.615573 29.748237 1376584485000 88.0
62.61558 29.748343 1376584487000 89.0
62.615592 29.748441 1376584489000 89.0
62.615598 29.748539 1376584491000 88.0
62.615604 29.748644 1376584492000 88.0
62.615614 29.748749 1376584494000 88.0
62.615629 29.748862 1376584496000 91.0
62.615654 29.748952 1376584498000 92.0
62.615679 29.749027 1376584500000 93.0
62.615713 29.749093 1376584502000 93.0
62.615755 29.749176 1376584505000 93.0
62.615797 29.749263 1376584507000 92.0
62.615836 29.749337 1376584509000 92.0
62.61587 29.749397 1376584510000 92.0
62.615888 29.749465 1376584513000 93.0
62.615894 29.749537 1376584514000 94.0
62.615897 29.749611 1376584516000 93.0
62.615899 29.749691 1376584519000 93.0
62.61591 29.749814 1376584521000 98.0
62.615924 29.749938 1376584523000 98.0
62.61594 29.750049 1376584525000 98.0
62.615952 29.750141 1376584527000 97.0
62.615955 29.75024 1376584529000 97.0
62.615952 29.750336 1376584531000 97.0
62.615954 29.750436 1376584533000 95.0
62.61595 29.75054 1376584535000 95.0
62.61594 29.750648 1376584536000 94.0
62.615927 29.750749 1376584538000 91.0
62.615914 29.750849 1376584540000 91.0
62.615899 29.750952 1376584543000 91.0
62.615891 29.751065 1376584544000 89.0
62.61589 29.751191 1376584547000 89.0
62.615891 29.751331 1376584548000 89.0
62.615897 29.751447 1376584551000 90.0
62.615901 29.751534 1376584552000 88.0
62.615907 29.751622 1376584554000 89.0
62.615912 29.751728 1376584557000 88.0
62.61591 29.751834 1376584558000 88.0
62.615908 29.751942 1376584561000 87.0
62.615908 29.752052 1376584563000 87.0
62.615907 29.752166 1376584565000 87.0
62.615905 29.752288 1376584567000 87.0
62.615895 29.752428 1376584569000 88.0
62.615885 29.752549 1376584570000 96.0
62.615884 29.752655 1376584573000 96.0
62.615895 29.752768 1376584575000 97.0
62.615913 29.752898 1376584577000 96.0
62.615931 29.753014 1376584579000 95.0
62.615952 29.753126 1376584581000 95.0
62.615973 29.753224 1376584583000 92.0
62.615993 29.753314 1376584585000 92.0
62.616011 29.753403 1376584586000 90.0
62.616026 29.753502 1376584589000 91.0
62.616028 29.753599 1376584591000 91.0
62.616023 29.753698 1376584592000 90.0
62.616024 29.753802 1376584595000 90.0
62.616028 29.753896 1376584597000 91.0
62.61603 29.753978 1376584598000 91.0
62.616034 29.754068 1376584601000 90.0
62.616036 29.754149 1376584603000 91.0
62.616041 29.754231 1376584605000 91.0
62.616048 29.754322 1376584607000 91.0
62.61606 29.75441 1376584608000 92.0
62.616083 29.754498 1376584611000 92.0
62.616108 29.754626 1376584613000 91.0
62.616125 29.754738 1376584615000 91.0
62.61614 29.754845 1376584617000 91.0
62.61615 29.754946 1376584619000 91.0
62.616158 29.755047 1376584621000 92.0
62.616167 29.755148 1376584623000 92.0
62.616174 29.755258 1376584625000 91.0
62.616184 29.75537 1376584627000 90.0
62.616192 29.755471 1376584629000 90.0
62.616199 29.755557 1376584631000 91.0
62.616199 29.755646 1376584632000 91.0
62.616195 29.75575 1376584635000 91.0
62.616197 29.755859 1376584637000 91.0
62.616202 29.755963 1376584639000 91.0
62.616206 29.756062 1376584641000 91.0
62.616213 29.756157 1376584643000 91.0
62.616227 29.756258 1376584645000 92.0
62.616237 29.756352 1376584647000 90.0
62.616239 29.756441 1376584649000 91.0
62.616241 29.756525 1376584651000 89.0
62.616255 29.75661 1376584652000 89.0
62.616269 29.756683 1376584655000 89.0
62.616283 29.756774 1376584657000 91.0
62.616298 29.756885 1376584659000 92.0
62.616303 29.757019 1376584660000 91.0
62.616296 29.757164 1376584663000 91.0
62.616287 29.757304 1376584665000 91.0
62.616281 29.757422 1376584667000 92.0
62.616282 29.75753 1376584669000 92.0
62.616281 29.757657 1376584671000 93.0
62.616277 29.757774 1376584673000 93.0
62.616274 29.75786 1376584674000 92.0
62.616271 29.757922 1376584676000 86.0
62.616261 29.757955 1376584679000 83.0
62.616253 29.757992 1376584680000 82.0
62.616256 29.758068 1376584683000 84.0
62.61626 29.758177 1376584685000 84.0
62.616265 29.758289 1376584686000 84.0
62.616275 29.758414 1376584689000 83.0
62.616287 29.758544 1376584691000 84.0
62.616294 29.75866 1376584693000 85.0
62.6163 29.758767 1376584695000 85.0
62.61631 29.758865 1376584697000 85.0
62.616319 29.758968 1376584698000 86.0
62.616326 29.759069 1376584701000 86.0
62.61633 29.759151 1376584702000 87.0
62.616331 29.759229 1376584705000 87.0
62.616334 29.759332 1376584707000 86.0
62.616336 29.759439 1376584709000 85.0
62.616335 29.759529 1376584711000 85.0
62.616334 29.759612 1376584713000 84.0
62.616329 29.759692 1376584715000 84.0
62.616324 29.759778 1376584717000 84.0
62.616319 29.759862 1376584719000 85.0
62.616313 29.759941 1376584721000 84.0
62.616313 29.759989 1376584723000 85.0
62.616301 29.76004 1376584725000 86.0
62.616279 29.760124 1376584727000 86.0
62.616257 29.76023 1376584729000 87.0
62.616239 29.760341 1376584731000 87.0
62.616225 29.760457 1376584732000 87.0
62.61622 29.760568 1376584735000 88.0
62.616223 29.76069 1376584737000 88.0
62.616227 29.760811 1376584739000 93.0
62.616221 29.760935 1376584741000 94.0
62.616206 29.761049 1376584743000 93.0
62.616185 29.761156 1376584745000 93.0
62.616179 29.761249 1376584747000 92.0
62.616173 29.761343 1376584749000 92.0
62.616155 29.761447 1376584751000 93.0
62.616124 29.761555 1376584753000 94.0
62.616081 29.761631 1376584755000 91.0
62.616033 29.761686 1376584757000 90.0
62.615991 29.761722 1376584759000 89.0
62.615958 29.76176 1376584761000 89.0
62.615937 29.761785 1376584763000 89.0
62.615922 29.76185 1376584764000 94.0
62.615899 29.76192 1376584766000 94.0
62.615869 29.761967 1376584769000 95.0
62.615844 29.762 1376584771000 95.0
62.615812 29.762021 1376584772000 95.0
62.615781 29.76203 1376584775000 95.0
62.615746 29.762029 1376584776000 95.0
62.615707 29.762002 1376584779000 94.0
62.615665 29.76197 1376584781000 94.0
62.61561 29.761946 1376584783000 93.0
62.61555 29.76192 1376584785000 92.0
62.615503 29.761915 1376584787000 92.0
62.615452 29.761925 1376584789000 90.0
62.615398 29.761921 1376584790000 89.0
62.615348 29.761915 1376584792000 89.0
62.615308 29.761917 1376584795000 88.0
62.615273 29.761916 1376584796000 88.0
62.615239 29.76193 1376584799000 88.0
62.615205 29.76195 1376584800000 87.0
62.615176 29.761946 1376584803000 87.0
62.615141 29.761942 1376584805000 88.0
62.615098 29.761975 1376584806000 88.0
62.615061 29.761991 1376584809000 88.0
62.615019 29.76198 1376584811000 88.0
62.614969 29.761966 1376584813000 88.0
62.61493 29.76197 1376584815000 89.0
62.614883 29.761983 1376584816000 90.0
62.614838 29.761998 1376584819000 89.0
62.614793 29.762014 1376584821000 89.0
62.614751 29.762027 1376584823000 89.0
62.614718 29.762006 1376584824000 88.0
62.614694 29.761979 1376584827000 89.0
62.614667 29.761966 1376584829000 89.0
62.614636 29.761965 1376584831000 90.0
62.61462 29.761962 1376584833000 91.0
62.614603 29.761949 1376584835000 92.0
62.614567 29.761926 1376584837000 92.0
62.614523 29.761911 1376584838000 92.0
62.614483 29.761899 1376584840000 92.0
62.614449 29.761911 1376584843000 91.0
62.614413 29.761922 1376584845000 90.0
62.614381 29.761909 1376584847000 92.0
62.614352 29.761878 1376584848000 92.0
62.614322 29.761852 1376584850000 93.0
62.614288 29.761838 1376584852000 93.0
62.61426 29.761818 1376584855000 92.0
62.614226 29.761817 1376584856000 92.0
62.614192 29.761815 1376584859000 92.0
62.614155 29.761826 1376584860000 90.0
62.614118 29.76185 1376584863000 89.0
62.614088 29.761866 1376584865000 88.0
62.614078 29.761869 1376584867000 87.0
62.614078 29.761869 1376584869000 86.0
62.614078 29.761869 1376584871000 86.0
62.614078 29.761869 1376584872000 85.0
62.61403 29.761865 1376584875000 84.0
62.614008 29.76185 1376584876000 83.0
62.613998 29.761816 1376584878000 81.0
62.614003 29.761757 1376584880000 82.0
62.614011 29.761705 1376584882000 80.0
62.614026 29.761636 1376584884000 80.0
62.614014 29.761627 1376584886000 82.0
62.613986 29.761624 1376584889000 82.0
62.613955 29.761612 1376584891000 81.0
62.613911 29.761595 1376584892000 82.0
62.613866 29.761587 1376584895000 82.0
62.613826 29.761576 1376584896000 82.0
62.613781 29.761561 1376584898000 82.0
62.613736 29.761532 1376584900000 82.0
62.613683 29.761489 1376584902000 82.0
62.613622 29.76144 1376584904000 82.0
62.61357 29.761406 1376584907000 82.0
62.61352 29.761349 1376584908000 83.0
62.613476 29.761273 1376584911000 84.0
62.613426 29.761197 1376584913000 83.0
62.613367 29.761165 1376584914000 83.0
62.613307 29.76116 1376584916000 83.0
62.613256 29.761162 1376584919000 83.0
62.613206 29.761167 1376584921000 83.0
62.613162 29.761166 1376584923000 83.0
62.613118 29.761171 1376584925000 82.0
62.613079 29.761178 1376584926000 83.0
62.613031 29.761188 1376584929000 83.0
62.612976 29.761189 1376584931000 82.0
62.612926 29.761171 1376584933000 81.0
62.61288 29.761166 1376584935000 81.0
62.612841 29.761162 1376584937000 80.0
62.612811 29.761157 1376584939000 80.0
62.612782 29.761155 1376584940000 79.0
62.612747 29.761157 1376584943000 78.0
62.612713 29.761155 1376584945000 78.0
62.612674 29.761142 1376584947000 79.0
62.612636 29.761131 1376584948000 79.0
62.612601 29.761119 1376584951000 79.0
62.61256 29.761122 1376584953000 79.0
62.612525 29.761126 1376584955000 80.0
62.612496 29.761121 1376584956000 81.0
62.612468 29.76111 1376584959000 80.0
62.612435 29.761088 1376584961000 79.0
62.612396 29.761064 1376584963000 80.0
62.612357 29.761035 1376584965000 81.0
62.612326 29.760998 1376584966000 81.0
62.612297 29.760956 1376584969000 81.0
62.612258 29.760917 1376584970000 80.0
62.612223 29.760887 1376584972000 79.0
62.612196 29.760846 1376584974000 80.0
62.612169 29.760798 1376584977000 79.0
62.612148 29.760745 1376584978000 80.0
62.612133 29.760669 1376584980000 80.0
62.612137 29.760587 1376584983000 80.0
62.612137 29.760523 1376584985000 80.0
62.612123 29.760466 1376584986000 79.0
62.612109 29.760394 1376584988000 79.0
62.6121 29.760304 1376584990000 80.0
62.612089 29.760229 1376584993000 80.0
62.612073 29.760167 1376584995000 80.0
62.612057 29.760106 1376584997000 80.0
62.612048 29.760042 1376584999000 80.0
62.612044 29.759971 1376585000000 79.0
62.612044 29.759896 1376585002000 79.0
62.612052 29.759813 1376585004000 80.0
62.612052 29.759728 1376585006000 80.0
62.612042 29.759639 1376585008000 80.0
62.612018 29.759549 1376585011000 80.0
62.611977 29.759453 1376585013000 82.0
62.611948 29.759399 1376585015000 82.0
62.611946 29.759377 1376585017000 84.0
62.611959 29.759377 1376585018000 85.0
62.611988 29.75937 1376585021000 85.0
62.612025 29.759356 1376585023000 85.0
62.612069 29.759244 1376585025000 90.0
62.612086 29.759175 1376585027000 90.0
62.612106 29.759154 1376585029000 87.0
62.612141 29.759161 1376585030000 85.0
62.61218 29.759158 1376585032000 84.0
62.612223 29.759135 1376585035000 84.0
62.612274 29.75911 1376585036000 85.0
62.612341 29.759081 1376585038000 87.0
62.612389 29.759055 1376585041000 87.0
62.612428 29.759034 1376585043000 87.0
62.612468 29.758995 1376585045000 87.0
62.612509 29.758965 1376585047000 87.0
62.612554 29.758941 1376585049000 87.0
62.612598 29.758915 1376585051000 88.0
62.612637 29.75889 1376585053000 88.0
62.612678 29.758866 1376585054000 88.0
62.612737 29.75884 1376585056000 87.0
62.612788 29.758841 1376585058000 88.0
62.612823 29.758848 1376585060000 87.0
62.612856 29.758835 1376585063000 87.0
62.612882 29.758828 1376585065000 85.0
62.612897 29.7588 1376585067000 86.0
62.612926 29.758742 1376585069000 86.0
62.612962 29.758709 1376585070000 86.0
62.613004 29.758687 1376585073000 87.0
62.613047 29.758675 1376585075000 85.0
62.613095 29.758665 1376585076000 86.0
62.613133 29.758671 1376585078000 86.0
62.613166 29.758692 1376585081000 87.0
62.613215 29.758679 1376585083000 84.0
62.613264 29.758637 1376585085000 85.0
62.613305 29.758602 1376585087000 85.0
62.613335 29.758575 1376585088000 86.0
62.613359 29.758527 1376585090000 84.0
62.613379 29.758492 1376585092000 84.0
62.613401 29.75847 1376585094000 83.0
62.613418 29.75844 1376585096000 83.0
62.613434 29.758418 1376585099000 83.0
62.613468 29.758404 1376585101000 84.0
62.61349 29.758389 1376585103000 85.0
62.613494 29.758356 1376585105000 85.0
62.613519 29.758309 1376585107000 85.0
62.613566 29.758251 1376585108000 86.0
62.613607 29.758208 1376585111000 85.0
62.613643 29.758166 1376585113000 85.0
62.613683 29.758137 1376585115000 86.0
62.613728 29.758151 1376585116000 86.0
62.613788 29.758169 1376585118000 87.0
62.61385 29.758172 1376585120000 86.0
62.613905 29.758159 1376585123000 85.0
62.613948 29.758136 1376585124000 85.0
62.613995 29.758114 1376585126000 85.0
62.614041 29.758098 1376585129000 86.0
62.61408 29.75808 1376585131000 86.0
62.614121 29.758057 1376585132000 86.0
62.614174 29.758055 1376585135000 87.0
62.614227 29.75805 1376585136000 86.0
62.614265 29.758031 1376585139000 85.0
62.614288 29.758013 1376585141000 86.0
62.614304 29.757998 1376585143000 85.0
62.61432 29.757983 1376585145000 88.0
62.614335 29.75797 1376585146000 88.0
62.614343 29.757955 1376585148000 88.0
62.614343 29.757917 1376585150000 88.0
62.614357 29.757894 1376585152000 88.0
62.614388 29.757877 1376585154000 90.0
62.614431 29.757853 1376585156000 90.0
62.614499 29.757818 1376585159000 90.0
62.614594 29.757814 1376585160000 91.0
62.614666 29.757853 1376585162000 90.0
62.614739 29.757875 1376585165000 90.0
62.6148 29.757885 1376585166000 91.0
62.614849 29.757888 1376585169000 91.0
62.614873 29.757883 1376585171000 88.0
62.614879 29.757873 1376585173000 88.0
62.614893 29.757844 1376585175000 88.0
62.61492 29.757816 1376585176000 89.0
62.614948 29.757801 1376585178000 87.0
62.614977 29.757801 1376585180000 86.0
62.615011 29.757795 1376585182000 86.0
62.61505 29.757784 1376585184000 85.0
62.615094 29.757772 1376585186000 83.0
62.615134 29.757747 1376585189000 83.0
62.615166 29.757706 1376585191000 83.0
62.615192 29.757705 1376585192000 82.0
62.615213 29.757713 1376585195000 81.0
62.615221 29.757717 1376585196000 82.0
62.615244 29.757707 1376585198000 82.0
62.615273 29.757693 1376585200000 82.0
62.615294 29.757698 1376585203000 81.0
62.615314 29.757702 1376585205000 81.0
62.615341 29.757703 1376585207000 81.0
62.615386 29.757681 1376585208000 80.0
62.615458 29.757609 1376585210000 80.0
62.615547 29.757567 1376585212000 79.0
62.615602 29.757548 1376585214000 79.0
62.615648 29.75754 1376585217000 78.0
62.615677 29.757571 1376585218000 79.0
62.615712 29.757595 1376585221000 84.0
62.615745 29.757613 1376585223000 85.0
62.615782 29.757646 1376585225000 85.0
62.615813 29.757669 1376585226000 85.0
62.61585 29.757699 1376585228000 85.0
62.615892 29.757726 1376585230000 86.0
62.61594 29.75774 1376585233000 86.0
62.615991 29.757763 1376585234000 85.0
62.616038 29.75778 1376585236000 84.0
62.616074 29.757789 1376585239000 83.0
62.616102 29.757791 1376585241000 83.0
62.616122 29.757788 1376585242000 82.0
62.616152 29.75777 1376585244000 82.0
62.616193 29.757759 1376585246000 82.0
62.616239 29.757749 1376585249000 82.0
62.616283 29.757744 1376585251000 82.0
62.616304 29.757778 1376585252000 83.0
62.616299 29.757851 1376585255000 83.0
62.616288 29.757949 1376585256000 82.0
62.616284 29.758039 1376585258000 82.0
62.616284 29.758097 1376585260000 82.0
62.616282 29.75814 1376585263000 83.0
62.616278 29.758203 1376585265000 79.0
62.616275 29.758272 1376585267000 78.0
62.616279 29.758374 1376585269000 76.0
62.616281 29.75849 1376585270000 76.0
62.616283 29.758591 1376585273000 76.0
62.616281 29.758682 1376585275000 76.0
62.616273 29.75876 1376585276000 76.0
62.616259 29.758832 1376585278000 75.0
62.616251 29.758906 1376585281000 75.0
62.616258 29.758967 1376585283000 76.0
62.616267 29.759024 1376585285000 77.0
62.616278 29.759103 1376585287000 77.0
62.616281 29.759188 1376585288000 77.0
62.61628 29.759244 1376585290000 74.0
62.616287 29.759289 1376585292000 74.0
62.61629 29.759345 1376585294000 73.0
62.616285 29.75942 1376585297000 70.0
62.616272 29.75951 1376585298000 68.0
62.616263 29.759616 1376585300000 61.0
62.616264 29.759733 1376585303000 61.0
62.616265 29.759825 1376585305000 59.0
62.616266 29.759907 1376585306000 58.0
62.616268 29.759989 1376585309000 60.0
62.616265 29.760069 1376585310000 61.0
62.616249 29.760146 1376585313000 61.0
62.616245 29.760223 1376585315000 64.0
62.616257 29.760299 1376585317000 75.0
62.616294 29.760375 1376585318000 75.0
62.616293 29.76045 1376585321000 74.0
62.616271 29.760512 1376585322000 75.0
62.616239 29.760562 1376585324000 74.0
62.616208 29.760636 1376585326000 74.0
62.616191 29.760724 1376585329000 74.0
62.616177 29.760822 1376585330000 74.0
62.616164 29.760928 1376585332000 74.0
62.616144 29.761022 1376585334000 76.0
62.616122 29.761104 1376585336000 77.0
62.616102 29.761195 1376585339000 76.0
62.616088 29.761284 1376585341000 77.0
62.616075 29.761353 1376585342000 77.0
62.616069 29.761412 1376585345000 80.0
62.616065 29.761466 1376585346000 80.0
62.616054 29.761538 1376585349000 82.0
62.61604 29.761625 1376585351000 81.0
62.616013 29.761695 1376585353000 80.0
62.615973 29.761761 1376585354000 80.0
62.615932 29.761828 1376585356000 80.0
62.61589 29.761874 1376585359000 80.0
62.615854 29.761906 1376585361000 80.0
62.61583 29.76192 1376585362000 80.0
62.615802 29.761931 1376585364000 80.0
62.615771 29.761952 1376585366000 79.0
62.615737 29.761974 1376585369000 79.0
62.615706 29.761989 1376585371000 80.0
62.615679 29.762004 1376585372000 79.0
62.615647 29.762016 1376585375000 79.0
62.615604 29.762014 1376585376000 78.0
62.615561 29.762006 1376585378000 79.0
62.615519 29.762014 1376585381000 80.0
62.615475 29.762031 1376585383000 80.0
62.615437 29.762044 1376585385000 80.0
62.615401 29.762044 1376585387000 80.0
62.615361 29.762011 1376585389000 80.0
62.615328 29.761947 1376585390000 80.0
62.615323 29.761893 1376585392000 79.0
62.615317 29.761872 1376585394000 79.0
62.615307 29.761886 1376585396000 79.0
62.615281 29.761939 1376585399000 78.0
62.615241 29.761975 1376585400000 78.0
62.615196 29.76198 1376585403000 79.0
62.615152 29.761979 1376585405000 79.0
62.615118 29.76198 1376585407000 79.0
62.615101 29.762007 1376585408000 80.0
62.615087 29.761959 1376585411000 80.0
62.615068 29.761888 1376585412000 80.0
62.615033 29.761854 1376585415000 80.0
62.614982 29.76183 1376585416000 80.0
62.614933 29.761824 1376585418000 80.0
62.614894 29.761816 1376585420000 81.0
62.614855 29.761822 1376585422000 81.0
62.614808 29.76183 1376585424000 79.0
62.614757 29.76183 1376585426000 78.0
62.614705 29.761853 1376585428000 79.0
62.614662 29.761889 1376585431000 80.0
62.614593 29.761932 1376585432000 80.0
62.614527 29.761974 1376585435000 81.0
62.61447 29.761991 1376585436000 80.0
62.614417 29.76199 1376585438000 80.0
62.614369 29.761971 1376585441000 81.0
62.614323 29.761945 1376585442000 81.0
62.614283 29.761917 1376585444000 88.0
62.614246 29.76189 1376585447000 88.0
62.614202 29.761878 1376585448000 88.0
62.614154 29.761897 1376585451000 87.0
62.614109 29.76188 1376585452000 86.0
62.61408 29.761842 1376585455000 86.0
62.614048 29.761798 1376585457000 86.0
62.613997 29.761761 1376585458000 85.0
62.613956 29.761762 1376585461000 85.0
62.613914 29.761761 1376585463000 85.0
62.613866 29.76175 1376585465000 84.0
62.613837 29.761717 1376585466000 83.0
62.613824 29.761671 1376585468000 82.0
62.613831 29.761622 1376585471000 82.0
62.613831 29.761596 1376585473000 82.0
62.613813 29.761573 1376585475000 81.0
62.613763 29.761535 1376585476000 81.0
62.613712 29.761501 1376585478000 81.0
62.613673 29.761484 1376585480000 82.0
62.613648 29.761487 1376585482000 83.0
62.613632 29.761489 1376585485000 83.0
62.613617 29.761481 1376585487000 83.0
62.6136 29.761458 1376585488000 83.0
62.613579 29.76142 1376585490000 82.0
62.613563 29.761376 1376585493000 81.0
62.613541 29.761354 1376585495000 79.0
62.613508 29.761335 1376585497000 78.0
62.613478 29.761306 1376585499000 78.0
62.613442 29.761261 1376585500000 79.0
62.613402 29.761186 1376585503000 79.0
62.613345 29.76112 1376585505000 78.0
62.613312 29.761076 1376585506000 78.0
62.613282 29.761027 1376585508000 77.0
62.613256 29.76098 1376585510000 76.0
62.613215 29.760969 1376585512000 76.0
62.613174 29.760993 1376585515000 76.0
62.613142 29.76104 1376585516000 74.0
62.61311 29.761081 1376585518000 75.0
62.613068 29.761093 1376585520000 76.0
62.613016 29.761095 1376585522000 76.0
62.612941 29.76109 1376585525000 76.0
62.612877 29.761093 1376585527000 77.0
62.612828 29.761108 1376585529000 77.0
62.612774 29.761154 1376585531000 78.0
62.612733 29.761175 1376585533000 77.0
62.612697 29.761186 1376585534000 76.0
62.612658 29.76119 1376585537000 76.0
62.612622 29.761199 1376585538000 77.0
62.612581 29.761176 1376585540000 77.0
62.612548 29.761151 1376585543000 76.0
62.612523 29.761147 1376585545000 76.0
62.612486 29.76116 1376585547000 75.0
62.612447 29.761152 1376585549000 76.0
62.612413 29.761136 1376585551000 75.0
62.61238 29.761146 1376585553000 74.0
62.612365 29.761143 1376585555000 73.0
62.612354 29.761114 1376585557000 73.0
62.612335 29.761076 1376585559000 73.0
62.612305 29.761037 1376585561000 72.0
62.612284 29.760996 1376585563000 72.0
62.612256 29.760978 1376585565000 73.0
62.612233 29.760922 1376585567000 73.0
62.612222 29.760861 1376585569000 73.0
62.612204 29.760758 1376585571000 70.0
62.612174 29.760664 1376585573000 69.0
62.612151 29.760573 1376585575000 69.0
62.612133 29.760486 1376585576000 70.0
62.612111 29.760411 1376585578000 70.0
62.612096 29.760338 1376585581000 69.0
62.612085 29.760267 1376585583000 70.0
62.612063 29.76021 1376585585000 69.0
62.612023 29.760138 1376585587000 68.0
62.611983 29.760051 1376585589000 67.0
62.611944 29.759964 1376585590000 67.0
62.611945 29.759855 1376585593000 67.0
62.611951 29.759783 1376585594000 66.0
62.611954 29.759737 1376585596000 66.0
62.611938 29.759668 1376585598000 65.0
62.611924 29.759584 1376585601000 64.0
62.611907 29.759496 1376585602000 64.0
62.611898 29.759403 1376585604000 64.0
62.611905 29.759339 1376585606000 64.0
62.611909 29.759305 1376585609000 65.0
62.6119 29.759283 1376585610000 65.0
62.611916 29.759246 1376585612000 66.0
62.611941 29.759197 1376585615000 66.0
62.611971 29.759171 1376585617000 66.0
62.612015 29.759182 1376585618000 67.0
62.612075 29.759193 1376585620000 67.0
62.612153 29.759196 1376585623000 67.0
62.612235 29.759187 1376585625000 68.0
62.612294 29.759168 1376585627000 69.0
62.612336 29.759119 1376585629000 69.0
62.612374 29.759063 1376585630000 68.0
62.612407 29.759017 1376585633000 69.0
62.612452 29.758974 1376585635000 70.0
62.61249 29.758949 1376585636000 70.0
62.612515 29.758929 1376585639000 69.0
62.612547 29.758907 1376585640000 69.0
62.612577 29.758881 1376585643000 70.0
62.612606 29.758845 1376585645000 70.0
62.612632 29.75882 1376585647000 70.0
62.612661 29.758797 1376585648000 70.0
62.612693 29.758769 1376585651000 70.0
62.612713 29.758768 1376585652000 71.0
62.612739 29.758787 1376585654000 72.0
62.612783 29.758799 1376585657000 73.0
62.612828 29.758779 1376585659000 73.0
62.612863 29.758764 1376585660000 76.0
62.612889 29.758754 1376585662000 79.0
62.612913 29.758753 1376585665000 79.0
62.612935 29.758759 1376585667000 78.0
62.61296 29.758764 1376585669000 80.0
62.612986 29.75875 1376585671000 82.0
62.61302 29.758724 1376585673000 84.0
62.613053 29.758713 1376585675000 86.0
62.613086 29.758732 1376585676000 85.0
62.613126 29.758741 1376585678000 85.0
62.613168 29.758732 1376585681000 85.0
62.613212 29.758709 1376585682000 84.0
62.613252 29.758676 1376585684000 84.0
62.613284 29.758647 1376585686000 83.0
62.613318 29.758614 1376585688000 84.0
62.61334 29.758568 1376585690000 83.0
62.613354 29.758514 1376585692000 83.0
62.613375 29.758475 1376585694000 83.0
62.613405 29.758428 1376585696000 83.0
62.613423 29.758379 1376585698000 84.0
62.613451 29.758343 1376585701000 83.0
62.613483 29.758325 1376585703000 81.0
62.613524 29.758297 1376585705000 81.0
62.613566 29.758277 1376585707000 81.0
62.613617 29.758249 1376585709000 80.0
62.613666 29.758219 1376585710000 81.0
62.613719 29.758189 1376585712000 81.0
62.613769 29.758175 1376585715000 82.0
62.613813 29.758174 1376585717000 82.0
62.613844 29.758166 1376585718000 82.0
62.613877 29.758144 1376585720000 81.0
62.613903 29.758134 1376585722000 81.0
62.613922 29.758155 1376585724000 82.0
62.613944 29.758167 1376585727000 82.0
62.613976 29.758148 1376585728000 84.0
62.614028 29.758107 1376585731000 84.0
62.61407 29.758091 1376585732000 83.0
62.614098 29.758083 1376585735000 83.0
62.614106 29.758104 1376585737000 83.0
62.614099 29.758119 1376585738000 83.0
62.614096 29.758107 1376585740000 83.0
62.61411 29.758081 1376585742000 82.0
62.614135 29.758052 1376585745000 82.0
62.614144 29.75804 1376585746000 81.0
62.614159 29.758045 1376585749000 82.0
62.61419 29.758031 1376585751000 82.0
62.614234 29.757986 1376585752000 81.0
62.614299 29.757897 1376585754000 80.0
62.614367 29.757825 1376585756000 81.0
62.614434 29.75777 1376585758000 81.0
62.614492 29.75771 1376585761000 81.0
62.614535 29.75767 1376585762000 81.0
62.614571 29.757644 1376585765000 81.0
62.614606 29.757631 1376585767000 81.0
62.614637 29.757634 1376585769000 81.0
62.614666 29.75766 1376585771000 82.0
62.614694 29.757688 1376585772000 82.0
62.614726 29.757719 1376585775000 83.0
62.614774 29.757717 1376585776000 84.0
62.61482 29.757699 1376585778000 84.0
62.614853 29.757665 1376585780000 83.0
62.61487 29.757623 1376585782000 83.0
62.614891 29.757552 1376585784000 82.0
62.614922 29.757462 1376585786000 81.0
62.614956 29.757359 1376585789000 80.0
62.614977 29.75727 1376585791000 79.0
62.615002 29.757203 1376585793000 79.0
62.615021 29.757131 1376585795000 79.0
62.615045 29.757054 1376585797000 79.0
62.61507 29.756966 1376585799000 79.0
62.615091 29.756866 1376585800000 78.0
62.615111 29.75679 1376585803000 77.0
62.615124 29.756744 1376585804000 78.0
62.61512 29.756677 1376585806000 79.0
62.615114 29.756573 1376585809000 78.0
62.615094 29.756451 1376585810000 78.0
62.615061 29.756344 1376585813000 78.0
62.615063 29.756253 1376585814000 78.0
62.615074 29.756169 1376585816000 78.0
62.6151 29.756095 1376585818000 79.0
62.615115 29.756014 1376585820000 78.0
62.615114 29.755917 1376585823000 78.0
62.615102 29.755818 1376585825000 78.0
62.615085 29.755718 1376585826000 77.0
62.615056 29.755618 1376585828000 78.0
62.615024 29.755539 1376585830000 78.0
62.614995 29.755461 1376585832000 78.0
62.614977 29.755373 1376585835000 77.0
62.614955 29.755287 1376585836000 77.0
62.614943 29.755213 1376585839000 78.0
62.614937 29.755119 1376585840000 79.0
62.614927 29.755031 1376585842000 78.0
62.614923 29.754923 1376585845000 76.0
62.614921 29.754825 1376585847000 76.0
62.614921 29.754711 1376585848000 75.0
62.614922 29.754608 1376585850000 75.0
62.614927 29.754505 1376585853000 74.0
62.614936 29.754432 1376585855000 74.0
62.614943 29.754359 1376585857000 73.0
62.61495 29.754278 1376585858000 73.0
62.614934 29.754213 1376585860000 73.0
62.614903 29.754176 1376585863000 75.0
62.614856 29.754138 1376585865000 75.0
62.614817 29.754081 1376585867000 71.0
62.614791 29.754025 1376585868000 71.0
62.614771 29.753929 1376585870000 71.0
62.614757 29.753831 1376585873000 72.0
62.614737 29.753735 1376585874000 73.0
62.614715 29.753654 1376585876000 73.0
62.614686 29.753586 1376585878000 74.0
62.61466 29.753523 1376585880000 73.0
62.614646 29.753457 1376585882000 74.0
62.614643 29.753389 1376585885000 73.0
62.614647 29.753309 1376585887000 73.0
62.614635 29.753229 1376585889000 72.0
62.614631 29.753161 1376585890000 71.0
62.61463 29.753077 1376585892000 72.0
62.6146 29.752991 1376585895000 71.0
62.614567 29.752901 1376585896000 71.0
62.614546 29.752814 1376585899000 73.0
62.614552 29.752753 1376585900000 75.0
62.61457 29.752696 1376585902000 77.0
62.614597 29.752637 1376585904000 76.0
62.614636 29.752596 1376585906000 76.0
62.614669 29.752596 1376585909000 74.0
62.614715 29.752603 1376585911000 72.0
62.614759 29.752591 1376585913000 71.0
62.614797 29.752584 1376585915000 71.0
62.614834 29.752596 1376585916000 71.0
62.614864 29.752598 1376585918000 72.0
62.614901 29.752593 1376585920000 71.0
62.614939 29.752605 1376585923000 70.0
62.614981 29.752617 1376585925000 70.0
62.61502 29.752613 1376585927000 71.0
62.615069 29.752599 1376585929000 71.0
62.615116 29.752571 1376585930000 71.0
62.615152 29.752556 1376585932000 70.0
62.615182 29.752537 1376585934000 71.0
62.615209 29.752546 1376585937000 71.0
62.615233 29.752581 1376585939000 72.0
62.615252 29.752614 1376585941000 73.0
62.615271 29.752633 1376585942000 73.0
62.615291 29.752655 1376585945000 73.0
62.615304 29.7527 1376585947000 72.0
62.615324 29.75275 1376585949000 72.0
62.615352 29.752776 1376585951000 72.0
62.615386 29.752788 1376585952000 70.0
62.615408 29.752801 1376585955000 70.0
62.61543 29.752804 1376585956000 68.0
62.615466 29.752785 1376585959000 66.0
62.615504 29.752772 1376585960000 67.0
62.615537 29.752742 1376585963000 67.0
62.615567 29.752701 1376585965000 67.0
62.615615 29.752661 1376585967000 66.0
62.615664 29.75264 1376585969000 66.0
62.615729 29.752624 1376585971000 64.0
62.615779 29.752606 1376585973000 65.0
62.615828 29.752556 1376585975000 66.0
62.615874 29.752479 1376585976000 67.0
62.615908 29.752388 1376585978000 68.0
62.615931 29.752297 1376585981000 67.0
62.615943 29.752201 1376585983000 67.0
62.615959 29.752118 1376585984000 64.0
62.615972 29.752027 1376585986000 63.0
62.615972 29.751936 1376585988000 63.0
62.615968 29.751846 1376585990000 63.0
62.615963 29.751755 1376585993000 65.0
62.615951 29.751667 1376585994000 67.0
62.615933 29.751583 1376585997000 67.0
62.615926 29.751494 1376585999000 65.0
62.615923 29.751407 1376586001000 65.0
62.615934 29.751317 1376586003000 65.0
62.615943 29.751231 1376586005000 64.0
62.615953 29.751151 1376586007000 65.0
62.615966 29.751046 1376586009000 65.0
62.61598 29.750948 1376586011000 65.0
62.615991 29.750848 1376586012000 64.0
62.615996 29.750757 1376586015000 64.0
62.616025 29.750664 1376586017000 63.0
62.616062 29.750573 1376586018000 63.0
62.616092 29.750463 1376586021000 63.0
62.616094 29.750369 1376586022000 65.0
62.616076 29.750278 1376586025000 67.0
62.616051 29.750202 1376586027000 69.0
62.616028 29.750119 1376586029000 68.0
62.616001 29.750033 1376586031000 68.0
62.615966 29.74997 1376586033000 68.0
62.615937 29.749926 1376586035000 67.0
62.615917 29.749873 1376586036000 67.0
62.615901 29.749798 1376586039000 67.0
62.615894 29.749718 1376586040000 66.0
62.615894 29.749643 1376586043000 67.0
62.615896 29.749582 1376586045000 68.0
62.615894 29.749506 1376586047000 68.0
62.615893 29.749412 1376586049000 68.0
62.615878 29.749309 1376586050000 68.0
62.61585 29.74921 1376586053000 68.0
62.615827 29.749142 1376586055000 68.0
62.615798 29.749086 1376586056000 69.0
62.61578 29.74904 1376586059000 68.0
62.615762 29.748993 1376586061000 69.0
62.615744 29.748925 1376586062000 67.0
62.61572 29.748836 1376586065000 66.0
62.615694 29.748762 1376586067000 66.0
62.615667 29.7487 1376586069000 66.0
62.61563 29.748666 1376586071000 65.0
62.615619 29.748594 1376586072000 67.0
62.615608 29.748533 1376586074000 66.0
62.615594 29.748473 1376586076000 66.0
62.615581 29.74842 1376586078000 66.0
62.615573 29.748357 1376586081000 66.0
62.615566 29.748304 1376586082000 66.0
62.615557 29.748259 1376586084000 66.0
62.615552 29.748219 1376586086000 66.0
62.615547 29.748169 1376586089000 66.0
62.615547 29.748114 1376586091000 65.0
62.615546 29.748038 1376586093000 65.0
62.615557 29.747957 1376586095000 65.0
62.615565 29.747883 1376586096000 65.0
62.615564 29.747813 1376586099000 67.0
62.615563 29.747736 1376586101000 67.0
62.615563 29.747627 1376586103000 67.0
62.615539 29.747577 1376586104000 67.0
62.615519 29.747524 1376586106000 67.0
62.615513 29.747459 1376586108000 67.0
62.615517 29.747383 1376586110000 67.0
62.615517 29.74731 1376586112000 66.0
62.615522 29.747238 1376586115000 66.0
62.615528 29.747159 1376586117000 67.0
62.615529 29.747079 1376586119000 68.0
62.615518 29.746982 1376586121000 68.0
62.6155 29.746876 1376586123000 68.0
62.61549 29.746782 1376586125000 68.0
62.615488 29.746695 1376586126000 68.0
62.615492 29.746608 1376586129000 68.0
62.615496 29.746525 1376586131000 70.0
62.615494 29.746436 1376586132000 71.0
62.615475 29.746369 1376586134000 72.0
62.615456 29.746327 1376586136000 73.0
62.61544 29.746262 1376586139000 74.0
62.615429 29.746172 1376586141000 75.0
62.615427 29.746072 1376586143000 76.0
62.615424 29.745975 1376586144000 77.0
62.615426 29.745888 1376586147000 77.0
62.615427 29.745783 1376586149000 77.0
62.615425 29.74568 1376586151000 78.0
62.615416 29.745534 1376586152000 80.0
62.615398 29.745476 1376586154000 81.0
62.615383 29.74543 1376586157000 80.0
62.615367 29.745353 1376586159000 79.0
62.615358 29.745271 1376586161000 78.0
62.61536 29.745194 1376586163000 79.0
62.615359 29.745124 1376586165000 80.0
62.615358 29.745059 1376586167000 79.0
62.615356 29.745001 1376586169000 79.0
62.615357 29.744975 1376586170000 80.0
62.61536 29.744956 1376586172000 79.0
62.61536 29.744919 1376586174000 80.0
62.61535 29.744861 1376586176000 80.0
62.615336 29.744776 1376586178000 80.0
62.61532 29.744689 1376586181000 80.0
62.615308 29.744621 1376586183000 80.0
62.615303 29.744553 1376586184000 80.0
62.615294 29.744474 1376586187000 80.0
62.61528 29.744396 1376586189000 80.0
62.615272 29.744336 1376586191000 81.0
62.61526 29.744277 1376586193000 81.0
62.615253 29.744208 1376586195000 80.0
62.615255 29.744106 1376586196000 80.0
62.615268 29.744009 1376586198000 81.0
62.615274 29.743931 1376586200000 81.0
62.615276 29.743858 1376586203000 81.0
62.615279 29.743795 1376586205000 81.0
62.615288 29.74376 1376586206000 82.0
62.615296 29.743727 1376586208000 83.0
62.615307 29.743629 1376586211000 77.0
62.615314 29.743558 1376586212000 77.0
62.615313 29.743476 1376586215000 79.0
62.615307 29.743395 1376586217000 80.0
62.615299 29.743324 1376586219000 79.0
62.6153 29.743242 1376586221000 81.0
62.6153 29.743138 1376586223000 83.0
62.615299 29.743032 1376586225000 86.0
62.615295 29.743028 1376586227000 83.0
62.615286 29.743025 1376586229000 83.0
62.615275 29.743019 1376586231000 81.0
62.615259 29.743021 1376586233000 80.0
62.615243 29.743072 1376586235000 81.0
62.615225 29.743094 1376586237000 79.0
62.615188 29.743105 1376586239000 75.0