62.61502 29.74318 1376930200000 119.0
62.615021 29.743163 1376930201000 118.0
62.615037 29.743131 1376930203000 118.0
62.615066 29.743116 1376930205000 118.0
62.615116 29.743137 1376930207000 118.0
62.615169 29.743143 1376930210000 114.0
62.615207 29.743158 1376930211000 116.0
62.615245 29.743224 1376930213000 111.0
62.61529 29.743322 1376930215000 108.0
62.615323 29.743411 1376930217000 105.0
62.615333 29.743547 1376930219000 99.0
62.615325 29.743733 1376930221000 102.0
62.615337 29.743897 1376930223000 96.0
62.615353 29.744012 1376930225000 93.0
62.615381 29.744106 1376930227000 91.0
62.615415 29.744206 1376930229000 92.0
62.61544 29.744313 1376930231000 93.0
62.615461 29.744413 1376930234000 93.0
62.61548 29.744517 1376930236000 93.0
62.615488 29.744609 1376930238000 91.0
62.615492 29.744686 1376930240000 93.0
62.6155 29.744765 1376930242000 95.0
62.615504 29.744857 1376930244000 91.0
62.615507 29.744955 1376930246000 91.0
62.615515 29.745044 1376930248000 92.0
62.615517 29.745141 1376930250000 93.0
62.615511 29.745272 1376930252000 92.0
62.61551 29.745442 1376930253000 93.0
62.615531 29.745591 1376930256000 91.0
62.615561 29.745718 1376930258000 90.0
62.615586 29.745839 1376930260000 90.0
62.615606 29.745944 1376930261000 90.0
62.615614 29.746041 1376930263000 90.0
62.615622 29.746139 1376930265000 90.0
62.615638 29.746234 1376930267000 90.0
62.61565 29.746371 1376930269000 91.0
62.615662 29.746519 1376930271000 90.0
62.615669 29.746649 1376930273000 90.0
62.615673 29.74677 1376930276000 90.0
62.615653 29.746873 1376930278000 91.0
62.615633 29.746956 1376930280000 92.0
62.615619 29.747026 1376930281000 93.0
62.615611 29.747119 1376930283000 93.0
62.615617 29.747222 1376930286000 93.0
62.615618 29.747323 1376930288000 92.0
62.615619 29.747419 1376930289000 93.0
62.615609 29.747484 1376930291000 89.0
62.615615 29.74757 1376930293000 89.0
62.615629 29.747664 1376930296000 89.0
62.615641 29.74776 1376930298000 90.0
62.615643 29.74786 1376930300000 90.0
62.615643 29.747963 1376930301000 90.0
62.61565 29.748081 1376930303000 89.0
62.615662 29.74822 1376930306000 88.0
62.615672 29.748349 1376930308000 90.0
62.615672 29.748463 1376930310000 89.0
62.615666 29.748567 1376930312000 91.0
62.615659 29.748681 1376930314000 88.0
62.615656 29.748788 1376930316000 84.0
62.615666 29.748886 1376930318000 83.0
62.615674 29.748999 1376930320000 82.0
62.615701 29.749135 1376930322000 81.0
62.615744 29.749247 1376930323000 81.0
62.615792 29.749325 1376930326000 82.0
62.615842 29.749407 1376930328000 81.0
62.615871 29.749477 1376930329000 81.0
62.615902 29.749535 1376930332000 82.0
62.615927 29.749623 1376930334000 79.0
62.615946 29.749775 1376930335000 79.0
62.615959 29.749896 1376930338000 79.0
62.615962 29.750008 1376930339000 79.0
62.615963 29.750108 1376930341000 79.0
62.615968 29.750179 1376930343000 78.0
62.615975 29.750241 1376930346000 78.0
62.61597 29.750309 1376930347000 79.0
62.615963 29.7504 1376930350000 79.0
62.615955 29.750526 1376930352000 78.0
62.615973 29.750645 1376930354000 77.0
62.615981 29.75077 1376930355000 78.0
62.615971 29.750905 1376930357000 78.0
62.615976 29.751007 1376930359000 78.0
62.615991 29.751117 1376930361000 78.0
62.615979 29.751217 1376930363000 78.0
62.615962 29.751308 1376930365000 78.0
62.615965 29.751405 1376930367000 76.0
62.615976 29.751503 1376930370000 76.0
62.615996 29.751616 1376930372000 77.0
62.615994 29.751728 1376930374000 80.0
62.615989 29.751807 1376930376000 81.0
62.615988 29.751901 1376930377000 81.0
62.615995 29.752015 1376930379000 81.0
62.615995 29.752123 1376930381000 81.0
62.615999 29.752234 1376930383000 80.0
62.61601 29.75237 1376930385000 80.0
62.616013 29.75248 1376930387000 81.0
62.616015 29.752584 1376930389000 81.0
62.616023 29.752686 1376930391000 82.0
62.616035 29.752797 1376930393000 81.0
62.616039 29.752923 1376930395000 80.0
62.616042 29.753025 1376930397000 81.0
62.616044 29.753123 1376930399000 81.0
62.616035 29.753211 1376930402000 82.0
62.616025 29.753282 1376930403000 82.0
62.616028 29.75335 1376930405000 81.0
62.616046 29.753427 1376930407000 81.0
62.616058 29.753494 1376930409000 81.0
62.616065 29.753562 1376930411000 81.0
62.616075 29.753685 1376930413000 81.0
62.616077 29.753796 1376930416000 82.0
62.616079 29.753906 1376930418000 82.0
62.616087 29.754018 1376930420000 82.0
62.616117 29.754159 1376930421000 82.0
62.61614 29.754261 1376930423000 83.0
62.616153 29.754352 1376930425000 83.0
62.616177 29.754466 1376930428000 83.0
62.616178 29.754639 1376930429000 83.0
62.616174 29.754845 1376930431000 83.0
62.616174 29.754953 1376930434000 84.0
62.616174 29.755019 1376930436000 85.0
62.616185 29.75508 1376930438000 85.0
62.616208 29.75515 1376930440000 85.0
62.616234 29.755211 1376930441000 86.0
62.616247 29.755271 1376930443000 86.0
62.616263 29.755333 1376930445000 84.0
62.616284 29.755388 1376930447000 85.0
62.616302 29.755451 1376930450000 84.0
62.616316 29.755512 1376930452000 84.0
62.616316 29.75561 1376930453000 85.0
62.61633 29.755712 1376930455000 86.0
62.616344 29.7558 1376930458000 86.0
62.61636 29.755871 1376930460000 86.0
62.616374 29.75595 1376930462000 87.0
62.616382 29.756037 1376930464000 87.0
62.616385 29.756127 1376930466000 87.0
62.616381 29.756225 1376930467000 86.0
62.616372 29.756335 1376930470000 86.0
62.616369 29.756445 1376930471000 85.0
62.61637 29.75655 1376930474000 87.0
62.616361 29.756659 1376930475000 88.0
62.616347 29.756784 1376930477000 89.0
62.616345 29.75687 1376930479000 89.0
62.616354 29.756958 1376930482000 91.0
62.616358 29.757058 1376930484000 92.0
62.616357 29.757166 1376930485000 91.0
62.616354 29.757273 1376930488000 90.0
62.616348 29.757382 1376930490000 90.0
62.616337 29.757524 1376930492000 91.0
62.616319 29.757631 1376930494000 90.0
62.61632 29.757695 1376930495000 90.0
62.616352 29.757744 1376930497000 89.0
62.616382 29.757809 1376930500000 90.0
62.616399 29.757897 1376930501000 89.0
62.616402 29.758017 1376930503000 88.0
62.616398 29.758132 1376930505000 88.0
62.616393 29.758229 1376930507000 89.0
62.616395 29.758333 1376930510000 88.0
62.6164 29.758447 1376930512000 90.0
62.616397 29.758573 1376930513000 90.0
62.616391 29.758693 1376930515000 91.0
62.616392 29.7588 1376930517000 91.0
62.616399 29.758914 1376930520000 90.0
62.616408 29.759011 1376930522000 90.0
62.616423 29.759117 1376930523000 89.0
62.616428 29.759227 1376930526000 90.0
62.616435 29.75934 1376930528000 89.0
62.616463 29.759473 1376930530000 88.0
62.616494 29.759593 1376930532000 89.0
62.616504 29.759682 1376930534000 90.0
62.6165 29.759759 1376930535000 90.0
62.616476 29.759825 1376930537000 91.0
62.616452 29.759898 1376930540000 91.0
62.61644 29.759987 1376930542000 92.0
62.616431 29.760073 1376930543000 91.0
62.616423 29.760133 1376930545000 92.0
62.616409 29.760196 1376930547000 91.0
62.616399 29.760255 1376930549000 92.0
62.616382 29.760352 1376930551000 93.0
62.616362 29.760465 1376930554000 93.0
62.616342 29.760563 1376930555000 94.0
62.616327 29.760658 1376930557000 94.0
62.616309 29.760741 1376930560000 95.0
62.616293 29.760815 1376930562000 96.0
62.616274 29.760879 1376930564000 96.0
62.616259 29.760936 1376930565000 95.0
62.616242 29.760976 1376930568000 94.0
62.616239 29.761 1376930569000 93.0
62.616233 29.76109 1376930571000 93.0
62.616224 29.76118 1376930574000 95.0
62.61621 29.761271 1376930576000 95.0
62.616198 29.761371 1376930578000 96.0
62.616182 29.761478 1376930580000 96.0
62.616162 29.761578 1376930581000 98.0
62.616138 29.761648 1376930584000 100.0
62.61611 29.761708 1376930586000 99.0
62.616077 29.761763 1376930588000 101.0
62.616039 29.761797 1376930590000 102.0
62.615992 29.761832 1376930591000 101.0
62.615958 29.761838 1376930593000 102.0
62.615929 29.761835 1376930595000 103.0
62.615903 29.761882 1376930598000 102.0
62.615886 29.761957 1376930600000 102.0
62.615853 29.761993 1376930601000 101.0
62.615805 29.762024 1376930603000 101.0
62.615764 29.762063 1376930605000 101.0
62.615733 29.76209 1376930607000 100.0
62.61569 29.76206 1376930609000 99.0
62.61564 29.762013 1376930611000 99.0
62.615603 29.762018 1376930614000 99.0
62.615567 29.762049 1376930615000 99.0
62.615523 29.762046 1376930618000 99.0
62.615471 29.761997 1376930620000 100.0
62.615421 29.761933 1376930621000 100.0
62.615377 29.761926 1376930623000 100.0
62.615334 29.761942 1376930625000 100.0
62.615281 29.761965 1376930628000 100.0
62.615233 29.761999 1376930630000 99.0
62.6152 29.762025 1376930632000 100.0
62.615177 29.762016 1376930633000 101.0
62.615145 29.762008 1376930636000 100.0
62.615111 29.762011 1376930638000 100.0
62.615082 29.761991 1376930640000 100.0
62.615046 29.761953 1376930642000 100.0
62.615012 29.761936 1376930643000 99.0
62.614971 29.76195 1376930646000 99.0
62.614932 29.761965 1376930648000 98.0
62.614897 29.761975 1376930650000 98.0
62.614865 29.761974 1376930651000 99.0
62.614831 29.761975 1376930653000 98.0
62.614791 29.76197 1376930655000 98.0
62.614752 29.761976 1376930657000 98.0
62.614709 29.761992 1376930660000 98.0
62.614667 29.762012 1376930661000 98.0
62.614627 29.762024 1376930663000 98.0
62.614585 29.762027 1376930666000 98.0
62.614536 29.762027 1376930667000 98.0
62.614488 29.762028 1376930670000 98.0
62.614453 29.762025 1376930671000 98.0
62.614428 29.761991 1376930674000 99.0
62.614394 29.761958 1376930675000 99.0
62.614349 29.761951 1376930677000 100.0
62.614308 29.761939 1376930679000 99.0
62.614272 29.761915 1376930682000 99.0
62.614238 29.761893 1376930683000 98.0
62.614205 29.761864 1376930685000 99.0
62.614155 29.76183 1376930688000 99.0
62.614087 29.76177 1376930690000 99.0
62.614018 29.761723 1376930691000 97.0
62.613964 29.761671 1376930694000 97.0
62.613926 29.761648 1376930696000 97.0
62.613899 29.761638 1376930698000 96.0
62.613866 29.761644 1376930700000 97.0
62.613825 29.761643 1376930701000 97.0
62.613793 29.76163 1376930703000 96.0
62.613768 29.761606 1376930705000 97.0
62.61374 29.761568 1376930707000 98.0
62.613705 29.761523 1376930709000 98.0
62.613663 29.761484 1376930712000 98.0
62.613629 29.761449 1376930713000 98.0
62.613598 29.761439 1376930715000 98.0
62.61356 29.761402 1376930718000 97.0
62.613526 29.761357 1376930720000 97.0
62.613483 29.761328 1376930721000 97.0
62.613445 29.761315 1376930723000 97.0
62.613411 29.761303 1376930726000 97.0
62.613371 29.761306 1376930727000 96.0
62.613331 29.761315 1376930730000 96.0
62.613289 29.761304 1376930731000 97.0
62.613253 29.761271 1376930733000 97.0
62.613217 29.76125 1376930735000 96.0
62.613184 29.761239 1376930738000 95.0
62.613145 29.761242 1376930739000 94.0
62.613093 29.761234 1376930741000 95.0
62.613049 29.761221 1376930744000 96.0
62.613017 29.761222 1376930745000 96.0
62.612995 29.761237 1376930748000 96.0
62.612967 29.761265 1376930750000 95.0
62.612929 29.761301 1376930751000 96.0
62.61289 29.761316 1376930754000 95.0
62.612849 29.761312 1376930756000 95.0
62.612817 29.761338 1376930758000 95.0
62.612781 29.761354 1376930759000 95.0
62.612739 29.76135 1376930761000 95.0
62.612703 29.761354 1376930763000 95.0
62.61268 29.761371 1376930766000 93.0
62.612663 29.76138 1376930767000 92.0
62.612649 29.761374 1376930769000 92.0
62.612618 29.76134 1376930771000 93.0
62.612574 29.76131 1376930774000 93.0
62.612522 29.76128 1376930776000 93.0
62.61247 29.761229 1376930777000 92.0
62.612416 29.761167 1376930780000 92.0
62.612363 29.761123 1376930781000 92.0
62.61232 29.761077 1376930783000 92.0
62.61229 29.761006 1376930785000 93.0
62.612274 29.760955 1376930788000 95.0
62.612259 29.760887 1376930789000 95.0
62.612242 29.760816 1376930792000 95.0
62.612224 29.760734 1376930794000 95.0
62.612206 29.760659 1376930795000 96.0
62.612178 29.760574 1376930798000 97.0
62.612159 29.760482 1376930800000 99.0
62.612146 29.760377 1376930801000 99.0
62.612126 29.760294 1376930803000 100.0
62.61211 29.760222 1376930805000 100.0
62.612105 29.760154 1376930807000 100.0
62.612106 29.760084 1376930809000 101.0
62.612103 29.760017 1376930811000 102.0
62.612096 29.759948 1376930814000 104.0
62.612081 29.759884 1376930815000 104.0
62.612065 29.759806 1376930818000 105.0
62.612053 29.759725 1376930820000 105.0
62.612046 29.759638 1376930821000 105.0
62.612047 29.759557 1376930823000 105.0
62.61205 29.759489 1376930825000 104.0
62.61206 29.759418 1376930827000 105.0
62.612086 29.759341 1376930829000 106.0
62.612141 29.759273 1376930831000 103.0
62.612207 29.759206 1376930834000 105.0
62.612261 29.759159 1376930835000 104.0
62.612304 29.759137 1376930837000 104.0
62.612339 29.759122 1376930839000 104.0
62.612375 29.759118 1376930841000 104.0
62.612407 29.759123 1376930843000 103.0
62.612443 29.759125 1376930846000 102.0
62.612471 29.759135 1376930847000 102.0
62.612488 29.759182 1376930850000 102.0
62.612515 29.75919 1376930851000 102.0
62.612532 29.759186 1376930853000 102.0
62.61254 29.759167 1376930856000 102.0
62.612557 29.759169 1376930858000 101.0
62.61258 29.759175 1376930860000 101.0
62.612601 29.759192 1376930861000 102.0
62.612627 29.759203 1376930864000 102.0
62.612671 29.759188 1376930866000 102.0
62.612711 29.759179 1376930868000 102.0
62.612743 29.759178 1376930870000 102.0
62.612785 29.759149 1376930871000 103.0
62.612824 29.759119 1376930873000 106.0
62.612857 29.759099 1376930876000 106.0
62.612906 29.759062 1376930878000 106.0
62.612961 29.759023 1376930880000 106.0
62.613005 29.758989 1376930881000 105.0
62.61304 29.758971 1376930883000 105.0
62.613076 29.758983 1376930885000 104.0
62.613113 29.759003 1376930888000 105.0
62.613152 29.758999 1376930889000 104.0
62.613175 29.759028 1376930892000 104.0
62.613187 29.759055 1376930894000 104.0
62.613205 29.75908 1376930896000 106.0
62.613221 29.759172 1376930898000 108.0
62.613238 29.75924 1376930900000 108.0
62.613282 29.759208 1376930901000 108.0
62.613334 29.759134 1376930903000 108.0
62.613372 29.759064 1376930905000 107.0
62.613414 29.759003 1376930908000 108.0
62.613464 29.758977 1376930910000 108.0
62.613498 29.758951 1376930911000 108.0
62.61352 29.758928 1376930913000 109.0
62.613555 29.75889 1376930915000 107.0
62.6136 29.758821 1376930918000 107.0
62.613647 29.758774 1376930920000 107.0
62.613687 29.758719 1376930921000 107.0
62.613727 29.758653 1376930924000 106.0
62.613765 29.758576 1376930925000 104.0
62.613802 29.758497 1376930928000 104.0
62.613835 29.758452 1376930930000 104.0
62.613873 29.758433 1376930932000 104.0
62.613911 29.75841 1376930933000 103.0
62.613945 29.758382 1376930935000 102.0
62.613978 29.758359 1376930938000 103.0
62.614012 29.758348 1376930940000 102.0
62.614034 29.758395 1376930941000 102.0
62.614059 29.758436 1376930943000 103.0
62.614099 29.758414 1376930946000 103.0
62.614142 29.758381 1376930948000 103.0
62.614195 29.758341 1376930950000 103.0
62.614245 29.75831 1376930951000 103.0
62.614297 29.758253 1376930953000 103.0
62.614322 29.758201 1376930956000 104.0
62.614323 29.758157 1376930957000 103.0
62.614323 29.758157 1376930959000 104.0
62.614337 29.758174 1376930961000 104.0
62.614359 29.758204 1376930963000 104.0
62.614391 29.758201 1376930966000 103.0
62.614419 29.758206 1376930968000 103.0
62.614443 29.758213 1376930969000 102.0
62.614486 29.758193 1376930972000 102.0
62.614539 29.758142 1376930973000 101.0
62.614602 29.758072 1376930975000 100.0
62.614659 29.758016 1376930978000 100.0
62.614703 29.758003 1376930980000 101.0
62.614745 29.75803 1376930981000 102.0
62.61479 29.758042 1376930983000 102.0
62.614837 29.758025 1376930986000 101.0
62.614885 29.757979 1376930987000 100.0
62.614923 29.757955 1376930990000 101.0
62.614955 29.757907 1376930991000 101.0
62.615 29.757874 1376930993000 101.0
62.615048 29.757848 1376930996000 100.0
62.61511 29.757823 1376930998000 100.0
62.615162 29.757812 1376931000000 99.0
62.615209 29.757822 1376931001000 100.0
62.615261 29.757823 1376931003000 100.0
62.61531 29.757822 1376931005000 99.0
62.615346 29.757814 1376931007000 99.0
62.615371 29.757812 1376931009000 98.0
62.615397 29.757837 1376931011000 99.0
62.615423 29.757882 1376931013000 99.0
62.615464 29.757905 1376931016000 100.0
62.615508 29.757937 1376931018000 100.0
62.615555 29.757944 1376931020000 99.0
62.615606 29.757958 1376931021000 99.0
62.615647 29.757975 1376931023000 98.0
62.615678 29.757985 1376931026000 98.0
62.615697 29.757983 1376931027000 99.0
62.615726 29.757973 1376931029000 99.0
62.615769 29.757961 1376931031000 98.0
62.615818 29.757943 1376931034000 99.0
62.615876 29.757917 1376931035000 98.0
62.615931 29.757896 1376931037000 98.0
62.615975 29.757888 1376931040000 99.0
62.616024 29.757878 1376931041000 97.0
62.616063 29.757882 1376931043000 97.0
62.616097 29.757877 1376931045000 96.0
62.616127 29.757884 1376931048000 97.0
62.61615 29.757906 1376931050000 95.0
62.616175 29.757917 1376931051000 94.0
62.616204 29.757916 1376931053000 93.0
62.616236 29.757917 1376931056000 93.0
62.61627 29.757924 1376931057000 93.0
62.616301 29.75796 1376931060000 92.0
62.616311 29.757993 1376931061000 93.0
62.61629 29.758118 1376931063000 101.0
62.616282 29.758258 1376931066000 100.0
62.616287 29.75837 1376931067000 100.0
62.616294 29.758461 1376931070000 99.0
62.616314 29.758537 1376931071000 98.0
62.616322 29.758607 1376931073000 98.0
62.616332 29.758669 1376931075000 99.0
62.616367 29.75875 1376931078000 99.0
62.616426 29.758857 1376931079000 99.0
62.616447 29.758963 1376931081000 98.0
62.616452 29.75907 1376931084000 98.0
62.616462 29.759163 1376931085000 98.0
62.616469 29.759259 1376931087000 99.0
62.616467 29.759345 1376931089000 98.0
62.616462 29.75942 1376931091000 97.0
62.616485 29.759464 1376931093000 98.0
62.616511 29.759512 1376931095000 97.0
62.616525 29.759563 1376931098000 95.0
62.616514 29.759648 1376931100000 94.0
62.616501 29.75975 1376931101000 92.0
62.616499 29.759842 1376931103000 92.0
62.616477 29.759883 1376931106000 90.0
62.61649 29.75987 1376931108000 94.0
62.616526 29.759881 1376931110000 94.0
62.616556 29.759921 1376931111000 93.0
62.616559 29.75997 1376931113000 92.0
62.616545 29.760035 1376931116000 91.0
62.616522 29.760107 1376931118000 92.0
62.616487 29.760189 1376931120000 93.0
62.616447 29.760282 1376931121000 91.0
62.616419 29.760387 1376931123000 91.0
62.616401 29.760515 1376931125000 91.0
62.616394 29.76063 1376931127000 94.0
62.61638 29.760742 1376931129000 95.0
62.616373 29.760839 1376931131000 94.0
62.616388 29.760897 1376931133000 95.0
62.6164 29.760942 1376931135000 96.0
62.616364 29.761034 1376931137000 96.0
62.61631 29.761163 1376931139000 96.0
62.616265 29.761251 1376931141000 97.0
62.61623 29.761331 1376931143000 96.0
62.616212 29.761427 1376931146000 97.0
62.616205 29.761545 1376931147000 97.0
62.616203 29.761673 1376931150000 98.0
62.616182 29.761762 1376931151000 98.0
62.616168 29.76185 1376931153000 98.0
62.616164 29.761974 1376931156000 99.0
62.61615 29.76211 1376931158000 102.0
62.616116 29.762241 1376931159000 103.0
62.616065 29.762322 1376931162000 103.0
62.616007 29.762342 1376931163000 102.0
62.615961 29.762355 1376931166000 101.0
62.615917 29.762392 1376931167000 101.0
62.615869 29.762415 1376931170000 100.0
62.615822 29.762401 1376931171000 100.0
62.615773 29.762363 1376931173000 100.0
62.615728 29.76233 1376931175000 100.0
62.615692 29.762313 1376931178000 100.0
62.615646 29.7623 1376931180000 100.0
62.615583 29.762269 1376931181000 99.0
62.615535 29.762243 1376931184000 98.0
62.615496 29.762246 1376931186000 97.0
62.615444 29.762248 1376931187000 98.0
62.615379 29.762252 1376931189000 96.0
62.615325 29.762262 1376931191000 97.0
62.615277 29.762268 1376931193000 97.0
62.615229 29.762255 1376931196000 97.0
62.615172 29.76224 1376931198000 97.0
62.615119 29.762215 1376931200000 97.0
62.615061 29.762156 1376931201000 97.0
62.615016 29.762118 1376931203000 97.0
62.614974 29.762107 1376931205000 97.0
62.614924 29.762089 1376931207000 96.0
62.614879 29.762072 1376931209000 96.0
62.614844 29.762075 1376931211000 96.0
62.614824 29.762088 1376931213000 97.0
62.614818 29.762084 1376931215000 97.0
62.614788 29.762065 1376931218000 97.0
62.61475 29.762049 1376931220000 97.0
62.61471 29.762035 1376931221000 96.0
62.614664 29.762017 1376931223000 96.0
62.614631 29.762001 1376931225000 97.0
62.6146 29.762003 1376931228000 96.0
62.614555 29.761991 1376931230000 96.0
62.614505 29.761996 1376931231000 96.0
62.61445 29.761986 1376931233000 96.0
62.614386 29.761944 1376931236000 96.0
62.614332 29.761903 1376931238000 96.0
62.614287 29.761881 1376931239000 94.0
62.614234 29.761875 1376931242000 93.0
62.614182 29.761872 1376931243000 93.0
62.614131 29.761846 1376931245000 93.0
62.61407 29.761806 1376931247000 94.0
62.614009 29.761778 1376931250000 93.0
62.613951 29.761786 1376931251000 93.0
62.613891 29.761792 1376931253000 92.0
62.613824 29.761754 1376931255000 93.0
62.61378 29.761692 1376931257000 94.0
62.613737 29.761612 1376931260000 94.0
62.613689 29.761509 1376931261000 94.0
62.613648 29.761421 1376931263000 94.0
62.613605 29.761382 1376931265000 93.0
62.613558 29.761356 1376931267000 92.0
62.613507 29.761333 1376931269000 92.0
62.613445 29.761321 1376931272000 92.0
62.613389 29.7613 1376931274000 93.0
62.613345 29.761301 1376931275000 93.0
62.613309 29.761306 1376931277000 94.0
62.613289 29.761307 1376931279000 93.0
62.61322 29.761274 1376931282000 92.0
62.613177 29.761265 1376931283000 92.0
62.613127 29.76127 1376931285000 91.0
62.613084 29.761253 1376931287000 93.0
62.613059 29.761216 1376931289000 93.0
62.613039 29.761174 1376931291000 94.0
62.612992 29.761153 1376931293000 93.0
62.61294 29.761163 1376931296000 92.0
62.612887 29.761184 1376931297000 92.0
62.612836 29.761204 1376931300000 91.0
62.612784 29.761217 1376931301000 88.0
62.612734 29.761225 1376931303000 88.0
62.612691 29.761234 1376931305000 89.0
62.612644 29.761232 1376931308000 88.0
62.612602 29.761233 1376931310000 88.0
62.612547 29.761219 1376931311000 88.0
62.612492 29.761209 1376931313000 89.0
62.612449 29.761182 1376931316000 89.0
62.612406 29.761172 1376931318000 89.0
62.612367 29.761176 1376931320000 88.0
62.612328 29.761161 1376931321000 89.0
62.612289 29.761136 1376931323000 89.0
62.612258 29.761111 1376931326000 91.0
62.612226 29.761061 1376931328000 92.0
62.612202 29.761005 1376931330000 93.0
62.612196 29.760926 1376931332000 93.0
62.612182 29.760844 1376931334000 92.0
62.612168 29.760767 1376931336000 91.0
62.612156 29.760703 1376931338000 91.0
62.612139 29.76065 1376931340000 89.0
62.612127 29.760578 1376931341000 89.0
62.612117 29.760492 1376931343000 89.0
62.612106 29.76041 1376931345000 90.0
62.612095 29.760335 1376931348000 89.0
62.612087 29.76028 1376931350000 91.0
62.612057 29.760246 1376931351000 93.0
62.612028 29.760185 1376931353000 94.0
62.612022 29.760062 1376931355000 95.0
62.612019 29.759904 1376931358000 95.0
62.612016 29.759712 1376931360000 95.0
62.612021 29.759572 1376931361000 95.0
62.612041 29.759483 1376931364000 96.0
62.612075 29.759457 1376931365000 97.0
62.61211 29.759447 1376931368000 98.0
62.612143 29.759464 1376931370000 99.0
62.612186 29.75946 1376931372000 99.0
62.612237 29.759413 1376931373000 99.0
62.612281 29.759365 1376931376000 100.0
62.612315 29.759345 1376931377000 100.0
62.612351 29.75933 1376931379000 101.0
62.612391 29.759312 1376931381000 101.0
62.612426 29.759289 1376931383000 102.0
62.612449 29.759265 1376931386000 100.0
62.612473 29.759262 1376931387000 100.0
62.6125 29.759286 1376931390000 100.0
62.612531 29.75931 1376931391000 100.0
62.612555 29.759316 1376931393000 101.0
62.612587 29.759296 1376931395000 102.0
62.612628 29.759276 1376931398000 101.0
62.612679 29.759247 1376931400000 101.0
62.612731 29.759228 1376931401000 100.0
62.612778 29.759204 1376931403000 100.0
62.612832 29.759154 1376931406000 99.0
62.612892 29.759093 1376931408000 99.0
62.612946 29.759064 1376931410000 100.0
62.613005 29.759017 1376931411000 100.0
62.613058 29.758974 1376931414000 100.0
62.613111 29.758917 1376931415000 98.0
62.613136 29.75888 1376931417000 98.0
62.613208 29.758796 1376931419000 98.0
62.613239 29.758783 1376931421000 99.0
62.613272 29.758757 1376931423000 99.0
62.613319 29.758701 1376931426000 99.0
62.613379 29.758609 1376931428000 100.0
62.613442 29.758541 1376931430000 100.0
62.613509 29.758502 1376931431000 100.0
62.613571 29.758472 1376931433000 100.0
62.613619 29.758459 1376931436000 100.0
62.613655 29.758467 1376931437000 98.0
62.613683 29.758487 1376931440000 98.0
62.613715 29.758491 1376931441000 99.0
62.613755 29.758448 1376931443000 98.0
62.613792 29.758398 1376931445000 98.0
62.613832 29.758367 1376931447000 96.0
62.613871 29.758313 1376931450000 96.0
62.613896 29.75828 1376931452000 94.0
62.613923 29.758254 1376931454000 93.0
62.613953 29.758237 1376931455000 94.0
62.613982 29.758236 1376931458000 93.0
62.614007 29.75826 1376931460000 94.0
62.614026 29.758311 1376931461000 93.0
62.614053 29.758319 1376931463000 93.0
62.614088 29.758314 1376931465000 94.0
62.614102 29.758306 1376931468000 94.0
62.614107 29.758306 1376931470000 95.0
62.614124 29.758332 1376931471000 94.0
62.614165 29.758323 1376931473000 95.0
62.614215 29.758274 1376931475000 95.0
62.614256 29.7582 1376931477000 95.0
62.614294 29.758165 1376931480000 96.0
62.614339 29.758136 1376931481000 96.0
62.614404 29.758054 1376931484000 97.0
62.614468 29.757991 1376931486000 95.0
62.614522 29.757944 1376931487000 96.0
62.614561 29.757961 1376931489000 96.0
62.614598 29.757968 1376931492000 96.0
62.614657 29.757936 1376931494000 96.0
62.614704 29.757908 1376931495000 95.0
62.614717 29.757908 1376931498000 94.0
62.614727 29.75793 1376931500000 94.0
62.614729 29.757952 1376931501000 94.0
62.614744 29.757943 1376931504000 93.0
62.614781 29.757938 1376931506000 92.0
62.614861 29.757874 1376931507000 91.0
62.614938 29.757791 1376931509000 91.0
62.615005 29.757682 1376931512000 89.0
62.615053 29.757613 1376931514000 90.0
62.615076 29.757535 1376931515000 91.0
62.615086 29.757425 1376931517000 92.0
62.615096 29.757337 1376931520000 93.0
62.615119 29.757258 1376931521000 94.0
62.615157 29.757156 1376931523000 96.0
62.615174 29.757097 1376931526000 97.0
62.615172 29.757054 1376931528000 97.0
62.615152 29.756987 1376931529000 98.0
62.615125 29.756877 1376931532000 98.0
62.615106 29.756758 1376931533000 99.0
62.615097 29.756648 1376931535000 101.0
62.615095 29.756557 1376931538000 101.0
62.615094 29.756476 1376931540000 101.0
62.615095 29.756382 1376931541000 100.0
62.615099 29.756287 1376931543000 101.0
62.615093 29.756188 1376931545000 101.0
62.615092 29.756078 1376931547000 101.0
62.615092 29.755969 1376931549000 100.0
62.615092 29.755886 1376931551000 101.0
62.615099 29.755843 1376931554000 101.0
62.615114 29.755811 1376931555000 102.0
62.615108 29.755751 1376931557000 100.0
62.615088 29.755669 1376931560000 100.0
62.615072 29.755584 1376931561000 100.0
62.615046 29.755507 1376931564000 100.0
62.615028 29.755423 1376931565000 101.0
62.615013 29.755338 1376931567000 101.0
62.614999 29.755235 1376931569000 100.0
62.614955 29.755153 1376931571000 99.0
62.614912 29.755068 1376931573000 100.0
62.614896 29.754962 1376931575000 101.0
62.614892 29.754826 1376931578000 101.0
62.614899 29.754679 1376931579000 100.0
62.614898 29.754574 1376931581000 100.0
62.614891 29.754502 1376931583000 100.0
62.614889 29.754418 1376931586000 100.0
62.614889 29.754327 1376931588000 100.0
62.614886 29.754238 1376931590000 100.0
62.614892 29.75417 1376931591000 98.0
62.61489 29.754104 1376931593000 98.0
62.614881 29.754032 1376931595000 98.0
62.614863 29.753977 1376931597000 97.0
62.614842 29.753926 1376931600000 97.0
62.614818 29.753885 1376931601000 98.0
62.614803 29.753818 1376931603000 98.0
62.614793 29.753743 1376931606000 99.0
62.614789 29.753652 1376931608000 101.0
62.614796 29.753532 1376931610000 102.0
62.6148 29.753423 1376931612000 102.0
62.614798 29.753322 1376931614000 102.0
62.614791 29.753242 1376931616000 102.0
62.614786 29.753168 1376931618000 104.0
62.614781 29.753102 1376931620000 102.0
62.614767 29.753034 1376931621000 101.0
62.614752 29.752972 1376931624000 102.0
62.614745 29.752902 1376931625000 103.0
62.614753 29.752834 1376931627000 103.0
62.614773 29.752803 1376931629000 101.0
62.614801 29.752787 1376931631000 102.0
62.614836 29.752763 1376931634000 100.0
62.614877 29.752746 1376931636000 100.0
62.614927 29.752748 1376931638000 99.0
62.614971 29.752769 1376931640000 101.0
62.615003 29.752796 1376931641000 100.0
62.615047 29.752779 1376931643000 100.0
62.615095 29.75273 1376931645000 100.0
62.615134 29.75275 1376931648000 100.0
62.615157 29.752813 1376931650000 99.0
62.615178 29.752877 1376931652000 99.0
62.615205 29.752925 1376931653000 99.0
62.615237 29.752948 1376931656000 100.0
62.615274 29.752969 1376931658000 100.0
62.615319 29.753011 1376931660000 101.0
62.615361 29.753049 1376931661000 101.0
62.615409 29.753055 1376931664000 103.0
62.615455 29.753044 1376931666000 103.0
62.6155 29.753035 1376931668000 102.0
62.615535 29.753029 1376931670000 103.0
62.615582 29.753007 1376931671000 102.0
62.615642 29.75297 1376931673000 100.0
62.615691 29.752956 1376931675000 100.0
62.61574 29.752917 1376931677000 101.0
62.615787 29.752883 1376931679000 101.0
62.615836 29.752843 1376931681000 101.0
62.615888 29.752819 1376931683000 101.0
62.615932 29.752806 1376931686000 101.0
62.615993 29.752767 1376931687000 102.0
62.616063 29.752685 1376931689000 100.0
62.61611 29.752591 1376931692000 101.0
62.616133 29.75247 1376931694000 102.0
62.616142 29.752346 1376931695000 101.0
62.616148 29.752221 1376931697000 102.0
62.616133 29.752119 1376931699000 102.0
62.616111 29.75203 1376931701000 103.0
62.616095 29.751926 1376931704000 106.0
62.616077 29.751827 1376931705000 106.0
62.616071 29.751713 1376931708000 109.0
62.616076 29.751606 1376931710000 109.0
62.61608 29.751512 1376931711000 108.0
62.61608 29.75143 1376931713000 108.0
62.616084 29.751358 1376931715000 108.0
62.616082 29.751275 1376931718000 108.0
62.616075 29.751186 1376931720000 108.0
62.616071 29.75111 1376931721000 109.0
62.616067 29.751044 1376931724000 109.0
62.616076 29.750986 1376931726000 109.0
62.616079 29.750902 1376931728000 110.0
62.61607 29.750819 1376931729000 110.0
62.616055 29.750742 1376931731000 110.0
62.616047 29.750644 1376931733000 111.0
62.616051 29.750535 1376931736000 111.0
62.616059 29.750421 1376931737000 111.0
62.616066 29.750314 1376931739000 112.0
62.616073 29.750212 1376931741000 112.0
62.616078 29.750115 1376931743000 112.0
62.616093 29.750011 1376931745000 111.0
62.616107 29.749902 1376931747000 111.0
62.616111 29.749812 1376931749000 112.0
62.616104 29.749716 1376931751000 112.0
62.616092 29.749641 1376931754000 112.0
62.616088 29.749566 1376931756000 112.0
62.616096 29.749486 1376931758000 112.0
62.616088 29.749369 1376931760000 112.0
62.61606 29.749253 1376931761000 109.0
62.616016 29.749169 1376931764000 106.0
62.615962 29.749119 1376931765000 103.0
62.615915 29.749082 1376931768000 103.0
62.61588 29.749038 1376931769000 103.0
62.615859 29.748972 1376931772000 102.0
62.615839 29.748911 1376931773000 102.0
62.615813 29.748869 1376931775000 102.0
62.615792 29.748819 1376931778000 102.0
62.615773 29.74877 1376931780000 101.0
62.615762 29.748723 1376931781000 103.0
62.615758 29.748658 1376931783000 102.0
62.615749 29.748584 1376931786000 103.0
62.61574 29.748504 1376931788000 102.0
62.615734 29.748428 1376931790000 101.0
62.615729 29.748352 1376931791000 101.0
62.61572 29.748296 1376931794000 101.0
62.615716 29.748262 1376931796000 101.0
62.615715 29.748195 1376931798000 100.0
62.615708 29.748105 1376931800000 98.0
62.615703 29.748022 1376931801000 98.0
62.615695 29.747939 1376931804000 98.0
62.615685 29.747856 1376931805000 98.0
62.615671 29.747769 1376931807000 98.0
62.615663 29.747678 1376931809000 100.0
62.615656 29.747582 1376931812000 99.0
62.615645 29.74748 1376931813000 99.0
62.615637 29.747393 1376931816000 99.0
62.615627 29.747308 1376931817000 99.0
62.615613 29.747211 1376931820000 99.0
62.615608 29.747119 1376931822000 99.0
62.615613 29.747025 1376931823000 99.0
62.615615 29.746936 1376931826000 99.0
62.615609 29.746837 1376931828000 97.0
62.6156 29.746733 1376931829000 96.0
62.615591 29.74664 1376931832000 97.0
62.615589 29.746543 1376931834000 96.0
62.615588 29.746449 1376931836000 97.0
62.615583 29.746349 1376931838000 98.0
62.615566 29.746261 1376931840000 98.0
62.61555 29.746186 1376931841000 98.0
62.615543 29.74611 1376931843000 98.0
62.61554 29.746026 1376931846000 99.0
62.615536 29.745946 1376931848000 99.0
62.615534 29.745889 1376931850000 99.0
62.615536 29.745852 1376931851000 99.0
62.615543 29.745832 1376931853000 97.0
62.615562 29.745772 1376931855000 99.0
62.615583 29.745687 1376931857000 99.0
62.615584 29.745619 1376931859000 101.0
62.61558 29.745562 1376931861000 102.0
62.615571 29.745484 1376931864000 102.0
62.615568 29.745387 1376931866000 103.0
62.615559 29.74529 1376931868000 104.0
62.615545 29.745196 1376931870000 104.0
62.615535 29.745076 1376931871000 105.0
62.615523 29.744964 1376931873000 104.0
62.615506 29.744883 1376931876000 105.0
62.615494 29.74482 1376931877000 105.0
62.61549 29.744734 1376931880000 103.0
62.615491 29.744636 1376931881000 101.0
62.615493 29.744557 1376931884000 101.0
62.615494 29.74445 1376931886000 101.0
62.615492 29.744353 1376931888000 101.0
62.615482 29.74427 1376931890000 100.0
62.615473 29.744179 1376931891000 101.0
62.615462 29.744108 1376931893000 99.0
62.615453 29.744046 1376931896000 99.0
62.615447 29.743989 1376931898000 98.0
62.615445 29.743916 1376931900000 98.0
62.615441 29.743833 1376931901000 99.0
62.615435 29.743749 1376931904000 99.0
62.615431 29.743669 1376931906000 99.0
62.615429 29.743582 1376931908000 99.0
62.615426 29.743495 1376931910000 99.0
62.615425 29.743406 1376931912000 98.0
62.615427 29.743316 1376931914000 98.0
62.615424 29.743239 1376931916000 98.0
62.615405 29.743166 1376931918000 97.0
62.615382 29.743086 1376931920000 98.0
62.615352 29.743015 1376931921000 98.0
62.615317 29.742993 1376931923000 95.0
62.615281 29.742991 1376931925000 95.0
62.615252 29.742989 1376931928000 95.0
62.615225 29.742993 1376931930000 93.0
62.615185 29.743006 1376931932000 94.0
62.615135 29.743012 1376931934000 90.0
62.615094 29.743016 1376931936000 88.0
62.615058 29.743034 1376931938000 87.0