62.615046 29.743233 1376413168000 85.0
62.61505 29.74318 1376413171000 88.0
62.615058 29.743157 1376413173000 89.0
62.615062 29.743156 1376413175000 88.0
62.615062 29.743156 1376413177000 88.0
62.615062 29.743172 1376413179000 88.0
62.615064 29.743194 1376413181000 89.0
62.61508 29.743229 1376413183000 89.0
62.615112 29.743255 1376413185000 90.0
62.615162 29.743293 1376413187000 89.0
62.615215 29.743346 1376413189000 88.0
62.615259 29.743402 1376413191000 87.0
62.615287 29.743493 1376413193000 85.0
62.615315 29.743637 1376413195000 79.0
62.615349 29.7438 1376413197000 81.0
62.615378 29.743939 1376413199000 79.0
62.615404 29.744066 1376413201000 79.0
62.615429 29.744207 1376413203000 80.0
62.615436 29.744354 1376413205000 81.0
62.61544 29.744493 1376413207000 81.0
62.615441 29.744619 1376413209000 80.0
62.615435 29.744727 1376413211000 79.0
62.615431 29.744825 1376413213000 79.0
62.615444 29.744939 1376413215000 80.0
62.615452 29.745061 1376413217000 80.0
62.615426 29.745164 1376413219000 82.0
62.615401 29.745252 1376413221000 83.0
62.615398 29.745354 1376413223000 83.0
62.615405 29.745466 1376413225000 83.0
62.615413 29.745593 1376413227000 84.0
62.615425 29.745736 1376413229000 84.0
62.615435 29.745875 1376413231000 85.0
62.615446 29.746018 1376413233000 86.0
62.615472 29.746204 1376413235000 86.0
62.615487 29.746369 1376413237000 85.0
62.615505 29.746511 1376413239000 84.0
62.615513 29.746574 1376413240000 84.0
62.615522 29.746743 1376413243000 86.0
62.615509 29.746872 1376413245000 83.0
62.615497 29.747016 1376413247000 82.0
62.615492 29.747147 1376413249000 83.0
62.61549 29.747259 1376413251000 81.0
62.615492 29.747356 1376413253000 82.0
62.615496 29.747465 1376413255000 82.0
62.615498 29.747569 1376413257000 84.0
62.615495 29.747665 1376413259000 84.0
62.615495 29.747765 1376413261000 85.0
62.615497 29.74792 1376413263000 84.0
62.615506 29.748063 1376413265000 84.0
62.615548 29.748228 1376413267000 84.0
62.615576 29.748392 1376413269000 84.0
62.615587 29.748548 1376413271000 85.0
62.615594 29.748611 1376413272000 87.0
62.615621 29.74878 1376413275000 86.0
62.615649 29.748849 1376413276000 86.0
62.615716 29.74902 1376413279000 84.0
62.615765 29.74911 1376413281000 82.0
62.615822 29.749207 1376413283000 79.0
62.61587 29.74931 1376413285000 78.0
62.615899 29.749398 1376413287000 80.0
62.61591 29.749446 1376413288000 79.0
62.615947 29.749589 1376413291000 79.0
62.615962 29.749673 1376413293000 80.0
62.615965 29.74978 1376413295000 79.0
62.615972 29.749909 1376413297000 79.0
62.615976 29.750048 1376413299000 79.0
62.61599 29.750169 1376413301000 79.0
62.616009 29.750274 1376413303000 79.0
62.616018 29.750378 1376413305000 80.0
62.61603 29.75051 1376413307000 80.0
62.616038 29.750621 1376413309000 80.0
62.61603 29.750715 1376413311000 82.0
62.616007 29.750778 1376413313000 83.0
62.615965 29.750835 1376413315000 83.0
62.615947 29.750888 1376413316000 84.0
62.615905 29.751032 1376413319000 86.0
62.615899 29.75108 1376413320000 86.0
62.615901 29.751248 1376413323000 86.0
62.615907 29.751314 1376413324000 86.0
62.615926 29.751518 1376413327000 84.0
62.615941 29.751629 1376413329000 84.0
62.615955 29.751739 1376413331000 85.0
62.615972 29.751871 1376413333000 85.0
62.615994 29.752007 1376413335000 85.0
62.61601 29.75213 1376413337000 85.0
62.616025 29.752258 1376413339000 85.0
62.616031 29.752382 1376413341000 86.0
62.616034 29.75251 1376413343000 85.0
62.616017 29.752629 1376413345000 86.0
62.616004 29.752734 1376413347000 86.0
62.615976 29.752831 1376413349000 86.0
62.615968 29.752917 1376413351000 85.0
62.61597 29.752997 1376413353000 85.0
62.615992 29.753077 1376413355000 85.0
62.615999 29.753162 1376413357000 85.0
62.615989 29.753242 1376413359000 86.0
62.615992 29.753334 1376413361000 88.0
62.616007 29.753451 1376413363000 90.0
62.616037 29.753583 1376413365000 90.0
62.61606 29.753721 1376413367000 90.0
62.616056 29.753845 1376413369000 90.0
62.616065 29.753961 1376413371000 91.0
62.616076 29.754015 1376413372000 91.0
62.61611 29.754191 1376413375000 90.0
62.616124 29.754305 1376413377000 89.0
62.616129 29.754417 1376413379000 89.0
62.61613 29.754516 1376413381000 88.0
62.616119 29.754647 1376413383000 88.0
62.616107 29.754761 1376413385000 89.0
62.6161 29.754895 1376413387000 89.0
62.616105 29.754995 1376413389000 89.0
62.616096 29.755093 1376413391000 88.0
62.61611 29.755215 1376413393000 88.0
62.616127 29.75533 1376413395000 87.0
62.616149 29.755414 1376413397000 87.0
62.616161 29.755511 1376413399000 89.0
62.616162 29.75561 1376413401000 88.0
62.616167 29.755722 1376413403000 87.0
62.61617 29.755817 1376413405000 86.0
62.61618 29.755932 1376413407000 86.0
62.616182 29.756022 1376413409000 86.0
62.616185 29.756107 1376413411000 87.0
62.616191 29.756182 1376413413000 88.0
62.616188 29.756306 1376413415000 88.0
62.616183 29.7564 1376413417000 89.0
62.616165 29.756453 1376413419000 86.0
62.616151 29.756513 1376413421000 86.0
62.616145 29.756584 1376413423000 86.0
62.616136 29.75666 1376413425000 86.0
62.616132 29.756797 1376413427000 86.0
62.616134 29.756917 1376413429000 86.0
62.616136 29.757026 1376413431000 85.0
62.616141 29.757151 1376413433000 85.0
62.616136 29.757298 1376413435000 84.0
62.616132 29.757434 1376413437000 82.0
62.616145 29.757582 1376413439000 84.0
62.61615 29.757681 1376413441000 83.0
62.616138 29.757768 1376413443000 82.0
62.616131 29.757853 1376413445000 82.0
62.616133 29.757956 1376413447000 82.0
62.616147 29.758055 1376413449000 82.0
62.616165 29.758142 1376413451000 84.0
62.616186 29.75824 1376413453000 84.0
62.616213 29.758365 1376413455000 83.0
62.616224 29.758464 1376413457000 83.0
62.616226 29.758551 1376413459000 81.0
62.616231 29.75865 1376413461000 82.0
62.616241 29.758761 1376413463000 80.0
62.616244 29.758811 1376413464000 81.0
62.616234 29.758932 1376413467000 81.0
62.616231 29.758979 1376413468000 81.0
62.61624 29.759184 1376413471000 85.0
62.616258 29.759331 1376413473000 84.0
62.616284 29.75951 1376413475000 85.0
62.616289 29.759611 1376413477000 85.0
62.616287 29.759695 1376413479000 85.0
62.616283 29.759733 1376413480000 86.0
62.616275 29.759868 1376413483000 86.0
62.616266 29.759944 1376413485000 87.0
62.616248 29.760044 1376413487000 87.0
62.616219 29.760159 1376413489000 87.0
62.616192 29.760241 1376413491000 87.0
62.616167 29.760317 1376413493000 87.0
62.616148 29.760404 1376413495000 87.0
62.616132 29.760472 1376413497000 88.0
62.616114 29.760521 1376413499000 88.0
62.616095 29.760562 1376413501000 89.0
62.616069 29.760623 1376413503000 88.0
62.616049 29.760712 1376413505000 88.0
62.616028 29.760796 1376413507000 87.0
62.616015 29.760919 1376413509000 88.0
62.61601 29.761022 1376413511000 87.0
62.616004 29.761147 1376413513000 86.0
62.615988 29.761305 1376413515000 85.0
62.615966 29.76146 1376413517000 84.0
62.615937 29.761579 1376413519000 84.0
62.615904 29.761664 1376413521000 84.0
62.615876 29.76172 1376413523000 85.0
62.615841 29.761751 1376413525000 84.0
62.615809 29.761772 1376413527000 85.0
62.61578 29.761783 1376413529000 86.0
62.615747 29.761785 1376413531000 88.0
62.615712 29.761774 1376413533000 89.0
62.61567 29.761789 1376413535000 90.0
62.615649 29.761812 1376413536000 90.0
62.615592 29.761865 1376413539000 91.0
62.615562 29.76191 1376413541000 91.0
62.615546 29.761922 1376413542000 91.0
62.61549 29.76193 1376413545000 91.0
62.615454 29.761937 1376413547000 91.0
62.615422 29.761941 1376413549000 91.0
62.615384 29.761946 1376413551000 91.0
62.615349 29.761967 1376413553000 92.0
62.615317 29.761997 1376413555000 92.0
62.615287 29.761983 1376413557000 92.0
62.615242 29.761966 1376413559000 92.0
62.615184 29.76198 1376413561000 93.0
62.615122 29.762009 1376413563000 94.0
62.61509 29.762032 1376413565000 100.0
62.615067 29.762022 1376413567000 101.0
62.61504 29.761997 1376413569000 101.0
62.615012 29.761981 1376413571000 101.0
62.614975 29.761971 1376413573000 102.0
62.614926 29.761978 1376413575000 102.0
62.614873 29.761995 1376413577000 102.0
62.614818 29.762005 1376413579000 101.0
62.614771 29.76201 1376413581000 102.0
62.614741 29.762025 1376413583000 102.0
62.614713 29.762019 1376413585000 104.0
62.61468 29.762 1376413587000 105.0
62.61463 29.761974 1376413589000 107.0
62.614561 29.761953 1376413591000 107.0
62.614494 29.761937 1376413593000 107.0
62.614439 29.761923 1376413595000 107.0
62.614391 29.761893 1376413597000 107.0
62.614343 29.761849 1376413599000 108.0
62.614303 29.761812 1376413601000 108.0
62.61427 29.761782 1376413603000 108.0
62.61424 29.761744 1376413605000 108.0
62.614207 29.761707 1376413607000 109.0
62.61417 29.761671 1376413609000 109.0
62.614131 29.76164 1376413611000 109.0
62.614093 29.761631 1376413613000 110.0
62.614045 29.7616 1376413615000 111.0
62.614 29.761563 1376413617000 112.0
62.613963 29.761531 1376413619000 112.0
62.613928 29.761506 1376413621000 112.0
62.613892 29.761489 1376413623000 112.0
62.613857 29.761468 1376413625000 113.0
62.613812 29.761446 1376413627000 113.0
62.613756 29.761415 1376413629000 113.0
62.613696 29.761369 1376413631000 113.0
62.613643 29.761328 1376413633000 112.0
62.613598 29.761304 1376413635000 113.0
62.613563 29.761294 1376413637000 112.0
62.61353 29.761283 1376413639000 113.0
62.613488 29.761272 1376413641000 114.0
62.613442 29.761259 1376413643000 114.0
62.61339 29.761248 1376413645000 114.0
62.613336 29.761237 1376413647000 114.0
62.613285 29.761232 1376413649000 115.0
62.613229 29.761222 1376413651000 116.0
62.613201 29.761223 1376413652000 115.0
62.613121 29.761219 1376413655000 116.0
62.613077 29.761222 1376413657000 116.0
62.613033 29.761228 1376413659000 116.0
62.612981 29.761248 1376413661000 117.0
62.612916 29.761257 1376413663000 117.0
62.612858 29.761265 1376413665000 118.0
62.612814 29.761263 1376413667000 117.0
62.612796 29.761259 1376413668000 116.0
62.612735 29.761254 1376413671000 116.0
62.61269 29.761239 1376413673000 115.0
62.612648 29.761217 1376413675000 115.0
62.612605 29.761186 1376413677000 113.0
62.612561 29.761166 1376413679000 112.0
62.612517 29.761136 1376413681000 111.0
62.612472 29.761097 1376413683000 112.0
62.61244 29.761055 1376413685000 113.0
62.612406 29.761001 1376413687000 110.0
62.612377 29.760936 1376413689000 111.0
62.612356 29.760859 1376413691000 109.0
62.612337 29.760781 1376413693000 109.0
62.612313 29.760696 1376413695000 107.0
62.612294 29.760617 1376413697000 108.0
62.612281 29.760546 1376413699000 108.0
62.612267 29.760481 1376413701000 108.0
62.612247 29.760404 1376413703000 109.0
62.612229 29.760319 1376413705000 107.0
62.612207 29.760236 1376413707000 107.0
62.612186 29.760152 1376413709000 107.0
62.612167 29.760055 1376413711000 108.0
62.612149 29.759946 1376413713000 108.0
62.612132 29.759831 1376413715000 108.0
62.612118 29.759755 1376413717000 106.0
62.612097 29.75972 1376413719000 104.0
62.612087 29.759709 1376413721000 101.0
62.612095 29.759684 1376413723000 99.0
62.61212 29.759665 1376413725000 98.0
62.612139 29.759681 1376413727000 100.0
62.612132 29.759693 1376413729000 100.0
62.612141 29.759664 1376413731000 98.0
62.612172 29.759628 1376413733000 97.0
62.612229 29.759568 1376413735000 99.0
62.612266 29.759541 1376413737000 99.0
62.612299 29.75952 1376413739000 99.0
62.612327 29.759502 1376413741000 100.0
62.612358 29.759475 1376413743000 99.0
62.612397 29.759448 1376413745000 96.0
62.612452 29.759365 1376413747000 93.0
62.612494 29.759309 1376413749000 91.0
62.612541 29.759254 1376413751000 90.0
62.612602 29.7592 1376413753000 90.0
62.612644 29.759167 1376413755000 90.0
62.612685 29.759131 1376413757000 90.0
62.612722 29.759106 1376413759000 90.0
62.612759 29.759085 1376413761000 89.0
62.612797 29.759052 1376413763000 88.0
62.612831 29.75903 1376413765000 88.0
62.612878 29.758996 1376413767000 88.0
62.61292 29.758943 1376413769000 87.0
62.612953 29.758918 1376413771000 87.0
62.612992 29.758905 1376413773000 87.0
62.613035 29.758881 1376413775000 87.0
62.613078 29.758858 1376413777000 84.0
62.613114 29.758858 1376413779000 85.0
62.613151 29.758839 1376413781000 84.0
62.613207 29.758819 1376413783000 81.0
62.613277 29.758769 1376413785000 78.0
62.613319 29.758756 1376413787000 78.0
62.613338 29.75879 1376413789000 79.0
62.613361 29.758812 1376413791000 79.0
62.6134 29.758778 1376413793000 82.0
62.613444 29.75871 1376413795000 85.0
62.613493 29.758631 1376413797000 85.0
62.613552 29.758546 1376413799000 84.0
62.613607 29.758462 1376413801000 84.0
62.613652 29.758423 1376413803000 82.0
62.613682 29.7584 1376413805000 81.0
62.613718 29.758359 1376413807000 80.0
62.613764 29.758322 1376413809000 80.0
62.61381 29.758263 1376413811000 79.0
62.613831 29.758231 1376413812000 79.0
62.613899 29.758176 1376413815000 77.0
62.613965 29.758162 1376413817000 78.0
62.614016 29.75816 1376413819000 79.0
62.614052 29.758157 1376413821000 81.0
62.614098 29.758137 1376413823000 81.0
62.614153 29.758098 1376413825000 81.0
62.614188 29.758127 1376413827000 84.0
62.614228 29.758153 1376413829000 82.0
62.614267 29.758132 1376413831000 84.0
62.614307 29.758127 1376413833000 85.0
62.614353 29.758131 1376413835000 85.0
62.614392 29.758152 1376413837000 86.0
62.614422 29.758146 1376413839000 86.0
62.614451 29.75812 1376413841000 85.0
62.614483 29.758121 1376413843000 83.0
62.614514 29.75813 1376413845000 83.0
62.614544 29.758124 1376413847000 83.0
62.614578 29.758102 1376413849000 84.0
62.614617 29.758084 1376413851000 84.0
62.614658 29.758066 1376413853000 84.0
62.614709 29.758042 1376413855000 84.0
62.614764 29.758022 1376413857000 85.0
62.614818 29.758014 1376413859000 88.0
62.614887 29.757999 1376413861000 90.0
62.614947 29.757981 1376413863000 89.0
62.61501 29.75795 1376413865000 89.0
62.615067 29.757927 1376413867000 89.0
62.615115 29.757911 1376413869000 89.0
62.615163 29.757893 1376413871000 88.0
62.615212 29.757878 1376413873000 88.0
62.615257 29.757875 1376413875000 87.0
62.615305 29.757909 1376413877000 88.0
62.615384 29.757939 1376413879000 89.0
62.615435 29.757961 1376413881000 94.0
62.615474 29.757983 1376413883000 95.0
62.615506 29.758005 1376413885000 95.0
62.615538 29.758015 1376413887000 95.0
62.615551 29.758012 1376413888000 95.0
62.615598 29.758002 1376413891000 95.0
62.615637 29.757992 1376413893000 96.0
62.6157 29.75796 1376413895000 96.0
62.615766 29.757934 1376413897000 95.0
62.615825 29.75792 1376413899000 95.0
62.615885 29.7579 1376413901000 95.0
62.615945 29.757889 1376413903000 95.0
62.616002 29.75792 1376413905000 95.0
62.616048 29.757963 1376413907000 94.0
62.61609 29.757991 1376413909000 93.0
62.616128 29.757992 1376413911000 92.0
62.616166 29.757975 1376413913000 91.0
62.616204 29.757974 1376413915000 92.0
62.616249 29.757981 1376413917000 92.0
62.616283 29.75803 1376413919000 89.0
62.616306 29.758093 1376413921000 89.0
62.616311 29.75818 1376413923000 90.0
62.61631 29.758258 1376413925000 89.0
62.616303 29.758304 1376413927000 86.0
62.616293 29.758354 1376413929000 87.0
62.616278 29.758411 1376413931000 87.0
62.616263 29.758452 1376413933000 87.0
62.616253 29.758481 1376413935000 86.0
62.616243 29.758529 1376413937000 86.0
62.616233 29.758583 1376413939000 86.0
62.616245 29.758643 1376413941000 86.0
62.616256 29.758698 1376413943000 86.0
62.616258 29.758767 1376413945000 84.0
62.616256 29.758857 1376413947000 84.0
62.61626 29.758957 1376413949000 82.0
62.616266 29.759079 1376413951000 80.0
62.616265 29.75919 1376413953000 80.0
62.616264 29.759281 1376413955000 78.0
62.616264 29.759331 1376413956000 76.0
62.616259 29.75949 1376413959000 77.0
62.616266 29.759594 1376413961000 79.0
62.61627 29.759689 1376413963000 79.0
62.616264 29.759764 1376413965000 80.0
62.616249 29.759826 1376413967000 80.0
62.616234 29.759888 1376413969000 80.0
62.616233 29.759976 1376413971000 81.0
62.616231 29.760062 1376413973000 82.0
62.616224 29.760176 1376413975000 81.0
62.616218 29.760235 1376413976000 80.0
62.616192 29.760372 1376413979000 80.0
62.616186 29.760481 1376413981000 79.0
62.616174 29.760564 1376413983000 81.0
62.616152 29.760594 1376413985000 83.0
62.616129 29.760622 1376413987000 84.0
62.616115 29.760677 1376413989000 83.0
62.616096 29.760745 1376413991000 82.0
62.616083 29.760836 1376413993000 82.0
62.616074 29.760935 1376413995000 81.0
62.616062 29.761019 1376413997000 80.0
62.616051 29.761179 1376413999000 81.0
62.61604 29.761325 1376414001000 82.0
62.616029 29.761444 1376414003000 82.0
62.616016 29.761533 1376414005000 82.0
62.615989 29.761611 1376414007000 79.0
62.615949 29.761676 1376414009000 76.0
62.615906 29.761733 1376414011000 75.0
62.615866 29.761783 1376414013000 74.0
62.615834 29.761811 1376414015000 75.0
62.61581 29.761812 1376414017000 76.0
62.615788 29.761817 1376414019000 77.0
62.615761 29.761847 1376414021000 76.0
62.615737 29.761893 1376414023000 75.0
62.615717 29.761934 1376414025000 76.0
62.615695 29.76196 1376414027000 78.0
62.615671 29.761956 1376414029000 78.0
62.615643 29.761941 1376414031000 79.0
62.615614 29.761938 1376414033000 80.0
62.615578 29.761938 1376414035000 80.0
62.615556 29.761942 1376414036000 81.0
62.615501 29.761949 1376414039000 82.0
62.61547 29.761945 1376414041000 82.0
62.615438 29.761908 1376414043000 83.0
62.615403 29.761865 1376414045000 85.0
62.615359 29.761849 1376414047000 84.0
62.615314 29.761871 1376414049000 83.0
62.615267 29.761895 1376414051000 83.0
62.615222 29.761937 1376414053000 82.0
62.615181 29.761971 1376414055000 82.0
62.615149 29.762 1376414057000 83.0
62.615122 29.76201 1376414059000 84.0
62.61509 29.76203 1376414061000 84.0
62.615054 29.762035 1376414063000 85.0
62.615025 29.762035 1376414065000 86.0
62.614997 29.762031 1376414067000 86.0
62.614972 29.762009 1376414069000 87.0
62.614952 29.761985 1376414071000 88.0
62.614932 29.761956 1376414073000 91.0
62.614904 29.761939 1376414075000 91.0
62.614871 29.761923 1376414077000 93.0
62.614837 29.761916 1376414079000 92.0
62.614793 29.761916 1376414081000 91.0
62.614748 29.761916 1376414083000 89.0
62.614708 29.761929 1376414085000 91.0
62.614674 29.761952 1376414087000 92.0
62.614638 29.761956 1376414089000 92.0
62.61459 29.76195 1376414091000 92.0
62.614567 29.761945 1376414092000 92.0
62.614491 29.761919 1376414095000 91.0
62.614442 29.761892 1376414097000 92.0
62.614399 29.761864 1376414099000 94.0
62.614365 29.761837 1376414101000 94.0
62.614329 29.761825 1376414103000 95.0
62.614293 29.761795 1376414105000 95.0
62.614249 29.761771 1376414107000 95.0
62.614205 29.761757 1376414109000 97.0
62.614161 29.761768 1376414111000 97.0
62.614111 29.761771 1376414113000 97.0
62.614054 29.761756 1376414115000 96.0
62.614003 29.761736 1376414117000 98.0
62.613955 29.761718 1376414119000 97.0
62.613915 29.761688 1376414121000 98.0
62.613884 29.761643 1376414123000 100.0
62.613852 29.761599 1376414125000 100.0
62.613826 29.761544 1376414127000 102.0
62.613799 29.761483 1376414129000 102.0
62.613769 29.761428 1376414131000 102.0
62.61373 29.761392 1376414133000 102.0
62.613684 29.761359 1376414135000 104.0
62.613638 29.761323 1376414137000 102.0
62.613581 29.761314 1376414139000 104.0
62.613531 29.761331 1376414141000 102.0
62.613491 29.761338 1376414143000 102.0
62.61345 29.761323 1376414145000 102.0
62.613398 29.761327 1376414147000 101.0
62.613346 29.761326 1376414149000 102.0
62.613292 29.761306 1376414151000 102.0
62.613243 29.761277 1376414153000 102.0
62.613187 29.76127 1376414155000 103.0
62.613131 29.761273 1376414157000 103.0
62.613086 29.761266 1376414159000 104.0
62.613048 29.761262 1376414161000 103.0
62.613013 29.761262 1376414163000 102.0
62.612975 29.761256 1376414165000 104.0
62.612927 29.761218 1376414167000 105.0
62.612875 29.761165 1376414169000 104.0
62.612818 29.761145 1376414171000 105.0
62.612772 29.761144 1376414173000 105.0
62.612728 29.76114 1376414175000 105.0
62.612683 29.761139 1376414177000 106.0
62.612634 29.761137 1376414179000 105.0
62.61259 29.761122 1376414181000 104.0
62.61255 29.761101 1376414183000 104.0
62.612508 29.761082 1376414185000 103.0
62.612472 29.761079 1376414187000 102.0
62.612443 29.761053 1376414189000 103.0
62.61242 29.76102 1376414191000 102.0
62.612402 29.760976 1376414193000 101.0
62.61238 29.760929 1376414195000 100.0
62.612357 29.760899 1376414197000 97.0
62.612327 29.760872 1376414199000 94.0
62.612292 29.76082 1376414201000 92.0
62.612264 29.760753 1376414203000 92.0
62.612238 29.760683 1376414205000 90.0
62.612217 29.760606 1376414207000 89.0
62.612204 29.760541 1376414209000 89.0
62.612193 29.760475 1376414211000 89.0
62.612185 29.760418 1376414213000 89.0
62.612175 29.76036 1376414215000 89.0
62.612162 29.760293 1376414217000 89.0
62.612147 29.760224 1376414219000 91.0
62.612131 29.760155 1376414221000 91.0
62.612118 29.760074 1376414223000 90.0
62.612112 29.759995 1376414225000 89.0
62.612109 29.759911 1376414227000 88.0
62.61211 29.759823 1376414229000 89.0
62.612116 29.759745 1376414231000 86.0
62.612119 29.759717 1376414232000 87.0
62.612113 29.759621 1376414235000 88.0
62.612105 29.75959 1376414236000 88.0
62.612125 29.75952 1376414239000 89.0
62.61214 29.759509 1376414240000 89.0
62.612178 29.759493 1376414243000 88.0
62.612191 29.759483 1376414245000 87.0
62.612208 29.759475 1376414247000 87.0
62.612225 29.75945 1376414249000 87.0
62.612253 29.759423 1376414251000 89.0
62.612296 29.759398 1376414253000 88.0
62.612331 29.759379 1376414255000 88.0
62.612343 29.75937 1376414256000 88.0
62.612396 29.759307 1376414259000 82.0
62.612444 29.759263 1376414261000 83.0
62.612491 29.759232 1376414263000 81.0
62.612537 29.759204 1376414265000 81.0
62.612594 29.759161 1376414267000 81.0
62.612659 29.759109 1376414269000 80.0
62.612728 29.759079 1376414271000 80.0
62.612783 29.759057 1376414273000 81.0
62.612831 29.759047 1376414275000 81.0
62.612871 29.759013 1376414277000 79.0
62.612914 29.758964 1376414279000 78.0
62.61294 29.75888 1376414281000 77.0
62.612956 29.758858 1376414283000 78.0
62.612966 29.758869 1376414285000 79.0
62.612986 29.758877 1376414287000 79.0
62.613008 29.758915 1376414289000 83.0
62.613032 29.75897 1376414291000 86.0
62.613068 29.758992 1376414293000 85.0
62.613135 29.75894 1376414295000 83.0
62.613188 29.758896 1376414297000 83.0
62.613234 29.758857 1376414299000 83.0
62.613272 29.758829 1376414301000 85.0
62.613311 29.758799 1376414303000 86.0
62.613346 29.758776 1376414305000 86.0
62.613387 29.758768 1376414307000 86.0
62.613403 29.758767 1376414308000 86.0
62.613449 29.75875 1376414311000 87.0
62.613498 29.758694 1376414313000 87.0
62.61354 29.758644 1376414315000 86.0
62.613585 29.75858 1376414317000 85.0
62.613621 29.758527 1376414319000 84.0
62.613648 29.758484 1376414321000 85.0
62.613676 29.758447 1376414323000 85.0
62.613704 29.758394 1376414324000 85.0
62.613753 29.758337 1376414327000 85.0
62.613794 29.758303 1376414329000 86.0
62.613823 29.758283 1376414331000 86.0
62.613846 29.758258 1376414333000 86.0
62.613872 29.758235 1376414335000 86.0
62.613904 29.758226 1376414337000 86.0
62.613931 29.758219 1376414339000 86.0
62.613959 29.758216 1376414341000 86.0
62.614004 29.758182 1376414343000 92.0
62.61406 29.758121 1376414345000 92.0
62.614101 29.758077 1376414347000 92.0
62.614116 29.758064 1376414348000 92.0
62.614162 29.75802 1376414351000 94.0
62.614169 29.758012 1376414352000 95.0
62.614204 29.757973 1376414354000 94.0
62.61424 29.757937 1376414356000 92.0