62.615064 29.743321 1378315890000 92.0
62.615064 29.743321 1378315892000 91.0
62.615064 29.743321 1378315894000 91.0
62.615077 29.743289 1378315896000 92.0
62.615102 29.74324 1378315898000 92.0
62.615139 29.743185 1378315900000 91.0
62.615185 29.74317 1378315902000 91.0
62.615239 29.743192 1378315904000 93.0
62.615282 29.743219 1378315906000 92.0
62.615311 29.743412 1378315908000 92.0
62.61532 29.743753 1378315910000 91.0
62.61534 29.743839 1378315912000 90.0
62.615345 29.743934 1378315914000 91.0
62.615374 29.744071 1378315917000 93.0
62.615388 29.744182 1378315918000 94.0
62.615406 29.744294 1378315920000 94.0
62.615418 29.74441 1378315922000 95.0
62.615428 29.744526 1378315924000 92.0
62.615435 29.744647 1378315926000 92.0
62.61544 29.744765 1378315929000 91.0
62.615453 29.744892 1378315930000 92.0
62.615465 29.745008 1378315932000 91.0
62.615479 29.745138 1378315934000 93.0
62.615493 29.745277 1378315936000 94.0
62.6155 29.745412 1378315938000 93.0
62.615496 29.745529 1378315940000 94.0
62.615497 29.745634 1378315942000 94.0
62.615501 29.745721 1378315944000 92.0
62.615506 29.745794 1378315946000 92.0
62.615509 29.745913 1378315948000 92.0
62.615514 29.746031 1378315951000 93.0
62.615518 29.746141 1378315952000 94.0
62.615521 29.746255 1378315954000 92.0
62.615525 29.746361 1378315956000 93.0
62.615527 29.746473 1378315959000 93.0
62.615533 29.746584 1378315960000 92.0
62.615553 29.746697 1378315962000 92.0
62.615578 29.746794 1378315964000 90.0
62.615592 29.746863 1378315966000 88.0
62.615573 29.746924 1378315969000 88.0
62.615548 29.74702 1378315971000 88.0
62.615548 29.747135 1378315972000 91.0
62.615555 29.747246 1378315974000 90.0
62.615559 29.747346 1378315976000 90.0
62.615558 29.747448 1378315978000 90.0
62.61556 29.747562 1378315981000 89.0
62.615573 29.747667 1378315982000 90.0
62.615595 29.74776 1378315984000 90.0
62.61561 29.747838 1378315987000 90.0
62.615622 29.747916 1378315988000 89.0
62.615627 29.748014 1378315990000 88.0
62.615632 29.748116 1378315992000 89.0
62.615636 29.748212 1378315994000 88.0
62.615637 29.748283 1378315997000 88.0
62.615647 29.748363 1378315998000 88.0
62.615671 29.748422 1378316001000 88.0
62.615692 29.74854 1378316002000 86.0
62.6157 29.748658 1378316004000 86.0
62.615704 29.748791 1378316006000 85.0
62.61571 29.748917 1378316008000 84.0
62.615733 29.749024 1378316011000 80.0
62.615749 29.749093 1378316013000 81.0
62.615791 29.749183 1378316014000 80.0
62.615841 29.74928 1378316016000 80.0
62.615896 29.749389 1378316018000 80.0
62.615946 29.749493 1378316020000 79.0
62.615969 29.749569 1378316022000 80.0
62.615979 29.749621 1378316024000 80.0
62.616 29.749678 1378316026000 80.0
62.616009 29.749742 1378316028000 79.0
62.616011 29.749813 1378316030000 80.0
62.616007 29.749896 1378316032000 79.0
62.615995 29.749993 1378316034000 78.0
62.615985 29.750084 1378316037000 80.0
62.615982 29.75018 1378316038000 81.0
62.615966 29.75028 1378316041000 81.0
62.615956 29.75038 1378316042000 81.0
62.615959 29.750483 1378316044000 82.0
62.615971 29.750575 1378316046000 83.0
62.61596 29.750646 1378316048000 84.0
62.615936 29.750717 1378316050000 85.0
62.61592 29.750787 1378316053000 86.0
62.615904 29.750869 1378316054000 87.0
62.615899 29.750968 1378316056000 87.0
62.615902 29.751084 1378316058000 87.0
62.615914 29.751228 1378316061000 87.0
62.615923 29.75138 1378316062000 88.0
62.615928 29.751502 1378316064000 88.0
62.61594 29.751605 1378316066000 88.0
62.615943 29.751692 1378316069000 89.0
62.615935 29.751773 1378316071000 90.0
62.61593 29.7519 1378316072000 85.0
62.61593 29.752003 1378316074000 85.0
62.615933 29.752088 1378316077000 86.0
62.615938 29.752181 1378316078000 85.0
62.615942 29.752279 1378316080000 86.0
62.615938 29.752372 1378316082000 86.0
62.615939 29.75248 1378316084000 87.0
62.615944 29.752589 1378316086000 87.0
62.615952 29.752696 1378316089000 86.0
62.615958 29.752797 1378316090000 85.0
62.61597 29.752947 1378316092000 84.0
62.615979 29.753062 1378316094000 85.0
62.615988 29.75316 1378316096000 85.0
62.615999 29.753264 1378316098000 85.0
62.616009 29.753356 1378316101000 85.0
62.616009 29.753441 1378316103000 86.0
62.616011 29.753541 1378316105000 86.0
62.616009 29.753665 1378316107000 86.0
62.616023 29.753777 1378316109000 87.0
62.616036 29.753897 1378316110000 87.0
62.616048 29.754006 1378316112000 87.0
62.616061 29.754129 1378316114000 88.0
62.616072 29.754242 1378316116000 86.0
62.616073 29.754349 1378316119000 87.0
62.616077 29.754444 1378316120000 86.0
62.616086 29.75454 1378316122000 87.0
62.616103 29.754631 1378316125000 87.0
62.616116 29.75472 1378316126000 88.0
62.616132 29.754812 1378316128000 88.0
62.616135 29.754899 1378316131000 89.0
62.616117 29.754988 1378316132000 90.0
62.616113 29.755057 1378316134000 91.0
62.616141 29.755125 1378316136000 91.0
62.616168 29.755212 1378316139000 89.0
62.616179 29.755293 1378316141000 88.0
62.616187 29.755371 1378316142000 90.0
62.616195 29.755453 1378316144000 90.0
62.6162 29.755549 1378316146000 90.0
62.616211 29.755647 1378316148000 90.0
62.616221 29.755727 1378316150000 90.0
62.616234 29.755801 1378316152000 90.0
62.616251 29.755884 1378316154000 91.0
62.61626 29.755967 1378316156000 91.0
62.616265 29.756053 1378316158000 91.0
62.616271 29.756165 1378316161000 91.0
62.616262 29.756263 1378316162000 91.0
62.616252 29.756349 1378316164000 91.0
62.616265 29.756449 1378316166000 90.0
62.616287 29.756524 1378316168000 90.0
62.616299 29.756588 1378316170000 90.0
62.616293 29.756654 1378316172000 90.0
62.616279 29.756722 1378316174000 90.0
62.616263 29.756786 1378316176000 90.0
62.616252 29.756855 1378316179000 90.0
62.616251 29.756922 1378316180000 90.0
62.616251 29.756996 1378316182000 90.0
62.616249 29.757078 1378316184000 88.0
62.61625 29.757181 1378316187000 89.0
62.61625 29.7573 1378316189000 89.0
62.616252 29.757431 1378316191000 88.0
62.616254 29.757559 1378316192000 88.0
62.61626 29.757661 1378316194000 87.0
62.616268 29.757755 1378316196000 88.0
62.616274 29.757855 1378316198000 87.0
62.616283 29.757966 1378316200000 87.0
62.616292 29.758074 1378316202000 88.0
62.616309 29.758219 1378316204000 86.0
62.616316 29.758349 1378316206000 86.0
62.616319 29.758467 1378316208000 85.0
62.616322 29.758578 1378316210000 85.0
62.616328 29.758686 1378316212000 84.0
62.616338 29.75879 1378316214000 83.0
62.616345 29.758894 1378316216000 82.0
62.61635 29.759007 1378316218000 82.0
62.616352 29.759118 1378316221000 81.0
62.616357 29.759211 1378316222000 81.0
62.616365 29.759302 1378316224000 81.0
62.616371 29.759397 1378316226000 80.0
62.616367 29.759484 1378316228000 81.0
62.616357 29.759562 1378316230000 80.0
62.616336 29.759657 1378316232000 79.0
62.616323 29.759749 1378316234000 80.0
62.616314 29.759836 1378316236000 79.0
62.616304 29.75994 1378316238000 78.0
62.616309 29.760053 1378316240000 75.0
62.616323 29.760141 1378316242000 76.0
62.616335 29.760243 1378316244000 75.0
62.61635 29.76036 1378316246000 74.0
62.616389 29.760471 1378316248000 74.0
62.616422 29.760567 1378316251000 74.0
62.61643 29.760659 1378316252000 75.0
62.616401 29.760767 1378316254000 74.0
62.616367 29.760857 1378316256000 73.0
62.616317 29.760936 1378316258000 73.0
62.616259 29.761005 1378316260000 74.0
62.616218 29.761071 1378316262000 75.0
62.616186 29.761139 1378316264000 76.0
62.616169 29.761217 1378316266000 77.0
62.61617 29.761324 1378316268000 78.0
62.616176 29.761426 1378316270000 79.0
62.616175 29.761496 1378316272000 79.0
62.616173 29.761561 1378316274000 79.0
62.616168 29.761623 1378316276000 79.0
62.616151 29.761684 1378316279000 80.0
62.616107 29.761769 1378316281000 78.0
62.616075 29.761851 1378316282000 78.0
62.616035 29.761912 1378316284000 78.0
62.615994 29.761954 1378316286000 78.0
62.615964 29.762009 1378316288000 77.0
62.61594 29.762073 1378316290000 77.0
62.615904 29.762141 1378316292000 76.0
62.615865 29.762194 1378316294000 77.0
62.615825 29.762222 1378316296000 78.0
62.615787 29.762238 1378316298000 78.0
62.615747 29.762272 1378316300000 77.0
62.615706 29.762318 1378316302000 77.0
62.615662 29.762357 1378316304000 78.0
62.615616 29.762399 1378316306000 79.0
62.615572 29.762413 1378316308000 79.0
62.615527 29.762403 1378316311000 80.0
62.615481 29.762387 1378316312000 81.0
62.615437 29.762366 1378316314000 81.0
62.615396 29.762344 1378316316000 81.0
62.615357 29.762334 1378316319000 82.0
62.615323 29.76233 1378316320000 81.0
62.615277 29.762323 1378316322000 81.0
62.615231 29.762307 1378316324000 81.0
62.615182 29.762316 1378316326000 82.0
62.615143 29.762353 1378316328000 82.0
62.615105 29.762361 1378316330000 82.0
62.615062 29.762339 1378316332000 80.0
62.615015 29.762321 1378316334000 81.0
62.614981 29.762308 1378316336000 81.0
62.614948 29.762297 1378316338000 83.0
62.614903 29.762275 1378316341000 84.0
62.614858 29.762247 1378316342000 84.0
62.614816 29.762225 1378316344000 86.0
62.614784 29.762215 1378316346000 86.0
62.614768 29.762197 1378316348000 85.0
62.61476 29.762167 1378316350000 84.0
62.614736 29.762147 1378316352000 84.0
62.614697 29.762132 1378316354000 85.0
62.614652 29.762119 1378316356000 85.0
62.614609 29.762111 1378316358000 86.0
62.614559 29.762097 1378316360000 86.0
62.614505 29.762079 1378316362000 85.0
62.61446 29.762072 1378316364000 84.0
62.61442 29.762072 1378316366000 83.0
62.614366 29.762055 1378316368000 82.0
62.614305 29.76204 1378316371000 82.0
62.614251 29.762032 1378316372000 82.0
62.614201 29.762021 1378316374000 83.0
62.614147 29.761979 1378316376000 83.0
62.614102 29.76195 1378316378000 83.0
62.614069 29.761946 1378316380000 84.0
62.614046 29.761956 1378316382000 84.0
62.614023 29.761969 1378316385000 86.0
62.613989 29.761973 1378316386000 86.0
62.613959 29.761953 1378316388000 88.0
62.613925 29.76193 1378316390000 88.0
62.613881 29.761904 1378316392000 88.0
62.613823 29.761878 1378316394000 89.0
62.613769 29.761847 1378316396000 89.0
62.613718 29.761815 1378316398000 90.0
62.613676 29.761783 1378316401000 90.0
62.613638 29.761754 1378316402000 89.0
62.613601 29.76173 1378316404000 90.0
62.613559 29.761696 1378316406000 90.0
62.613525 29.761653 1378316408000 89.0
62.613493 29.761614 1378316410000 90.0
62.613459 29.76158 1378316412000 89.0
62.613425 29.761545 1378316414000 88.0
62.613393 29.761499 1378316416000 89.0
62.613351 29.76146 1378316419000 88.0
62.613309 29.761447 1378316420000 89.0
62.613265 29.761447 1378316422000 89.0
62.613223 29.76143 1378316424000 89.0
62.613174 29.7614 1378316426000 89.0
62.613129 29.761395 1378316428000 89.0
62.613085 29.761406 1378316431000 88.0
62.613053 29.761408 1378316432000 88.0
62.613019 29.761424 1378316434000 88.0
62.612976 29.761447 1378316436000 89.0
62.612934 29.761476 1378316438000 89.0
62.612899 29.761499 1378316440000 90.0
62.612857 29.761499 1378316442000 88.0
62.612813 29.761504 1378316444000 90.0
62.612764 29.761494 1378316447000 89.0
62.612726 29.761469 1378316448000 87.0
62.612682 29.761427 1378316450000 86.0
62.612637 29.761404 1378316452000 86.0
62.612589 29.761388 1378316454000 85.0
62.61254 29.761381 1378316456000 85.0
62.612493 29.76138 1378316458000 85.0
62.612457 29.761382 1378316461000 84.0
62.612419 29.761376 1378316462000 84.0
62.612371 29.761362 1378316464000 85.0
62.61232 29.761347 1378316466000 85.0
62.612271 29.761329 1378316468000 84.0
62.612219 29.761304 1378316470000 83.0
62.612172 29.76127 1378316472000 83.0
62.612139 29.761215 1378316474000 85.0
62.612119 29.761147 1378316476000 85.0
62.612104 29.761089 1378316478000 86.0
62.61211 29.761043 1378316480000 87.0
62.612126 29.76097 1378316482000 87.0
62.612136 29.760856 1378316484000 88.0
62.612141 29.760742 1378316486000 88.0
62.612136 29.760654 1378316488000 88.0
62.612125 29.760581 1378316491000 89.0
62.612112 29.760509 1378316492000 90.0
62.612095 29.760435 1378316494000 91.0
62.612079 29.760374 1378316496000 91.0
62.612069 29.760323 1378316498000 91.0
62.61206 29.760257 1378316500000 91.0
62.612052 29.760191 1378316502000 91.0
62.612037 29.760124 1378316504000 91.0
62.612017 29.760051 1378316506000 93.0
62.611999 29.759959 1378316508000 92.0
62.611978 29.759863 1378316510000 92.0
62.611956 29.759776 1378316512000 92.0
62.611943 29.759698 1378316514000 92.0
62.611946 29.759641 1378316516000 91.0
62.611965 29.759606 1378316518000 90.0
62.611993 29.759594 1378316521000 91.0
62.612018 29.759595 1378316522000 91.0
62.612043 29.759586 1378316524000 90.0
62.612064 29.759548 1378316526000 90.0
62.612085 29.759501 1378316528000 91.0
62.612107 29.759475 1378316530000 90.0
62.61214 29.759454 1378316532000 90.0
62.612183 29.759422 1378316534000 90.0
62.612232 29.759375 1378316536000 89.0
62.612278 29.759323 1378316538000 90.0
62.612318 29.759282 1378316540000 92.0
62.612358 29.759259 1378316542000 91.0
62.612394 29.75922 1378316545000 92.0
62.612419 29.759183 1378316546000 92.0
62.612437 29.759181 1378316548000 93.0
62.612462 29.759181 1378316551000 93.0
62.612499 29.759167 1378316552000 93.0
62.612549 29.759139 1378316554000 91.0
62.612606 29.759101 1378316556000 91.0
62.612653 29.759063 1378316558000 92.0
62.612696 29.75902 1378316560000 93.0
62.612737 29.758984 1378316562000 93.0
62.612778 29.758968 1378316564000 93.0
62.612831 29.758947 1378316566000 95.0
62.612884 29.758926 1378316568000 96.0
62.612932 29.758916 1378316570000 96.0
62.612962 29.758921 1378316572000 96.0
62.612999 29.758943 1378316574000 96.0
62.613065 29.758904 1378316576000 97.0
62.613141 29.758834 1378316579000 98.0
62.613204 29.758769 1378316581000 98.0
62.613252 29.758732 1378316582000 99.0
62.613292 29.758706 1378316584000 98.0
62.613332 29.758675 1378316586000 98.0
62.613362 29.75866 1378316588000 97.0
62.613388 29.758635 1378316590000 97.0
62.613427 29.758622 1378316592000 98.0
62.613473 29.758605 1378316594000 96.0
62.613526 29.758568 1378316596000 94.0
62.613576 29.758514 1378316598000 94.0
62.613621 29.758447 1378316600000 94.0
62.613666 29.758387 1378316602000 95.0
62.613708 29.758357 1378316604000 97.0
62.613742 29.758324 1378316606000 97.0
62.613782 29.758279 1378316608000 98.0
62.61382 29.758247 1378316611000 97.0
62.61385 29.758226 1378316612000 97.0
62.613869 29.758233 1378316614000 96.0
62.613898 29.758251 1378316616000 97.0
62.613933 29.758267 1378316618000 98.0
62.613975 29.758268 1378316621000 97.0
62.614023 29.758254 1378316622000 97.0
62.614063 29.758235 1378316624000 97.0
62.614086 29.758223 1378316626000 96.0
62.614115 29.758205 1378316628000 96.0
62.614153 29.75819 1378316630000 97.0
62.614188 29.758195 1378316632000 97.0
62.614219 29.758221 1378316634000 97.0
62.614253 29.758221 1378316636000 97.0
62.614312 29.758179 1378316638000 97.0
62.61436 29.758136 1378316641000 97.0
62.6144 29.758095 1378316642000 97.0
62.614438 29.758064 1378316644000 96.0
62.614476 29.758039 1378316646000 95.0
62.614518 29.758019 1378316648000 95.0
62.614566 29.757995 1378316650000 95.0
62.614606 29.757979 1378316652000 95.0
62.61464 29.757975 1378316654000 94.0
62.614673 29.757985 1378316656000 94.0
62.614709 29.757999 1378316658000 94.0
62.614757 29.757981 1378316660000 93.0
62.614803 29.757941 1378316662000 94.0
62.614833 29.757882 1378316664000 94.0
62.614849 29.757824 1378316666000 95.0
62.614867 29.757746 1378316668000 94.0
62.614887 29.757669 1378316671000 94.0
62.614908 29.757586 1378316672000 94.0
62.614939 29.757489 1378316674000 94.0
62.614974 29.757394 1378316676000 95.0
62.615007 29.757292 1378316678000 95.0
62.615033 29.757193 1378316680000 96.0
62.615049 29.757096 1378316682000 97.0
62.615059 29.756993 1378316684000 97.0
62.615067 29.756888 1378316686000 97.0
62.615078 29.756796 1378316688000 98.0
62.615088 29.756704 1378316690000 98.0
62.615102 29.75662 1378316692000 97.0
62.615116 29.756536 1378316694000 96.0
62.615129 29.756447 1378316696000 96.0
62.61514 29.756349 1378316699000 97.0
62.615154 29.75626 1378316701000 98.0
62.615162 29.75616 1378316702000 98.0
62.615152 29.756051 1378316704000 99.0
62.615132 29.755931 1378316706000 101.0
62.615112 29.75583 1378316708000 101.0
62.615091 29.755754 1378316710000 102.0
62.615072 29.755691 1378316712000 104.0
62.615064 29.755626 1378316714000 104.0
62.615052 29.755549 1378316716000 104.0
62.615041 29.755451 1378316718000 104.0
62.615031 29.755349 1378316720000 103.0
62.615022 29.755257 1378316722000 103.0
62.615013 29.755176 1378316724000 103.0
62.615002 29.755088 1378316726000 102.0
62.614988 29.754999 1378316728000 102.0
62.61498 29.754918 1378316731000 102.0
62.614971 29.754824 1378316732000 103.0
62.614966 29.754725 1378316734000 103.0
62.614963 29.754639 1378316737000 104.0
62.614958 29.754571 1378316738000 104.0
62.61495 29.754502 1378316740000 104.0
62.614939 29.754424 1378316742000 104.0
62.614924 29.75434 1378316744000 104.0
62.614903 29.75427 1378316746000 104.0
62.614887 29.754205 1378316748000 105.0
62.614875 29.754131 1378316750000 105.0
62.614861 29.754051 1378316752000 106.0
62.614836 29.753957 1378316754000 104.0
62.614813 29.753865 1378316756000 104.0
62.614797 29.753773 1378316758000 104.0
62.614779 29.753701 1378316761000 104.0
62.614768 29.753624 1378316762000 105.0
62.614759 29.753543 1378316764000 104.0
62.614752 29.753468 1378316766000 105.0
62.614751 29.753395 1378316768000 104.0
62.614753 29.753346 1378316770000 105.0
62.614762 29.753313 1378316772000 105.0
62.614765 29.753273 1378316774000 105.0
62.614759 29.753195 1378316776000 104.0
62.614742 29.753125 1378316779000 105.0
62.614727 29.753068 1378316781000 104.0
62.614733 29.753028 1378316783000 104.0
62.614752 29.753005 1378316784000 105.0
62.614772 29.752995 1378316786000 103.0
62.614791 29.75298 1378316788000 101.0
62.61481 29.752955 1378316791000 101.0
62.614839 29.752935 1378316792000 102.0
62.614882 29.752919 1378316794000 102.0
62.614938 29.752912 1378316796000 102.0
62.614984 29.752938 1378316798000 103.0
62.615028 29.752957 1378316801000 102.0
62.615068 29.752964 1378316802000 101.0
62.615114 29.752951 1378316804000 101.0
62.615163 29.75294 1378316806000 101.0
62.615209 29.752906 1378316808000 100.0
62.615257 29.752855 1378316811000 100.0
62.615307 29.752819 1378316812000 99.0
62.615351 29.752813 1378316814000 98.0
62.615391 29.752834 1378316816000 97.0
62.615428 29.752855 1378316819000 97.0
62.615455 29.752876 1378316821000 96.0
62.615484 29.752889 1378316822000 99.0
62.615513 29.752903 1378316824000 98.0
62.615546 29.752916 1378316826000 99.0
62.615581 29.752916 1378316828000 99.0
62.615612 29.752914 1378316830000 99.0
62.615639 29.752922 1378316832000 99.0
62.615686 29.752913 1378316834000 99.0
62.61574 29.752898 1378316836000 97.0
62.6158 29.75289 1378316838000 97.0
62.615851 29.752884 1378316840000 98.0
62.615886 29.752876 1378316842000 97.0
62.615902 29.752891 1378316844000 96.0
62.615917 29.752928 1378316846000 96.0
62.61592 29.752975 1378316848000 96.0
62.615922 29.753051 1378316851000 96.0
62.615932 29.753153 1378316852000 95.0
62.615944 29.753257 1378316854000 95.0
62.615953 29.753352 1378316856000 94.0
62.615959 29.753456 1378316858000 94.0
62.615964 29.753561 1378316860000 94.0
62.61597 29.753669 1378316862000 95.0
62.615974 29.753771 1378316864000 92.0
62.615989 29.753874 1378316866000 92.0
62.616003 29.753971 1378316868000 93.0
62.616008 29.754055 1378316870000 93.0
62.616013 29.754138 1378316872000 94.0
62.616025 29.75423 1378316874000 92.0
62.616032 29.754336 1378316876000 92.0
62.616035 29.754459 1378316878000 91.0
62.616044 29.754566 1378316881000 91.0
62.61607 29.754639 1378316883000 90.0
62.6161 29.754742 1378316884000 89.0
62.61612 29.754843 1378316886000 89.0
62.616116 29.754917 1378316888000 87.0
62.616108 29.75497 1378316890000 86.0
62.616107 29.755021 1378316892000 83.0
62.616124 29.755087 1378316894000 83.0
62.616152 29.755186 1378316896000 83.0
62.616175 29.75529 1378316898000 83.0
62.616191 29.755389 1378316900000 82.0
62.616199 29.75549 1378316902000 81.0
62.616201 29.755593 1378316904000 80.0
62.616194 29.7557 1378316906000 81.0
62.616197 29.755789 1378316908000 79.0
62.616214 29.755896 1378316911000 78.0
62.616237 29.755998 1378316912000 78.0
62.616251 29.756088 1378316914000 77.0
62.616262 29.75617 1378316916000 76.0
62.616267 29.756243 1378316918000 76.0
62.616271 29.75632 1378316920000 77.0
62.616276 29.756393 1378316922000 77.0
62.616275 29.756478 1378316924000 77.0
62.616278 29.756568 1378316926000 77.0
62.616289 29.756652 1378316928000 76.0
62.61631 29.756741 1378316930000 76.0
62.616311 29.756827 1378316932000 76.0
62.616302 29.756921 1378316934000 75.0
62.6163 29.757014 1378316936000 75.0
62.616305 29.757106 1378316938000 74.0
62.616313 29.757173 1378316941000 76.0
62.616303 29.757226 1378316942000 76.0
62.616288 29.757279 1378316944000 76.0
62.616264 29.757355 1378316946000 75.0
62.616243 29.757452 1378316948000 75.0
62.616233 29.757547 1378316950000 74.0
62.616234 29.757635 1378316952000 72.0
62.616227 29.75769 1378316955000 72.0
62.616205 29.75773 1378316956000 72.0
62.616172 29.757755 1378316958000 71.0
62.616143 29.757754 1378316960000 70.0
62.616113 29.757738 1378316962000 70.0
62.616078 29.757725 1378316965000 69.0
62.616045 29.75771 1378316966000 70.0
62.616014 29.757687 1378316968000 71.0
62.615981 29.757685 1378316971000 71.0
62.615944 29.757687 1378316972000 72.0
62.615906 29.757682 1378316974000 72.0
62.615866 29.757665 1378316976000 73.0
62.615829 29.757656 1378316979000 73.0
62.615799 29.757661 1378316980000 73.0
62.615764 29.757648 1378316982000 74.0
62.615725 29.757618 1378316985000 73.0
62.615681 29.757603 1378316986000 73.0
62.615644 29.757621 1378316988000 74.0
62.615606 29.757655 1378316990000 73.0
62.61556 29.75768 1378316992000 73.0
62.615518 29.75771 1378316995000 73.0
62.615477 29.757734 1378316996000 73.0
62.615458 29.757759 1378316998000 74.0
62.615422 29.7578 1378317001000 74.0
62.615372 29.757827 1378317002000 74.0
62.61533 29.757836 1378317004000 73.0
62.615296 29.757856 1378317006000 74.0
62.615261 29.757874 1378317008000 74.0
62.615212 29.757872 1378317010000 74.0
62.615159 29.757851 1378317012000 74.0
62.615106 29.757847 1378317014000 74.0
62.615057 29.757857 1378317016000 74.0
62.615019 29.757873 1378317018000 74.0
62.614969 29.757876 1378317020000 72.0
62.614911 29.757882 1378317022000 72.0
62.614857 29.757879 1378317024000 71.0
62.614799 29.757868 1378317026000 72.0
62.614742 29.757839 1378317028000 73.0
62.614709 29.757805 1378317031000 74.0
62.614678 29.757771 1378317032000 73.0
62.614642 29.75774 1378317034000 74.0
62.614604 29.757726 1378317036000 73.0
62.614563 29.757732 1378317038000 73.0
62.614533 29.757741 1378317040000 73.0
62.614517 29.757738 1378317042000 73.0
62.614484 29.757752 1378317044000 73.0
62.614449 29.757815 1378317046000 72.0
62.614402 29.757868 1378317048000 74.0
62.614365 29.757908 1378317050000 74.0
62.614333 29.757939 1378317052000 74.0
62.6143 29.757972 1378317054000 74.0
62.614262 29.758014 1378317056000 73.0
62.614221 29.758059 1378317058000 72.0
62.614175 29.758082 1378317061000 71.0
62.61413 29.7581 1378317062000 72.0
62.614069 29.758099 1378317064000 72.0
62.614016 29.758096 1378317066000 72.0
62.613962 29.758099 1378317068000 73.0
62.613911 29.758119 1378317070000 73.0
62.613861 29.758133 1378317072000 74.0
62.613816 29.75813 1378317075000 74.0
62.613774 29.758147 1378317076000 75.0
62.613738 29.758174 1378317079000 77.0
62.613721 29.758188 1378317080000 76.0
62.613697 29.75821 1378317083000 75.0
62.613663 29.758237 1378317084000 75.0
62.613633 29.758251 1378317086000 75.0
62.613598 29.758249 1378317088000 75.0
62.613563 29.758272 1378317091000 74.0
62.613522 29.758323 1378317092000 73.0
62.613483 29.758389 1378317094000 74.0
62.613446 29.758458 1378317097000 74.0
62.613406 29.758527 1378317098000 74.0
62.613365 29.75859 1378317100000 74.0
62.61333 29.758646 1378317102000 75.0
62.6133 29.758692 1378317104000 74.0
62.613271 29.758741 1378317106000 75.0
62.613243 29.758781 1378317108000 75.0
62.613203 29.758802 1378317110000 75.0
62.613151 29.758809 1378317112000 74.0
62.613102 29.758829 1378317114000 73.0
62.61306 29.758843 1378317116000 72.0
62.613019 29.758854 1378317118000 73.0
62.612973 29.758858 1378317121000 72.0
62.612925 29.758873 1378317123000 74.0
62.612884 29.758895 1378317124000 72.0
62.612852 29.758906 1378317126000 72.0
62.612834 29.758921 1378317129000 72.0
62.612813 29.758947 1378317130000 73.0
62.612771 29.758994 1378317132000 72.0
62.612723 29.759035 1378317134000 72.0
62.612679 29.759076 1378317136000 72.0
62.61264 29.759148 1378317138000 72.0
62.612618 29.759239 1378317140000 70.0
62.612592 29.759301 1378317143000 71.0
62.612563 29.759349 1378317144000 71.0
62.612509 29.759358 1378317146000 71.0
62.612441 29.759348 1378317148000 71.0
62.612368 29.759325 1378317151000 71.0
62.612293 29.759304 1378317152000 70.0
62.612233 29.759288 1378317154000 70.0
62.612181 29.759276 1378317156000 70.0
62.612137 29.75927 1378317159000 70.0
62.6121 29.75926 1378317160000 69.0
62.612069 29.759299 1378317162000 68.0
62.612044 29.759358 1378317165000 68.0
62.612019 29.759391 1378317166000 68.0
62.61199 29.759419 1378317168000 67.0
62.611958 29.759464 1378317170000 67.0
62.611933 29.759515 1378317172000 67.0
62.611917 29.759595 1378317174000 66.0
62.611923 29.759689 1378317176000 64.0
62.611951 29.759787 1378317178000 65.0
62.611974 29.759876 1378317180000 65.0
62.612005 29.759973 1378317182000 65.0
62.612037 29.760073 1378317184000 66.0
62.612062 29.760176 1378317186000 67.0
62.612071 29.760283 1378317188000 68.0
62.612074 29.760385 1378317190000 68.0
62.612074 29.760492 1378317192000 68.0
62.612062 29.760571 1378317194000 68.0
62.612058 29.760646 1378317196000 68.0
62.612055 29.760728 1378317198000 68.0
62.612057 29.760841 1378317200000 68.0
62.612061 29.760955 1378317202000 68.0
62.612068 29.76106 1378317204000 69.0
62.612082 29.761172 1378317206000 69.0
62.612099 29.761271 1378317208000 69.0
62.612126 29.76134 1378317211000 68.0
62.612159 29.761392 1378317212000 69.0
62.612202 29.761441 1378317214000 69.0
62.61225 29.761484 1378317216000 69.0
62.612302 29.761528 1378317218000 69.0
62.612336 29.761575 1378317221000 69.0
62.612358 29.761619 1378317223000 70.0
62.612384 29.761651 1378317224000 71.0
62.612412 29.76168 1378317226000 71.0
62.612453 29.761699 1378317229000 71.0
62.612498 29.761702 1378317230000 71.0
62.612562 29.761694 1378317232000 72.0
62.61263 29.761683 1378317234000 72.0
62.612693 29.761694 1378317237000 71.0
62.612757 29.761705 1378317238000 71.0
62.612822 29.761741 1378317240000 72.0
62.612874 29.761777 1378317242000 72.0
62.612921 29.761779 1378317244000 72.0
62.612961 29.76178 1378317246000 72.0
62.612982 29.761761 1378317248000 71.0
62.61301 29.761756 1378317250000 72.0
62.613063 29.761727 1378317252000 72.0
62.613117 29.761702 1378317255000 73.0
62.613169 29.761696 1378317256000 73.0
62.613218 29.761699 1378317258000 73.0
62.613288 29.761695 1378317260000 73.0
62.61335 29.761711 1378317262000 72.0
62.613399 29.761743 1378317264000 73.0
62.613445 29.761773 1378317266000 74.0
62.613477 29.761804 1378317268000 73.0
62.61352 29.761827 1378317270000 73.0
62.613585 29.761853 1378317272000 73.0
62.613647 29.761883 1378317275000 73.0
62.613707 29.761906 1378317276000 73.0
62.613756 29.761953 1378317279000 73.0
62.613806 29.761997 1378317280000 73.0
62.613853 29.762032 1378317282000 74.0
62.613904 29.762057 1378317284000 74.0
62.613957 29.762075 1378317286000 74.0
62.614003 29.762089 1378317289000 75.0
62.614054 29.762099 1378317290000 75.0
62.614109 29.762101 1378317292000 75.0
62.614161 29.762104 1378317294000 76.0
62.614204 29.762125 1378317296000 77.0
62.614237 29.762143 1378317298000 76.0
62.614258 29.76217 1378317300000 75.0
62.614279 29.76221 1378317302000 75.0
62.61432 29.762239 1378317305000 75.0
62.614368 29.762271 1378317307000 76.0
62.614415 29.762305 1378317308000 75.0
62.614467 29.762342 1378317310000 76.0
62.614524 29.762357 1378317312000 76.0
62.614579 29.762363 1378317314000 76.0
62.614653 29.76235 1378317316000 75.0
62.614718 29.762335 1378317318000 74.0
62.614773 29.762338 1378317320000 74.0
62.614817 29.762362 1378317322000 75.0
62.614858 29.762382 1378317324000 76.0
62.614889 29.762394 1378317326000 76.0
62.614918 29.762408 1378317328000 75.0
62.614925 29.76243 1378317330000 76.0
62.61493 29.762449 1378317332000 75.0
62.61493 29.762455 1378317334000 74.0
62.61495 29.762454 1378317336000 74.0
62.614978 29.762439 1378317338000 74.0
62.61502 29.762387 1378317340000 74.0
62.615077 29.762321 1378317342000 74.0
62.615143 29.762272 1378317344000 73.0
62.6152 29.762233 1378317346000 74.0
62.61524 29.762216 1378317348000 74.0
62.615295 29.762211 1378317350000 74.0
62.61537 29.762215 1378317352000 74.0
62.615439 29.762254 1378317355000 75.0
62.615501 29.762289 1378317356000 75.0
62.615545 29.76233 1378317358000 75.0
62.615581 29.762357 1378317360000 75.0
62.615611 29.762373 1378317363000 75.0
62.615646 29.762376 1378317364000 74.0
62.615691 29.762365 1378317366000 74.0
62.615745 29.762356 1378317368000 73.0
62.615788 29.762339 1378317370000 74.0
62.615823 29.762326 1378317372000 74.0
62.615858 29.762305 1378317374000 74.0
62.615908 29.762284 1378317376000 73.0
62.615973 29.762258 1378317378000 73.0
62.616025 29.762217 1378317380000 70.0
62.616072 29.762187 1378317382000 71.0
62.616113 29.762122 1378317384000 72.0
62.616143 29.762052 1378317386000 75.0
62.616164 29.761953 1378317388000 76.0
62.616178 29.761839 1378317390000 77.0
62.616196 29.761716 1378317392000 79.0
62.616207 29.761604 1378317394000 81.0
62.61622 29.761487 1378317396000 83.0
62.616233 29.761376 1378317398000 86.0
62.616241 29.761272 1378317400000 87.0
62.616253 29.761152 1378317402000 87.0
62.616268 29.761035 1378317404000 87.0
62.616284 29.760935 1378317406000 88.0
62.616294 29.760847 1378317408000 89.0
62.616292 29.760771 1378317410000 88.0
62.616283 29.7607 1378317412000 88.0
62.616283 29.760629 1378317414000 87.0
62.61631 29.760546 1378317416000 87.0
62.616356 29.760466 1378317418000 87.0
62.616403 29.76038 1378317420000 87.0
62.616424 29.760283 1378317422000 87.0
62.616437 29.760175 1378317424000 87.0
62.616446 29.760068 1378317426000 88.0
62.616457 29.759963 1378317429000 88.0
62.616465 29.759855 1378317430000 88.0
62.616475 29.759761 1378317433000 88.0
62.616484 29.759672 1378317434000 88.0
62.616482 29.759573 1378317436000 88.0
62.616476 29.759477 1378317438000 88.0
62.61647 29.759413 1378317440000 88.0
62.616463 29.759345 1378317442000 87.0
62.616442 29.759251 1378317444000 87.0
62.616413 29.75916 1378317446000 87.0
62.616392 29.759098 1378317448000 87.0
62.616371 29.759018 1378317450000 86.0
62.616366 29.758919 1378317452000 86.0
62.616376 29.758802 1378317454000 84.0
62.616375 29.758674 1378317456000 84.0
62.616371 29.758545 1378317458000 83.0
62.616371 29.758429 1378317460000 83.0
62.616375 29.758338 1378317462000 83.0
62.616374 29.758264 1378317465000 83.0
62.616371 29.758191 1378317466000 85.0
62.61636 29.758122 1378317468000 86.0
62.616335 29.758032 1378317470000 86.0
62.616306 29.757952 1378317472000 86.0
62.616269 29.757893 1378317474000 85.0
62.616229 29.75786 1378317476000 84.0
62.616183 29.757836 1378317479000 83.0
62.616128 29.757816 1378317481000 81.0
62.616074 29.757793 1378317482000 82.0
62.616025 29.757774 1378317484000 83.0
62.615978 29.757774 1378317487000 82.0
62.615919 29.757764 1378317488000 80.0
62.615863 29.757745 1378317490000 80.0
62.615817 29.757742 1378317492000 80.0
62.615775 29.757732 1378317494000 79.0
62.61573 29.757722 1378317496000 78.0
62.615683 29.757726 1378317498000 79.0
62.615653 29.757684 1378317500000 77.0
62.615623 29.757649 1378317502000 76.0
62.615598 29.757637 1378317505000 77.0
62.615575 29.757656 1378317506000 78.0
62.615534 29.757666 1378317508000 78.0
62.615487 29.757673 1378317510000 77.0
62.615445 29.757671 1378317512000 78.0
62.615412 29.75767 1378317514000 78.0
62.615386 29.757696 1378317516000 78.0
62.615356 29.757724 1378317518000 78.0
62.615325 29.75774 1378317520000 78.0
62.61529 29.757759 1378317522000 79.0
62.615253 29.757779 1378317524000 78.0
62.615219 29.757803 1378317526000 79.0
62.615179 29.757822 1378317528000 78.0
62.615137 29.757788 1378317530000 79.0
62.615093 29.757744 1378317532000 79.0
62.615055 29.757735 1378317534000 79.0
62.615026 29.757742 1378317536000 80.0
62.615005 29.757753 1378317538000 81.0
62.614985 29.757775 1378317540000 82.0
62.614998 29.757769 1378317543000 82.0
62.615037 29.757714 1378317544000 83.0
62.615078 29.757635 1378317546000 83.0
62.615111 29.757545 1378317548000 84.0
62.615131 29.757446 1378317551000 83.0
62.615143 29.757347 1378317552000 83.0
62.615159 29.757252 1378317554000 84.0
62.615169 29.757165 1378317556000 83.0
62.615169 29.757073 1378317558000 83.0
62.615165 29.756978 1378317560000 83.0
62.615157 29.756876 1378317562000 83.0
62.615146 29.756769 1378317564000 85.0
62.615136 29.756689 1378317566000 85.0
62.615123 29.756638 1378317568000 86.0
62.615117 29.756585 1378317570000 87.0
62.615123 29.756544 1378317572000 88.0
62.615135 29.756502 1378317574000 90.0
62.615127 29.756426 1378317576000 89.0
62.615102 29.756335 1378317578000 89.0
62.615076 29.756252 1378317580000 89.0
62.615063 29.756168 1378317582000 88.0
62.615054 29.756072 1378317584000 89.0
62.615053 29.755966 1378317586000 91.0
62.61506 29.75585 1378317588000 92.0
62.61507 29.755725 1378317590000 93.0
62.615073 29.755554 1378317592000 92.0
62.615073 29.755386 1378317594000 93.0
62.615064 29.755269 1378317596000 93.0
62.615051 29.755198 1378317598000 93.0
62.615034 29.755142 1378317600000 94.0
62.615012 29.755085 1378317602000 94.0
62.614991 29.755017 1378317604000 94.0
62.614961 29.754954 1378317606000 93.0
62.614935 29.754899 1378317608000 92.0
62.614913 29.754828 1378317610000 92.0
62.614891 29.754738 1378317612000 93.0
62.614875 29.754655 1378317614000 94.0
62.614869 29.754577 1378317616000 95.0
62.614857 29.754488 1378317618000 94.0
62.614846 29.754405 1378317620000 95.0
62.614849 29.754319 1378317622000 95.0
62.614851 29.754237 1378317624000 94.0
62.614817 29.754149 1378317626000 94.0
62.614783 29.754028 1378317628000 93.0
62.614773 29.753889 1378317630000 95.0
62.614767 29.753742 1378317632000 95.0
62.614749 29.75362 1378317634000 96.0
62.614735 29.753517 1378317636000 96.0
62.614725 29.75344 1378317638000 97.0
62.614713 29.753402 1378317640000 98.0
62.614711 29.753371 1378317642000 95.0
62.614723 29.75332 1378317644000 94.0
62.614727 29.753259 1378317646000 94.0
62.614743 29.753194 1378317648000 94.0
62.614755 29.753117 1378317650000 92.0
62.614738 29.753024 1378317652000 89.0
62.614713 29.752955 1378317654000 87.0
62.614713 29.75292 1378317656000 86.0
62.614722 29.752906 1378317658000 86.0
62.614741 29.752878 1378317660000 86.0
62.614774 29.752874 1378317663000 86.0
62.614825 29.75287 1378317664000 87.0
62.614882 29.752885 1378317666000 87.0
62.61493 29.752928 1378317668000 87.0
62.614986 29.752937 1378317670000 88.0
62.615045 29.752937 1378317673000 88.0
62.615111 29.752913 1378317674000 88.0
62.615178 29.752879 1378317677000 88.0
62.615248 29.752869 1378317679000 89.0
62.615335 29.752895 1378317680000 89.0
62.615399 29.752934 1378317682000 88.0
62.615436 29.752967 1378317684000 89.0
62.61547 29.752982 1378317686000 89.0
62.615511 29.75301 1378317688000 89.0
62.615538 29.752988 1378317690000 88.0
62.615564 29.752945 1378317692000 89.0
62.615592 29.752937 1378317694000 88.0
62.615613 29.752941 1378317696000 87.0
62.615635 29.752956 1378317698000 86.0
62.615661 29.752961 1378317700000 86.0
62.615692 29.752955 1378317703000 86.0
62.615732 29.75294 1378317704000 87.0
62.615773 29.752928 1378317707000 87.0
62.61581 29.752919 1378317708000 86.0
62.615846 29.752862 1378317710000 86.0
62.61588 29.752768 1378317713000 86.0
62.615919 29.752657 1378317714000 85.0
62.615944 29.752533 1378317716000 87.0
62.615957 29.752415 1378317718000 86.0
62.615983 29.752323 1378317720000 85.0
62.616017 29.752238 1378317722000 86.0
62.616041 29.752158 1378317725000 87.0
62.616052 29.752065 1378317726000 87.0
62.616064 29.751968 1378317728000 85.0
62.616088 29.751881 1378317731000 83.0
62.616095 29.751777 1378317732000 83.0
62.616086 29.751676 1378317734000 84.0
62.616067 29.751608 1378317736000 85.0
62.616047 29.751548 1378317738000 85.0
62.616027 29.751483 1378317740000 83.0
62.616012 29.751416 1378317742000 83.0
62.615992 29.751349 1378317745000 82.0
62.615967 29.751288 1378317746000 81.0
62.615961 29.751217 1378317748000 82.0
62.615983 29.751078 1378317752000 83.0
62.616 29.750981 1378317753000 84.0
62.61601 29.750882 1378317755000 84.0
62.616011 29.750786 1378317757000 84.0
62.61601 29.750695 1378317759000 84.0
62.616007 29.750602 1378317761000 84.0
62.616 29.750492 1378317763000 84.0
62.616 29.75036 1378317765000 87.0
62.615996 29.750219 1378317767000 88.0
62.615978 29.750085 1378317769000 89.0
62.615959 29.749954 1378317771000 89.0
62.615958 29.749838 1378317773000 89.0
62.615982 29.749709 1378317775000 85.0
62.615984 29.749596 1378317777000 85.0
62.615963 29.74947 1378317779000 84.0
62.615931 29.749379 1378317782000 83.0
62.615889 29.749311 1378317783000 84.0
62.615853 29.74927 1378317785000 82.0
62.615821 29.749228 1378317787000 81.0
62.61579 29.749182 1378317789000 80.0
62.615767 29.749135 1378317791000 80.0
62.615751 29.749094 1378317793000 81.0
62.615742 29.749022 1378317795000 82.0
62.615737 29.748927 1378317797000 82.0
62.615738 29.748823 1378317799000 80.0
62.615738 29.74872 1378317801000 79.0
62.615735 29.748617 1378317803000 79.0
62.615724 29.748513 1378317805000 80.0
62.615709 29.74842 1378317807000 79.0
62.615705 29.748341 1378317809000 78.0
62.615709 29.748239 1378317812000 78.0
62.615705 29.748118 1378317813000 78.0
62.615693 29.74802 1378317816000 78.0
62.615668 29.747947 1378317817000 79.0
62.615638 29.74787 1378317819000 78.0
62.615619 29.747797 1378317821000 80.0
62.615613 29.747718 1378317823000 80.0
62.615615 29.747636 1378317825000 80.0
62.615613 29.747548 1378317827000 79.0
62.615612 29.747455 1378317829000 80.0
62.615623 29.747363 1378317831000 80.0
62.615647 29.747308 1378317833000 81.0
62.615658 29.747241 1378317835000 81.0
62.615649 29.747116 1378317837000 80.0
62.61563 29.74699 1378317839000 79.0
62.615622 29.746873 1378317842000 80.0
62.615611 29.746741 1378317843000 79.0
62.615602 29.746601 1378317845000 79.0
62.615583 29.746456 1378317847000 78.0
62.61556 29.746332 1378317849000 78.0
62.615533 29.746227 1378317851000 76.0
62.615512 29.746156 1378317853000 76.0
62.615503 29.746097 1378317856000 76.0
62.615497 29.746028 1378317857000 75.0
62.615496 29.745948 1378317859000 74.0
62.615497 29.745856 1378317861000 74.0
62.615498 29.74574 1378317863000 74.0
62.61549 29.745624 1378317865000 74.0
62.615477 29.745514 1378317867000 74.0
62.615455 29.745418 1378317869000 74.0
62.615427 29.745323 1378317872000 74.0
62.615407 29.74525 1378317873000 73.0
62.615403 29.74515 1378317875000 71.0
62.615402 29.745046 1378317877000 71.0
62.615406 29.74495 1378317879000 71.0
62.615417 29.744862 1378317881000 71.0
62.615427 29.744774 1378317883000 71.0
62.615429 29.744691 1378317885000 73.0
62.615426 29.744607 1378317887000 74.0
62.615419 29.744518 1378317889000 74.0
62.615412 29.744424 1378317892000 73.0
62.615407 29.744339 1378317893000 72.0
62.615406 29.744264 1378317895000 72.0
62.615399 29.744177 1378317897000 72.0
62.615392 29.744093 1378317899000 73.0
62.615391 29.744 1378317902000 74.0
62.615381 29.743897 1378317903000 73.0
62.615369 29.743795 1378317905000 72.0
62.615356 29.743704 1378317907000 72.0
62.615345 29.743626 1378317909000 71.0
62.615331 29.743539 1378317911000 71.0
62.615319 29.743456 1378317913000 71.0
62.615311 29.743364 1378317915000 71.0
62.615296 29.743265 1378317917000 70.0
62.615265 29.743196 1378317920000 70.0
62.615233 29.743155 1378317921000 71.0
62.615204 29.743134 1378317923000 73.0
62.615176 29.743126 1378317925000 73.0
62.615136 29.743149 1378317927000 71.0
62.615111 29.743177 1378317929000 73.0
62.615083 29.743234 1378317932000 71.0