62.615003 29.743331 1378918392000 82.0
62.615023 29.743383 1378918394000 82.0
62.61505 29.743408 1378918396000 81.0
62.615099 29.743361 1378918398000 82.0
62.615149 29.743252 1378918400000 83.0
62.615215 29.74321 1378918402000 84.0
62.615275 29.743201 1378918404000 84.0
62.615332 29.74335 1378918406000 82.0
62.615328 29.743702 1378918408000 80.0
62.615313 29.743947 1378918410000 80.0
62.615365 29.744119 1378918412000 81.0
62.6154 29.744321 1378918414000 81.0
62.61546 29.744467 1378918416000 81.0
62.615471 29.744641 1378918418000 81.0
62.61548 29.744772 1378918420000 81.0
62.615489 29.744924 1378918422000 80.0
62.61543 29.745153 1378918424000 84.0
62.615424 29.745345 1378918426000 89.0
62.615446 29.745538 1378918428000 90.0
62.615469 29.745768 1378918430000 90.0
62.615486 29.745993 1378918432000 88.0
62.61549 29.746149 1378918434000 87.0
62.6155 29.746242 1378918436000 87.0
62.615511 29.746377 1378918438000 86.0
62.615524 29.746522 1378918440000 86.0
62.615534 29.746672 1378918442000 85.0
62.615527 29.746818 1378918444000 85.0
62.615532 29.746979 1378918446000 84.0
62.615544 29.747143 1378918448000 84.0
62.615552 29.747221 1378918449000 84.0
62.61557 29.747437 1378918452000 83.0
62.615586 29.747588 1378918454000 86.0
62.615603 29.747735 1378918456000 86.0
62.615622 29.747875 1378918458000 87.0
62.615623 29.74804 1378918460000 87.0
62.615626 29.748189 1378918462000 87.0
62.61563 29.748311 1378918464000 87.0
62.615629 29.748428 1378918466000 87.0
62.615637 29.748535 1378918468000 92.0
62.615675 29.748707 1378918470000 92.0
62.615715 29.748867 1378918472000 91.0
62.61575 29.748999 1378918474000 91.0
62.61578 29.74914 1378918476000 92.0
62.615812 29.749282 1378918478000 92.0
62.615848 29.749417 1378918480000 92.0
62.61588 29.749545 1378918482000 92.0
62.615907 29.74968 1378918484000 93.0
62.615923 29.749808 1378918486000 93.0
62.615924 29.749943 1378918488000 93.0
62.615933 29.750101 1378918490000 93.0
62.615948 29.750272 1378918492000 94.0
62.615956 29.750446 1378918494000 94.0
62.615968 29.750623 1378918496000 93.0
62.615965 29.75079 1378918498000 94.0
62.615948 29.750911 1378918500000 93.0
62.615927 29.751012 1378918502000 93.0
62.61591 29.75111 1378918504000 93.0
62.615891 29.751257 1378918506000 94.0
62.615877 29.751426 1378918508000 93.0
62.615884 29.75158 1378918510000 93.0
62.615874 29.751661 1378918512000 92.0
62.615861 29.75171 1378918513000 90.0
62.616054 29.753627 1378918542000 83.0
62.616068 29.753769 1378918544000 85.0
62.616078 29.753903 1378918546000 84.0
62.616084 29.754017 1378918548000 85.0
62.616083 29.754137 1378918550000 86.0
62.616085 29.754237 1378918552000 87.0
62.616101 29.754332 1378918554000 85.0
62.616126 29.754441 1378918556000 85.0
62.616153 29.754567 1378918558000 84.0
62.616181 29.75471 1378918560000 85.0
62.616198 29.754856 1378918562000 85.0
62.616205 29.754992 1378918564000 85.0
62.616215 29.755122 1378918566000 85.0
62.616214 29.755253 1378918568000 85.0
62.616222 29.755379 1378918570000 84.0
62.616233 29.755485 1378918572000 83.0
62.616236 29.75559 1378918574000 82.0
62.616241 29.755694 1378918576000 83.0
62.616261 29.755821 1378918578000 82.0
62.616282 29.755948 1378918580000 81.0
62.616293 29.756077 1378918582000 81.0
62.616308 29.756219 1378918584000 81.0
62.61632 29.756356 1378918586000 81.0
62.616317 29.756495 1378918588000 79.0
62.616303 29.756602 1378918590000 81.0
62.616279 29.756699 1378918592000 81.0
62.616254 29.756814 1378918594000 82.0
62.616234 29.75693 1378918596000 82.0
62.616224 29.757054 1378918598000 81.0
62.616223 29.757194 1378918600000 82.0
62.616232 29.757349 1378918602000 83.0
62.616249 29.757523 1378918604000 84.0
62.616269 29.757676 1378918606000 86.0
62.616287 29.757825 1378918608000 87.0
62.616313 29.758006 1378918610000 86.0
62.61632 29.758138 1378918612000 85.0
62.616315 29.758246 1378918614000 84.0
62.616304 29.758338 1378918616000 83.0
62.616292 29.758432 1378918618000 84.0
62.616288 29.758529 1378918620000 85.0
62.6163 29.758626 1378918622000 85.0
62.616305 29.758708 1378918624000 85.0
62.616307 29.758802 1378918626000 85.0
62.616308 29.758882 1378918628000 85.0
62.616314 29.758973 1378918630000 84.0
62.616325 29.759094 1378918632000 85.0
62.616337 29.759225 1378918634000 85.0
62.616344 29.759345 1378918636000 85.0
62.616343 29.759486 1378918638000 85.0
62.616327 29.759604 1378918640000 83.0
62.616317 29.759709 1378918642000 84.0
62.616329 29.759827 1378918644000 86.0
62.616349 29.759927 1378918646000 86.0
62.616367 29.76002 1378918648000 86.0
62.616379 29.760123 1378918650000 85.0
62.616393 29.760252 1378918652000 85.0
62.616378 29.760376 1378918654000 85.0
62.616326 29.760441 1378918656000 84.0
62.616271 29.760522 1378918658000 83.0
62.616226 29.760651 1378918660000 82.0
62.616205 29.760777 1378918662000 81.0
62.616185 29.760906 1378918664000 81.0
62.61616 29.761028 1378918666000 82.0
62.616133 29.761151 1378918668000 82.0
62.616109 29.761271 1378918670000 81.0
62.616076 29.761384 1378918672000 81.0
62.616042 29.761483 1378918674000 80.0
62.616015 29.761563 1378918676000 80.0
62.615986 29.76164 1378918678000 79.0
62.615949 29.761712 1378918680000 78.0
62.615903 29.761775 1378918682000 79.0
62.615861 29.761845 1378918684000 78.0
62.615826 29.761899 1378918686000 78.0
62.615793 29.761933 1378918688000 79.0
62.615751 29.761964 1378918690000 78.0
62.615692 29.761979 1378918692000 78.0
62.615627 29.761974 1378918694000 78.0
62.615571 29.761968 1378918696000 78.0
62.615522 29.761978 1378918698000 79.0
62.615485 29.761999 1378918700000 79.0
62.615443 29.762004 1378918702000 80.0
62.615394 29.762005 1378918704000 80.0
62.615342 29.762011 1378918706000 79.0
62.615287 29.762013 1378918708000 78.0
62.615234 29.76201 1378918710000 78.0
62.615175 29.762024 1378918712000 77.0
62.615115 29.762042 1378918714000 76.0
62.61505 29.762044 1378918716000 75.0
62.614986 29.762037 1378918718000 77.0
62.614932 29.762039 1378918720000 77.0
62.614885 29.762034 1378918722000 78.0
62.614834 29.762022 1378918724000 77.0
62.614778 29.761998 1378918726000 77.0
62.614725 29.761979 1378918728000 78.0
62.614678 29.761973 1378918730000 76.0
62.614632 29.761978 1378918732000 75.0
62.61458 29.761984 1378918734000 73.0
62.614523 29.761984 1378918736000 74.0
62.614469 29.761965 1378918738000 73.0
62.614414 29.761936 1378918740000 73.0
62.614355 29.761928 1378918742000 74.0
62.614302 29.761925 1378918744000 74.0
62.61425 29.761905 1378918746000 74.0
62.614201 29.761871 1378918748000 75.0
62.614153 29.761833 1378918750000 75.0
62.614109 29.761801 1378918752000 75.0
62.614069 29.761778 1378918754000 76.0
62.614022 29.761748 1378918756000 75.0
62.613972 29.761713 1378918758000 75.0
62.613928 29.761681 1378918760000 75.0
62.613874 29.761656 1378918762000 75.0
62.613813 29.76163 1378918764000 76.0
62.613739 29.761595 1378918766000 77.0
62.61365 29.76154 1378918768000 78.0
62.613571 29.761483 1378918770000 78.0
62.613521 29.761424 1378918772000 78.0
62.613476 29.761382 1378918774000 80.0
62.613431 29.761356 1378918776000 78.0
62.613405 29.76134 1378918778000 77.0
62.613361 29.76132 1378918780000 76.0
62.613298 29.761307 1378918782000 76.0
62.613232 29.761286 1378918784000 77.0
62.613181 29.761256 1378918786000 76.0
62.613135 29.761233 1378918788000 76.0
62.613075 29.761255 1378918790000 75.0
62.613028 29.761276 1378918792000 75.0
62.612986 29.761294 1378918794000 76.0
62.612944 29.76131 1378918796000 74.0
62.612906 29.761328 1378918798000 73.0
62.612863 29.761336 1378918800000 73.0
62.612795 29.761312 1378918802000 71.0
62.612728 29.761275 1378918804000 71.0
62.612663 29.761235 1378918806000 72.0
62.612593 29.761211 1378918808000 71.0
62.612528 29.761206 1378918810000 71.0
62.61247 29.761202 1378918812000 71.0
62.612418 29.761194 1378918814000 69.0
62.612374 29.761172 1378918816000 68.0
62.612326 29.761147 1378918818000 69.0
62.612283 29.761114 1378918820000 71.0
62.612245 29.761064 1378918822000 70.0
62.612206 29.76099 1378918824000 70.0
62.612176 29.760936 1378918826000 70.0
62.612153 29.760886 1378918828000 69.0
62.612132 29.760807 1378918830000 67.0
62.612119 29.760669 1378918832000 66.0
62.612103 29.760557 1378918834000 66.0
62.612078 29.76047 1378918836000 68.0
62.612046 29.760405 1378918838000 72.0
62.612018 29.760319 1378918840000 74.0
62.612009 29.760195 1378918842000 72.0
62.612014 29.760044 1378918844000 72.0
62.612022 29.759896 1378918846000 72.0
62.612022 29.759759 1378918848000 73.0
62.612015 29.759627 1378918850000 72.0
62.611995 29.759529 1378918852000 71.0
62.612004 29.759515 1378918854000 71.0
62.61204 29.759491 1378918856000 69.0
62.612082 29.759434 1378918858000 69.0
62.612116 29.759372 1378918860000 69.0
62.612162 29.759321 1378918862000 71.0
62.612205 29.759293 1378918864000 72.0
62.612241 29.759302 1378918866000 72.0
62.612281 29.759299 1378918868000 72.0
62.612328 29.759279 1378918870000 73.0
62.612384 29.759231 1378918872000 75.0
62.612429 29.759168 1378918874000 76.0
62.612461 29.759129 1378918876000 79.0
62.612474 29.759105 1378918878000 79.0
62.612491 29.759078 1378918880000 81.0
62.612521 29.759048 1378918882000 82.0
62.612552 29.759031 1378918884000 81.0
62.612595 29.759009 1378918886000 81.0
62.612634 29.759013 1378918888000 83.0
62.612676 29.758989 1378918890000 85.0
62.612709 29.758979 1378918892000 85.0
62.612768 29.75892 1378918894000 85.0
62.612817 29.758849 1378918896000 92.0
62.612846 29.758799 1378918898000 94.0
62.612853 29.758715 1378918900000 94.0
62.612891 29.75867 1378918902000 94.0
62.612944 29.758637 1378918904000 94.0
62.613016 29.758611 1378918906000 93.0
62.613093 29.758576 1378918908000 94.0
62.613157 29.758546 1378918910000 93.0
62.613225 29.758551 1378918912000 93.0
62.613309 29.758543 1378918914000 91.0
62.613373 29.758488 1378918916000 90.0
62.613426 29.75844 1378918918000 89.0
62.613484 29.758388 1378918920000 90.0
62.613553 29.758317 1378918922000 89.0
62.613608 29.758271 1378918924000 89.0
62.613656 29.758224 1378918926000 91.0
62.613685 29.758205 1378918928000 94.0
62.613707 29.758192 1378918930000 95.0
62.61375 29.758169 1378918932000 95.0
62.613792 29.758143 1378918934000 95.0
62.613837 29.758127 1378918936000 96.0
62.613896 29.75811 1378918938000 95.0
62.613954 29.758078 1378918940000 95.0
62.614009 29.75803 1378918942000 96.0
62.614062 29.757958 1378918944000 97.0
62.614095 29.757923 1378918946000 98.0
62.614123 29.757912 1378918948000 99.0
62.61416 29.757907 1378918950000 99.0
62.614196 29.757876 1378918952000 100.0
62.614216 29.757836 1378918954000 101.0
62.614249 29.757799 1378918956000 101.0
62.614301 29.757789 1378918958000 101.0
62.614364 29.757789 1378918960000 99.0
62.614426 29.757806 1378918962000 100.0
62.614487 29.757821 1378918964000 100.0
62.614558 29.757824 1378918966000 99.0
62.614635 29.757811 1378918968000 96.0
62.614707 29.757768 1378918970000 97.0
62.61475 29.757718 1378918972000 97.0
62.614797 29.75765 1378918974000 97.0
62.614837 29.757568 1378918976000 97.0
62.61488 29.75747 1378918978000 97.0
62.614923 29.757369 1378918980000 99.0
62.614957 29.75726 1378918982000 101.0
62.614995 29.757158 1378918984000 97.0
62.615033 29.757044 1378918986000 98.0
62.615066 29.756924 1378918988000 98.0
62.615086 29.756777 1378918990000 97.0
62.615099 29.756634 1378918992000 98.0
62.615105 29.756507 1378918994000 98.0
62.615104 29.756382 1378918996000 98.0
62.615095 29.75624 1378918998000 98.0
62.615096 29.756111 1378919000000 97.0
62.615105 29.755984 1378919002000 98.0
62.615105 29.75587 1378919004000 97.0
62.6151 29.755772 1378919006000 98.0
62.615094 29.755689 1378919008000 97.0
62.615082 29.755598 1378919010000 96.0
62.615068 29.755503 1378919012000 94.0
62.615046 29.755402 1378919014000 94.0
62.615028 29.755302 1378919016000 94.0
62.615017 29.755204 1378919018000 93.0
62.61501 29.75511 1378919020000 92.0
62.615003 29.755011 1378919022000 92.0
62.614992 29.754906 1378919024000 93.0
62.614974 29.754799 1378919026000 93.0
62.614949 29.754685 1378919028000 93.0
62.614924 29.754565 1378919030000 93.0
62.614901 29.754457 1378919032000 93.0
62.614879 29.754346 1378919034000 93.0
62.614853 29.754219 1378919036000 92.0
62.614828 29.754102 1378919038000 92.0
62.614804 29.753997 1378919040000 91.0
62.614781 29.753886 1378919042000 90.0
62.614763 29.753779 1378919044000 91.0
62.614753 29.753667 1378919046000 90.0
62.614749 29.753559 1378919048000 90.0
62.614741 29.753452 1378919050000 90.0
62.614733 29.753346 1378919052000 90.0
62.614727 29.753241 1378919054000 90.0
62.614715 29.753141 1378919056000 90.0
62.614709 29.753028 1378919058000 90.0
62.614702 29.752911 1378919060000 90.0
62.614695 29.752813 1378919062000 90.0
62.614686 29.752748 1378919064000 89.0
62.614692 29.752686 1378919066000 89.0
62.614703 29.752602 1378919068000 90.0
62.614713 29.752494 1378919070000 91.0
62.614716 29.752394 1378919072000 91.0
62.614722 29.752283 1378919074000 90.0
62.614731 29.75216 1378919076000 90.0
62.614736 29.752039 1378919078000 89.0
62.614747 29.751928 1378919080000 87.0
62.614766 29.751814 1378919082000 87.0
62.614792 29.751713 1378919084000 89.0
62.614822 29.751613 1378919086000 90.0
62.614849 29.751501 1378919088000 91.0
62.614868 29.751359 1378919090000 92.0
62.614862 29.751203 1378919092000 92.0
62.614854 29.751057 1378919094000 91.0
62.614862 29.750957 1378919096000 90.0
62.61488 29.750868 1378919098000 89.0
62.614895 29.75078 1378919100000 86.0
62.614898 29.750665 1378919102000 85.0
62.614896 29.750531 1378919104000 85.0
62.614911 29.750377 1378919106000 84.0
62.614922 29.750254 1378919108000 83.0
62.614934 29.750191 1378919110000 83.0