62.615054 29.743522 1378402004000 74.0
62.615035 29.743517 1378402005000 75.0
62.615029 29.743514 1378402007000 75.0
62.615057 29.74349 1378402009000 75.0
62.615104 29.743435 1378402011000 77.0
62.615168 29.743382 1378402013000 77.0
62.615229 29.743348 1378402015000 77.0
62.615291 29.743331 1378402017000 77.0
62.61535 29.743365 1378402020000 77.0
62.615383 29.74346 1378402021000 77.0
62.615405 29.743569 1378402023000 76.0
62.615412 29.743724 1378402025000 75.0
62.615415 29.743887 1378402027000 74.0
62.61542 29.74404 1378402029000 74.0
62.615421 29.744239 1378402031000 73.0
62.615421 29.744439 1378402033000 72.0
62.615423 29.744613 1378402036000 71.0
62.615428 29.74475 1378402037000 71.0
62.615443 29.744868 1378402040000 71.0
62.615465 29.744984 1378402042000 72.0
62.615493 29.745121 1378402043000 72.0
62.615506 29.745265 1378402045000 72.0
62.615506 29.745413 1378402047000 73.0
62.615507 29.745558 1378402049000 71.0
62.615506 29.745685 1378402051000 74.0
62.615512 29.745798 1378402053000 74.0
62.615515 29.745907 1378402055000 75.0
62.61551 29.746035 1378402057000 74.0
62.615509 29.746168 1378402059000 74.0
62.615542 29.746515 1378402064000 74.0
62.615565 29.746656 1378402067000 74.0
62.615582 29.746799 1378402068000 74.0
62.615589 29.74695 1378402070000 74.0
62.615591 29.747101 1378402072000 74.0
62.615591 29.747238 1378402075000 73.0
62.615588 29.747355 1378402076000 74.0
62.61559 29.747487 1378402078000 75.0
62.615589 29.747586 1378402080000 79.0
62.615594 29.747666 1378402082000 79.0
62.6156 29.74776 1378402084000 79.0
62.615603 29.747877 1378402086000 79.0
62.615604 29.748032 1378402089000 78.0
62.615605 29.748162 1378402090000 80.0
62.615607 29.748282 1378402092000 78.0
62.615613 29.748393 1378402094000 81.0
62.615624 29.74853 1378402097000 81.0
62.61563 29.748653 1378402098000 81.0
62.615644 29.748784 1378402100000 80.0
62.615664 29.748924 1378402102000 80.0
62.615688 29.749051 1378402104000 79.0
62.615738 29.749141 1378402106000 79.0
62.615795 29.749222 1378402108000 77.0
62.615867 29.749298 1378402110000 75.0
62.61595 29.749418 1378402112000 77.0
62.615988 29.749541 1378402114000 78.0
62.616009 29.749679 1378402116000 79.0
62.616019 29.749825 1378402118000 79.0
62.616023 29.749965 1378402120000 79.0
62.61602 29.750102 1378402123000 80.0
62.616017 29.750252 1378402124000 80.0
62.616023 29.750405 1378402126000 81.0
62.616027 29.750583 1378402128000 80.0
62.616022 29.750757 1378402130000 79.0
62.616013 29.750909 1378402132000 80.0
62.616002 29.751074 1378402134000 80.0
62.615987 29.751208 1378402137000 81.0
62.615965 29.751331 1378402138000 80.0
62.61595 29.751453 1378402141000 80.0
62.615944 29.75158 1378402143000 80.0
62.615952 29.751693 1378402145000 79.0
62.615952 29.751799 1378402146000 78.0
62.615951 29.751916 1378402148000 77.0
62.615963 29.752042 1378402150000 75.0
62.615975 29.752157 1378402152000 75.0
62.615989 29.752281 1378402154000 75.0
62.615998 29.752402 1378402156000 74.0
62.616001 29.752557 1378402158000 74.0
62.61599 29.752706 1378402160000 74.0
62.615972 29.75283 1378402162000 73.0
62.61596 29.752937 1378402164000 73.0
62.615954 29.753042 1378402166000 74.0
62.615957 29.753142 1378402168000 74.0
62.615964 29.753249 1378402170000 75.0
62.615976 29.753377 1378402173000 76.0
62.615978 29.753506 1378402174000 76.0
62.615978 29.753642 1378402176000 76.0
62.61599 29.753783 1378402178000 76.0
62.616014 29.753904 1378402180000 75.0
62.61605 29.75399 1378402182000 72.0
62.616091 29.754076 1378402185000 71.0
62.616117 29.754183 1378402186000 71.0
62.616115 29.754274 1378402188000 71.0
62.616102 29.754373 1378402190000 71.0
62.6161 29.754493 1378402192000 72.0
62.616112 29.754618 1378402194000 72.0
62.616138 29.754768 1378402196000 72.0
62.616154 29.754901 1378402198000 72.0
62.616163 29.755038 1378402200000 71.0
62.616177 29.755158 1378402203000 71.0
62.616188 29.755264 1378402204000 71.0
62.616192 29.755362 1378402207000 70.0
62.616195 29.755472 1378402208000 69.0
62.616194 29.755581 1378402210000 69.0
62.616196 29.755701 1378402212000 68.0
62.616208 29.755828 1378402214000 69.0
62.616214 29.755949 1378402216000 69.0
62.616224 29.756073 1378402218000 70.0
62.61623 29.756222 1378402220000 69.0
62.616254 29.756359 1378402222000 69.0
62.616279 29.75649 1378402225000 68.0
62.6163 29.756607 1378402226000 67.0
62.616309 29.756714 1378402228000 68.0
62.616309 29.756817 1378402230000 67.0
62.616307 29.756954 1378402233000 68.0
62.6163 29.757086 1378402234000 68.0
62.616291 29.75719 1378402236000 67.0
62.616286 29.757298 1378402239000 69.0
62.616287 29.757433 1378402240000 69.0
62.616284 29.757583 1378402242000 68.0
62.61628 29.757724 1378402244000 68.0
62.616287 29.757844 1378402246000 70.0
62.616287 29.757941 1378402248000 71.0
62.616294 29.758078 1378402250000 71.0
62.616302 29.758214 1378402252000 69.0
62.616306 29.758344 1378402254000 67.0
62.616308 29.758456 1378402256000 68.0
62.616309 29.758574 1378402259000 69.0
62.616314 29.758697 1378402261000 69.0
62.616318 29.758823 1378402262000 68.0
62.616322 29.758936 1378402265000 68.0
62.616337 29.759033 1378402266000 67.0
62.616341 29.759116 1378402268000 66.0
62.616339 29.759232 1378402270000 66.0
62.616338 29.759369 1378402272000 65.0
62.616331 29.759488 1378402275000 64.0
62.61632 29.759579 1378402276000 65.0
62.616307 29.759657 1378402278000 65.0
62.616296 29.759759 1378402280000 65.0
62.616283 29.759896 1378402282000 65.0
62.616277 29.760012 1378402284000 65.0
62.616279 29.760141 1378402286000 65.0
62.616265 29.760277 1378402289000 64.0
62.616247 29.760388 1378402290000 63.0
62.616219 29.760495 1378402292000 63.0
62.616185 29.760593 1378402294000 65.0
62.616154 29.760701 1378402296000 62.0
62.616121 29.760802 1378402298000 62.0
62.616089 29.760887 1378402300000 62.0
62.616073 29.760992 1378402302000 62.0
62.61607 29.761106 1378402304000 63.0
62.616053 29.761202 1378402307000 64.0
62.61603 29.761271 1378402308000 63.0
62.616009 29.761372 1378402310000 64.0
62.615998 29.761504 1378402312000 63.0
62.61599 29.761649 1378402314000 61.0
62.615944 29.761774 1378402316000 59.0
62.615899 29.761879 1378402319000 60.0
62.615859 29.761968 1378402320000 58.0
62.615832 29.762031 1378402322000 58.0
62.6158 29.762077 1378402324000 58.0
62.615759 29.762173 1378402326000 56.0
62.61573 29.762263 1378402328000 56.0
62.615703 29.762301 1378402330000 57.0
62.615655 29.762316 1378402332000 56.0
62.615605 29.762305 1378402334000 57.0
62.615564 29.762283 1378402336000 58.0
62.615537 29.762281 1378402338000 58.0
62.615515 29.762289 1378402340000 58.0
62.615482 29.762292 1378402342000 58.0
62.615439 29.762294 1378402344000 59.0
62.615384 29.76229 1378402346000 59.0
62.61532 29.762301 1378402348000 59.0
62.615257 29.762323 1378402350000 60.0
62.615206 29.762339 1378402352000 61.0
62.615164 29.762353 1378402354000 62.0
62.615131 29.762344 1378402356000 64.0
62.615095 29.762296 1378402358000 65.0
62.615049 29.762248 1378402360000 66.0
62.615 29.762224 1378402362000 66.0
62.614949 29.762229 1378402364000 67.0
62.614897 29.762234 1378402367000 67.0
62.614842 29.762213 1378402368000 67.0
62.614789 29.762192 1378402370000 68.0
62.614743 29.762182 1378402373000 70.0
62.614698 29.762189 1378402375000 69.0
62.614643 29.762212 1378402376000 68.0
62.614588 29.762206 1378402378000 67.0
62.614528 29.762188 1378402381000 68.0
62.614457 29.762167 1378402382000 69.0
62.614386 29.762138 1378402384000 69.0
62.614315 29.762104 1378402386000 69.0
62.61425 29.762073 1378402389000 69.0
62.614188 29.762047 1378402390000 71.0
62.614133 29.76203 1378402393000 71.0
62.614079 29.762017 1378402394000 71.0
62.614027 29.761998 1378402396000 72.0
62.613963 29.761981 1378402398000 72.0
62.613888 29.76196 1378402400000 72.0
62.613827 29.761893 1378402403000 73.0
62.613785 29.761823 1378402404000 72.0
62.613744 29.761778 1378402406000 73.0
62.613703 29.76174 1378402408000 74.0
62.613665 29.761691 1378402410000 73.0
62.613632 29.761656 1378402412000 73.0
62.613594 29.761631 1378402414000 73.0
62.613551 29.761602 1378402416000 72.0
62.613504 29.761565 1378402418000 71.0
62.613451 29.761526 1378402421000 71.0
62.613404 29.761483 1378402423000 72.0
62.613365 29.761442 1378402424000 72.0
62.613317 29.761408 1378402427000 72.0
62.613267 29.761368 1378402428000 73.0
62.613206 29.76133 1378402430000 73.0
62.61315 29.761305 1378402432000 74.0
62.613101 29.761294 1378402434000 73.0
62.613045 29.7613 1378402436000 72.0
62.612981 29.761315 1378402438000 72.0
62.612914 29.761335 1378402440000 70.0
62.612855 29.761343 1378402442000 71.0
62.612815 29.761307 1378402444000 71.0
62.612779 29.761243 1378402446000 71.0
62.61273 29.761212 1378402448000 70.0
62.612688 29.761221 1378402450000 69.0
62.612646 29.761228 1378402452000 69.0
62.612601 29.761224 1378402454000 69.0
62.61255 29.761225 1378402457000 69.0
62.6125 29.76124 1378402458000 70.0
62.612453 29.761253 1378402460000 71.0
62.612411 29.761245 1378402462000 71.0
62.612366 29.761211 1378402464000 72.0
62.612319 29.761166 1378402467000 71.0
62.612266 29.761131 1378402469000 72.0
62.612212 29.761097 1378402470000 72.0
62.612167 29.761067 1378402472000 72.0
62.612129 29.761054 1378402474000 73.0
62.612101 29.76102 1378402476000 73.0
62.612084 29.760933 1378402478000 74.0
62.612071 29.760816 1378402480000 77.0
62.612075 29.76068 1378402483000 78.0
62.612065 29.760587 1378402484000 79.0
62.612045 29.760494 1378402486000 78.0
62.61202 29.760387 1378402488000 78.0
62.612004 29.760272 1378402490000 77.0
62.611999 29.760164 1378402492000 77.0
62.612006 29.760048 1378402494000 78.0
62.612013 29.759927 1378402496000 79.0
62.612009 29.759813 1378402498000 81.0
62.611996 29.759712 1378402500000 82.0
62.611991 29.759622 1378402502000 80.0
62.612009 29.759552 1378402504000 80.0
62.612042 29.759502 1378402506000 81.0
62.612065 29.75945 1378402508000 80.0
62.612093 29.759432 1378402510000 81.0
62.612133 29.759413 1378402512000 82.0
62.612174 29.759396 1378402514000 83.0
62.61221 29.759385 1378402516000 82.0
62.612247 29.759384 1378402518000 82.0
62.612295 29.759354 1378402520000 83.0
62.612344 29.759297 1378402522000 84.0
62.612387 29.759255 1378402524000 85.0
62.612422 29.759231 1378402526000 85.0
62.612452 29.759218 1378402528000 85.0
62.612486 29.759189 1378402530000 84.0
62.612522 29.759158 1378402532000 85.0
62.612565 29.759136 1378402534000 85.0
62.612606 29.759122 1378402536000 84.0
62.612647 29.7591 1378402539000 83.0
62.612685 29.759068 1378402540000 84.0
62.612717 29.759044 1378402542000 84.0
62.612759 29.759023 1378402544000 84.0
62.612804 29.759009 1378402546000 84.0
62.612858 29.758994 1378402548000 85.0
62.612913 29.758963 1378402550000 84.0
62.612963 29.758928 1378402552000 84.0
62.613016 29.75891 1378402554000 84.0
62.61307 29.758904 1378402556000 85.0
62.613142 29.758863 1378402558000 84.0
62.613217 29.758815 1378402560000 85.0
62.613283 29.758765 1378402562000 85.0
62.613338 29.758735 1378402564000 85.0
62.613394 29.758695 1378402566000 85.0
62.61345 29.75865 1378402568000 86.0
62.613509 29.758606 1378402570000 85.0
62.613568 29.758572 1378402572000 84.0
62.613633 29.758545 1378402574000 85.0
62.61369 29.758504 1378402576000 85.0
62.613736 29.758468 1378402578000 86.0
62.61379 29.758454 1378402581000 87.0
62.613847 29.758448 1378402582000 86.0
62.613916 29.758373 1378402584000 87.0
62.614009 29.75829 1378402586000 87.0
62.614105 29.758251 1378402588000 88.0
62.614175 29.758228 1378402590000 88.0
62.614223 29.758201 1378402592000 88.0
62.614256 29.75817 1378402594000 89.0
62.614278 29.758164 1378402596000 90.0
62.614303 29.758161 1378402598000 90.0
62.61433 29.758161 1378402600000 90.0
62.61436 29.758154 1378402602000 90.0
62.614387 29.758147 1378402605000 90.0
62.614415 29.758129 1378402606000 89.0
62.614449 29.758106 1378402609000 90.0
62.614492 29.758091 1378402610000 90.0
62.61454 29.758074 1378402612000 89.0
62.614577 29.758034 1378402614000 89.0
62.614615 29.758008 1378402616000 88.0
62.614652 29.757997 1378402618000 88.0
62.614702 29.757972 1378402620000 90.0
62.614752 29.757946 1378402622000 90.0
62.614796 29.757936 1378402624000 90.0
62.614838 29.757926 1378402626000 90.0
62.614863 29.757904 1378402628000 90.0
62.614879 29.757852 1378402630000 89.0
62.614903 29.757778 1378402632000 88.0
62.614938 29.75769 1378402634000 89.0
62.614979 29.757603 1378402636000 90.0
62.615027 29.757519 1378402638000 89.0
62.615068 29.757434 1378402640000 87.0
62.615092 29.757337 1378402643000 88.0
62.615094 29.757231 1378402644000 87.0
62.615095 29.757108 1378402647000 87.0
62.615097 29.756971 1378402648000 87.0
62.615099 29.75683 1378402650000 87.0
62.615092 29.756716 1378402652000 87.0
62.615083 29.756634 1378402654000 88.0
62.615078 29.756551 1378402656000 89.0
62.615076 29.75645 1378402658000 87.0
62.615076 29.756334 1378402660000 89.0
62.61507 29.75622 1378402662000 89.0
62.615057 29.756113 1378402664000 90.0
62.615041 29.755991 1378402667000 92.0
62.615036 29.755875 1378402668000 92.0
62.615039 29.755772 1378402670000 93.0
62.615033 29.75568 1378402672000 94.0
62.615035 29.755575 1378402674000 93.0
62.615031 29.755458 1378402676000 93.0
62.61502 29.755349 1378402678000 93.0
62.615004 29.755262 1378402680000 94.0
62.614996 29.755165 1378402683000 93.0
62.614982 29.755057 1378402684000 93.0
62.61496 29.75496 1378402686000 94.0
62.614937 29.754866 1378402688000 95.0
62.614923 29.754772 1378402690000 95.0
62.61491 29.75468 1378402692000 96.0
62.6149 29.754592 1378402694000 96.0
62.61489 29.754507 1378402696000 94.0
62.614881 29.754418 1378402698000 95.0
62.61487 29.754316 1378402700000 94.0
62.614859 29.754216 1378402702000 95.0
62.614835 29.754124 1378402704000 95.0
62.61481 29.754038 1378402707000 94.0
62.614791 29.753945 1378402708000 96.0
62.614782 29.753844 1378402710000 95.0
62.614776 29.753733 1378402712000 96.0
62.614771 29.753632 1378402714000 96.0
62.61477 29.753541 1378402716000 95.0
62.614764 29.753478 1378402718000 96.0
62.614757 29.75339 1378402720000 96.0
62.614759 29.753288 1378402722000 94.0
62.614755 29.753186 1378402724000 95.0
62.614748 29.753076 1378402727000 95.0
62.61475 29.752998 1378402728000 95.0
62.614767 29.752962 1378402730000 95.0
62.614804 29.752938 1378402732000 95.0
62.614851 29.752914 1378402734000 94.0
62.614886 29.752905 1378402736000 94.0
62.614913 29.752912 1378402738000 92.0
62.614945 29.752916 1378402740000 91.0
62.61498 29.752904 1378402742000 91.0
62.615022 29.75289 1378402744000 91.0
62.615071 29.752891 1378402747000 91.0
62.615108 29.752893 1378402749000 91.0
62.615145 29.752883 1378402750000 92.0
62.615172 29.752896 1378402752000 92.0
62.615213 29.752929 1378402754000 91.0
62.615271 29.752974 1378402756000 88.0
62.615348 29.753031 1378402758000 88.0
62.615416 29.753078 1378402760000 87.0
62.615477 29.753091 1378402763000 86.0
62.615535 29.75309 1378402764000 86.0
62.615589 29.753096 1378402767000 86.0
62.615622 29.753097 1378402768000 85.0
62.615658 29.753083 1378402770000 85.0
62.615699 29.753054 1378402772000 84.0
62.615748 29.753018 1378402774000 84.0
62.615799 29.752982 1378402776000 84.0
62.615846 29.752968 1378402778000 84.0
62.615889 29.752958 1378402780000 83.0
62.615927 29.75296 1378402782000 85.0
62.615946 29.75298 1378402784000 86.0
62.615954 29.75304 1378402787000 87.0
62.615957 29.753142 1378402788000 87.0
62.615965 29.753256 1378402790000 88.0
62.615969 29.753354 1378402792000 87.0
62.615965 29.753419 1378402794000 86.0
62.615961 29.753471 1378402796000 85.0
62.615954 29.753557 1378402798000 84.0
62.615937 29.753659 1378402801000 83.0
62.615914 29.753743 1378402802000 82.0
62.615911 29.753845 1378402804000 82.0
62.615923 29.75395 1378402807000 82.0
62.615938 29.754023 1378402808000 81.0
62.615959 29.7541 1378402810000 79.0
62.615966 29.754204 1378402812000 79.0
62.615976 29.754318 1378402814000 78.0
62.615993 29.754433 1378402816000 76.0
62.616025 29.754564 1378402818000 76.0
62.616047 29.75467 1378402820000 77.0
62.616066 29.754816 1378402822000 76.0
62.616083 29.754912 1378402824000 75.0
62.6161 29.755023 1378402827000 75.0
62.61611 29.755139 1378402828000 75.0
62.616122 29.755263 1378402831000 76.0
62.616135 29.755379 1378402832000 76.0
62.616159 29.755492 1378402834000 74.0
62.616193 29.755596 1378402836000 74.0
62.616215 29.75569 1378402838000 75.0
62.616238 29.755785 1378402840000 74.0
62.616272 29.755864 1378402843000 72.0
62.61629 29.755943 1378402844000 73.0
62.61629 29.756005 1378402846000 72.0
62.616289 29.756073 1378402848000 72.0
62.616285 29.756166 1378402850000 72.0
62.616282 29.756275 1378402853000 71.0
62.61627 29.756371 1378402854000 71.0
62.616268 29.756465 1378402856000 70.0
62.616278 29.756565 1378402858000 68.0
62.616286 29.756636 1378402860000 67.0
62.616287 29.756707 1378402862000 68.0
62.616288 29.756809 1378402864000 67.0
62.616284 29.756909 1378402867000 67.0
62.616272 29.757009 1378402868000 66.0
62.616262 29.757116 1378402871000 67.0
62.616269 29.757239 1378402872000 67.0
62.616271 29.757369 1378402874000 65.0
62.616272 29.757498 1378402876000 65.0
62.61627 29.757623 1378402878000 66.0
62.616269 29.757746 1378402880000 65.0
62.616288 29.757839 1378402882000 65.0
62.616275 29.757843 1378402884000 66.0
62.616238 29.757822 1378402886000 66.0
62.616198 29.75781 1378402888000 66.0
62.616152 29.757807 1378402890000 67.0
62.616101 29.757814 1378402892000 67.0
62.616049 29.757822 1378402894000 66.0
62.616003 29.757796 1378402896000 67.0
62.615946 29.757788 1378402898000 66.0
62.615892 29.757789 1378402900000 66.0
62.615842 29.757799 1378402902000 67.0
62.615801 29.757803 1378402905000 68.0
62.615746 29.75779 1378402906000 69.0
62.615685 29.757767 1378402908000 70.0
62.615628 29.757756 1378402910000 71.0
62.615572 29.75774 1378402912000 72.0
62.61551 29.757739 1378402914000 71.0
62.615451 29.757758 1378402916000 71.0
62.615401 29.757773 1378402918000 71.0
62.615357 29.757797 1378402920000 71.0
62.615311 29.757803 1378402922000 71.0
62.615262 29.757783 1378402924000 71.0
62.615222 29.757783 1378402926000 72.0
62.615194 29.757804 1378402929000 73.0
62.615155 29.757818 1378402930000 75.0
62.615115 29.757834 1378402932000 74.0
62.615071 29.757845 1378402934000 73.0
62.615028 29.757849 1378402936000 72.0
62.614982 29.757814 1378402938000 72.0
62.614934 29.757771 1378402940000 73.0
62.614884 29.757744 1378402942000 72.0
62.614812 29.757757 1378402944000 70.0
62.614742 29.757781 1378402946000 70.0
62.614693 29.757791 1378402948000 70.0
62.614643 29.757809 1378402950000 71.0
62.614602 29.75783 1378402952000 71.0
62.614569 29.757844 1378402954000 72.0
62.614554 29.75788 1378402956000 69.0
62.614539 29.757927 1378402958000 68.0
62.614531 29.757964 1378402960000 68.0
62.614532 29.758005 1378402962000 68.0
62.614512 29.758054 1378402964000 68.0
62.614467 29.758114 1378402966000 67.0
62.614396 29.758167 1378402968000 67.0
62.614332 29.758211 1378402971000 69.0
62.614285 29.758261 1378402972000 68.0
62.614254 29.75831 1378402974000 68.0
62.614217 29.758344 1378402977000 67.0
62.614179 29.758367 1378402978000 68.0
62.614143 29.758387 1378402980000 69.0
62.614089 29.758376 1378402982000 67.0
62.614045 29.758401 1378402984000 67.0
62.614016 29.758477 1378402987000 68.0
62.613984 29.758537 1378402989000 69.0
62.613927 29.758568 1378402990000 69.0
62.613868 29.75858 1378402992000 69.0
62.613808 29.758577 1378402994000 69.0
62.613753 29.758547 1378402996000 68.0
62.613692 29.75853 1378402998000 69.0
62.61364 29.758529 1378403000000 69.0
62.613585 29.758564 1378403002000 69.0
62.613532 29.758612 1378403004000 70.0
62.61347 29.758638 1378403006000 70.0
62.613419 29.758652 1378403008000 70.0
62.613376 29.758673 1378403010000 70.0
62.613342 29.758707 1378403012000 70.0
62.61331 29.758759 1378403014000 69.0
62.613277 29.758792 1378403016000 70.0
62.613245 29.758815 1378403018000 70.0
62.613219 29.758852 1378403020000 71.0
62.613188 29.758879 1378403022000 71.0
62.613164 29.758904 1378403024000 72.0
62.613134 29.758923 1378403027000 71.0
62.613065 29.758932 1378403028000 70.0
62.612998 29.758939 1378403030000 70.0
62.612934 29.758975 1378403032000 69.0
62.612883 29.759027 1378403034000 70.0
62.612825 29.75907 1378403036000 69.0
62.612775 29.759081 1378403038000 65.0
62.612744 29.759101 1378403040000 65.0
62.612708 29.75911 1378403042000 65.0
62.612654 29.759127 1378403044000 66.0
62.612583 29.759152 1378403046000 67.0
62.612526 29.759171 1378403048000 68.0
62.612497 29.759179 1378403050000 66.0
62.612479 29.759194 1378403052000 64.0
62.612461 29.759199 1378403054000 65.0
62.612437 29.759184 1378403056000 64.0
62.612397 29.759205 1378403058000 66.0
62.612324 29.759257 1378403060000 66.0
62.612221 29.759261 1378403062000 68.0
62.612136 29.759239 1378403064000 68.0
62.612074 29.759222 1378403066000 69.0
62.612052 29.759282 1378403068000 67.0
62.612041 29.759376 1378403070000 67.0
62.61203 29.759466 1378403073000 67.0
62.612016 29.759528 1378403074000 68.0
62.612001 29.759593 1378403076000 69.0
62.611992 29.759695 1378403078000 69.0
62.611999 29.759844 1378403080000 68.0
62.612018 29.759989 1378403082000 67.0
62.612034 29.76011 1378403084000 66.0
62.612047 29.760238 1378403086000 67.0
62.612053 29.76035 1378403088000 66.0
62.612062 29.760455 1378403090000 66.0
62.612065 29.760546 1378403092000 67.0
62.612065 29.760621 1378403094000 66.0
62.612076 29.76068 1378403096000 66.0
62.612085 29.760738 1378403098000 66.0
62.612093 29.760796 1378403101000 66.0
62.61211 29.760856 1378403102000 67.0
62.612119 29.760916 1378403104000 67.0
62.612135 29.760987 1378403106000 67.0
62.612155 29.76107 1378403108000 67.0
62.612183 29.761152 1378403110000 67.0
62.612209 29.761231 1378403112000 67.0
62.612229 29.7613 1378403115000 67.0
62.612258 29.761364 1378403116000 68.0
62.612296 29.761428 1378403118000 67.0
62.61234 29.761481 1378403120000 67.0
62.612387 29.761531 1378403122000 67.0
62.612437 29.761564 1378403124000 67.0
62.612491 29.761585 1378403126000 68.0
62.612546 29.761611 1378403128000 67.0
62.612602 29.76164 1378403130000 68.0
62.61265 29.761663 1378403132000 69.0
62.612692 29.761688 1378403134000 69.0
62.612724 29.76171 1378403136000 69.0
62.612753 29.76172 1378403138000 69.0
62.612784 29.761713 1378403140000 68.0
62.612816 29.761702 1378403142000 67.0
62.61285 29.761686 1378403145000 68.0
62.612881 29.76167 1378403147000 69.0
62.612901 29.761679 1378403148000 69.0
62.612935 29.761686 1378403150000 68.0
62.612973 29.761682 1378403152000 68.0
62.61302 29.761654 1378403154000 69.0
62.613052 29.76164 1378403156000 70.0
62.613075 29.761637 1378403158000 71.0
62.613093 29.761655 1378403160000 71.0
62.613129 29.761665 1378403162000 71.0
62.613187 29.761658 1378403164000 71.0
62.613246 29.761659 1378403166000 71.0
62.613301 29.761676 1378403168000 71.0
62.613347 29.761714 1378403170000 73.0
62.613389 29.761747 1378403172000 73.0
62.613423 29.761801 1378403175000 74.0
62.613456 29.761861 1378403176000 73.0
62.613513 29.761902 1378403178000 73.0
62.613563 29.761934 1378403181000 73.0
62.613607 29.761972 1378403182000 73.0
62.613649 29.761999 1378403184000 73.0
62.613696 29.762026 1378403186000 73.0
62.613734 29.762056 1378403188000 72.0
62.613766 29.762085 1378403190000 72.0
62.613807 29.762111 1378403192000 72.0
62.613853 29.762134 1378403194000 72.0
62.613902 29.762144 1378403196000 72.0
62.613955 29.762144 1378403198000 72.0
62.614013 29.762131 1378403200000 72.0
62.614068 29.762142 1378403202000 72.0
62.614118 29.762158 1378403205000 73.0
62.614162 29.762185 1378403207000 75.0
62.614197 29.762213 1378403209000 75.0
62.614245 29.762234 1378403210000 75.0
62.614301 29.762261 1378403212000 74.0
62.614354 29.762271 1378403214000 74.0
62.614403 29.762268 1378403216000 74.0
62.614457 29.762277 1378403219000 75.0
62.614507 29.762287 1378403220000 75.0
62.614556 29.762298 1378403222000 75.0
62.614593 29.762323 1378403224000 75.0
62.614621 29.762354 1378403227000 75.0
62.614658 29.762378 1378403228000 74.0
62.614698 29.762398 1378403230000 74.0
62.614744 29.762403 1378403232000 76.0
62.614786 29.762385 1378403235000 78.0
62.614825 29.762377 1378403236000 78.0
62.614862 29.762387 1378403238000 78.0
62.614902 29.762405 1378403241000 78.0
62.614954 29.762425 1378403242000 77.0
62.615009 29.762439 1378403245000 76.0
62.615057 29.762446 1378403246000 77.0
62.615108 29.762437 1378403248000 76.0
62.615158 29.762422 1378403250000 76.0
62.61522 29.762395 1378403252000 76.0
62.615279 29.762378 1378403255000 76.0
62.615316 29.76238 1378403257000 76.0
62.615343 29.762394 1378403258000 76.0
62.615378 29.762405 1378403260000 77.0
62.61542 29.762406 1378403262000 77.0
62.615453 29.762412 1378403265000 77.0
62.615488 29.762419 1378403267000 77.0
62.615535 29.762411 1378403268000 78.0
62.615583 29.762393 1378403271000 78.0
62.615606 29.762387 1378403272000 78.0
62.615608 29.762397 1378403274000 77.0
62.61562 29.762393 1378403276000 77.0
62.615655 29.762374 1378403279000 78.0
62.615707 29.762342 1378403280000 77.0
62.615761 29.762306 1378403282000 77.0
62.615817 29.762263 1378403285000 76.0
62.615872 29.762225 1378403286000 78.0
62.615914 29.76218 1378403288000 77.0
62.61596 29.762118 1378403290000 73.0
62.616003 29.762036 1378403293000 74.0
62.616049 29.761938 1378403295000 74.0
62.616084 29.761812 1378403296000 77.0
62.616111 29.761685 1378403298000 78.0
62.616127 29.761538 1378403300000 77.0
62.616143 29.761396 1378403302000 80.0
62.616167 29.761271 1378403304000 80.0
62.616185 29.761166 1378403306000 79.0
62.6162 29.761092 1378403308000 81.0
62.616224 29.761012 1378403310000 82.0
62.616247 29.760917 1378403312000 83.0
62.616255 29.760829 1378403314000 84.0
62.616263 29.760754 1378403316000 85.0
62.616277 29.760665 1378403318000 85.0
62.616292 29.760574 1378403320000 87.0
62.616312 29.760482 1378403322000 87.0
62.616347 29.760385 1378403325000 87.0
62.616386 29.760303 1378403326000 87.0
62.616419 29.76021 1378403328000 88.0
62.616437 29.760079 1378403331000 85.0
62.616451 29.759939 1378403332000 84.0
62.616484 29.759822 1378403334000 84.0
62.61652 29.759718 1378403336000 84.0
62.616532 29.759598 1378403338000 84.0
62.616522 29.759462 1378403340000 83.0
62.616502 29.759325 1378403342000 84.0
62.616482 29.759227 1378403344000 84.0
62.616473 29.759128 1378403347000 85.0
62.616472 29.759031 1378403348000 85.0
62.616477 29.758935 1378403350000 84.0
62.616478 29.758825 1378403352000 85.0
62.616478 29.758716 1378403355000 85.0
62.616481 29.758639 1378403356000 87.0
62.616485 29.75856 1378403358000 88.0
62.616485 29.758464 1378403360000 88.0
62.61648 29.758364 1378403362000 88.0
62.616463 29.758274 1378403364000 90.0
62.616448 29.758169 1378403367000 89.0
62.616437 29.758055 1378403368000 91.0
62.616431 29.757945 1378403370000 91.0
62.616414 29.757867 1378403372000 90.0
62.616388 29.757793 1378403374000 89.0
62.616356 29.757744 1378403376000 89.0
62.616325 29.757726 1378403378000 89.0
62.616303 29.75773 1378403380000 89.0
62.616283 29.75772 1378403382000 89.0
62.616249 29.757712 1378403385000 88.0
62.616201 29.757742 1378403386000 86.0
62.616154 29.757788 1378403388000 86.0
62.616116 29.757814 1378403390000 86.0
62.61608 29.757845 1378403392000 85.0
62.616033 29.757894 1378403394000 84.0
62.615985 29.757913 1378403396000 84.0
62.615944 29.757917 1378403398000 84.0
62.615908 29.757893 1378403400000 85.0
62.615864 29.757854 1378403402000 86.0
62.615823 29.757833 1378403404000 85.0
62.615787 29.757823 1378403406000 84.0
62.615756 29.757803 1378403408000 84.0
62.615725 29.757777 1378403410000 84.0
62.615681 29.757764 1378403412000 83.0
62.615625 29.757765 1378403415000 82.0
62.615554 29.757769 1378403416000 81.0
62.615491 29.757779 1378403418000 80.0
62.615444 29.757777 1378403420000 80.0
62.615396 29.757763 1378403422000 80.0
62.615352 29.757728 1378403424000 79.0
62.615322 29.757689 1378403426000 79.0
62.615294 29.757635 1378403428000 80.0
62.615261 29.757589 1378403431000 80.0
62.615225 29.757584 1378403432000 79.0
62.61519 29.757565 1378403434000 79.0
62.615153 29.757549 1378403436000 79.0
62.615109 29.75754 1378403438000 77.0
62.615075 29.757535 1378403440000 77.0
62.615034 29.757565 1378403442000 77.0
62.614966 29.757632 1378403445000 77.0
62.614918 29.757683 1378403447000 78.0
62.614928 29.757663 1378403448000 77.0
62.614971 29.7576 1378403450000 77.0
62.615011 29.757543 1378403452000 79.0
62.615042 29.757471 1378403454000 79.0
62.615072 29.757365 1378403456000 80.0
62.615103 29.757231 1378403458000 81.0
62.615145 29.757074 1378403460000 79.0
62.615168 29.756938 1378403462000 79.0
62.615177 29.75683 1378403464000 80.0
62.615174 29.756741 1378403467000 81.0
62.615152 29.756658 1378403468000 81.0
62.615125 29.756581 1378403470000 81.0
62.615102 29.756498 1378403472000 81.0
62.6151 29.756397 1378403475000 81.0
62.615133 29.756294 1378403476000 82.0
62.615161 29.75617 1378403478000 83.0
62.615156 29.756057 1378403480000 84.0
62.615125 29.755968 1378403482000 84.0
62.615101 29.755904 1378403484000 85.0
62.615086 29.755838 1378403487000 85.0
62.615074 29.755748 1378403488000 86.0
62.615056 29.755655 1378403490000 86.0
62.61503 29.75556 1378403492000 87.0
62.615003 29.755472 1378403494000 87.0
62.614987 29.755379 1378403496000 87.0
62.614984 29.755272 1378403498000 88.0
62.614993 29.755163 1378403500000 87.0
62.614988 29.755066 1378403502000 87.0
62.614981 29.754983 1378403505000 87.0
62.614976 29.754888 1378403506000 88.0
62.614952 29.754774 1378403508000 87.0
62.614926 29.754679 1378403511000 87.0
62.614907 29.7546 1378403512000 86.0
62.614893 29.754528 1378403514000 86.0
62.614883 29.754469 1378403517000 86.0
62.614875 29.75436 1378403518000 86.0
62.614872 29.754218 1378403520000 85.0
62.614872 29.754087 1378403523000 84.0
62.614868 29.753966 1378403524000 84.0
62.614879 29.753854 1378403526000 85.0
62.614884 29.753757 1378403528000 84.0
62.614876 29.753676 1378403530000 84.0
62.614851 29.753609 1378403532000 84.0
62.614834 29.753543 1378403535000 83.0
62.614825 29.75346 1378403536000 84.0
62.614812 29.753398 1378403538000 85.0
62.614778 29.753351 1378403540000 85.0
62.61473 29.753322 1378403542000 85.0
62.614684 29.753287 1378403544000 84.0
62.614656 29.753232 1378403546000 83.0
62.614662 29.753157 1378403548000 84.0
62.614673 29.753079 1378403550000 84.0
62.614679 29.753013 1378403552000 85.0
62.614667 29.752938 1378403554000 82.0
62.614668 29.752848 1378403556000 80.0
62.614684 29.752798 1378403558000 82.0
62.614709 29.752776 1378403560000 82.0
62.614734 29.752736 1378403562000 82.0
62.614751 29.752728 1378403565000 84.0
62.614759 29.752775 1378403566000 84.0
62.614776 29.75284 1378403568000 84.0
62.614812 29.752891 1378403570000 86.0
62.614859 29.752916 1378403572000 88.0
62.614912 29.752911 1378403574000 86.0
62.61497 29.752895 1378403576000 86.0
62.615038 29.752878 1378403578000 86.0
62.615103 29.752879 1378403580000 85.0
62.615148 29.752892 1378403582000 85.0
62.6152 29.752899 1378403584000 85.0
62.615248 29.752924 1378403586000 85.0
62.615307 29.752928 1378403588000 82.0
62.615352 29.752931 1378403590000 81.0
62.615397 29.75294 1378403592000 80.0
62.615437 29.752959 1378403595000 80.0
62.615479 29.752966 1378403596000 80.0
62.615516 29.752965 1378403598000 80.0
62.615556 29.752962 1378403600000 80.0
62.615601 29.75296 1378403602000 80.0
62.615646 29.752952 1378403604000 79.0
62.615698 29.752942 1378403606000 78.0
62.615751 29.752931 1378403608000 78.0
62.615795 29.752916 1378403610000 78.0
62.615836 29.752908 1378403612000 77.0
62.615875 29.752868 1378403614000 77.0
62.615904 29.752783 1378403616000 77.0
62.615937 29.752676 1378403618000 77.0
62.615973 29.752545 1378403620000 77.0
62.616012 29.752432 1378403622000 76.0
62.616048 29.752345 1378403625000 77.0
62.616056 29.752248 1378403626000 77.0
62.616054 29.752142 1378403628000 76.0
62.616045 29.752034 1378403630000 77.0
62.616038 29.751931 1378403632000 78.0
62.616047 29.751839 1378403634000 79.0
62.616054 29.751754 1378403636000 80.0
62.616056 29.751673 1378403639000 80.0
62.616047 29.751575 1378403640000 81.0
62.616027 29.7515 1378403642000 81.0
62.616011 29.751449 1378403644000 80.0
62.616006 29.751382 1378403646000 80.0
62.616006 29.751294 1378403648000 79.0
62.615999 29.751206 1378403650000 79.0
62.615996 29.75112 1378403652000 78.0
62.615991 29.751049 1378403655000 78.0
62.615993 29.750986 1378403656000 78.0
62.616002 29.750925 1378403658000 79.0
62.616014 29.750862 1378403660000 79.0
62.616016 29.750796 1378403662000 79.0
62.61601 29.750717 1378403664000 80.0
62.616001 29.75064 1378403666000 80.0
62.615996 29.750555 1378403668000 81.0
62.615997 29.750456 1378403670000 80.0
62.615997 29.750355 1378403672000 80.0
62.615987 29.750257 1378403674000 80.0
62.615976 29.75014 1378403676000 80.0
62.615967 29.750021 1378403678000 80.0
62.615947 29.749919 1378403680000 79.0
62.615913 29.749808 1378403682000 77.0
62.615875 29.749683 1378403685000 76.0
62.615807 29.74952 1378403688000 70.0
62.615773 29.74944 1378403689000 68.0
62.615745 29.749381 1378403691000 69.0
62.61572 29.749322 1378403693000 67.0
62.615701 29.749242 1378403695000 67.0
62.615691 29.749146 1378403697000 68.0
62.615688 29.749044 1378403699000 68.0
62.615687 29.748948 1378403701000 68.0
62.615684 29.748863 1378403703000 68.0
62.615682 29.748782 1378403705000 70.0
62.615685 29.748675 1378403707000 69.0
62.615686 29.748564 1378403709000 70.0
62.615679 29.748457 1378403711000 70.0
62.615672 29.748352 1378403713000 70.0
62.615672 29.748251 1378403715000 70.0
62.615664 29.748145 1378403717000 69.0
62.615658 29.748053 1378403719000 69.0
62.615653 29.747947 1378403721000 69.0
62.615643 29.747837 1378403723000 68.0
62.61564 29.747749 1378403725000 69.0
62.615639 29.747653 1378403728000 69.0
62.615627 29.747567 1378403729000 69.0
62.615613 29.747467 1378403731000 69.0
62.615604 29.747358 1378403733000 69.0
62.6156 29.747251 1378403735000 69.0
62.615596 29.747133 1378403737000 68.0
62.615585 29.747008 1378403739000 67.0
62.615567 29.746893 1378403741000 68.0
62.615559 29.746783 1378403743000 68.0
62.615558 29.746671 1378403745000 68.0
62.615558 29.746582 1378403747000 68.0
62.61556 29.746518 1378403749000 68.0
62.615567 29.746429 1378403751000 67.0
62.615563 29.746316 1378403753000 67.0
62.615558 29.746198 1378403755000 68.0
62.615556 29.746087 1378403757000 68.0
62.615545 29.745982 1378403759000 67.0
62.615527 29.745884 1378403761000 66.0
62.615502 29.745788 1378403763000 67.0
62.615483 29.7457 1378403765000 67.0
62.615466 29.745612 1378403768000 68.0
62.61545 29.74554 1378403769000 69.0
62.615433 29.745469 1378403771000 69.0
62.615425 29.745393 1378403773000 69.0
62.615407 29.745316 1378403775000 69.0
62.615391 29.745227 1378403777000 69.0
62.615389 29.745119 1378403779000 68.0
62.615396 29.745019 1378403781000 68.0
62.6154 29.744923 1378403783000 68.0
62.615408 29.744827 1378403785000 68.0
62.615426 29.74472 1378403787000 67.0
62.615436 29.744614 1378403789000 68.0
62.615428 29.74452 1378403791000 68.0
62.615423 29.744418 1378403793000 67.0
62.615419 29.744311 1378403796000 68.0
62.615411 29.744207 1378403797000 70.0
62.615397 29.744104 1378403799000 69.0
62.615384 29.744016 1378403801000 69.0
62.61537 29.743953 1378403803000 69.0
62.615359 29.743882 1378403805000 68.0
62.615351 29.743782 1378403807000 69.0
62.61535 29.743682 1378403809000 68.0
62.615356 29.743585 1378403811000 68.0
62.615357 29.743498 1378403813000 69.0
62.615355 29.743429 1378403815000 69.0
62.61535 29.743386 1378403817000 69.0
62.615334 29.743335 1378403819000 69.0
62.61531 29.743279 1378403821000 68.0
62.615266 29.743247 1378403823000 66.0
62.61521 29.743229 1378403825000 64.0
62.615153 29.743226 1378403828000 64.0
62.615098 29.743216 1378403829000 64.0
62.615054 29.743189 1378403831000 66.0
62.615022 29.743162 1378403833000 64.0
62.615005 29.743168 1378403836000 64.0