62.6149 29.74273 1378140739000 132.0
62.6149 29.74273 1378140741000 129.0
62.6149 29.74273 1378140743000 132.0
62.615 29.742915 1378140745000 134.0
62.615107 29.742957 1378140747000 134.0
62.615163 29.743053 1378140749000 131.0
62.61523 29.743117 1378140751000 129.0
62.615304 29.743141 1378140753000 122.0
62.615371 29.743173 1378140755000 123.0
62.615402 29.743281 1378140757000 122.0
62.615417 29.74343 1378140759000 123.0
62.615425 29.743543 1378140762000 116.0
62.615431 29.743664 1378140763000 116.0
62.615439 29.743807 1378140765000 117.0
62.615443 29.743929 1378140767000 119.0
62.615443 29.744033 1378140770000 116.0
62.61545 29.744136 1378140771000 120.0
62.61546 29.744256 1378140773000 118.0
62.615462 29.744378 1378140775000 118.0
62.615465 29.744467 1378140777000 117.0
62.615468 29.744534 1378140779000 113.0
62.61547 29.74459 1378140781000 113.0
62.615474 29.744674 1378140784000 117.0
62.61548 29.744785 1378140785000 118.0
62.615491 29.744906 1378140787000 118.0
62.615502 29.745017 1378140789000 120.0
62.615515 29.745122 1378140791000 122.0
62.615522 29.745172 1378140792000 123.0
62.615529 29.745328 1378140795000 123.0
62.615533 29.745441 1378140797000 123.0
62.61554 29.745546 1378140800000 117.0
62.615545 29.745646 1378140801000 116.0
62.615549 29.745745 1378140803000 116.0
62.615555 29.745862 1378140805000 116.0
62.615567 29.745978 1378140807000 117.0
62.615582 29.746094 1378140809000 116.0
62.61559 29.746199 1378140811000 116.0
62.615587 29.746269 1378140813000 115.0
62.615581 29.746322 1378140815000 115.0
62.61558 29.74639 1378140817000 115.0
62.615579 29.746471 1378140819000 115.0
62.615586 29.746637 1378140821000 115.0
62.615599 29.746782 1378140823000 117.0
62.615606 29.746916 1378140825000 117.0
62.615609 29.747034 1378140827000 118.0
62.615614 29.747125 1378140829000 117.0
62.615616 29.74717 1378140831000 117.0
62.615632 29.747286 1378140833000 116.0
62.615638 29.74738 1378140835000 113.0
62.615634 29.747485 1378140838000 112.0
62.615643 29.747703 1378140841000 110.0
62.615653 29.747785 1378140843000 112.0
62.615668 29.747882 1378140845000 112.0
62.615736 29.74887 1378140859000 109.0
62.615753 29.748984 1378140861000 111.0
62.615794 29.749082 1378140863000 113.0
62.615835 29.749153 1378140865000 111.0
62.61588 29.749201 1378140867000 111.0
62.615916 29.749278 1378140869000 110.0
62.615942 29.749398 1378140871000 111.0
62.615962 29.749505 1378140873000 111.0
62.615972 29.749621 1378140875000 111.0
62.615979 29.749684 1378140876000 111.0
62.616004 29.749862 1378140879000 109.0
62.616011 29.749957 1378140881000 109.0
62.616004 29.750028 1378140883000 110.0
62.616003 29.750097 1378140885000 110.0
62.616006 29.750175 1378140887000 111.0
62.616011 29.750269 1378140889000 110.0
62.616016 29.750389 1378140891000 110.0
62.616023 29.750501 1378140893000 110.0
62.616029 29.750567 1378140894000 108.0
62.616025 29.750741 1378140897000 108.0
62.616015 29.750838 1378140899000 108.0
62.61602 29.75093 1378140901000 108.0
62.616023 29.751021 1378140903000 108.0
62.616027 29.751142 1378140905000 109.0
62.61602 29.751285 1378140907000 109.0
62.616009 29.751424 1378140909000 109.0
62.616009 29.751564 1378140911000 107.0
62.61601 29.751714 1378140913000 106.0
62.616011 29.751859 1378140915000 105.0
62.616013 29.751991 1378140917000 105.0
62.616015 29.752111 1378140919000 106.0
62.616018 29.752203 1378140921000 107.0
62.616017 29.752243 1378140922000 107.0
62.616018 29.752374 1378140925000 107.0
62.616016 29.752466 1378140927000 106.0
62.616019 29.75256 1378140929000 107.0
62.616023 29.752645 1378140931000 108.0
62.616027 29.752746 1378140933000 106.0
62.616045 29.752856 1378140936000 110.0
62.616063 29.752946 1378140937000 112.0
62.616072 29.753045 1378140939000 110.0
62.616081 29.753151 1378140941000 110.0
62.61609 29.753257 1378140943000 110.0
62.616096 29.753363 1378140945000 108.0
62.616101 29.753448 1378140947000 109.0
62.61611 29.753539 1378140949000 111.0
62.616125 29.753635 1378140951000 110.0
62.61614 29.75375 1378140953000 111.0
62.616144 29.753865 1378140955000 112.0
62.616141 29.753969 1378140957000 112.0
62.61614 29.754052 1378140959000 112.0
62.616146 29.754117 1378140961000 111.0
62.616154 29.754205 1378140963000 109.0
62.61616 29.754314 1378140965000 110.0
62.616165 29.754438 1378140967000 109.0
62.616178 29.754562 1378140969000 108.0
62.6162 29.754678 1378140971000 108.0
62.616226 29.754816 1378140973000 107.0
62.616238 29.754951 1378140975000 108.0
62.616235 29.755055 1378140977000 109.0
62.616227 29.755114 1378140979000 110.0
62.61622 29.755177 1378140981000 109.0
62.616223 29.755253 1378140983000 108.0
62.616235 29.755332 1378140985000 110.0
62.61624 29.755394 1378140987000 111.0
62.616239 29.755429 1378140989000 112.0
62.616234 29.755457 1378140991000 112.0
62.616235 29.755495 1378140993000 111.0
62.616236 29.755577 1378140996000 110.0
62.616237 29.755687 1378140997000 110.0
62.616239 29.75578 1378140999000 110.0
62.616241 29.755862 1378141001000 110.0
62.61625 29.755966 1378141003000 109.0
62.616276 29.756109 1378141005000 109.0
62.616294 29.756255 1378141008000 108.0
62.616309 29.756401 1378141009000 108.0
62.616316 29.756546 1378141011000 107.0
62.616313 29.756649 1378141013000 108.0
62.616303 29.75676 1378141015000 109.0
62.616298 29.756882 1378141018000 110.0
62.616303 29.757008 1378141019000 111.0
62.616315 29.757156 1378141021000 110.0
62.616324 29.757297 1378141023000 110.0
62.616329 29.757422 1378141025000 110.0
62.616337 29.757531 1378141027000 110.0
62.616354 29.757635 1378141029000 110.0
62.616365 29.757728 1378141031000 110.0
62.616378 29.757871 1378141033000 108.0
62.616386 29.758008 1378141035000 108.0
62.616397 29.75813 1378141037000 108.0
62.616404 29.758245 1378141039000 109.0
62.616409 29.758319 1378141040000 109.0
62.616432 29.758508 1378141043000 109.0
62.616445 29.758597 1378141045000 109.0
62.616448 29.758649 1378141047000 108.0
62.616443 29.758672 1378141049000 110.0
62.616435 29.758738 1378141051000 110.0
62.616422 29.758832 1378141053000 111.0
62.616412 29.758935 1378141055000 110.0
62.616405 29.759023 1378141057000 109.0
62.616417 29.759156 1378141059000 107.0
62.616419 29.759281 1378141061000 107.0
62.616414 29.759438 1378141063000 101.0
62.616409 29.759589 1378141065000 99.0
62.616403 29.759763 1378141067000 99.0
62.616393 29.759884 1378141069000 99.0
62.616386 29.759964 1378141071000 99.0
62.616376 29.76003 1378141073000 99.0
62.616356 29.760115 1378141075000 100.0
62.616333 29.760165 1378141077000 99.0
62.616315 29.760188 1378141079000 99.0
62.616303 29.760241 1378141081000 100.0
62.616298 29.760321 1378141083000 101.0
62.616284 29.760437 1378141085000 102.0
62.616262 29.760559 1378141087000 102.0
62.616247 29.760694 1378141089000 102.0
62.616236 29.760803 1378141091000 102.0
62.616228 29.760911 1378141093000 102.0
62.616218 29.761014 1378141095000 101.0
62.616208 29.761111 1378141097000 101.0
62.616197 29.761189 1378141099000 101.0
62.616175 29.761283 1378141101000 100.0
62.616158 29.761397 1378141103000 99.0
62.61614 29.761512 1378141105000 99.0
62.616118 29.761619 1378141107000 99.0
62.616103 29.761664 1378141108000 99.0
62.616061 29.761797 1378141111000 95.0
62.616031 29.761855 1378141113000 97.0
62.615994 29.761904 1378141115000 97.0
62.615955 29.761956 1378141117000 97.0
62.615912 29.761989 1378141119000 98.0
62.615866 29.761982 1378141121000 100.0
62.615817 29.761986 1378141123000 101.0
62.615772 29.762033 1378141125000 100.0
62.615734 29.762068 1378141127000 101.0
62.615701 29.762071 1378141129000 103.0
62.615646 29.762058 1378141131000 103.0
62.61559 29.762056 1378141133000 104.0
62.615547 29.762065 1378141135000 105.0
62.615534 29.762069 1378141136000 106.0
62.615488 29.762066 1378141139000 107.0
62.615454 29.762062 1378141141000 108.0
62.615416 29.762063 1378141143000 107.0
62.615375 29.762068 1378141145000 108.0
62.615342 29.762061 1378141147000 110.0
62.615301 29.762062 1378141149000 110.0
62.615245 29.762085 1378141151000 110.0
62.615189 29.762096 1378141153000 111.0
62.615143 29.762095 1378141155000 111.0
62.615111 29.76208 1378141157000 112.0
62.615075 29.762068 1378141159000 112.0
62.615016 29.762083 1378141161000 111.0
62.614955 29.762108 1378141163000 112.0
62.614906 29.762135 1378141165000 112.0
62.614865 29.762175 1378141167000 112.0
62.61483 29.762186 1378141169000 111.0
62.61479 29.762166 1378141171000 112.0
62.614739 29.762163 1378141173000 112.0
62.614682 29.762161 1378141175000 112.0
62.614622 29.762154 1378141177000 111.0
62.614578 29.762124 1378141179000 109.0
62.614538 29.762088 1378141181000 108.0
62.614497 29.762053 1378141183000 107.0
62.614453 29.762029 1378141185000 108.0
62.61441 29.762021 1378141187000 109.0
62.614367 29.762026 1378141189000 109.0
62.614322 29.761997 1378141191000 110.0
62.614276 29.761951 1378141193000 109.0
62.614246 29.761883 1378141195000 108.0
62.614229 29.761826 1378141197000 108.0
62.614213 29.761792 1378141199000 108.0
62.614176 29.761778 1378141201000 108.0
62.614131 29.76176 1378141203000 109.0
62.614094 29.761745 1378141205000 109.0
62.614067 29.761725 1378141207000 108.0
62.614042 29.761686 1378141209000 108.0
62.614012 29.761647 1378141211000 108.0
62.613967 29.761611 1378141213000 108.0
62.613922 29.761566 1378141215000 109.0
62.613871 29.761521 1378141217000 110.0
62.613822 29.761477 1378141219000 110.0
62.613762 29.761459 1378141221000 110.0
62.613706 29.761459 1378141223000 111.0
62.613657 29.761458 1378141225000 112.0
62.6136 29.761441 1378141227000 112.0
62.613555 29.761418 1378141229000 111.0
62.613513 29.761411 1378141231000 111.0
62.613465 29.7614 1378141233000 110.0
62.61342 29.761363 1378141235000 109.0
62.613378 29.761326 1378141237000 109.0
62.613332 29.761305 1378141239000 110.0
62.61329 29.761269 1378141241000 108.0
62.613236 29.761258 1378141243000 110.0
62.613171 29.761276 1378141245000 112.0
62.613114 29.761312 1378141247000 112.0
62.613066 29.761355 1378141249000 113.0
62.61302 29.761382 1378141251000 112.0
62.612974 29.761405 1378141253000 109.0
62.612939 29.761413 1378141255000 110.0
62.612909 29.761402 1378141257000 108.0
62.612883 29.761401 1378141259000 108.0
62.612861 29.76138 1378141261000 108.0
62.612832 29.761344 1378141263000 109.0
62.612801 29.761325 1378141265000 107.0
62.612757 29.761319 1378141267000 106.0
62.612703 29.761309 1378141269000 106.0
62.612649 29.761282 1378141271000 105.0
62.612601 29.761258 1378141273000 105.0
62.612554 29.761229 1378141275000 106.0
62.612504 29.761191 1378141277000 106.0
62.61245 29.761133 1378141279000 105.0
62.612403 29.76109 1378141281000 105.0
62.612366 29.761062 1378141283000 105.0
62.612345 29.761014 1378141285000 105.0
62.612335 29.760932 1378141287000 104.0
62.612339 29.760804 1378141289000 105.0
62.612343 29.760677 1378141291000 105.0
62.612348 29.760569 1378141293000 105.0
62.612345 29.760475 1378141295000 104.0
62.612333 29.7604 1378141297000 104.0
62.61231 29.760352 1378141299000 104.0
62.612284 29.760308 1378141301000 104.0
62.612268 29.760228 1378141303000 104.0
62.612258 29.760132 1378141305000 104.0
62.612253 29.760041 1378141307000 104.0
62.612243 29.759959 1378141309000 104.0
62.612236 29.759868 1378141311000 105.0
62.612232 29.759779 1378141313000 106.0
62.612208 29.759691 1378141315000 103.0
62.612159 29.759616 1378141317000 100.0
62.612134 29.759531 1378141319000 99.0
62.61212 29.759435 1378141321000 101.0
62.612107 29.759351 1378141323000 102.0
62.612111 29.759316 1378141325000 102.0
62.612129 29.75926 1378141327000 102.0
62.612141 29.759166 1378141329000 105.0
62.612158 29.759097 1378141331000 106.0
62.612186 29.759075 1378141333000 106.0
62.612226 29.759059 1378141335000 106.0
62.612274 29.759043 1378141337000 105.0
62.61233 29.759002 1378141339000 107.0
62.612394 29.758948 1378141341000 108.0
62.61246 29.75893 1378141343000 108.0
62.61251 29.758951 1378141345000 109.0
62.612547 29.758965 1378141347000 109.0
62.612558 29.758929 1378141349000 109.0
62.612577 29.758867 1378141351000 108.0
62.612617 29.758801 1378141353000 108.0
62.612658 29.75874 1378141355000 108.0
62.612702 29.758679 1378141357000 107.0
62.612737 29.758649 1378141359000 109.0
62.612774 29.758618 1378141361000 108.0
62.612823 29.758574 1378141363000 106.0
62.612865 29.758532 1378141365000 106.0
62.612906 29.758513 1378141367000 105.0
62.612952 29.758513 1378141369000 106.0
62.612985 29.758533 1378141371000 106.0
62.613018 29.758532 1378141373000 107.0
62.613062 29.758516 1378141375000 106.0
62.613111 29.758488 1378141377000 106.0
62.613189 29.758415 1378141379000 106.0
62.61326 29.758323 1378141381000 106.0
62.613339 29.758246 1378141383000 105.0
62.61342 29.758201 1378141385000 105.0
62.613489 29.75818 1378141387000 103.0
62.613536 29.758177 1378141389000 105.0
62.613574 29.75816 1378141391000 105.0
62.613603 29.758144 1378141393000 107.0
62.613625 29.758134 1378141395000 108.0
62.613657 29.758136 1378141397000 108.0
62.613707 29.758123 1378141399000 110.0
62.613763 29.758121 1378141401000 112.0
62.613822 29.758105 1378141403000 112.0
62.613876 29.758092 1378141405000 112.0
62.613919 29.758116 1378141407000 112.0
62.613956 29.758133 1378141409000 111.0
62.613992 29.758146 1378141411000 111.0
62.614026 29.758146 1378141413000 111.0
62.614048 29.758159 1378141415000 111.0
62.614079 29.758153 1378141417000 112.0
62.614126 29.75814 1378141419000 111.0
62.614165 29.758152 1378141421000 112.0
62.614202 29.758147 1378141423000 113.0
62.614244 29.758116 1378141425000 113.0
62.614286 29.758087 1378141427000 113.0
62.614326 29.758061 1378141429000 114.0
62.614345 29.758044 1378141430000 114.0
62.61438 29.75801 1378141433000 116.0
62.614401 29.757976 1378141435000 116.0
62.614439 29.757954 1378141437000 115.0
62.614479 29.757932 1378141440000 116.0
62.614532 29.757903 1378141441000 116.0
62.614599 29.757847 1378141443000 116.0
62.614664 29.757797 1378141445000 115.0
62.614719 29.757791 1378141447000 115.0
62.614766 29.757812 1378141449000 116.0
62.6148 29.757855 1378141451000 116.0
62.614823 29.757891 1378141453000 116.0
62.614858 29.757911 1378141455000 115.0
62.614896 29.757894 1378141457000 115.0
62.614925 29.757877 1378141459000 117.0
62.614945 29.757855 1378141461000 118.0
62.614969 29.757823 1378141463000 119.0
62.615012 29.757721 1378141465000 118.0
62.615042 29.757611 1378141467000 118.0
62.61505 29.757559 1378141469000 118.0
62.615044 29.757525 1378141471000 118.0
62.615024 29.757525 1378141473000 118.0
62.615009 29.757534 1378141475000 118.0
62.615009 29.757534 1378141477000 119.0
62.614964 29.75756 1378141479000 119.0
62.614964 29.75756 1378141481000 119.0
62.614964 29.75756 1378141483000 119.0
62.614964 29.75756 1378141485000 119.0
62.614964 29.75756 1378141487000 120.0
62.614964 29.75756 1378141489000 120.0
62.614964 29.75756 1378141491000 120.0
62.614966 29.75751 1378141493000 121.0
62.61498 29.757468 1378141495000 120.0
62.615008 29.757402 1378141497000 119.0
62.615045 29.757341 1378141499000 118.0
62.615088 29.757261 1378141501000 117.0
62.615125 29.757145 1378141503000 117.0
62.615159 29.757013 1378141505000 116.0
62.615179 29.756875 1378141507000 115.0
62.615185 29.756762 1378141509000 117.0
62.615189 29.756654 1378141511000 117.0
62.615182 29.756566 1378141513000 119.0
62.615171 29.756494 1378141515000 119.0
62.615161 29.756402 1378141517000 119.0
62.615149 29.756305 1378141519000 120.0
62.615151 29.756178 1378141521000 119.0
62.615169 29.75605 1378141523000 120.0
62.615182 29.755931 1378141525000 120.0
62.615189 29.755802 1378141527000 120.0
62.615195 29.75568 1378141530000 120.0
62.615214 29.755572 1378141531000 121.0
62.615221 29.755477 1378141533000 120.0
62.615205 29.755385 1378141535000 121.0
62.615186 29.755292 1378141537000 121.0
62.615161 29.755212 1378141539000 120.0
62.615147 29.755123 1378141541000 121.0
62.615137 29.755021 1378141543000 121.0
62.615121 29.754925 1378141545000 122.0
62.615111 29.754828 1378141547000 124.0
62.615096 29.754736 1378141549000 123.0
62.615078 29.75464 1378141551000 124.0
62.615076 29.754543 1378141553000 124.0
62.615074 29.754445 1378141555000 124.0
62.615075 29.754342 1378141557000 124.0
62.615101 29.754223 1378141559000 125.0
62.615116 29.754103 1378141561000 124.0
62.615095 29.754012 1378141563000 126.0
62.615066 29.753942 1378141565000 127.0
62.615047 29.753827 1378141567000 127.0
62.61504 29.753667 1378141569000 127.0
62.615025 29.753518 1378141571000 128.0
62.615003 29.753415 1378141573000 128.0
62.614981 29.753353 1378141575000 128.0
62.614958 29.753299 1378141577000 128.0
62.614919 29.75323 1378141579000 130.0
62.61488 29.75317 1378141581000 129.0
62.614854 29.753104 1378141583000 128.0
62.614842 29.753023 1378141585000 127.0
62.614838 29.752975 1378141586000 127.0
62.614823 29.752859 1378141589000 125.0
62.614822 29.752806 1378141591000 124.0
62.614831 29.752777 1378141593000 124.0
62.61485 29.752745 1378141595000 124.0
62.614875 29.752716 1378141597000 125.0
62.614892 29.752701 1378141599000 124.0
62.614917 29.752709 1378141601000 123.0
62.614945 29.752733 1378141603000 123.0
62.614979 29.75276 1378141605000 122.0
62.615019 29.752788 1378141607000 122.0
62.615069 29.752814 1378141609000 122.0
62.615116 29.752814 1378141611000 122.0
62.615153 29.752804 1378141613000 122.0
62.615187 29.752808 1378141615000 121.0
62.615231 29.752816 1378141617000 121.0
62.615286 29.75281 1378141619000 122.0
62.615321 29.752801 1378141621000 122.0
62.615341 29.752824 1378141623000 122.0
62.615368 29.752842 1378141625000 122.0
62.615409 29.752826 1378141627000 121.0
62.615451 29.752815 1378141629000 121.0
62.615497 29.752824 1378141631000 121.0
62.615543 29.752826 1378141633000 121.0
62.615585 29.752816 1378141635000 122.0
62.615638 29.752782 1378141637000 122.0
62.615695 29.752752 1378141639000 120.0
62.615753 29.752729 1378141641000 120.0
62.615813 29.752702 1378141643000 120.0
62.615859 29.752674 1378141645000 119.0
62.615908 29.752657 1378141647000 118.0
62.61595 29.75265 1378141649000 117.0
62.615986 29.752678 1378141651000 117.0
62.616014 29.752733 1378141653000 116.0
62.616032 29.752807 1378141655000 116.0
62.616044 29.752903 1378141657000 116.0
62.616064 29.753023 1378141659000 114.0
62.616087 29.753148 1378141662000 113.0
62.616105 29.753258 1378141663000 113.0
62.616105 29.75334 1378141665000 113.0
62.616103 29.753391 1378141667000 115.0
62.616102 29.75344 1378141669000 116.0
62.616103 29.75351 1378141671000 116.0
62.616114 29.753587 1378141673000 116.0
62.616122 29.753678 1378141675000 115.0
62.616131 29.753767 1378141677000 115.0
62.616131 29.753852 1378141679000 115.0
62.616128 29.753948 1378141681000 115.0
62.616142 29.754036 1378141683000 115.0
62.616167 29.754102 1378141685000 114.0
62.616178 29.754183 1378141687000 113.0
62.616184 29.754327 1378141689000 110.0
62.616194 29.754475 1378141691000 110.0
62.616206 29.754592 1378141693000 110.0
62.616221 29.754714 1378141695000 110.0
62.616236 29.754829 1378141697000 111.0
62.616246 29.754926 1378141699000 112.0
62.61625 29.755011 1378141701000 111.0
62.616257 29.755081 1378141703000 112.0
62.616256 29.755139 1378141705000 114.0
62.616247 29.755163 1378141707000 115.0
62.616245 29.755201 1378141709000 116.0
62.616259 29.755253 1378141711000 117.0
62.616286 29.755324 1378141713000 117.0
62.616303 29.755412 1378141715000 117.0
62.616315 29.755491 1378141717000 118.0
62.616319 29.75558 1378141719000 118.0
62.616319 29.755682 1378141721000 118.0
62.616324 29.755805 1378141723000 118.0
62.616333 29.755954 1378141725000 117.0
62.616352 29.756068 1378141727000 116.0
62.616378 29.75617 1378141729000 115.0
62.616393 29.756278 1378141731000 115.0
62.616399 29.756384 1378141733000 116.0
62.616404 29.756507 1378141735000 117.0
62.616408 29.756625 1378141737000 117.0
62.616411 29.756751 1378141739000 118.0
62.616406 29.756887 1378141741000 118.0
62.616401 29.757023 1378141743000 118.0
62.616394 29.757125 1378141745000 117.0
62.616386 29.757231 1378141747000 117.0
62.616387 29.757325 1378141749000 117.0
62.616395 29.757404 1378141751000 116.0
62.616393 29.757476 1378141753000 116.0
62.616379 29.757542 1378141755000 115.0
62.616359 29.757595 1378141757000 115.0
62.616333 29.757623 1378141759000 115.0
62.616291 29.757642 1378141761000 113.0
62.616243 29.757666 1378141763000 112.0
62.6162 29.757691 1378141765000 111.0
62.616157 29.757691 1378141767000 112.0
62.616111 29.757679 1378141769000 111.0
62.616064 29.757674 1378141771000 110.0
62.616019 29.757687 1378141773000 112.0
62.615997 29.75769 1378141774000 113.0
62.615916 29.757669 1378141777000 111.0
62.615867 29.757627 1378141779000 110.0
62.615828 29.757607 1378141781000 111.0
62.615784 29.75758 1378141783000 111.0
62.615717 29.757546 1378141785000 110.0
62.615658 29.757507 1378141787000 110.0
62.615617 29.75748 1378141789000 112.0
62.615583 29.757479 1378141791000 113.0
62.615559 29.757504 1378141793000 113.0
62.615527 29.757545 1378141795000 113.0
62.615498 29.757589 1378141797000 114.0
62.615467 29.757609 1378141799000 114.0
62.61542 29.757623 1378141801000 113.0
62.61537 29.75763 1378141803000 112.0
62.615318 29.757625 1378141805000 112.0
62.615279 29.757628 1378141807000 111.0
62.615232 29.757659 1378141809000 113.0
62.61519 29.757676 1378141811000 111.0
62.61515 29.757689 1378141813000 112.0
62.615107 29.757694 1378141815000 111.0
62.615064 29.757689 1378141817000 111.0
62.615021 29.757678 1378141819000 113.0
62.614991 29.757696 1378141821000 113.0
62.614945 29.757701 1378141823000 113.0
62.614899 29.757705 1378141825000 112.0
62.614859 29.757718 1378141827000 112.0
62.614816 29.757726 1378141829000 116.0
62.614785 29.757723 1378141831000 116.0
62.614752 29.7577 1378141833000 117.0
62.614711 29.757668 1378141835000 117.0
62.614673 29.757653 1378141837000 117.0
62.614645 29.757645 1378141839000 118.0
62.614623 29.757645 1378141841000 119.0
62.614599 29.757683 1378141843000 120.0
62.614582 29.757733 1378141845000 121.0
62.614569 29.757791 1378141847000 121.0
62.61453 29.757833 1378141849000 121.0
62.614472 29.757849 1378141851000 120.0
62.614425 29.757886 1378141853000 120.0
62.614381 29.757929 1378141855000 119.0
62.614358 29.757951 1378141857000 120.0
62.614345 29.758004 1378141859000 119.0
62.614325 29.758041 1378141861000 120.0
62.614293 29.758065 1378141863000 120.0
62.61423 29.758081 1378141865000 115.0
62.614159 29.758092 1378141867000 114.0
62.6141 29.758112 1378141869000 114.0
62.614036 29.758128 1378141871000 112.0
62.613963 29.758135 1378141873000 113.0
62.613896 29.75811 1378141875000 114.0
62.613841 29.758088 1378141877000 115.0
62.613798 29.758071 1378141879000 116.0
62.613751 29.758073 1378141881000 114.0
62.613707 29.758087 1378141883000 113.0
62.61368 29.758111 1378141885000 114.0
62.613655 29.758147 1378141887000 115.0
62.613623 29.758201 1378141889000 115.0
62.613585 29.758254 1378141891000 115.0
62.613552 29.758323 1378141893000 115.0
62.613524 29.7584 1378141895000 116.0
62.61349 29.758455 1378141897000 115.0
62.613446 29.758495 1378141899000 115.0
62.613409 29.758524 1378141901000 116.0
62.613378 29.758543 1378141903000 117.0
62.613326 29.758576 1378141905000 117.0
62.613271 29.758634 1378141907000 117.0
62.613243 29.758688 1378141909000 117.0
62.613205 29.758695 1378141911000 116.0
62.613159 29.758689 1378141913000 116.0
62.613114 29.758694 1378141915000 116.0
62.613067 29.758721 1378141917000 116.0
62.612993 29.758704 1378141919000 117.0
62.612935 29.758646 1378141921000 118.0
62.612902 29.758636 1378141923000 119.0
62.612887 29.758653 1378141924000 119.0
62.612849 29.758725 1378141927000 117.0
62.61283 29.758776 1378141929000 118.0
62.612807 29.758821 1378141931000 118.0
62.612777 29.758867 1378141933000 119.0
62.612739 29.758901 1378141936000 119.0
62.612702 29.758924 1378141937000 119.0
62.612666 29.758941 1378141939000 119.0
62.612622 29.758955 1378141941000 120.0
62.612575 29.758972 1378141943000 120.0
62.61253 29.759028 1378141945000 120.0
62.612486 29.759097 1378141947000 120.0
62.612441 29.759176 1378141949000 120.0
62.612388 29.759248 1378141951000 120.0
62.612324 29.759295 1378141953000 121.0
62.61226 29.759308 1378141955000 119.0
62.612202 29.759315 1378141958000 119.0
62.612148 29.75933 1378141959000 119.0
62.612089 29.759339 1378141961000 119.0
62.612022 29.759363 1378141963000 118.0
62.611951 29.759396 1378141965000 116.0
62.611924 29.759404 1378141966000 115.0
62.611863 29.759385 1378141969000 115.0
62.611867 29.759439 1378141971000 115.0
62.611899 29.759578 1378141973000 116.0
62.611935 29.75974 1378141975000 115.0
62.611972 29.7599 1378141977000 114.0
62.611999 29.760038 1378141979000 115.0
62.612008 29.760128 1378141981000 115.0
62.612012 29.760205 1378141983000 115.0
62.612035 29.76029 1378141985000 115.0
62.612069 29.760385 1378141987000 115.0
62.612107 29.760425 1378141989000 116.0
62.612139 29.760442 1378141991000 114.0
62.612158 29.760496 1378141993000 114.0
62.612173 29.760596 1378141995000 113.0
62.61219 29.760706 1378141997000 113.0
62.612209 29.760822 1378141999000 112.0
62.612223 29.760916 1378142001000 112.0
62.612252 29.761004 1378142003000 111.0
62.612288 29.761079 1378142005000 111.0
62.61232 29.761142 1378142007000 109.0
62.612352 29.761178 1378142009000 108.0
62.612387 29.761217 1378142011000 106.0
62.612435 29.761258 1378142013000 107.0
62.612486 29.761299 1378142015000 107.0
62.612524 29.761327 1378142017000 106.0
62.612546 29.761345 1378142019000 106.0
62.612557 29.761357 1378142020000 106.0
62.612601 29.761419 1378142023000 107.0
62.612637 29.761451 1378142025000 106.0
62.612671 29.761454 1378142027000 106.0
62.612703 29.761449 1378142029000 106.0
62.61274 29.761473 1378142031000 106.0
62.612776 29.761496 1378142033000 107.0
62.612821 29.761495 1378142035000 107.0
62.61287 29.76149 1378142037000 107.0
62.612928 29.761478 1378142039000 108.0
62.612993 29.761448 1378142041000 108.0
62.613054 29.761403 1378142043000 108.0
62.613107 29.761381 1378142045000 107.0
62.613163 29.761382 1378142047000 107.0
62.613213 29.761393 1378142049000 108.0
62.613264 29.761388 1378142051000 107.0
62.613298 29.761388 1378142053000 108.0
62.613328 29.761387 1378142055000 107.0
62.613362 29.761401 1378142057000 107.0
62.613407 29.761412 1378142059000 108.0
62.613453 29.761417 1378142061000 109.0
62.613502 29.761432 1378142063000 110.0
62.613555 29.761461 1378142065000 110.0
62.613603 29.761478 1378142067000 109.0
62.613635 29.761494 1378142069000 109.0
62.613667 29.761521 1378142071000 108.0
62.613711 29.761543 1378142073000 108.0
62.613766 29.761585 1378142075000 108.0
62.613816 29.761637 1378142077000 108.0
62.613862 29.76169 1378142079000 108.0
62.613905 29.761721 1378142081000 108.0
62.613932 29.761753 1378142083000 108.0
62.613957 29.761801 1378142085000 107.0
62.61398 29.761854 1378142087000 108.0
62.614008 29.761889 1378142089000 108.0
62.614036 29.761923 1378142092000 107.0
62.614072 29.761948 1378142093000 107.0
62.614113 29.761968 1378142095000 108.0
62.614145 29.761993 1378142097000 109.0
62.614182 29.762042 1378142099000 108.0
62.614218 29.762069 1378142101000 108.0
62.614255 29.762089 1378142103000 107.0
62.614291 29.762102 1378142105000 106.0
62.614343 29.762085 1378142107000 106.0
62.614409 29.762018 1378142109000 107.0
62.614471 29.761977 1378142111000 106.0
62.614511 29.761992 1378142113000 105.0
62.614552 29.762023 1378142115000 105.0
62.614583 29.762058 1378142117000 105.0
62.614607 29.762086 1378142119000 105.0
62.61462 29.762112 1378142121000 105.0
62.614639 29.762134 1378142123000 106.0
62.614663 29.76216 1378142125000 106.0
62.614697 29.762194 1378142127000 107.0
62.614727 29.762221 1378142129000 106.0
62.614763 29.762181 1378142131000 105.0
62.614786 29.762164 1378142133000 103.0
62.614809 29.76219 1378142135000 105.0
62.614822 29.762203 1378142136000 106.0
62.614876 29.762297 1378142139000 107.0
62.614932 29.762337 1378142141000 107.0
62.614984 29.762352 1378142143000 107.0
62.615037 29.762375 1378142145000 108.0
62.615093 29.76239 1378142147000 108.0
62.615138 29.762383 1378142149000 108.0
62.615192 29.762349 1378142151000 108.0
62.615261 29.762334 1378142153000 108.0
62.615314 29.762332 1378142155000 108.0
62.615351 29.762337 1378142157000 109.0
62.615384 29.762365 1378142159000 110.0
62.615413 29.762378 1378142161000 110.0
62.61545 29.762373 1378142163000 110.0
62.615492 29.762365 1378142165000 111.0
62.615531 29.762342 1378142167000 111.0
62.615572 29.762314 1378142170000 111.0
62.615615 29.762277 1378142171000 113.0
62.615653 29.762254 1378142173000 113.0
62.615688 29.762244 1378142175000 114.0
62.615725 29.762236 1378142177000 113.0
62.615746 29.762234 1378142179000 113.0
62.615759 29.762211 1378142181000 114.0
62.615779 29.762193 1378142183000 114.0
62.615804 29.762163 1378142185000 113.0
62.615823 29.762141 1378142187000 114.0
62.61584 29.762114 1378142189000 114.0
62.615863 29.762082 1378142191000 114.0
62.615897 29.762038 1378142193000 114.0
62.61592 29.762004 1378142194000 114.0
62.615996 29.761874 1378142197000 110.0
62.61604 29.761799 1378142199000 110.0
62.616079 29.761727 1378142201000 110.0
62.616107 29.761663 1378142203000 111.0
62.616138 29.761566 1378142205000 112.0
62.616162 29.761503 1378142206000 111.0
62.616227 29.761327 1378142209000 111.0
62.61625 29.761227 1378142211000 112.0
62.616265 29.761152 1378142213000 113.0
62.616272 29.761077 1378142215000 113.0
62.616286 29.761006 1378142217000 114.0
62.616292 29.760942 1378142219000 113.0
62.616289 29.760869 1378142221000 113.0
62.616289 29.760763 1378142223000 113.0
62.616302 29.760658 1378142225000 112.0
62.61632 29.760558 1378142227000 112.0
62.616346 29.760466 1378142229000 111.0
62.61638 29.760376 1378142231000 111.0
62.616412 29.76028 1378142233000 112.0
62.616436 29.760186 1378142235000 112.0
62.616452 29.760084 1378142237000 111.0
62.616463 29.759986 1378142239000 111.0
62.616472 29.7599 1378142241000 111.0
62.616475 29.759816 1378142243000 111.0
62.61647 29.759746 1378142245000 112.0
62.616465 29.75965 1378142247000 111.0
62.616459 29.759551 1378142249000 111.0
62.616449 29.759448 1378142252000 111.0
62.616446 29.75936 1378142253000 112.0
62.616441 29.759318 1378142254000 112.0
62.616427 29.759186 1378142257000 112.0
62.616432 29.759111 1378142259000 111.0
62.616441 29.759042 1378142261000 111.0
62.616447 29.758956 1378142264000 111.0
62.616442 29.758851 1378142265000 110.0
62.61644 29.758747 1378142267000 111.0
62.616443 29.758672 1378142270000 110.0
62.616437 29.758605 1378142271000 110.0
62.616436 29.758527 1378142273000 111.0
62.616433 29.758447 1378142275000 111.0
62.616429 29.758362 1378142277000 111.0
62.616431 29.758289 1378142279000 111.0
62.616434 29.758217 1378142281000 112.0
62.61643 29.758132 1378142283000 112.0
62.616424 29.758042 1378142285000 112.0
62.61641 29.757968 1378142287000 112.0
62.616379 29.757927 1378142289000 112.0
62.616336 29.757896 1378142291000 111.0
62.616277 29.757873 1378142293000 111.0
62.616228 29.757847 1378142295000 112.0
62.616186 29.757843 1378142297000 112.0
62.616144 29.757841 1378142300000 112.0
62.616111 29.757834 1378142301000 111.0
62.616081 29.757831 1378142303000 111.0
62.616052 29.757826 1378142305000 111.0
62.616017 29.757827 1378142307000 111.0
62.615976 29.757813 1378142309000 110.0
62.61593 29.757777 1378142311000 110.0
62.615895 29.757718 1378142313000 111.0
62.61586 29.757692 1378142315000 110.0
62.615831 29.7577 1378142317000 110.0
62.615809 29.757729 1378142319000 110.0
62.615777 29.757744 1378142321000 110.0
62.615736 29.757763 1378142323000 109.0
62.61571 29.757783 1378142325000 110.0
62.615684 29.757797 1378142327000 110.0
62.615649 29.757792 1378142329000 110.0
62.615605 29.757773 1378142331000 109.0
62.615546 29.757775 1378142333000 109.0
62.615497 29.757792 1378142335000 110.0
62.615457 29.757791 1378142337000 110.0
62.615422 29.75774 1378142339000 111.0
62.615373 29.757696 1378142341000 109.0
62.615326 29.757688 1378142343000 110.0
62.615278 29.75769 1378142345000 110.0
62.615251 29.757701 1378142347000 113.0
62.615223 29.757708 1378142349000 112.0
62.615179 29.75771 1378142351000 110.0
62.615131 29.757695 1378142353000 111.0
62.615099 29.757676 1378142355000 110.0
62.615084 29.757652 1378142357000 110.0
62.615083 29.75764 1378142358000 110.0
62.615077 29.757585 1378142361000 111.0
62.615077 29.757536 1378142363000 113.0
62.615069 29.757479 1378142365000 112.0
62.615076 29.757434 1378142367000 112.0
62.615097 29.757364 1378142369000 113.0
62.615117 29.757264 1378142371000 112.0
62.615132 29.757188 1378142373000 111.0
62.61514 29.7571 1378142376000 112.0
62.615151 29.756996 1378142377000 113.0
62.615165 29.756877 1378142379000 113.0
62.615192 29.756776 1378142382000 113.0
62.615214 29.756686 1378142383000 113.0
62.615229 29.756606 1378142385000 112.0
62.615224 29.756495 1378142387000 113.0
62.615205 29.756356 1378142389000 113.0
62.615196 29.756209 1378142391000 114.0
62.615197 29.756081 1378142393000 114.0
62.615205 29.755966 1378142395000 115.0
62.615229 29.755856 1378142397000 114.0
62.615246 29.75577 1378142399000 115.0
62.615265 29.755715 1378142401000 115.0
62.615269 29.755688 1378142403000 115.0
62.615241 29.755661 1378142405000 116.0
62.615228 29.755583 1378142407000 115.0
62.615212 29.755511 1378142409000 115.0
62.615196 29.755465 1378142411000 116.0
62.615183 29.755413 1378142413000 116.0
62.615165 29.755336 1378142415000 116.0
62.615126 29.755269 1378142417000 117.0
62.615091 29.755216 1378142419000 118.0
62.61507 29.755156 1378142421000 118.0
62.615058 29.755049 1378142423000 118.0
62.615061 29.754933 1378142425000 118.0
62.615048 29.754856 1378142427000 118.0
62.615032 29.754776 1378142429000 118.0
62.615009 29.754689 1378142431000 118.0
62.614986 29.754596 1378142433000 118.0
62.614979 29.754513 1378142435000 117.0
62.614976 29.754429 1378142437000 118.0
62.614974 29.754351 1378142439000 120.0
62.61497 29.754261 1378142441000 120.0
62.61497 29.754166 1378142443000 119.0
62.61495 29.754075 1378142445000 119.0
62.614908 29.754017 1378142447000 119.0
62.61489 29.75394 1378142449000 118.0
62.614871 29.753879 1378142451000 119.0
62.614847 29.75384 1378142453000 119.0
62.614836 29.753771 1378142455000 119.0
62.614829 29.753666 1378142457000 118.0
62.614823 29.753558 1378142459000 119.0
62.614803 29.753459 1378142461000 120.0
62.614785 29.753384 1378142463000 120.0
62.614781 29.753305 1378142465000 120.0
62.614775 29.753223 1378142467000 120.0
62.614767 29.753159 1378142469000 121.0
62.614752 29.753083 1378142471000 120.0
62.614713 29.753009 1378142473000 120.0
62.614673 29.752898 1378142475000 120.0
62.614679 29.752829 1378142477000 120.0
62.614706 29.7528 1378142479000 119.0
62.614737 29.75275 1378142481000 119.0
62.614765 29.752705 1378142483000 119.0
62.6148 29.752677 1378142485000 117.0
62.614841 29.752689 1378142487000 116.0
62.614878 29.752714 1378142489000 118.0
62.614912 29.752726 1378142491000 118.0
62.614942 29.752751 1378142493000 117.0
62.614969 29.752774 1378142495000 116.0
62.615011 29.75276 1378142497000 116.0
62.615066 29.752725 1378142499000 116.0
62.615129 29.752683 1378142501000 116.0
62.615181 29.752673 1378142504000 114.0
62.615228 29.75267 1378142505000 114.0
62.615261 29.752661 1378142507000 114.0
62.615288 29.752666 1378142509000 114.0
62.615316 29.752683 1378142511000 114.0
62.615348 29.752691 1378142513000 115.0
62.615379 29.752689 1378142515000 114.0
62.615421 29.752684 1378142517000 113.0
62.615469 29.752675 1378142519000 114.0
62.615506 29.752703 1378142521000 115.0
62.615538 29.752727 1378142523000 115.0
62.615575 29.752728 1378142525000 117.0
62.615621 29.752714 1378142527000 118.0
62.615657 29.752709 1378142529000 119.0
62.615695 29.752721 1378142531000 119.0
62.615735 29.752763 1378142533000 118.0
62.615779 29.752803 1378142535000 119.0
62.615813 29.752816 1378142537000 119.0
62.615845 29.752817 1378142539000 119.0
62.615889 29.752796 1378142541000 119.0
62.615944 29.752726 1378142543000 119.0
62.615994 29.752641 1378142545000 119.0
62.616031 29.752533 1378142547000 118.0
62.616042 29.752429 1378142549000 119.0
62.616075 29.752335 1378142551000 119.0
62.616119 29.752252 1378142553000 119.0
62.616141 29.752138 1378142556000 119.0
62.616148 29.752023 1378142557000 120.0
62.616151 29.751927 1378142559000 121.0
62.616145 29.751848 1378142561000 122.0
62.616128 29.751783 1378142563000 122.0
62.616115 29.751763 1378142565000 123.0
62.616108 29.751776 1378142567000 124.0
62.616108 29.751763 1378142569000 123.0
62.616109 29.751698 1378142571000 123.0
62.616091 29.751594 1378142573000 122.0
62.616057 29.751498 1378142575000 118.0
62.616018 29.751402 1378142577000 117.0
62.615969 29.751269 1378142579000 117.0
62.615918 29.75115 1378142581000 113.0
62.615896 29.751032 1378142583000 113.0
62.6159 29.750937 1378142585000 113.0
62.615923 29.750847 1378142587000 113.0
62.615953 29.750748 1378142589000 114.0
62.615976 29.75065 1378142591000 114.0
62.615985 29.750579 1378142593000 115.0
62.615992 29.750518 1378142595000 115.0
62.616 29.75046 1378142597000 114.0
62.616003 29.750392 1378142599000 114.0
62.616002 29.750292 1378142601000 114.0
62.616007 29.750181 1378142603000 113.0
62.616012 29.750076 1378142605000 114.0
62.616012 29.749977 1378142607000 114.0
62.616015 29.749861 1378142609000 114.0
62.616037 29.749701 1378142611000 113.0
62.616056 29.74959 1378142613000 111.0
62.616062 29.749512 1378142615000 111.0
62.616065 29.749445 1378142617000 110.0
62.616041 29.749393 1378142619000 111.0
62.616019 29.749374 1378142620000 111.0
62.615952 29.749314 1378142623000 112.0
62.61591 29.749256 1378142625000 112.0
62.615867 29.749197 1378142627000 111.0
62.615829 29.749114 1378142629000 112.0
62.615814 29.749039 1378142631000 113.0
62.615822 29.748961 1378142633000 114.0
62.615821 29.748875 1378142635000 114.0
62.615815 29.748792 1378142637000 114.0
62.61579 29.748698 1378142639000 112.0
62.615771 29.748594 1378142641000 112.0
62.61576 29.748495 1378142643000 112.0
62.615749 29.748397 1378142645000 112.0
62.61574 29.748295 1378142647000 113.0
62.615741 29.748184 1378142649000 113.0
62.615752 29.748067 1378142651000 113.0
62.615769 29.747975 1378142653000 114.0
62.615774 29.74789 1378142655000 114.0
62.615761 29.747792 1378142657000 114.0
62.615753 29.747707 1378142659000 114.0
62.615749 29.747633 1378142661000 114.0
62.615738 29.74754 1378142663000 115.0
62.615732 29.747446 1378142665000 115.0
62.615726 29.747339 1378142667000 115.0
62.615703 29.747236 1378142669000 115.0
62.61567 29.747149 1378142671000 115.0
62.615646 29.747075 1378142673000 115.0
62.615636 29.747036 1378142674000 115.0
62.615613 29.746915 1378142677000 114.0
62.615603 29.746817 1378142679000 116.0
62.615608 29.74673 1378142681000 117.0
62.615636 29.746617 1378142683000 117.0
62.61565 29.746472 1378142685000 117.0
62.615651 29.746346 1378142687000 116.0
62.615636 29.746247 1378142689000 116.0
62.615613 29.746153 1378142691000 116.0
62.61559 29.746067 1378142693000 115.0
62.615572 29.745991 1378142695000 115.0
62.615566 29.745909 1378142698000 114.0
62.615575 29.745832 1378142699000 115.0
62.615578 29.745758 1378142701000 116.0
62.615578 29.745671 1378142703000 117.0
62.615583 29.745565 1378142705000 117.0
62.615581 29.745474 1378142707000 117.0
62.615576 29.745391 1378142709000 117.0
62.615573 29.745306 1378142711000 117.0
62.615557 29.74523 1378142713000 116.0
62.615548 29.745193 1378142714000 115.0
62.615533 29.745066 1378142717000 114.0
62.61553 29.74499 1378142719000 114.0
62.615534 29.74492 1378142721000 113.0
62.615541 29.744826 1378142723000 113.0
62.615538 29.744729 1378142725000 113.0
62.615536 29.744635 1378142727000 113.0
62.615541 29.744542 1378142729000 113.0
62.615551 29.744454 1378142731000 114.0
62.615548 29.74437 1378142733000 114.0
62.615538 29.744291 1378142736000 115.0
62.615531 29.744216 1378142737000 115.0
62.615526 29.74413 1378142739000 115.0
62.615522 29.744032 1378142741000 115.0
62.615517 29.743931 1378142743000 115.0
62.61552 29.743837 1378142745000 116.0
62.615523 29.74374 1378142747000 116.0
62.615516 29.74364 1378142749000 116.0
62.615506 29.743591 1378142750000 115.0
62.615487 29.743448 1378142753000 115.0
62.615479 29.743362 1378142755000 114.0
62.615465 29.743278 1378142758000 114.0
62.615451 29.743214 1378142759000 114.0
62.615437 29.743204 1378142761000 113.0
62.615404 29.74324 1378142763000 111.0
62.615338 29.743285 1378142766000 109.0
62.615293 29.743311 1378142767000 109.0
62.615239 29.743318 1378142769000 107.0
62.615191 29.743297 1378142771000 106.0
62.615156 29.743289 1378142773000 106.0