62.604129 29.747081 1379246374000 108.0
62.604096 29.747135 1379246376000 108.0
62.604065 29.747142 1379246378000 108.0
62.604027 29.747131 1379246380000 107.0
62.60398 29.747102 1379246382000 107.0
62.603936 29.747068 1379246384000 106.0
62.603889 29.747051 1379246386000 107.0
62.603841 29.747015 1379246388000 106.0
62.603795 29.746955 1379246390000 106.0
62.603737 29.746929 1379246392000 105.0
62.603687 29.74686 1379246394000 104.0
62.60365 29.746728 1379246396000 102.0
62.603648 29.746561 1379246398000 101.0
62.603664 29.746399 1379246400000 101.0
62.603678 29.746257 1379246402000 99.0
62.603691 29.746115 1379246404000 99.0
62.603706 29.745971 1379246406000 99.0
62.603721 29.74583 1379246408000 99.0
62.603737 29.745713 1379246410000 98.0
62.603749 29.745618 1379246412000 98.0
62.603745 29.745537 1379246414000 98.0
62.603701 29.745448 1379246416000 98.0
62.603646 29.74539 1379246418000 97.0
62.60359 29.745353 1379246420000 96.0
62.603541 29.745329 1379246422000 95.0
62.603495 29.745298 1379246424000 96.0
62.60345 29.745249 1379246426000 95.0
62.603407 29.745171 1379246428000 91.0
62.603369 29.745063 1379246430000 90.0
62.603352 29.745008 1379246431000 89.0
62.603296 29.744887 1379246434000 89.0
62.603262 29.744823 1379246436000 89.0
62.603238 29.744705 1379246438000 89.0
62.603233 29.744547 1379246440000 89.0
62.603247 29.74438 1379246442000 88.0
62.603281 29.744218 1379246444000 88.0
62.603326 29.744069 1379246446000 88.0
62.603379 29.743931 1379246448000 88.0
62.603433 29.743794 1379246450000 87.0
62.603481 29.743658 1379246452000 88.0
62.603526 29.743522 1379246454000 89.0
62.603561 29.743374 1379246456000 90.0
62.603565 29.7433 1379246457000 92.0
62.603493 29.743141 1379246460000 90.0
62.60344 29.743091 1379246462000 90.0
62.603394 29.743072 1379246464000 90.0
62.603359 29.743049 1379246466000 91.0
62.603334 29.743033 1379246468000 93.0
62.603324 29.742986 1379246470000 93.0
62.603333 29.742874 1379246472000 94.0
62.603351 29.742746 1379246474000 95.0
62.603356 29.742628 1379246476000 94.0
62.603352 29.742483 1379246478000 94.0
62.603353 29.742407 1379246479000 94.0
62.603475 29.740664 1379246506000 95.0
62.603457 29.740469 1379246508000 96.0
62.603441 29.74035 1379246509000 95.0
62.603415 29.739995 1379246512000 95.0
62.603432 29.739795 1379246514000 97.0
62.60345 29.739585 1379246516000 97.0
62.603466 29.739374 1379246518000 97.0
62.603474 29.73916 1379246520000 99.0
62.60348 29.738941 1379246522000 98.0
62.603481 29.738841 1379246523000 98.0
62.603474 29.738549 1379246526000 99.0
62.603469 29.738372 1379246528000 99.0
62.603464 29.738212 1379246530000 99.0
62.603453 29.738045 1379246532000 99.0
62.603441 29.737871 1379246534000 98.0
62.60344 29.7377 1379246536000 98.0
62.603432 29.737531 1379246538000 98.0
62.603423 29.737359 1379246540000 99.0
62.603432 29.73718 1379246542000 99.0
62.603452 29.736999 1379246544000 99.0
62.60347 29.736824 1379246546000 99.0
62.603476 29.736653 1379246548000 99.0
62.603482 29.73648 1379246550000 99.0
62.60351 29.736306 1379246552000 99.0
62.60355 29.73614 1379246554000 98.0
62.603593 29.735999 1379246556000 98.0
62.603645 29.735885 1379246558000 98.0
62.603687 29.735753 1379246560000 98.0
62.603731 29.735556 1379246562000 98.0
62.603773 29.735357 1379246564000 98.0
62.603828 29.735152 1379246566000 96.0
62.60391 29.734762 1379246568000 96.0
62.603955 29.734606 1379246570000 96.0
62.60396 29.734523 1379246571000 96.0
62.603957 29.734258 1379246574000 94.0
62.603964 29.734112 1379246576000 93.0
62.60398 29.734005 1379246578000 94.0
62.603994 29.733878 1379246580000 95.0
62.604024 29.733714 1379246582000 96.0
62.604041 29.733533 1379246584000 95.0
62.604051 29.733354 1379246586000 96.0
62.604049 29.733183 1379246588000 96.0
62.604042 29.733018 1379246590000 96.0
62.60404 29.732865 1379246592000 96.0
62.604026 29.732727 1379246594000 97.0
62.604006 29.732584 1379246596000 96.0
62.60398 29.732467 1379246598000 96.0
62.603963 29.73236 1379246600000 97.0
62.603957 29.732251 1379246602000 97.0
62.603951 29.73213 1379246604000 97.0
62.603946 29.732009 1379246606000 97.0
62.603969 29.731856 1379246608000 97.0
62.604002 29.731696 1379246610000 97.0
62.604004 29.731534 1379246612000 97.0
62.603994 29.731379 1379246614000 96.0
62.603988 29.731226 1379246616000 96.0
62.603983 29.731064 1379246618000 95.0
62.603988 29.730887 1379246620000 95.0
62.604005 29.730707 1379246622000 96.0
62.604007 29.730523 1379246624000 95.0
62.604008 29.730339 1379246626000 95.0
62.604006 29.730169 1379246628000 95.0
62.604006 29.730011 1379246630000 95.0
62.60401 29.729852 1379246632000 95.0
62.604018 29.729708 1379246634000 95.0
62.604019 29.729596 1379246636000 96.0
62.604024 29.729473 1379246638000 95.0
62.604033 29.729307 1379246640000 94.0
62.604036 29.729146 1379246642000 94.0
62.604034 29.728997 1379246644000 93.0
62.604038 29.72885 1379246646000 92.0
62.604047 29.728708 1379246648000 91.0
62.60406 29.728584 1379246650000 91.0
62.604072 29.728446 1379246652000 90.0
62.604078 29.728309 1379246654000 90.0
62.604084 29.728142 1379246656000 89.0
62.604089 29.728044 1379246657000 90.0
62.604109 29.727824 1379246660000 89.0
62.604142 29.727694 1379246662000 89.0
62.604182 29.727556 1379246664000 88.0
62.604222 29.727415 1379246666000 87.0
62.604268 29.727272 1379246668000 86.0
62.604303 29.727136 1379246670000 87.0
62.604316 29.727073 1379246671000 87.0
62.60437 29.726876 1379246674000 87.0
62.604386 29.726702 1379246676000 89.0
62.604389 29.726605 1379246677000 89.0
62.604413 29.726282 1379246680000 87.0
62.604433 29.726062 1379246682000 88.0
62.604447 29.725852 1379246684000 90.0
62.604463 29.725658 1379246686000 89.0
62.604481 29.725495 1379246688000 89.0
62.604503 29.725351 1379246690000 90.0
62.604538 29.725187 1379246692000 89.0
62.604575 29.725002 1379246694000 90.0
62.604581 29.724824 1379246696000 90.0
62.604573 29.724662 1379246698000 90.0
62.604559 29.724505 1379246700000 90.0
62.60454 29.724388 1379246702000 90.0
62.604498 29.724362 1379246704000 89.0
62.604463 29.724372 1379246706000 89.0
62.604435 29.724393 1379246708000 89.0
62.604417 29.724382 1379246710000 88.0
62.604402 29.724327 1379246712000 89.0
62.604405 29.724245 1379246714000 90.0
62.604419 29.724155 1379246716000 90.0
62.604441 29.72408 1379246718000 89.0
62.604461 29.724004 1379246720000 89.0
62.604481 29.723881 1379246722000 89.0
62.604505 29.723758 1379246724000 88.0
62.604529 29.723634 1379246726000 87.0
62.604559 29.723504 1379246728000 86.0
62.604592 29.72337 1379246730000 85.0
62.60462 29.723232 1379246732000 85.0
62.604654 29.723088 1379246734000 86.0
62.604679 29.722925 1379246736000 86.0
62.604682 29.722751 1379246738000 84.0
62.604695 29.722577 1379246740000 85.0
62.604716 29.722395 1379246742000 85.0
62.604729 29.722213 1379246744000 86.0
62.604728 29.72204 1379246746000 86.0
62.60472 29.721886 1379246748000 84.0
62.604717 29.721769 1379246750000 84.0
62.604715 29.721651 1379246752000 84.0
62.604712 29.721486 1379246754000 85.0
62.604711 29.721327 1379246756000 86.0
62.604717 29.72119 1379246758000 85.0
62.60474 29.721042 1379246760000 86.0
62.604784 29.720875 1379246762000 86.0
62.604831 29.720734 1379246764000 86.0
62.604895 29.720607 1379246766000 86.0
62.604967 29.720482 1379246768000 86.0
62.60503 29.72039 1379246770000 85.0
62.605098 29.720312 1379246772000 85.0
62.60514 29.720272 1379246773000 85.0
62.605283 29.720165 1379246776000 85.0
62.605535 29.720134 1379246778000 85.0
62.605601 29.720158 1379246779000 85.0
62.605806 29.720085 1379246782000 85.0
62.605916 29.719906 1379246784000 85.0
62.606013 29.71989 1379246786000 85.0
62.606059 29.719882 1379246787000 85.0
62.606239 29.719852 1379246790000 86.0
62.606359 29.719826 1379246792000 86.0
62.60644 29.719781 1379246794000 87.0
62.606497 29.719678 1379246796000 85.0
62.606573 29.719517 1379246798000 83.0
62.606636 29.719365 1379246800000 82.0
62.606716 29.719236 1379246802000 82.0
62.606774 29.719122 1379246804000 81.0
62.606862 29.719033 1379246806000 82.0
62.606951 29.718945 1379246808000 83.0
62.606944 29.718707 1379246810000 83.0
62.606932 29.718551 1379246812000 84.0
62.606959 29.718385 1379246814000 83.0
62.606989 29.718213 1379246816000 84.0
62.607004 29.717939 1379246818000 85.0
62.606966 29.7178 1379246820000 85.0
62.607 29.717613 1379246822000 86.0
62.606953 29.717482 1379246824000 86.0
62.606822 29.717451 1379246826000 86.0
62.60679 29.717327 1379246828000 85.0
62.606746 29.717224 1379246830000 85.0
62.606704 29.717147 1379246832000 85.0
62.606668 29.717074 1379246834000 85.0
62.606642 29.71701 1379246836000 85.0
62.606623 29.716924 1379246838000 83.0
62.606609 29.71682 1379246840000 83.0
62.60661 29.716681 1379246842000 84.0
62.606622 29.716541 1379246844000 83.0
62.606641 29.716418 1379246846000 83.0
62.606688 29.716294 1379246848000 84.0
62.606745 29.716164 1379246850000 84.0
62.606803 29.716038 1379246852000 84.0
62.606851 29.715939 1379246854000 84.0
62.606899 29.715847 1379246856000 84.0
62.606956 29.71579 1379246858000 83.0
62.607014 29.715751 1379246860000 83.0
62.607072 29.715737 1379246862000 83.0
62.607119 29.715727 1379246864000 83.0
62.607166 29.71569 1379246866000 82.0
62.607183 29.715661 1379246867000 82.0
62.607278 29.715566 1379246870000 81.0
62.607364 29.715526 1379246872000 80.0
62.607455 29.715524 1379246874000 80.0
62.607533 29.715551 1379246876000 81.0
62.607605 29.715599 1379246878000 79.0
62.607637 29.715633 1379246879000 80.0
62.607764 29.715773 1379246882000 80.0
62.607875 29.715874 1379246884000 79.0
62.607987 29.715944 1379246886000 79.0
62.608119 29.716126 1379246888000 79.0
62.608176 29.716219 1379246890000 80.0
62.608247 29.716393 1379246892000 81.0
62.608244 29.716575 1379246894000 81.0
62.608249 29.716729 1379246896000 81.0
62.608287 29.716855 1379246898000 81.0
62.608299 29.716998 1379246900000 80.0
62.608246 29.717359 1379246902000 79.0
62.608333 29.717539 1379246904000 79.0
62.608358 29.717689 1379246905000 79.0
62.608425 29.717869 1379246908000 78.0
62.6085 29.718101 1379246910000 78.0
62.60851 29.718011 1379246911000 79.0
62.608582 29.718238 1379246914000 78.0
62.608642 29.718333 1379246916000 78.0
62.608694 29.718407 1379246918000 78.0
62.608772 29.718507 1379246920000 79.0
62.608824 29.718545 1379246922000 78.0
62.608881 29.718598 1379246924000 79.0
62.608935 29.718659 1379246926000 78.0
62.608989 29.718743 1379246928000 79.0
62.609031 29.718803 1379246930000 80.0
62.609076 29.718826 1379246932000 80.0
62.609119 29.718797 1379246934000 81.0
62.609151 29.718747 1379246936000 81.0
62.609209 29.718747 1379246938000 81.0
62.609258 29.718793 1379246940000 81.0
62.609311 29.718846 1379246942000 81.0
62.609374 29.718843 1379246944000 81.0
62.609431 29.718826 1379246946000 81.0
62.609495 29.718841 1379246948000 81.0
62.609586 29.718906 1379246950000 80.0
62.609678 29.718994 1379246952000 81.0
62.609752 29.71908 1379246954000 81.0
62.609835 29.719302 1379246958000 81.0
62.609809 29.719463 1379246960000 81.0
62.609824 29.719672 1379246962000 81.0
62.609879 29.719836 1379246964000 80.0
62.609944 29.719927 1379246966000 80.0
62.610015 29.719972 1379246968000 80.0
62.610077 29.720005 1379246970000 81.0
62.610139 29.720041 1379246972000 80.0
62.610196 29.720069 1379246974000 81.0
62.610251 29.720111 1379246976000 80.0
62.610281 29.720149 1379246977000 80.0
62.610393 29.720226 1379246980000 80.0
62.610472 29.720244 1379246982000 80.0
62.610541 29.720228 1379246984000 80.0
62.610611 29.720208 1379246986000 80.0
62.610664 29.720168 1379246988000 80.0
62.610726 29.720125 1379246990000 80.0
62.610787 29.720079 1379246992000 80.0
62.610854 29.720033 1379246994000 80.0
62.610922 29.719978 1379246996000 81.0
62.610989 29.719908 1379246998000 81.0
62.611064 29.719842 1379247000000 81.0
62.611131 29.719773 1379247002000 81.0
62.6112 29.719698 1379247004000 81.0
62.611273 29.719631 1379247006000 80.0
62.611359 29.719575 1379247008000 81.0
62.611459 29.719511 1379247010000 80.0
62.611553 29.719459 1379247012000 79.0
62.611631 29.7194 1379247014000 78.0
62.611697 29.719337 1379247016000 77.0
62.611756 29.719271 1379247018000 78.0
62.611835 29.719224 1379247020000 78.0
62.611909 29.71917 1379247022000 78.0
62.611981 29.719113 1379247024000 79.0
62.612068 29.719054 1379247026000 78.0
62.612127 29.71901 1379247028000 78.0
62.612177 29.718996 1379247030000 79.0
62.612235 29.719001 1379247032000 79.0
62.61231 29.719046 1379247034000 79.0
62.612379 29.719101 1379247036000 79.0
62.612439 29.719163 1379247038000 78.0
62.612496 29.719236 1379247040000 78.0
62.612541 29.719288 1379247042000 78.0
62.612591 29.719338 1379247044000 80.0
62.61264 29.719393 1379247046000 79.0
62.612687 29.719492 1379247048000 79.0
62.612729 29.719607 1379247050000 79.0
62.612766 29.719729 1379247052000 79.0
62.612812 29.719852 1379247054000 79.0
62.612855 29.719991 1379247056000 79.0
62.612889 29.720123 1379247058000 79.0
62.61291 29.720216 1379247060000 79.0
62.612944 29.720313 1379247062000 79.0
62.612957 29.720348 1379247063000 79.0
62.612979 29.720473 1379247066000 81.0
62.612986 29.720536 1379247067000 80.0
62.613011 29.720662 1379247070000 81.0
62.613034 29.720754 1379247072000 82.0
62.613066 29.720875 1379247074000 82.0
62.613109 29.720972 1379247076000 82.0
62.613135 29.721123 1379247078000 82.0
62.613144 29.721202 1379247079000 82.0
62.613183 29.721402 1379247082000 82.0
62.613236 29.721494 1379247084000 82.0
62.613294 29.721572 1379247086000 83.0
62.613325 29.721601 1379247087000 82.0
62.613433 29.721733 1379247090000 83.0
62.613499 29.721811 1379247092000 83.0
62.613527 29.72185 1379247093000 84.0
62.613594 29.721938 1379247096000 83.0
62.61363 29.72199 1379247098000 83.0
62.613666 29.72203 1379247100000 83.0
62.613703 29.722075 1379247102000 83.0
62.613747 29.722126 1379247104000 83.0
62.61378 29.722191 1379247106000 82.0
62.613806 29.72225 1379247108000 83.0
62.613826 29.722305 1379247110000 83.0
62.613845 29.722342 1379247112000 83.0
62.613867 29.722322 1379247114000 83.0
62.613897 29.722304 1379247116000 84.0
62.613926 29.722322 1379247118000 84.0
62.61394 29.722353 1379247119000 84.0
62.613958 29.722573 1379247122000 84.0
62.613948 29.722721 1379247124000 83.0
62.613937 29.722853 1379247126000 83.0
62.613923 29.722989 1379247128000 82.0
62.613908 29.723097 1379247130000 82.0
62.613905 29.72318 1379247132000 80.0
62.613926 29.723263 1379247134000 78.0
62.613947 29.723369 1379247136000 79.0
62.61396 29.723548 1379247138000 80.0
62.613989 29.724004 1379247140000 80.0
62.614007 29.724054 1379247142000 80.0
62.614039 29.724121 1379247144000 80.0
62.614062 29.72423 1379247146000 80.0
62.61408 29.724301 1379247148000 80.0
62.614085 29.724386 1379247150000 80.0
62.614105 29.724399 1379247152000 80.0
62.614114 29.724415 1379247154000 78.0
62.614108 29.724423 1379247156000 79.0
62.614099 29.724466 1379247158000 79.0
62.6141 29.724533 1379247160000 79.0
62.61412 29.724579 1379247162000 79.0
62.614147 29.724565 1379247164000 79.0
62.614171 29.724545 1379247166000 79.0
62.61421 29.724543 1379247168000 79.0
62.614263 29.724524 1379247170000 79.0
62.614316 29.724504 1379247172000 79.0
62.614391 29.724522 1379247174000 78.0
62.614465 29.724513 1379247176000 78.0
62.614539 29.724469 1379247178000 78.0
62.61457 29.72444 1379247179000 79.0
62.614659 29.724345 1379247182000 81.0
62.614721 29.724267 1379247184000 81.0
62.61478 29.724176 1379247186000 81.0
62.614831 29.724076 1379247188000 79.0
62.614866 29.723978 1379247190000 79.0
62.614905 29.723897 1379247192000 79.0
62.614947 29.723807 1379247194000 80.0
62.614986 29.723678 1379247196000 81.0
62.615018 29.723542 1379247198000 81.0
62.615036 29.723429 1379247200000 77.0
62.615059 29.723298 1379247202000 80.0
62.615088 29.723145 1379247204000 81.0
62.615125 29.722996 1379247206000 79.0
62.615152 29.722834 1379247208000 79.0
62.615178 29.722659 1379247210000 79.0
62.615194 29.722505 1379247212000 77.0
62.615207 29.722367 1379247214000 77.0
62.615218 29.722246 1379247216000 77.0
62.615237 29.722126 1379247218000 77.0
62.615232 29.722005 1379247220000 79.0
62.615222 29.721899 1379247222000 79.0
62.615213 29.721794 1379247224000 79.0
62.615196 29.721673 1379247226000 78.0
62.615189 29.721564 1379247228000 80.0
62.615189 29.721466 1379247230000 81.0
62.615171 29.721342 1379247232000 82.0
62.615152 29.721199 1379247234000 83.0
62.615132 29.721054 1379247236000 85.0
62.615071 29.720867 1379247238000 86.0
62.615001 29.720663 1379247240000 87.0
62.614957 29.72048 1379247242000 86.0
62.614942 29.72027 1379247244000 82.0
62.614925 29.720067 1379247246000 84.0
62.61491 29.719979 1379247247000 85.0
62.614917 29.719754 1379247250000 86.0
62.614938 29.719631 1379247252000 86.0
62.614982 29.719469 1379247254000 86.0
62.615041 29.719303 1379247256000 85.0
62.615238 29.718999 1379247258000 86.0
62.615234 29.71885 1379247260000 87.0
62.61523 29.718696 1379247262000 85.0
62.615228 29.718611 1379247263000 85.0
62.615248 29.718372 1379247266000 86.0
62.615263 29.718292 1379247267000 87.0
62.615524 29.718079 1379247270000 86.0
62.615554 29.717928 1379247272000 86.0
62.615571 29.717868 1379247273000 87.0
62.615602 29.717653 1379247276000 86.0
62.61562 29.717481 1379247278000 86.0
62.615641 29.717303 1379247280000 87.0
62.615675 29.717097 1379247282000 87.0
62.615712 29.716887 1379247284000 85.0
62.615739 29.716697 1379247286000 87.0
62.615762 29.71654 1379247288000 86.0
62.615792 29.716366 1379247290000 85.0
62.615816 29.716203 1379247292000 86.0
62.615836 29.716069 1379247294000 85.0
62.615864 29.715913 1379247296000 84.0
62.615902 29.715752 1379247298000 85.0
62.615947 29.715596 1379247300000 84.0
62.615989 29.715432 1379247302000 83.0
62.616026 29.715273 1379247304000 81.0
62.616059 29.715129 1379247306000 82.0
62.616096 29.714963 1379247308000 82.0
62.616122 29.714776 1379247310000 80.0
62.616144 29.714588 1379247312000 80.0
62.616178 29.714414 1379247314000 80.0
62.616292 29.714091 1379247316000 80.0
62.616308 29.71397 1379247318000 80.0
62.616346 29.713764 1379247320000 80.0
62.616381 29.713512 1379247322000 82.0
62.616428 29.713267 1379247324000 82.0
62.616514 29.713174 1379247325000 82.0
62.616555 29.712763 1379247328000 82.0
62.616572 29.712556 1379247330000 82.0
62.616599 29.712329 1379247332000 81.0
62.616582 29.712181 1379247334000 81.0
62.616585 29.711893 1379247336000 81.0
62.616577 29.711682 1379247338000 82.0
62.61657 29.711458 1379247340000 82.0
62.616496 29.711291 1379247342000 82.0
62.616458 29.711089 1379247344000 81.0
62.616474 29.710889 1379247346000 81.0
62.616517 29.710601 1379247348000 79.0
62.616621 29.710358 1379247350000 79.0
62.61662 29.710197 1379247352000 79.0
62.616626 29.710069 1379247354000 78.0
62.616646 29.709933 1379247356000 79.0
62.616659 29.709831 1379247358000 79.0
62.616682 29.709683 1379247360000 79.0
62.616724 29.70947 1379247362000 80.0
62.616843 29.708978 1379247368000 80.0
62.616878 29.708855 1379247370000 80.0
62.616897 29.708757 1379247371000 81.0
62.617022 29.708458 1379247374000 82.0
62.617121 29.708261 1379247376000 82.0
62.617219 29.708081 1379247378000 81.0
62.617294 29.707889 1379247380000 80.0
62.617339 29.707703 1379247382000 78.0
62.617362 29.707556 1379247384000 79.0
62.617376 29.70744 1379247386000 78.0
62.61739 29.70732 1379247388000 79.0
62.617422 29.707207 1379247390000 78.0
62.617452 29.70715 1379247391000 79.0
62.617591 29.707008 1379247394000 79.0
62.617676 29.706928 1379247396000 79.0
62.61776 29.706832 1379247398000 79.0
62.617842 29.706707 1379247400000 79.0
62.617924 29.706556 1379247402000 79.0
62.618037 29.706259 1379247404000 79.0
62.61808 29.706177 1379247406000 79.0
62.618097 29.706117 1379247407000 79.0
62.618162 29.705952 1379247410000 80.0
62.618231 29.705812 1379247412000 80.0
62.618298 29.705725 1379247414000 80.0
62.618329 29.705634 1379247416000 81.0
62.618387 29.70548 1379247418000 81.0
62.618444 29.705309 1379247420000 80.0
62.618491 29.705136 1379247422000 80.0
62.61855 29.704976 1379247424000 81.0
62.618607 29.704851 1379247426000 81.0
62.618655 29.704722 1379247428000 80.0
62.618684 29.704596 1379247430000 80.0
62.618709 29.704481 1379247432000 80.0
62.618739 29.70438 1379247434000 81.0
62.618747 29.704331 1379247435000 81.0
62.618757 29.704168 1379247438000 81.0
62.618766 29.704047 1379247440000 81.0
62.618798 29.703934 1379247442000 81.0
62.618844 29.703833 1379247444000 81.0
62.618872 29.703789 1379247445000 82.0
62.618932 29.70362 1379247448000 82.0
62.618962 29.703481 1379247450000 82.0
62.618984 29.703314 1379247452000 80.0
62.619003 29.703171 1379247454000 79.0
62.61905 29.703081 1379247456000 79.0
62.619094 29.702979 1379247458000 80.0
62.619137 29.702858 1379247460000 80.0
62.619189 29.702726 1379247462000 80.0
62.619236 29.702616 1379247464000 81.0
62.619267 29.702512 1379247466000 81.0
62.619278 29.702468 1379247467000 81.0
62.61932 29.702327 1379247470000 83.0
62.619349 29.702232 1379247472000 84.0
62.619383 29.702162 1379247474000 84.0
62.619416 29.702086 1379247476000 84.0
62.619446 29.701978 1379247478000 85.0
62.61949 29.701885 1379247480000 86.0
62.619504 29.701807 1379247482000 87.0
62.619312 29.701676 1379247484000 87.0
62.619284 29.701569 1379247486000 86.0
62.619269 29.701463 1379247488000 88.0
62.619239 29.701388 1379247490000 88.0
62.619211 29.701333 1379247492000 89.0
62.619189 29.701263 1379247494000 90.0
62.619171 29.701175 1379247496000 91.0
62.61916 29.701087 1379247498000 91.0
62.61915 29.701006 1379247500000 91.0
62.619136 29.700891 1379247502000 90.0
62.619123 29.700759 1379247504000 91.0
62.619109 29.700643 1379247506000 91.0
62.619099 29.700593 1379247507000 91.0
62.619054 29.700448 1379247510000 91.0
62.619014 29.700357 1379247512000 92.0
62.618968 29.700286 1379247514000 93.0
62.618935 29.700232 1379247516000 93.0
62.618907 29.700167 1379247518000 92.0
62.618893 29.700064 1379247520000 92.0
62.618884 29.69994 1379247522000 92.0
62.618894 29.699797 1379247524000 91.0
62.618917 29.699685 1379247526000 92.0
62.618946 29.69956 1379247528000 92.0
62.618975 29.69942 1379247530000 92.0
62.618997 29.699291 1379247532000 91.0
62.619041 29.699138 1379247534000 94.0
62.619115 29.698956 1379247536000 96.0
62.619178 29.698812 1379247538000 95.0
62.619232 29.698718 1379247540000 95.0
62.61926 29.698673 1379247541000 95.0
62.619304 29.698589 1379247543000 94.0
62.619353 29.698457 1379247546000 93.0
62.619394 29.698367 1379247548000 95.0
62.619429 29.698276 1379247550000 95.0
62.619445 29.698234 1379247551000 95.0
62.619498 29.698149 1379247554000 96.0
62.61953 29.698123 1379247556000 97.0
62.619542 29.698075 1379247558000 97.0
62.619562 29.698032 1379247560000 100.0
62.619567 29.697976 1379247562000 101.0
62.619579 29.697885 1379247564000 101.0
62.619594 29.697816 1379247566000 101.0
62.619616 29.697759 1379247568000 101.0
62.619622 29.697745 1379247570000 101.0
62.619629 29.697726 1379247572000 102.0
62.619645 29.697698 1379247574000 102.0
62.619649 29.697697 1379247576000 102.0
62.619636 29.697803 1379247578000 102.0
62.619636 29.697906 1379247580000 102.0
62.619651 29.697991 1379247582000 101.0
62.619641 29.698065 1379247584000 100.0
62.619636 29.698084 1379247585000 100.0
62.619635 29.698087 1379247588000 99.0
62.619648 29.698025 1379247590000 99.0
62.61965 29.697979 1379247591000 99.0
62.619657 29.697845 1379247594000 99.0
62.619674 29.697777 1379247596000 98.0
62.619704 29.697723 1379247598000 98.0
62.619742 29.697661 1379247600000 97.0
62.619785 29.69758 1379247602000 96.0
62.61982 29.697549 1379247603000 95.0
62.619899 29.697478 1379247605000 95.0
62.620041 29.697364 1379247608000 92.0
62.620099 29.697327 1379247609000 92.0
62.620391 29.697223 1379247612000 92.0
62.620462 29.697178 1379247614000 94.0
62.620582 29.697048 1379247616000 95.0
62.620669 29.696925 1379247618000 95.0
62.620735 29.696877 1379247620000 95.0
62.620761 29.69686 1379247621000 95.0
62.620919 29.696786 1379247624000 97.0
62.620992 29.696728 1379247626000 97.0
62.621046 29.696662 1379247628000 97.0
62.621138 29.696647 1379247630000 97.0
62.621213 29.696601 1379247632000 97.0
62.621296 29.696526 1379247634000 98.0
62.621374 29.69643 1379247636000 100.0
62.621448 29.696361 1379247638000 99.0
62.621517 29.696304 1379247640000 99.0
62.621584 29.696242 1379247642000 98.0
62.621653 29.696144 1379247644000 99.0
62.621709 29.696031 1379247646000 99.0
62.621732 29.695886 1379247648000 102.0
62.621756 29.695746 1379247650000 102.0
62.621793 29.695654 1379247652000 102.0
62.621828 29.69559 1379247654000 101.0
62.621838 29.695479 1379247656000 101.0
62.621844 29.695327 1379247658000 101.0
62.621874 29.695125 1379247660000 100.0
62.621933 29.694901 1379247662000 98.0
62.622093 29.694446 1379247664000 95.0
62.622213 29.694313 1379247666000 95.0
62.622284 29.694192 1379247668000 95.0
62.622367 29.694034 1379247670000 95.0
62.622409 29.69393 1379247671000 96.0
62.622584 29.693714 1379247674000 95.0
62.622654 29.69348 1379247676000 95.0
62.622678 29.693288 1379247678000 95.0
62.622676 29.69299 1379247680000 95.0
62.622701 29.692766 1379247682000 94.0
62.622724 29.692544 1379247684000 93.0
62.622745 29.692393 1379247685000 93.0
62.622671 29.691918 1379247688000 95.0
62.622674 29.691606 1379247690000 94.0
62.62273 29.691176 1379247692000 93.0
62.622739 29.69102 1379247693000 93.0
62.622786 29.690466 1379247696000 93.0
62.622824 29.690108 1379247698000 92.0
62.622917 29.689512 1379247700000 92.0
62.623039 29.688685 1379247702000 93.0
62.623119 29.688525 1379247704000 93.0
62.623177 29.688415 1379247705000 93.0
62.623309 29.688208 1379247708000 92.0
62.623315 29.688114 1379247710000 91.0
62.623358 29.688068 1379247711000 91.0
62.623508 29.688158 1379247714000 90.0
62.623553 29.688236 1379247716000 90.0
62.623729 29.68824 1379247718000 91.0
62.623919 29.688224 1379247720000 90.0
62.624045 29.688227 1379247722000 90.0
62.624249 29.688297 1379247724000 90.0
62.624362 29.688303 1379247726000 90.0
62.624543 29.688075 1379247728000 90.0
62.624666 29.688021 1379247730000 89.0
62.624774 29.687784 1379247732000 90.0
62.62483 29.687736 1379247733000 90.0
62.62502 29.687631 1379247736000 90.0
62.625098 29.6875 1379247738000 90.0
62.625172 29.687322 1379247740000 90.0
62.625269 29.687128 1379247742000 91.0
62.625349 29.686976 1379247744000 90.0
62.625425 29.686922 1379247745000 90.0
62.62556 29.686774 1379247748000 93.0
62.625619 29.686737 1379247750000 93.0
62.62571 29.686643 1379247751000 93.0
62.625917 29.68647 1379247754000 93.0
62.626046 29.686259 1379247756000 94.0
62.626149 29.686124 1379247758000 92.0
62.626277 29.685996 1379247760000 91.0
62.626332 29.686169 1379247762000 89.0
62.626423 29.686311 1379247764000 88.0
62.626463 29.686322 1379247765000 88.0
62.626562 29.686357 1379247768000 86.0
62.626631 29.686432 1379247770000 85.0
62.626701 29.686506 1379247772000 84.0
62.626782 29.686542 1379247774000 83.0
62.626826 29.68655 1379247775000 84.0
62.626967 29.686577 1379247778000 84.0
62.627099 29.686588 1379247780000 84.0
62.627152 29.686608 1379247781000 84.0
62.627262 29.686685 1379247784000 83.0
62.627321 29.686756 1379247786000 85.0
62.627334 29.686702 1379247787000 85.0
62.627372 29.68644 1379247790000 85.0
62.627377 29.686366 1379247791000 85.0
62.627417 29.686078 1379247794000 86.0
62.62745 29.685927 1379247796000 85.0
62.627488 29.68576 1379247798000 86.0
62.627566 29.685595 1379247800000 86.0
62.627608 29.68539 1379247802000 85.0
62.627679 29.685213 1379247804000 86.0
62.627741 29.685122 1379247806000 85.0
62.627804 29.685091 1379247808000 85.0
62.627909 29.685031 1379247810000 85.0
62.628007 29.684989 1379247812000 85.0
62.628112 29.684947 1379247814000 86.0
62.628203 29.684876 1379247816000 85.0
62.628312 29.684822 1379247818000 85.0
62.628362 29.684799 1379247819000 86.0
62.628543 29.684969 1379247822000 86.0
62.628633 29.684945 1379247824000 86.0
62.628753 29.684911 1379247826000 86.0
62.628888 29.684877 1379247828000 88.0
62.628906 29.684872 1379247830000 88.0
62.629099 29.684857 1379247832000 89.0
62.629197 29.68486 1379247834000 89.0
62.629305 29.684638 1379247836000 88.0
62.629383 29.684633 1379247838000 88.0
62.629459 29.684668 1379247840000 88.0
62.629547 29.684731 1379247842000 88.0
62.629634 29.684817 1379247844000 89.0
62.629741 29.684887 1379247846000 88.0
62.629846 29.684951 1379247848000 88.0
62.629946 29.68506 1379247850000 88.0
62.629992 29.685068 1379247851000 88.0
62.630102 29.685154 1379247854000 87.0
62.630179 29.68517 1379247856000 87.0
62.630234 29.685314 1379247858000 87.0
62.630316 29.685405 1379247860000 86.0
62.630364 29.685468 1379247861000 86.0
62.630475 29.685641 1379247864000 86.0
62.630545 29.685745 1379247866000 87.0
62.63061 29.685831 1379247868000 87.0
62.630677 29.68592 1379247870000 86.0
62.630709 29.685964 1379247871000 86.0
62.630767 29.686048 1379247873000 86.0
62.63081 29.686133 1379247875000 86.0
62.630826 29.686243 1379247878000 85.0
62.630807 29.686356 1379247880000 85.0
62.630782 29.686458 1379247882000 85.0
62.630755 29.686553 1379247884000 84.0
62.630711 29.686729 1379247886000 84.0
62.630651 29.686929 1379247888000 84.0
62.630589 29.687117 1379247890000 83.0
62.630501 29.687421 1379247892000 84.0
62.630457 29.687565 1379247894000 83.0
62.630428 29.687724 1379247896000 84.0
62.630388 29.687927 1379247898000 83.0
62.630353 29.688125 1379247900000 81.0
62.63031 29.68833 1379247902000 81.0
62.630273 29.688538 1379247904000 81.0
62.630236 29.688745 1379247906000 82.0
62.630178 29.688908 1379247908000 81.0
62.63011 29.689042 1379247910000 82.0
62.630005 29.689194 1379247912000 82.0
62.629934 29.6893 1379247914000 81.0
62.629907 29.689372 1379247915000 82.0
62.629833 29.689573 1379247918000 82.0
62.629791 29.68972 1379247920000 83.0
62.629743 29.689859 1379247922000 83.0
62.629717 29.690109 1379247924000 83.0
62.629716 29.690368 1379247926000 83.0
62.629767 29.690527 1379247928000 82.0
62.629808 29.690595 1379247930000 82.0
62.629848 29.690766 1379247932000 83.0
62.62993 29.690796 1379247934000 82.0
62.629984 29.690765 1379247936000 84.0
62.630048 29.690773 1379247938000 84.0
62.630121 29.69075 1379247940000 84.0
62.630195 29.690744 1379247942000 84.0
62.630232 29.690764 1379247943000 84.0
62.630344 29.690863 1379247946000 84.0
62.630568 29.69103 1379247952000 84.0
62.630641 29.691072 1379247954000 84.0
62.630688 29.691142 1379247956000 83.0
62.630712 29.69129 1379247958000 85.0
62.630753 29.691458 1379247960000 86.0
62.630781 29.691599 1379247962000 86.0
62.630828 29.6917 1379247964000 85.0
62.630872 29.691742 1379247966000 86.0
62.630875 29.691858 1379247968000 86.0
62.630874 29.692067 1379247970000 87.0
62.630881 29.692326 1379247972000 86.0
62.630862 29.692818 1379247974000 85.0
62.630908 29.693115 1379247976000 86.0
62.630897 29.693287 1379247977000 86.0
62.630942 29.693664 1379247980000 86.0
62.630986 29.693877 1379247982000 87.0
62.631033 29.694101 1379247984000 87.0
62.631088 29.694366 1379247986000 87.0
62.631126 29.694547 1379247987000 88.0
62.631194 29.694896 1379247990000 88.0
62.631201 29.694935 1379247992000 88.0
62.631194 29.695169 1379247994000 88.0
62.631231 29.695208 1379247996000 88.0
62.631265 29.695361 1379247998000 88.0
62.631281 29.695478 1379247999000 89.0
62.631369 29.695703 1379248002000 89.0
62.631421 29.695807 1379248004000 89.0
62.631466 29.695791 1379248006000 87.0
62.631541 29.695988 1379248008000 87.0
62.631568 29.696067 1379248009000 87.0
62.631621 29.696125 1379248012000 87.0
62.631611 29.69617 1379248014000 87.0
62.631604 29.696161 1379248016000 90.0
62.631603 29.696402 1379248018000 90.0
62.631572 29.69654 1379248020000 88.0
62.631532 29.696679 1379248022000 88.0
62.631478 29.696827 1379248024000 88.0
62.631419 29.697 1379248026000 89.0
62.631337 29.697235 1379248028000 90.0
62.631306 29.697344 1379248030000 89.0
62.63125 29.697597 1379248032000 88.0
62.631206 29.697684 1379248033000 87.0
62.631113 29.698032 1379248036000 86.0
62.631052 29.698289 1379248038000 84.0
62.630994 29.698436 1379248040000 83.0
62.630953 29.698598 1379248042000 83.0
62.630944 29.698736 1379248044000 84.0
62.630939 29.698904 1379248046000 82.0
62.630917 29.699129 1379248048000 82.0
62.630899 29.699364 1379248050000 81.0
62.630901 29.699428 1379248051000 81.0
62.63088 29.699664 1379248054000 81.0
62.630866 29.699899 1379248056000 80.0
62.630865 29.700038 1379248058000 80.0
62.630866 29.700163 1379248060000 80.0
62.630866 29.700298 1379248062000 80.0
62.630868 29.700417 1379248064000 80.0
62.63087 29.700529 1379248066000 80.0
62.630868 29.700589 1379248068000 81.0
62.630864 29.700596 1379248070000 81.0
62.630845 29.700637 1379248072000 80.0
62.630821 29.700712 1379248074000 79.0
62.6308 29.700875 1379248076000 79.0
62.630789 29.700972 1379248077000 79.0
62.630742 29.701217 1379248080000 79.0
62.630712 29.701369 1379248082000 78.0
62.630686 29.701546 1379248084000 79.0
62.630646 29.701805 1379248086000 80.0
62.630598 29.702097 1379248088000 79.0
62.630544 29.702341 1379248090000 78.0
62.630489 29.702545 1379248092000 79.0
62.630428 29.702714 1379248094000 81.0
62.630363 29.702857 1379248096000 82.0
62.630243 29.703005 1379248098000 79.0
62.6302 29.703074 1379248099000 79.0
62.630083 29.703195 1379248102000 78.0
62.630009 29.703275 1379248104000 78.0
62.629949 29.703391 1379248106000 78.0
62.629908 29.703515 1379248108000 78.0
62.629824 29.703634 1379248110000 79.0
62.629752 29.703745 1379248112000 79.0
62.629685 29.70387 1379248114000 78.0
62.629646 29.703922 1379248115000 78.0
62.629496 29.70405 1379248118000 78.0
62.629399 29.704164 1379248120000 78.0
62.629334 29.704307 1379248122000 77.0
62.629287 29.704475 1379248124000 77.0
62.629216 29.704635 1379248126000 77.0
62.629173 29.704803 1379248128000 77.0
62.629135 29.70497 1379248130000 78.0
62.62909 29.705165 1379248132000 77.0
62.629047 29.705335 1379248134000 77.0
62.629006 29.70551 1379248136000 75.0
62.628961 29.705687 1379248138000 77.0
62.628918 29.705846 1379248140000 77.0
62.628875 29.705989 1379248142000 77.0
62.62884 29.706156 1379248144000 77.0
62.628817 29.706338 1379248146000 77.0
62.628771 29.706496 1379248148000 76.0
62.628709 29.706626 1379248150000 77.0
62.628671 29.706779 1379248152000 76.0
62.628623 29.706938 1379248154000 76.0
62.628559 29.707159 1379248156000 76.0
62.628548 29.707279 1379248158000 76.0
62.628495 29.707422 1379248160000 76.0
62.628471 29.707506 1379248162000 75.0
62.628446 29.70761 1379248164000 75.0
62.6284 29.707751 1379248166000 75.0
62.628355 29.707897 1379248168000 75.0
62.628308 29.708055 1379248170000 75.0
62.628264 29.708227 1379248172000 74.0
62.628227 29.708402 1379248174000 73.0
62.628191 29.708571 1379248176000 72.0
62.628154 29.708739 1379248178000 72.0
62.628115 29.708909 1379248180000 73.0
62.628073 29.709089 1379248182000 74.0
62.628047 29.709174 1379248183000 73.0
62.627986 29.709418 1379248186000 73.0
62.627928 29.709579 1379248188000 74.0
62.627888 29.709733 1379248190000 74.0
62.627824 29.709895 1379248192000 72.0
62.627779 29.710071 1379248194000 73.0
62.627719 29.710233 1379248196000 72.0
62.627666 29.710387 1379248198000 72.0
62.627603 29.710515 1379248200000 73.0
62.627545 29.710722 1379248202000 74.0
62.627496 29.710864 1379248204000 75.0
62.62743 29.71099 1379248206000 74.0
62.627377 29.711173 1379248208000 75.0
62.627335 29.711336 1379248210000 75.0
62.627304 29.711419 1379248211000 75.0
62.627229 29.711681 1379248214000 75.0
62.627198 29.711844 1379248216000 75.0
62.627161 29.712008 1379248218000 76.0
62.627108 29.712167 1379248220000 76.0
62.627071 29.712337 1379248222000 77.0
62.627051 29.712413 1379248223000 77.0
62.627005 29.712566 1379248225000 77.0
62.626936 29.712806 1379248228000 77.0
62.62689 29.712942 1379248230000 77.0
62.626867 29.713023 1379248231000 76.0
62.626789 29.713283 1379248234000 77.0
62.626743 29.713447 1379248236000 76.0
62.626687 29.713598 1379248238000 76.0
62.626646 29.713806 1379248240000 76.0
62.626601 29.713938 1379248242000 75.0
62.626557 29.714082 1379248244000 76.0
62.626519 29.714235 1379248246000 76.0
62.62647 29.714374 1379248248000 75.0
62.626422 29.714514 1379248250000 75.0
62.62638 29.714644 1379248252000 76.0
62.62635 29.714782 1379248254000 76.0
62.62633 29.714854 1379248255000 75.0
62.62627 29.715069 1379248258000 76.0
62.626225 29.715226 1379248260000 76.0
62.626173 29.715391 1379248262000 76.0
62.626058 29.715677 1379248264000 76.0
62.626037 29.715773 1379248265000 77.0
62.62599 29.71608 1379248268000 76.0
62.625969 29.716306 1379248270000 76.0
62.625905 29.716422 1379248272000 76.0
62.625823 29.716575 1379248274000 76.0
62.625768 29.716752 1379248276000 76.0
62.625675 29.716859 1379248278000 76.0
62.625585 29.716963 1379248280000 75.0
62.625494 29.717093 1379248282000 75.0
62.625447 29.717271 1379248284000 74.0
62.625428 29.717454 1379248286000 72.0
62.625459 29.717681 1379248288000 71.0
62.625447 29.71784 1379248290000 72.0
62.62546 29.717892 1379248291000 72.0
62.625491 29.718147 1379248294000 72.0
62.625518 29.718292 1379248296000 72.0
62.625559 29.718466 1379248298000 72.0
62.62561 29.718653 1379248300000 71.0
62.62566 29.718836 1379248302000 71.0
62.625711 29.719016 1379248303000 71.0
62.625755 29.71922 1379248306000 71.0
62.625793 29.719366 1379248308000 71.0
62.625839 29.7195 1379248310000 71.0
62.625891 29.71966 1379248312000 71.0
62.625936 29.719827 1379248314000 71.0
62.625975 29.719959 1379248316000 71.0
62.625997 29.72025 1379248318000 71.0
62.626041 29.720474 1379248320000 72.0
62.62608 29.720614 1379248322000 72.0
62.6261 29.720872 1379248324000 71.0
62.626109 29.721099 1379248326000 71.0
62.626098 29.721332 1379248328000 71.0
62.626073 29.721584 1379248330000 70.0
62.62606 29.721827 1379248332000 70.0
62.626054 29.722091 1379248334000 70.0
62.626016 29.722341 1379248336000 70.0
62.626015 29.722535 1379248338000 70.0
62.625999 29.722863 1379248340000 71.0
62.625988 29.723047 1379248342000 69.0
62.625975 29.723326 1379248344000 69.0
62.625971 29.723547 1379248346000 69.0
62.62596 29.723763 1379248348000 70.0
62.625954 29.723941 1379248350000 70.0
62.62594 29.724063 1379248352000 71.0
62.625892 29.724301 1379248354000 71.0
62.625894 29.724461 1379248356000 72.0
62.625886 29.724712 1379248358000 73.0
62.625892 29.724821 1379248360000 73.0
62.62594 29.724815 1379248362000 72.0
62.625954 29.724883 1379248363000 72.0
62.62601 29.725008 1379248366000 72.0
62.62605 29.725083 1379248368000 72.0
62.626094 29.725158 1379248370000 72.0
62.626145 29.725252 1379248372000 72.0
62.626193 29.725358 1379248374000 73.0
62.626237 29.725511 1379248376000 73.0
62.626292 29.725669 1379248378000 74.0
62.626361 29.72582 1379248380000 73.0
62.626435 29.725965 1379248382000 74.0
62.626532 29.726243 1379248384000 74.0
62.626567 29.726339 1379248385000 74.0
62.626633 29.726535 1379248387000 73.0
62.62671 29.726777 1379248390000 74.0
62.626765 29.726971 1379248392000 74.0
62.626747 29.727078 1379248394000 75.0
62.626736 29.727167 1379248396000 75.0
62.62674 29.727415 1379248398000 74.0
62.626735 29.727554 1379248400000 74.0
62.626741 29.727688 1379248402000 74.0
62.626748 29.727829 1379248404000 74.0
62.626747 29.727996 1379248406000 74.0
62.626745 29.728082 1379248407000 74.0
62.62674 29.728308 1379248410000 74.0
62.626741 29.728383 1379248411000 73.0
62.626746 29.728639 1379248414000 73.0
62.626754 29.728836 1379248416000 73.0
62.626768 29.729043 1379248418000 74.0
62.626786 29.729192 1379248420000 74.0
62.626799 29.729334 1379248422000 74.0
62.626809 29.729416 1379248423000 74.0
62.626849 29.729708 1379248426000 73.0
62.62688 29.729973 1379248428000 73.0
62.626899 29.73016 1379248430000 73.0
62.626927 29.73037 1379248432000 72.0
62.626961 29.73055 1379248434000 72.0
62.626995 29.730735 1379248436000 72.0
62.627036 29.730826 1379248438000 72.0
62.627068 29.730931 1379248440000 72.0
62.627096 29.731038 1379248442000 72.0
62.627121 29.731135 1379248444000 72.0
62.627147 29.731259 1379248446000 72.0
62.627165 29.731378 1379248448000 72.0
62.627173 29.731556 1379248450000 73.0
62.627168 29.731784 1379248452000 74.0
62.627153 29.732028 1379248454000 73.0
62.627136 29.732252 1379248456000 72.0
62.627125 29.732363 1379248457000 71.0
62.627089 29.732677 1379248460000 72.0
62.62706 29.732859 1379248462000 72.0
62.627029 29.733036 1379248464000 73.0
62.627004 29.733241 1379248466000 73.0
62.626959 29.733514 1379248468000 73.0
62.626934 29.73367 1379248470000 73.0
62.626902 29.733776 1379248472000 72.0
62.626872 29.733926 1379248474000 73.0
62.626844 29.734127 1379248476000 73.0
62.62681 29.73429 1379248478000 74.0
62.626771 29.734463 1379248480000 74.0
62.626721 29.734634 1379248482000 74.0
62.626667 29.734783 1379248484000 73.0
62.626618 29.734906 1379248486000 74.0
62.626589 29.734993 1379248488000 75.0
62.62657 29.735057 1379248490000 75.0
62.626563 29.735116 1379248492000 75.0
62.626565 29.73522 1379248494000 76.0
62.626557 29.735302 1379248496000 77.0
62.626551 29.73535 1379248498000 77.0
62.62654 29.735371 1379248500000 78.0
62.626535 29.735375 1379248501000 78.0
62.626527 29.735382 1379248504000 78.0
62.626517 29.735391 1379248506000 77.0
62.626501 29.735388 1379248508000 77.0
62.626487 29.735388 1379248509000 78.0
62.626443 29.735388 1379248512000 78.0
62.626399 29.735388 1379248514000 77.0
62.626332 29.735395 1379248516000 77.0
62.62626 29.735393 1379248518000 77.0
62.626195 29.735397 1379248520000 77.0
62.626147 29.735391 1379248522000 78.0
62.626108 29.735381 1379248524000 78.0
62.626061 29.735387 1379248526000 78.0
62.626009 29.735402 1379248528000 77.0
62.625966 29.735421 1379248530000 78.0
62.62595 29.735434 1379248531000 78.0
62.6259 29.735494 1379248534000 78.0
62.625857 29.735531 1379248536000 78.0
62.625804 29.735551 1379248538000 78.0
62.625756 29.735568 1379248540000 78.0
62.625709 29.735568 1379248542000 78.0
62.625655 29.735546 1379248544000 78.0
62.625602 29.735519 1379248546000 78.0
62.625547 29.735493 1379248548000 78.0
62.625486 29.735466 1379248550000 78.0
62.625431 29.735453 1379248552000 77.0
62.625362 29.735466 1379248554000 77.0
62.625329 29.735482 1379248555000 76.0
62.625226 29.735523 1379248558000 76.0
62.62516 29.735525 1379248560000 75.0
62.625114 29.735525 1379248562000 74.0
62.625064 29.735548 1379248564000 74.0
62.624982 29.735561 1379248566000 74.0
62.624874 29.735539 1379248568000 74.0
62.624779 29.735508 1379248570000 76.0
62.624685 29.735474 1379248572000 76.0
62.6246 29.735449 1379248574000 76.0
62.624534 29.735437 1379248576000 76.0
62.624463 29.735393 1379248578000 76.0
62.624386 29.735353 1379248580000 76.0
62.62435 29.735343 1379248581000 76.0
62.624232 29.735329 1379248584000 76.0
62.624135 29.735295 1379248586000 75.0
62.624042 29.735268 1379248588000 75.0
62.623964 29.735262 1379248590000 75.0
62.623892 29.735254 1379248592000 75.0
62.623816 29.73526 1379248594000 75.0
62.623774 29.735258 1379248595000 75.0
62.623611 29.735234 1379248598000 75.0
62.623504 29.735351 1379248600000 75.0
62.623465 29.735346 1379248602000 75.0
62.623407 29.735329 1379248604000 74.0
62.623346 29.735375 1379248606000 74.0
62.623279 29.735407 1379248608000 75.0
62.623197 29.735411 1379248610000 74.0
62.623134 29.735442 1379248612000 74.0
62.623059 29.735483 1379248614000 74.0
62.622979 29.735507 1379248616000 74.0
62.622905 29.735537 1379248618000 75.0
62.622843 29.735584 1379248620000 75.0
62.622806 29.735641 1379248622000 73.0
62.622796 29.735734 1379248624000 71.0
62.622814 29.735857 1379248626000 70.0
62.622858 29.735998 1379248628000 70.0
62.622907 29.736151 1379248630000 71.0
62.622944 29.736297 1379248632000 70.0
62.622963 29.736436 1379248634000 71.0
62.622964 29.736569 1379248636000 72.0
62.622957 29.736701 1379248638000 74.0
62.622946 29.736908 1379248640000 74.0
62.622935 29.737117 1379248642000 75.0
62.622915 29.737319 1379248644000 75.0
62.622898 29.737513 1379248646000 75.0
62.622884 29.737678 1379248648000 74.0
62.622865 29.737852 1379248650000 74.0
62.622843 29.738043 1379248652000 74.0
62.622827 29.738244 1379248654000 75.0
62.622818 29.738416 1379248656000 75.0
62.622812 29.738579 1379248658000 75.0
62.622806 29.738674 1379248659000 75.0
62.622794 29.738871 1379248661000 75.0
62.622782 29.739059 1379248663000 77.0
62.62276 29.739313 1379248666000 76.0
62.622743 29.739472 1379248668000 78.0
62.622725 29.739648 1379248670000 76.0
62.622708 29.73984 1379248672000 76.0
62.622696 29.740037 1379248674000 77.0
62.622676 29.740253 1379248676000 78.0
62.622653 29.740454 1379248678000 78.0
62.62264 29.740626 1379248680000 77.0
62.622634 29.740774 1379248682000 78.0
62.622628 29.740927 1379248684000 78.0
62.622621 29.741097 1379248686000 78.0
62.622615 29.741272 1379248688000 78.0
62.622608 29.741434 1379248690000 79.0
62.622604 29.741577 1379248692000 79.0
62.622598 29.741717 1379248694000 79.0
62.62259 29.741857 1379248696000 79.0
62.62258 29.741988 1379248698000 79.0
62.622561 29.742086 1379248700000 79.0
62.62255 29.742138 1379248701000 79.0
62.622524 29.742269 1379248703000 78.0
62.622483 29.742535 1379248706000 79.0
62.62246 29.742738 1379248708000 79.0
62.622445 29.742949 1379248710000 79.0
62.622439 29.743047 1379248711000 79.0
62.622425 29.743327 1379248714000 79.0
62.622416 29.743407 1379248715000 79.0
62.622391 29.74356 1379248717000 78.0
62.62237 29.743789 1379248720000 80.0
62.622371 29.743928 1379248722000 80.0
62.622363 29.744039 1379248724000 80.0
62.622341 29.744183 1379248726000 80.0
62.622303 29.744369 1379248728000 79.0
62.622277 29.744549 1379248730000 80.0
62.622272 29.744696 1379248732000 79.0
62.622271 29.744853 1379248734000 79.0
62.622263 29.745032 1379248736000 80.0
62.622245 29.745196 1379248738000 79.0
62.622222 29.74535 1379248740000 79.0
62.622199 29.745487 1379248742000 80.0
62.622184 29.745628 1379248744000 81.0
62.622167 29.745766 1379248746000 82.0
62.622152 29.745882 1379248748000 82.0
62.622131 29.745998 1379248750000 82.0
62.622118 29.746059 1379248751000 82.0
62.622098 29.746265 1379248754000 81.0
62.622097 29.746421 1379248756000 81.0
62.622092 29.746576 1379248758000 80.0
62.622092 29.74674 1379248760000 80.0
62.622094 29.746902 1379248762000 79.0
62.622094 29.747054 1379248764000 78.0
62.622091 29.74714 1379248765000 79.0
62.622079 29.747368 1379248768000 78.0
62.62207 29.747483 1379248770000 78.0
62.622071 29.747585 1379248772000 78.0
62.622065 29.747682 1379248774000 78.0
62.622042 29.747797 1379248776000 78.0
62.622024 29.747901 1379248778000 78.0
62.622009 29.747996 1379248780000 78.0
62.621985 29.748135 1379248782000 78.0
62.621935 29.748308 1379248784000 78.0
62.621828 29.748729 1379248786000 78.0
62.621819 29.748903 1379248787000 78.0
62.62178 29.749326 1379248790000 79.0
62.621793 29.749409 1379248792000 78.0
62.621825 29.749627 1379248794000 77.0
62.621837 29.749727 1379248796000 76.0
62.621846 29.749788 1379248797000 76.0
62.621863 29.749964 1379248800000 76.0
62.621877 29.750115 1379248802000 76.0
62.621881 29.750205 1379248803000 75.0
62.621882 29.750454 1379248806000 75.0
62.621867 29.750616 1379248808000 76.0
62.621852 29.750694 1379248809000 75.0
62.62182 29.750882 1379248812000 76.0
62.621798 29.750986 1379248814000 76.0
62.621776 29.751129 1379248816000 75.0
62.621769 29.7513 1379248818000 76.0
62.621768 29.751384 1379248819000 75.0
62.621764 29.751564 1379248821000 76.0
62.621802 29.752021 1379248824000 75.0
62.621756 29.752226 1379248826000 75.0
62.621745 29.752477 1379248828000 76.0
62.621715 29.752639 1379248830000 76.0
62.621695 29.752822 1379248832000 77.0
62.621652 29.753075 1379248834000 77.0
62.62162 29.753286 1379248836000 77.0
62.621588 29.753406 1379248838000 76.0
62.621574 29.75358 1379248840000 77.0
62.621548 29.753687 1379248842000 77.0
62.621529 29.753815 1379248844000 77.0
62.621514 29.753955 1379248846000 78.0
62.621505 29.754113 1379248848000 78.0
62.621496 29.75427 1379248850000 78.0
62.621481 29.754435 1379248852000 77.0
62.621467 29.754613 1379248854000 78.0
62.621451 29.75477 1379248856000 77.0
62.621426 29.754895 1379248858000 78.0
62.621401 29.755011 1379248860000 78.0
62.621394 29.755196 1379248862000 78.0
62.621391 29.755396 1379248864000 77.0
62.621406 29.755572 1379248866000 74.0
62.621409 29.755655 1379248867000 75.0
62.621383 29.755908 1379248870000 74.0
62.621379 29.755996 1379248871000 74.0
62.621358 29.756265 1379248874000 75.0
62.621339 29.756454 1379248876000 74.0
62.621325 29.756611 1379248878000 74.0
62.621321 29.756676 1379248879000 74.0
62.621309 29.756819 1379248881000 74.0
62.621282 29.757064 1379248884000 75.0
62.621269 29.757237 1379248886000 76.0
62.621251 29.757423 1379248888000 75.0
62.621241 29.757511 1379248889000 76.0
62.621222 29.757746 1379248892000 75.0
62.621214 29.7579 1379248894000 75.0
62.621198 29.758086 1379248896000 75.0
62.621173 29.758276 1379248898000 75.0
62.621163 29.75836 1379248899000 75.0
62.621084 29.758756 1379248902000 74.0
62.621062 29.758913 1379248904000 75.0
62.621069 29.758957 1379248905000 75.0
62.621018 29.759206 1379248908000 75.0
62.621021 29.759339 1379248910000 75.0
62.621015 29.759455 1379248911000 74.0
62.620996 29.759702 1379248914000 73.0
62.620986 29.759864 1379248916000 74.0
62.620986 29.760019 1379248918000 74.0
62.620989 29.760157 1379248920000 74.0
62.620989 29.760301 1379248922000 75.0
62.620982 29.760462 1379248924000 75.0
62.620965 29.760617 1379248926000 75.0
62.620949 29.760757 1379248928000 75.0
62.620933 29.760905 1379248930000 75.0
62.620922 29.761046 1379248932000 75.0
62.620899 29.761197 1379248934000 75.0
62.620885 29.761283 1379248935000 75.0
62.620865 29.761617 1379248938000 73.0
62.620858 29.761731 1379248939000 74.0
62.620854 29.761939 1379248941000 73.0
62.620863 29.762242 1379248944000 73.0
62.620866 29.762436 1379248946000 73.0
62.620862 29.762622 1379248948000 73.0
62.620849 29.762813 1379248950000 73.0
62.620828 29.762991 1379248952000 73.0
62.620802 29.763148 1379248954000 73.0
62.620768 29.763299 1379248956000 72.0
62.620739 29.763469 1379248958000 72.0
62.620712 29.763659 1379248960000 73.0
62.620699 29.763826 1379248962000 73.0
62.620697 29.763902 1379248963000 74.0
62.620685 29.764162 1379248966000 74.0
62.620667 29.764354 1379248968000 72.0
62.620653 29.764536 1379248970000 72.0
62.620638 29.764705 1379248972000 72.0
62.620621 29.764866 1379248974000 72.0
62.620607 29.765054 1379248976000 72.0
62.620619 29.765256 1379248978000 73.0
62.620644 29.76543 1379248980000 72.0
62.620677 29.765549 1379248982000 72.0
62.620709 29.765628 1379248984000 74.0
62.620722 29.76567 1379248985000 73.0
62.620733 29.765822 1379248988000 73.0
62.620691 29.765949 1379248990000 74.0
62.620625 29.766081 1379248992000 78.0
62.620541 29.766182 1379248994000 78.0
62.620431 29.766252 1379248996000 77.0
62.620327 29.766309 1379248998000 75.0
62.620223 29.766366 1379249000000 74.0
62.620143 29.766444 1379249002000 75.0
62.620056 29.766506 1379249004000 76.0
62.619797 29.766502 1379249006000 76.0
62.619738 29.766537 1379249008000 77.0
62.619667 29.766605 1379249010000 78.0
62.619643 29.76677 1379249012000 78.0
62.619565 29.766855 1379249014000 79.0
62.61952 29.76691 1379249016000 78.0
62.61946 29.766954 1379249018000 78.0
62.619415 29.767015 1379249020000 78.0
62.619356 29.767068 1379249022000 79.0
62.619289 29.767117 1379249024000 79.0
62.619229 29.767169 1379249026000 79.0
62.619187 29.767262 1379249028000 79.0
62.619151 29.767384 1379249030000 80.0
62.61915 29.767513 1379249032000 80.0
62.61917 29.767641 1379249034000 80.0
62.619181 29.767746 1379249036000 79.0
62.619176 29.767813 1379249038000 79.0
62.619174 29.767843 1379249040000 80.0
62.619167 29.76782 1379249042000 82.0
62.619184 29.767778 1379249044000 82.0
62.619199 29.767752 1379249045000 83.0
62.619228 29.767656 1379249048000 83.0
62.619227 29.767629 1379249049000 83.0
62.619213 29.767624 1379249052000 83.0
62.61921 29.767606 1379249054000 83.0
62.619209 29.767573 1379249056000 83.0
62.619205 29.767551 1379249058000 84.0
62.619218 29.767526 1379249060000 84.0
62.619217 29.767567 1379249062000 82.0
62.619225 29.767658 1379249064000 77.0
62.61921 29.767779 1379249066000 85.0