62.614988 29.742902 1379232405000 86.0
62.614988 29.742902 1379232407000 85.0
62.614994 29.742861 1379232409000 86.0
62.615019 29.742908 1379232411000 89.0
62.615068 29.742953 1379232413000 91.0
62.615094 29.742969 1379232414000 92.0
62.615434 29.745746 1379232467000 95.0
62.615454 29.745841 1379232469000 95.0
62.61548 29.745959 1379232471000 100.0
62.615492 29.74603 1379232472000 101.0
62.61551 29.746267 1379232475000 98.0
62.615511 29.746331 1379232476000 98.0
62.61552 29.746518 1379232479000 96.0
62.615521 29.746576 1379232480000 97.0
62.61552 29.746739 1379232483000 94.0
62.615519 29.746844 1379232485000 94.0
62.615523 29.746951 1379232487000 92.0
62.61553 29.747002 1379232488000 92.0
62.615553 29.747171 1379232491000 88.0
62.615558 29.747228 1379232492000 88.0
62.615563 29.747421 1379232495000 86.0
62.615567 29.747552 1379232497000 86.0
62.615568 29.747687 1379232499000 87.0
62.615567 29.747808 1379232501000 87.0
62.615571 29.747904 1379232503000 87.0
62.615581 29.747952 1379232505000 87.0
62.615598 29.748033 1379232507000 87.0
62.615615 29.748076 1379232508000 88.0
62.615645 29.748204 1379232511000 89.0
62.615651 29.748247 1379232512000 90.0
62.615653 29.748402 1379232515000 89.0
62.615651 29.74847 1379232516000 88.0
62.615646 29.748682 1379232519000 85.0
62.615658 29.748806 1379232521000 83.0
62.615666 29.748862 1379232522000 82.0
62.615682 29.748953 1379232524000 82.0
62.615703 29.749043 1379232526000 84.0
62.615739 29.749145 1379232529000 86.0
62.61577 29.749195 1379232531000 85.0
62.615796 29.749245 1379232533000 86.0
62.615815 29.749336 1379232535000 85.0
62.615831 29.749449 1379232537000 86.0
62.615846 29.749564 1379232539000 86.0
62.615862 29.749653 1379232541000 85.0
62.615874 29.749744 1379232543000 86.0
62.61588 29.749795 1379232544000 85.0
62.61589 29.74989 1379232546000 85.0
62.615894 29.749995 1379232549000 86.0
62.615894 29.750076 1379232551000 87.0
62.615897 29.750165 1379232553000 87.0
62.615913 29.750324 1379232555000 86.0
62.615917 29.750452 1379232557000 87.0
62.615908 29.750548 1379232559000 87.0
62.615897 29.750646 1379232561000 86.0
62.615896 29.750698 1379232562000 85.0
62.615902 29.750849 1379232565000 86.0
62.615906 29.750899 1379232566000 86.0
62.615907 29.751059 1379232569000 85.0
62.61591 29.751192 1379232571000 85.0
62.615916 29.75128 1379232573000 86.0
62.615916 29.751318 1379232575000 87.0
62.615903 29.75137 1379232577000 87.0
62.615892 29.751485 1379232579000 85.0
62.615892 29.751638 1379232581000 86.0
62.615897 29.751788 1379232583000 87.0
62.615904 29.751921 1379232585000 86.0
62.615919 29.752033 1379232587000 86.0
62.615926 29.752076 1379232588000 85.0
62.615942 29.752159 1379232590000 85.0
62.615945 29.752274 1379232593000 83.0
62.615937 29.752383 1379232595000 83.0
62.615933 29.752496 1379232597000 83.0
62.615941 29.752597 1379232599000 85.0
62.615954 29.752694 1379232601000 84.0
62.615964 29.752803 1379232603000 85.0
62.615968 29.752912 1379232605000 84.0
62.615974 29.753012 1379232607000 84.0
62.615991 29.75312 1379232609000 84.0
62.616006 29.753223 1379232611000 83.0
62.616001 29.753345 1379232613000 83.0
62.615975 29.753462 1379232615000 84.0
62.615956 29.753568 1379232617000 85.0
62.615955 29.753619 1379232618000 86.0
62.615959 29.75376 1379232621000 87.0
62.615961 29.753833 1379232623000 88.0
62.615967 29.753901 1379232625000 89.0
62.615971 29.753942 1379232626000 87.0
62.615975 29.754021 1379232628000 88.0
62.616001 29.754228 1379232631000 86.0
62.616011 29.754345 1379232633000 86.0
62.616018 29.754456 1379232635000 85.0
62.616042 29.754563 1379232637000 84.0
62.616075 29.754689 1379232639000 83.0
62.616089 29.754754 1379232640000 83.0
62.6161 29.754856 1379232642000 84.0
62.616101 29.754931 1379232644000 86.0
62.61611 29.755011 1379232646000 88.0
62.616117 29.755086 1379232648000 88.0
62.616132 29.755149 1379232650000 88.0
62.616145 29.755246 1379232653000 88.0
62.616152 29.755279 1379232654000 86.0
62.616192 29.755416 1379232657000 86.0
62.616207 29.755511 1379232659000 86.0
62.616215 29.755605 1379232661000 86.0
62.61622 29.755714 1379232663000 86.0
62.616217 29.755813 1379232665000 87.0
62.616211 29.755919 1379232667000 86.0
62.616216 29.756041 1379232669000 85.0
62.616226 29.756152 1379232671000 86.0
62.61623 29.756204 1379232672000 87.0
62.616265 29.756378 1379232676000 86.0
62.616272 29.75642 1379232677000 85.0
62.616281 29.756506 1379232679000 84.0
62.616277 29.756672 1379232682000 84.0
62.616277 29.75678 1379232684000 85.0
62.61628 29.756858 1379232686000 84.0
62.616281 29.756901 1379232687000 84.0
62.616271 29.757066 1379232690000 83.0
62.616268 29.757132 1379232692000 84.0
62.616266 29.757151 1379232693000 84.0
62.616252 29.757228 1379232696000 85.0
62.616233 29.757357 1379232698000 85.0
62.616225 29.757451 1379232700000 86.0
62.616221 29.757485 1379232701000 87.0
62.616231 29.757575 1379232703000 86.0
62.616227 29.757752 1379232706000 85.0
62.616226 29.757874 1379232708000 84.0
62.616224 29.757986 1379232710000 84.0
62.616229 29.758097 1379232712000 83.0
62.616235 29.758198 1379232714000 81.0
62.616236 29.758291 1379232716000 81.0
62.616252 29.758408 1379232718000 82.0
62.61626 29.758465 1379232719000 82.0
62.616281 29.75866 1379232722000 82.0
62.616281 29.7588 1379232724000 81.0
62.616282 29.758965 1379232726000 80.0
62.616274 29.759019 1379232727000 80.0
62.616257 29.75911 1379232729000 79.0
62.616246 29.759178 1379232731000 77.0
62.616252 29.759276 1379232733000 76.0
62.616263 29.75946 1379232736000 76.0
62.616268 29.759555 1379232738000 76.0
62.61627 29.759591 1379232739000 76.0
62.616282 29.759669 1379232742000 76.0
62.616304 29.759706 1379232744000 77.0
62.616323 29.759736 1379232746000 78.0
62.616321 29.7598 1379232748000 77.0
62.616311 29.759879 1379232750000 78.0
62.61631 29.759987 1379232752000 77.0
62.616312 29.760036 1379232753000 77.0
62.616295 29.760154 1379232756000 74.0
62.616296 29.760203 1379232757000 74.0
62.616295 29.760335 1379232760000 73.0
62.616295 29.760475 1379232762000 74.0
62.616266 29.76058 1379232764000 76.0
62.616235 29.76067 1379232766000 78.0
62.616217 29.760729 1379232767000 78.0
62.616196 29.760857 1379232770000 77.0
62.616184 29.760934 1379232772000 78.0
62.616174 29.761007 1379232774000 78.0
62.616164 29.761088 1379232776000 79.0
62.616141 29.761157 1379232778000 80.0
62.61613 29.76119 1379232779000 80.0
62.616097 29.761296 1379232782000 80.0
62.616084 29.761331 1379232783000 81.0
62.616054 29.761419 1379232785000 80.0
62.616029 29.761514 1379232787000 81.0
62.616002 29.761669 1379232790000 79.0
62.616006 29.761726 1379232792000 79.0
62.616001 29.761751 1379232793000 79.0
62.615962 29.761776 1379232796000 81.0
62.615918 29.761802 1379232798000 81.0
62.61587 29.76184 1379232800000 82.0
62.615841 29.761871 1379232802000 83.0
62.615813 29.761905 1379232804000 83.0
62.615798 29.761925 1379232805000 83.0
62.615741 29.761933 1379232808000 83.0
62.615696 29.761909 1379232810000 85.0
62.615669 29.76191 1379232812000 84.0
62.615646 29.761946 1379232814000 83.0
62.615624 29.761988 1379232816000 84.0
62.615592 29.762026 1379232818000 86.0
62.615556 29.762063 1379232820000 86.0
62.615507 29.762085 1379232822000 86.0
62.615462 29.762102 1379232824000 87.0
62.615439 29.762101 1379232825000 88.0
62.615379 29.762079 1379232828000 86.0
62.615364 29.762067 1379232829000 86.0
62.615332 29.762053 1379232831000 83.0
62.615306 29.762062 1379232833000 84.0
62.615243 29.762101 1379232838000 85.0
62.61522 29.762109 1379232840000 85.0
62.615207 29.762114 1379232841000 84.0
62.615154 29.76214 1379232844000 87.0
62.61513 29.762148 1379232846000 86.0
62.615111 29.762154 1379232848000 85.0
62.615097 29.762165 1379232849000 82.0
62.615061 29.762191 1379232851000 83.0
62.615036 29.762208 1379232853000 83.0
62.614979 29.762228 1379232856000 80.0
62.614951 29.762225 1379232858000 81.0
62.614935 29.762227 1379232859000 81.0
62.614894 29.762216 1379232862000 80.0
62.614871 29.7622 1379232864000 80.0
62.614859 29.762186 1379232865000 80.0
62.614831 29.762098 1379232868000 81.0
62.614812 29.76205 1379232870000 81.0
62.614783 29.762025 1379232872000 82.0
62.614751 29.76201 1379232874000 82.0
62.614711 29.76201 1379232876000 81.0
62.614661 29.762022 1379232878000 82.0
62.61461 29.762023 1379232880000 82.0
62.614561 29.762019 1379232882000 83.0
62.614519 29.762008 1379232884000 82.0
62.614477 29.761988 1379232886000 81.0
62.614428 29.761975 1379232888000 81.0
62.614379 29.761963 1379232890000 82.0
62.61433 29.761966 1379232892000 83.0
62.614279 29.761971 1379232894000 82.0
62.614233 29.761969 1379232896000 82.0
62.614183 29.761926 1379232898000 82.0
62.614129 29.761868 1379232900000 82.0
62.614073 29.761814 1379232902000 82.0
62.614011 29.761772 1379232904000 82.0
62.613955 29.761754 1379232906000 81.0
62.613895 29.761726 1379232908000 80.0
62.613833 29.761679 1379232910000 81.0
62.613772 29.76164 1379232912000 81.0
62.613706 29.761638 1379232914000 82.0
62.613678 29.761628 1379232915000 83.0
62.613622 29.761597 1379232917000 85.0
62.613535 29.761522 1379232920000 85.0
62.613477 29.761475 1379232922000 85.0
62.613419 29.761436 1379232924000 85.0
62.613365 29.761386 1379232926000 85.0
62.613317 29.761329 1379232928000 86.0
62.61327 29.761291 1379232930000 85.0
62.613221 29.761272 1379232932000 86.0
62.613175 29.761258 1379232934000 85.0
62.61314 29.761225 1379232936000 86.0
62.613111 29.761187 1379232938000 86.0
62.613076 29.761176 1379232940000 85.0
62.613029 29.761195 1379232942000 85.0
62.612973 29.761219 1379232944000 85.0
62.612912 29.761239 1379232946000 85.0
62.612845 29.761241 1379232948000 85.0
62.612778 29.761246 1379232950000 84.0
62.612722 29.761241 1379232952000 84.0
62.612668 29.761237 1379232954000 83.0
62.61262 29.761225 1379232956000 84.0
62.612572 29.761224 1379232958000 83.0
62.612524 29.761235 1379232960000 83.0
62.612474 29.761224 1379232962000 84.0
62.612429 29.761199 1379232964000 84.0
62.612386 29.761167 1379232966000 85.0
62.612345 29.76114 1379232968000 84.0
62.612311 29.761117 1379232970000 85.0
62.612266 29.761071 1379232972000 84.0
62.612228 29.76101 1379232974000 86.0
62.612198 29.760931 1379232976000 86.0
62.612182 29.760895 1379232977000 86.0
62.612137 29.760781 1379232980000 86.0
62.612107 29.760689 1379232982000 86.0
62.612081 29.760603 1379232984000 87.0
62.612055 29.760519 1379232986000 86.0
62.612032 29.760446 1379232988000 89.0
62.612019 29.760372 1379232990000 90.0
62.612024 29.760283 1379232992000 88.0
62.612014 29.760211 1379232994000 88.0
62.612005 29.760114 1379232996000 87.0
62.612 29.760028 1379232998000 89.0
62.61199 29.759941 1379233000000 89.0
62.611977 29.759849 1379233002000 92.0
62.611969 29.759753 1379233004000 92.0
62.61197 29.759657 1379233006000 92.0
62.611966 29.759565 1379233008000 92.0
62.611965 29.759481 1379233010000 92.0
62.611966 29.759423 1379233012000 92.0
62.611972 29.759403 1379233014000 93.0
62.611982 29.759387 1379233016000 91.0
62.612006 29.759366 1379233018000 91.0
62.612041 29.759355 1379233020000 92.0
62.612051 29.759343 1379233021000 88.0
62.61208 29.759283 1379233024000 90.0
62.612115 29.759255 1379233026000 91.0
62.612155 29.759238 1379233028000 91.0
62.612192 29.75923 1379233030000 92.0
62.612221 29.759218 1379233032000 92.0
62.612254 29.759222 1379233034000 91.0
62.612292 29.759227 1379233036000 91.0
62.612309 29.759213 1379233037000 92.0
62.612363 29.759164 1379233040000 93.0
62.612405 29.759137 1379233042000 93.0
62.612455 29.759122 1379233044000 93.0
62.612501 29.759118 1379233046000 93.0
62.612531 29.759099 1379233048000 93.0
62.612545 29.759084 1379233049000 94.0
62.612603 29.759034 1379233052000 95.0
62.612644 29.758981 1379233054000 94.0
62.612666 29.75896 1379233055000 94.0
62.612734 29.758937 1379233058000 94.0
62.612788 29.758919 1379233060000 94.0
62.612811 29.758911 1379233061000 93.0
62.612883 29.758894 1379233064000 94.0
62.612928 29.758891 1379233066000 95.0
62.612975 29.758873 1379233068000 95.0
62.613021 29.758842 1379233070000 94.0
62.613062 29.758813 1379233072000 94.0
62.613114 29.758778 1379233074000 92.0
62.613166 29.75873 1379233076000 92.0
62.613208 29.758697 1379233078000 92.0
62.613241 29.758678 1379233080000 92.0
62.613288 29.75864 1379233082000 94.0
62.613337 29.758599 1379233084000 95.0
62.613381 29.758559 1379233086000 95.0
62.613414 29.758503 1379233088000 94.0
62.613457 29.75846 1379233090000 94.0
62.61348 29.758439 1379233091000 93.0
62.613522 29.758392 1379233093000 93.0
62.613586 29.758305 1379233096000 92.0
62.613636 29.758262 1379233098000 92.0
62.613686 29.758249 1379233100000 92.0
62.613729 29.758255 1379233102000 92.0
62.613781 29.758241 1379233104000 91.0
62.613822 29.758236 1379233106000 91.0
62.613857 29.75824 1379233108000 92.0
62.613903 29.758263 1379233110000 92.0
62.613955 29.758276 1379233112000 93.0
62.61401 29.758252 1379233114000 94.0
62.614061 29.758201 1379233116000 94.0
62.614109 29.758141 1379233118000 96.0
62.614134 29.758111 1379233119000 96.0
62.614205 29.758084 1379233122000 96.0
62.614237 29.758066 1379233124000 95.0
62.614261 29.758043 1379233126000 95.0
62.614288 29.758021 1379233128000 96.0
62.61433 29.757992 1379233130000 94.0
62.614352 29.757974 1379233131000 93.0
62.614424 29.75793 1379233134000 94.0
62.614486 29.757914 1379233136000 94.0
62.614554 29.757911 1379233138000 94.0
62.6146 29.757914 1379233140000 94.0
62.614642 29.757891 1379233142000 93.0
62.614674 29.757868 1379233144000 94.0
62.614698 29.757835 1379233146000 95.0
62.614723 29.757821 1379233148000 97.0
62.614756 29.757822 1379233150000 96.0
62.614804 29.757817 1379233152000 96.0
62.614847 29.757758 1379233154000 97.0
62.61487 29.757687 1379233156000 98.0
62.614889 29.757633 1379233158000 99.0
62.614898 29.757557 1379233160000 100.0
62.614909 29.757463 1379233162000 99.0
62.614921 29.757374 1379233164000 100.0
62.614929 29.757267 1379233166000 103.0
62.614936 29.757205 1379233167000 102.0
62.614965 29.757045 1379233170000 101.0
62.614981 29.756967 1379233172000 102.0
62.614999 29.756888 1379233174000 103.0
62.615021 29.756795 1379233176000 104.0
62.615043 29.756674 1379233178000 104.0
62.615054 29.75654 1379233180000 105.0
62.615054 29.756478 1379233181000 105.0
62.615032 29.756332 1379233184000 106.0
62.615021 29.756248 1379233186000 106.0
62.615011 29.756153 1379233188000 106.0
62.615001 29.756059 1379233190000 108.0
62.614992 29.755983 1379233192000 109.0
62.614981 29.7559 1379233194000 110.0
62.614973 29.755817 1379233196000 110.0
62.61497 29.755737 1379233198000 111.0
62.614968 29.755662 1379233200000 113.0
62.614968 29.755621 1379233201000 112.0
62.614955 29.755479 1379233204000 112.0
62.614941 29.75539 1379233206000 111.0
62.614934 29.755281 1379233208000 111.0
62.614931 29.755163 1379233210000 111.0
62.614935 29.755033 1379233212000 109.0
62.614932 29.754909 1379233214000 110.0
62.614924 29.754825 1379233216000 109.0
62.614917 29.754767 1379233218000 110.0
62.61491 29.75472 1379233220000 110.0
62.614901 29.754698 1379233221000 111.0
62.614871 29.754588 1379233224000 109.0
62.614854 29.754493 1379233226000 110.0
62.61484 29.754409 1379233228000 110.0
62.614825 29.75433 1379233230000 110.0
62.614816 29.754261 1379233232000 110.0
62.614816 29.754189 1379233234000 110.0
62.614818 29.754121 1379233236000 111.0
62.614812 29.754034 1379233238000 111.0
62.614799 29.753932 1379233240000 110.0
62.61479 29.753884 1379233241000 110.0
62.614762 29.753748 1379233244000 112.0
62.614747 29.753662 1379233246000 113.0
62.614736 29.753574 1379233248000 112.0
62.614729 29.753467 1379233250000 110.0
62.61472 29.753351 1379233252000 111.0
62.614709 29.753248 1379233254000 110.0
62.614685 29.753153 1379233256000 109.0
62.614667 29.753053 1379233258000 110.0
62.614656 29.752966 1379233260000 108.0
62.614656 29.752891 1379233262000 110.0
62.61466 29.752831 1379233264000 110.0
62.614671 29.752786 1379233266000 110.0
62.614685 29.752784 1379233268000 110.0
62.614705 29.752794 1379233270000 109.0
62.614737 29.752789 1379233272000 108.0
62.614771 29.752785 1379233274000 109.0
62.614786 29.752773 1379233276000 109.0
62.614789 29.752751 1379233278000 110.0
62.614802 29.752754 1379233280000 110.0
62.614817 29.752763 1379233281000 110.0
62.614876 29.752776 1379233284000 109.0
62.614897 29.752787 1379233285000 110.0
62.61495 29.752834 1379233288000 111.0
62.614987 29.752856 1379233290000 111.0
62.615029 29.752874 1379233292000 110.0
62.61505 29.752875 1379233293000 111.0
62.615114 29.752842 1379233296000 112.0
62.615159 29.752833 1379233298000 113.0
62.615212 29.752839 1379233300000 112.0
62.615261 29.752838 1379233302000 111.0
62.615309 29.752832 1379233304000 110.0
62.615332 29.752835 1379233305000 110.0
62.615388 29.752866 1379233308000 107.0
62.615426 29.752877 1379233310000 104.0
62.615466 29.752857 1379233312000 104.0
62.61551 29.752834 1379233314000 103.0
62.615553 29.752819 1379233316000 102.0
62.615588 29.752829 1379233318000 104.0
62.615616 29.75284 1379233320000 103.0
62.61562 29.752836 1379233321000 103.0
62.61566 29.752823 1379233324000 103.0
62.615702 29.752816 1379233326000 102.0
62.615728 29.75281 1379233327000 100.0
62.615791 29.752852 1379233330000 102.0
62.615802 29.752878 1379233331000 102.0
62.615811 29.752949 1379233333000 100.0
62.615843 29.753127 1379233336000 98.0
62.615865 29.753225 1379233338000 97.0
62.615875 29.753266 1379233339000 97.0
62.615906 29.753378 1379233342000 96.0
62.615929 29.753442 1379233344000 95.0
62.615965 29.753528 1379233346000 95.0
62.61598 29.7536 1379233348000 96.0
62.615976 29.753644 1379233350000 95.0
62.615974 29.753717 1379233352000 94.0
62.615976 29.753754 1379233353000 94.0
62.615972 29.753841 1379233356000 94.0
62.615988 29.753931 1379233358000 87.0
62.615999 29.754035 1379233360000 87.0
62.615998 29.754128 1379233362000 87.0
62.615994 29.754213 1379233364000 87.0
62.61599 29.754284 1379233366000 87.0
62.616001 29.754356 1379233368000 86.0
62.616023 29.754443 1379233370000 87.0
62.616034 29.754491 1379233371000 86.0
62.616057 29.754649 1379233374000 84.0
62.616086 29.754731 1379233376000 86.0
62.616098 29.754808 1379233378000 86.0
62.616101 29.754893 1379233380000 86.0
62.616104 29.754971 1379233382000 86.0
62.616101 29.755042 1379233384000 84.0
62.616109 29.75517 1379233386000 84.0
62.616142 29.755334 1379233388000 85.0
62.616158 29.755408 1379233389000 85.0
62.616197 29.755573 1379233392000 80.0
62.616197 29.755621 1379233394000 79.0
62.616206 29.755682 1379233396000 78.0
62.616213 29.75572 1379233397000 78.0
62.616233 29.755838 1379233400000 79.0
62.616241 29.755921 1379233402000 79.0
62.616244 29.756007 1379233404000 79.0
62.61624 29.756086 1379233406000 78.0
62.61623 29.756132 1379233408000 78.0
62.616248 29.756215 1379233410000 82.0
62.61626 29.756267 1379233411000 82.0
62.616283 29.756412 1379233414000 83.0
62.616307 29.756551 1379233416000 82.0
62.616313 29.756603 1379233417000 84.0
62.616327 29.75672 1379233420000 85.0
62.616326 29.756797 1379233422000 86.0
62.616322 29.756909 1379233424000 85.0
62.616307 29.757057 1379233426000 85.0
62.616297 29.757168 1379233428000 86.0
62.616297 29.757223 1379233429000 84.0
62.616295 29.75732 1379233431000 82.0
62.616316 29.757526 1379233434000 82.0
62.616326 29.757655 1379233436000 82.0
62.61633 29.75777 1379233438000 80.0
62.61633 29.75786 1379233440000 79.0
62.616328 29.757904 1379233441000 79.0
62.61632 29.757977 1379233443000 80.0
62.616309 29.758073 1379233446000 80.0
62.616305 29.758104 1379233447000 79.0
62.616304 29.758187 1379233449000 80.0
62.616315 29.758304 1379233452000 78.0
62.616325 29.75838 1379233454000 79.0
62.616339 29.758473 1379233456000 80.0
62.616348 29.758555 1379233458000 81.0
62.616352 29.758591 1379233459000 83.0
62.616357 29.758671 1379233461000 83.0
62.616354 29.758845 1379233464000 88.0
62.616349 29.758907 1379233465000 88.0
62.616344 29.75905 1379233468000 87.0
62.616349 29.759117 1379233470000 87.0
62.61635 29.759181 1379233471000 84.0
62.616349 29.759376 1379233474000 82.0
62.616359 29.759489 1379233476000 82.0
62.61636 29.759574 1379233478000 83.0
62.616353 29.759645 1379233480000 82.0
62.616344 29.759705 1379233482000 82.0
62.616339 29.759747 1379233484000 82.0
62.616338 29.759789 1379233486000 81.0
62.616347 29.759858 1379233488000 81.0
62.61635 29.759899 1379233489000 81.0
62.616358 29.760033 1379233492000 81.0
62.616368 29.760144 1379233494000 81.0
62.616375 29.760248 1379233496000 82.0
62.616359 29.760332 1379233498000 83.0
62.616349 29.760373 1379233499000 83.0
62.616315 29.760508 1379233502000 84.0
62.616293 29.7606 1379233504000 83.0
62.616282 29.760642 1379233505000 83.0
62.616258 29.760757 1379233508000 83.0
62.616232 29.760837 1379233510000 84.0
62.616199 29.760941 1379233512000 82.0
62.616167 29.761048 1379233514000 82.0
62.616146 29.761116 1379233516000 82.0
62.616127 29.761171 1379233518000 80.0
62.616109 29.761242 1379233520000 79.0
62.616098 29.761331 1379233522000 76.0
62.616082 29.761439 1379233524000 79.0
62.61606 29.761505 1379233526000 80.0
62.616049 29.76154 1379233527000 79.0
62.616018 29.761654 1379233530000 81.0
62.615993 29.761721 1379233532000 81.0
62.615965 29.761771 1379233534000 80.0
62.615951 29.761782 1379233535000 81.0
62.615903 29.761815 1379233538000 81.0
62.615886 29.761808 1379233539000 81.0
62.615857 29.761841 1379233542000 85.0
62.615842 29.761864 1379233544000 85.0
62.61584 29.761878 1379233545000 86.0
62.615803 29.761933 1379233548000 85.0
62.615771 29.761976 1379233550000 85.0
62.615736 29.762013 1379233552000 85.0
62.615721 29.762022 1379233553000 85.0
62.615677 29.762039 1379233556000 84.0
62.615645 29.762068 1379233558000 85.0
62.615613 29.76209 1379233560000 85.0
62.615575 29.762102 1379233562000 86.0
62.615529 29.762104 1379233564000 85.0
62.615487 29.762105 1379233566000 85.0
62.615434 29.76209 1379233568000 85.0
62.615381 29.762073 1379233570000 84.0
62.615333 29.762065 1379233572000 83.0
62.615291 29.762056 1379233574000 82.0
62.615227 29.76204 1379233576000 82.0
62.615171 29.762025 1379233578000 82.0
62.615125 29.76202 1379233580000 83.0
62.615106 29.762024 1379233581000 82.0
62.615071 29.762028 1379233583000 82.0
62.615036 29.762062 1379233585000 83.0
62.614978 29.762086 1379233588000 83.0
62.614938 29.762091 1379233590000 84.0
62.614895 29.762094 1379233592000 85.0
62.614871 29.76208 1379233594000 88.0
62.614857 29.762077 1379233595000 88.0
62.614816 29.762079 1379233598000 89.0
62.614801 29.762065 1379233599000 90.0
62.614773 29.762033 1379233601000 91.0
62.614709 29.761998 1379233604000 91.0
62.614644 29.762009 1379233606000 91.0
62.614577 29.762053 1379233608000 90.0
62.614532 29.762068 1379233610000 91.0
62.614497 29.762078 1379233612000 91.0
62.614476 29.762081 1379233614000 90.0
62.614461 29.762071 1379233616000 89.0
62.614426 29.762027 1379233618000 88.0
62.614374 29.761973 1379233620000 87.0
62.614324 29.761947 1379233622000 88.0
62.614275 29.761927 1379233624000 86.0
62.614232 29.76189 1379233626000 86.0
62.614191 29.761844 1379233628000 86.0
62.614149 29.761797 1379233630000 86.0
62.614114 29.76176 1379233632000 87.0
62.614074 29.761734 1379233634000 86.0
62.614031 29.761719 1379233636000 87.0
62.613986 29.761709 1379233638000 86.0
62.613938 29.761694 1379233640000 86.0
62.613881 29.761672 1379233642000 86.0
62.613827 29.761645 1379233644000 86.0
62.61377 29.761606 1379233646000 87.0
62.613726 29.761573 1379233648000 86.0
62.613695 29.761549 1379233650000 88.0
62.613647 29.761514 1379233652000 85.0
62.613624 29.761497 1379233653000 85.0
62.613588 29.761473 1379233655000 86.0
62.613542 29.761438 1379233658000 85.0
62.613502 29.76143 1379233660000 86.0
62.613454 29.761422 1379233662000 86.0
62.61341 29.761414 1379233664000 86.0
62.61336 29.761397 1379233666000 84.0
62.613323 29.761398 1379233668000 85.0
62.613298 29.761411 1379233670000 85.0
62.613278 29.761414 1379233672000 86.0
62.613251 29.761404 1379233674000 85.0
62.613223 29.761395 1379233676000 85.0
62.613194 29.76136 1379233678000 86.0
62.613173 29.761294 1379233680000 87.0
62.613154 29.761239 1379233682000 87.0
62.61313 29.761204 1379233684000 88.0
62.613114 29.761185 1379233685000 88.0
62.613068 29.76113 1379233688000 88.0
62.613019 29.761128 1379233690000 87.0
62.612967 29.761137 1379233692000 88.0
62.61292 29.761136 1379233694000 88.0
62.612867 29.761137 1379233696000 88.0
62.612812 29.761134 1379233698000 88.0
62.612761 29.761136 1379233700000 88.0
62.612709 29.761158 1379233702000 87.0
62.612667 29.761164 1379233704000 87.0
62.612627 29.761166 1379233706000 89.0
62.612586 29.761174 1379233708000 87.0
62.612542 29.761184 1379233710000 87.0
62.612494 29.761201 1379233712000 88.0
62.612452 29.761215 1379233714000 85.0
62.612417 29.761208 1379233716000 85.0
62.612384 29.761174 1379233718000 85.0
62.612342 29.761135 1379233720000 86.0
62.612297 29.761092 1379233722000 86.0
62.612268 29.761041 1379233724000 86.0
62.612242 29.761005 1379233726000 87.0
62.612223 29.760987 1379233727000 87.0
62.612187 29.760962 1379233729000 88.0
62.612151 29.760895 1379233732000 90.0
62.612149 29.76086 1379233733000 91.0
62.612154 29.760766 1379233736000 91.0
62.61215 29.760697 1379233738000 91.0
62.612145 29.76061 1379233740000 92.0
62.61214 29.760567 1379233741000 92.0
62.61212 29.760472 1379233744000 94.0
62.612102 29.760423 1379233746000 95.0
62.612092 29.760397 1379233747000 95.0
62.612075 29.760278 1379233750000 95.0
62.612069 29.760175 1379233752000 95.0
62.612059 29.76007 1379233754000 95.0
62.612055 29.759954 1379233756000 96.0
62.612052 29.759841 1379233758000 92.0
62.612041 29.759796 1379233759000 91.0
62.612003 29.759684 1379233762000 89.0
62.611986 29.759624 1379233764000 88.0
62.611966 29.759558 1379233766000 88.0
62.611948 29.759497 1379233768000 87.0
62.611942 29.759476 1379233770000 88.0
62.611947 29.75948 1379233772000 88.0
62.611953 29.759468 1379233774000 87.0
62.611952 29.75944 1379233776000 87.0
62.611959 29.759418 1379233778000 88.0
62.611977 29.759387 1379233780000 89.0
62.612003 29.759364 1379233782000 90.0
62.612033 29.759349 1379233784000 90.0
62.612048 29.759341 1379233785000 91.0
62.612099 29.759305 1379233788000 91.0
62.612144 29.759286 1379233790000 90.0
62.612189 29.759275 1379233792000 92.0
62.612225 29.759265 1379233794000 92.0
62.612254 29.759247 1379233796000 93.0
62.612268 29.759237 1379233797000 93.0
62.612321 29.759192 1379233800000 92.0
62.612365 29.759157 1379233802000 92.0
62.612404 29.759118 1379233804000 92.0
62.612433 29.759083 1379233806000 93.0
62.612459 29.759063 1379233808000 93.0
62.612489 29.759057 1379233810000 93.0
62.612535 29.759055 1379233812000 93.0
62.612583 29.759052 1379233814000 93.0
62.612624 29.759036 1379233816000 93.0
62.612658 29.759007 1379233818000 93.0
62.612691 29.758974 1379233820000 92.0
62.612726 29.758967 1379233822000 91.0
62.612749 29.75898 1379233824000 92.0
62.612777 29.758981 1379233826000 91.0
62.612807 29.758967 1379233828000 92.0
62.612828 29.758952 1379233830000 92.0
62.612847 29.758941 1379233832000 91.0
62.612876 29.758925 1379233834000 92.0
62.612913 29.758928 1379233836000 92.0
62.612934 29.75893 1379233837000 93.0
62.613013 29.758886 1379233840000 94.0
62.613039 29.758864 1379233841000 93.0
62.613114 29.758804 1379233844000 92.0
62.613161 29.758764 1379233846000 92.0
62.613209 29.758728 1379233848000 93.0
62.613259 29.758702 1379233850000 94.0
62.613305 29.758667 1379233852000 94.0
62.613346 29.758638 1379233854000 94.0
62.613372 29.758619 1379233856000 97.0
62.613394 29.758572 1379233858000 96.0
62.613438 29.758511 1379233860000 95.0
62.61349 29.758454 1379233862000 94.0
62.613542 29.758417 1379233864000 94.0
62.613582 29.758406 1379233866000 92.0
62.613614 29.758402 1379233868000 91.0
62.613647 29.758388 1379233870000 90.0
62.61368 29.758359 1379233872000 90.0
62.613695 29.75833 1379233873000 90.0
62.613721 29.758264 1379233876000 90.0
62.613754 29.758251 1379233878000 90.0
62.613805 29.758234 1379233880000 91.0
62.613862 29.758215 1379233882000 91.0
62.613912 29.758197 1379233884000 91.0
62.613955 29.758177 1379233886000 92.0
62.613987 29.758182 1379233888000 93.0
62.614019 29.758183 1379233890000 94.0
62.614057 29.758166 1379233892000 94.0
62.614102 29.758151 1379233894000 92.0
62.614145 29.758144 1379233896000 92.0
62.614183 29.758133 1379233898000 92.0
62.614224 29.758109 1379233900000 92.0
62.614246 29.758095 1379233901000 92.0
62.614323 29.758064 1379233904000 92.0
62.614375 29.758039 1379233906000 97.0
62.614412 29.758005 1379233908000 97.0
62.614444 29.757983 1379233910000 96.0
62.614488 29.75797 1379233912000 96.0
62.614513 29.757963 1379233913000 96.0
62.614595 29.757924 1379233916000 100.0
62.614621 29.757911 1379233917000 99.0
62.614682 29.757897 1379233920000 99.0
62.614714 29.757897 1379233922000 100.0
62.614742 29.757881 1379233924000 99.0
62.614773 29.757839 1379233926000 100.0
62.614799 29.75779 1379233928000 100.0
62.614819 29.757745 1379233930000 100.0
62.614843 29.7577 1379233932000 100.0
62.61488 29.75763 1379233934000 100.0
62.614911 29.757532 1379233936000 101.0
62.614932 29.757426 1379233938000 101.0
62.614955 29.75733 1379233940000 101.0
62.61498 29.757238 1379233942000 102.0
62.615008 29.757153 1379233944000 103.0
62.615032 29.757064 1379233946000 103.0
62.615062 29.756992 1379233948000 104.0
62.615076 29.756901 1379233950000 104.0
62.61507 29.756808 1379233952000 104.0
62.615062 29.756714 1379233954000 105.0
62.615065 29.756603 1379233956000 107.0
62.615067 29.756554 1379233957000 107.0
62.615058 29.756434 1379233960000 108.0
62.615052 29.756338 1379233962000 107.0
62.615048 29.756237 1379233964000 107.0
62.615047 29.756135 1379233966000 108.0
62.615044 29.756053 1379233968000 109.0
62.615039 29.755971 1379233970000 110.0
62.61503 29.755874 1379233972000 110.0
62.61502 29.755825 1379233973000 109.0
62.614991 29.755695 1379233976000 110.0
62.614981 29.75565 1379233977000 109.0
62.614955 29.755525 1379233980000 110.0
62.614932 29.75545 1379233982000 110.0
62.614907 29.755385 1379233984000 110.0
62.614889 29.755317 1379233986000 111.0
62.614884 29.755224 1379233988000 110.0
62.614881 29.755117 1379233990000 110.0
62.614879 29.755017 1379233992000 110.0
62.614871 29.754943 1379233994000 110.0
62.614858 29.754862 1379233996000 109.0
62.614851 29.754817 1379233997000 109.0
62.614836 29.75469 1379234000000 107.0
62.614827 29.754598 1379234002000 107.0
62.614817 29.754514 1379234004000 108.0
62.614802 29.754455 1379234006000 107.0
62.614782 29.754394 1379234008000 106.0
62.614769 29.754317 1379234010000 107.0
62.61476 29.754232 1379234012000 107.0
62.614754 29.754146 1379234014000 107.0
62.614749 29.75411 1379234015000 107.0
62.614733 29.753993 1379234018000 107.0
62.614724 29.75391 1379234020000 107.0
62.614715 29.753842 1379234022000 107.0
62.614709 29.753778 1379234024000 107.0
62.614703 29.753693 1379234026000 106.0
62.614689 29.753617 1379234028000 107.0
62.614678 29.753556 1379234030000 108.0
62.614673 29.753484 1379234032000 106.0
62.614663 29.753419 1379234034000 105.0
62.614657 29.753377 1379234036000 105.0
62.614645 29.753296 1379234037000 105.0
62.614636 29.753183 1379234040000 105.0
62.614636 29.75311 1379234042000 104.0
62.614629 29.753034 1379234044000 103.0
62.614619 29.75297 1379234046000 103.0
62.614618 29.752918 1379234048000 103.0
62.614619 29.752873 1379234050000 103.0
62.614627 29.752869 1379234052000 104.0
62.614644 29.75288 1379234054000 104.0
62.614666 29.752884 1379234056000 102.0
62.614687 29.752885 1379234058000 100.0
62.61471 29.75286 1379234060000 98.0
62.614748 29.752839 1379234062000 100.0
62.614788 29.752828 1379234064000 99.0
62.614817 29.752809 1379234066000 100.0
62.614842 29.752792 1379234068000 101.0
62.614858 29.752798 1379234069000 101.0
62.614903 29.752819 1379234072000 100.0
62.614939 29.752825 1379234074000 100.0
62.61497 29.752828 1379234076000 100.0
62.615004 29.75283 1379234078000 99.0
62.615036 29.752839 1379234080000 98.0
62.615079 29.752838 1379234082000 98.0
62.615122 29.752851 1379234084000 97.0
62.615164 29.752883 1379234086000 97.0
62.615206 29.752899 1379234088000 98.0
62.615229 29.752901 1379234089000 98.0
62.615284 29.752899 1379234092000 102.0
62.615322 29.752897 1379234094000 101.0
62.615373 29.752881 1379234096000 100.0
62.6154 29.752877 1379234097000 98.0
62.615476 29.752882 1379234100000 98.0
62.615529 29.75289 1379234102000 95.0
62.615579 29.752896 1379234104000 95.0
62.615617 29.752904 1379234106000 95.0
62.615646 29.752904 1379234108000 94.0
62.615669 29.752892 1379234110000 95.0
62.615696 29.752877 1379234112000 95.0
62.615729 29.75283 1379234114000 95.0
62.615752 29.752728 1379234116000 97.0
62.615758 29.752671 1379234117000 97.0
62.615783 29.752503 1379234120000 98.0
62.615801 29.752409 1379234122000 98.0
62.615814 29.752316 1379234124000 98.0
62.615821 29.752236 1379234126000 98.0
62.615829 29.752161 1379234128000 96.0
62.615839 29.752062 1379234130000 97.0
62.615855 29.751966 1379234132000 96.0
62.61586 29.751921 1379234133000 96.0
62.615878 29.751773 1379234136000 95.0
62.615891 29.751654 1379234138000 95.0
62.615887 29.751578 1379234140000 95.0
62.61588 29.751497 1379234142000 94.0
62.615882 29.75136 1379234144000 93.0
62.615884 29.751238 1379234146000 94.0
62.615889 29.751143 1379234148000 93.0
62.615897 29.751051 1379234150000 93.0
62.615911 29.750975 1379234152000 94.0
62.615921 29.750908 1379234154000 94.0
62.615923 29.750853 1379234156000 94.0
62.615922 29.750805 1379234158000 95.0
62.615929 29.750742 1379234160000 96.0
62.615942 29.750681 1379234162000 97.0
62.615956 29.750611 1379234164000 97.0
62.615957 29.750539 1379234166000 99.0
62.615949 29.750486 1379234168000 101.0
62.615945 29.750427 1379234170000 102.0
62.615939 29.75035 1379234172000 103.0
62.615926 29.750261 1379234174000 102.0
62.615923 29.750132 1379234176000 101.0
62.615918 29.750069 1379234177000 102.0
62.615907 29.74995 1379234179000 101.0
62.615876 29.749796 1379234182000 100.0
62.615864 29.749709 1379234184000 99.0
62.615867 29.749622 1379234186000 99.0
62.615869 29.749534 1379234188000 98.0
62.615867 29.749484 1379234189000 98.0
62.615837 29.749314 1379234192000 93.0
62.615803 29.749197 1379234194000 90.0
62.615788 29.749157 1379234195000 91.0
62.615745 29.74907 1379234198000 90.0
62.61571 29.749045 1379234200000 91.0
62.615684 29.749023 1379234202000 90.0
62.615675 29.749007 1379234203000 90.0
62.615665 29.748952 1379234205000 89.0
62.615657 29.748854 1379234208000 87.0
62.615649 29.748787 1379234210000 88.0
62.615633 29.748709 1379234212000 87.0
62.615643 29.748619 1379234214000 87.0
62.61565 29.748582 1379234216000 89.0
62.615666 29.748492 1379234218000 90.0
62.615667 29.748452 1379234219000 91.0
62.615638 29.748316 1379234222000 92.0
62.615604 29.748255 1379234223000 93.0
62.615612 29.748108 1379234226000 93.0
62.615637 29.747999 1379234228000 92.0
62.615648 29.74788 1379234230000 90.0
62.61565 29.747763 1379234232000 89.0
62.615645 29.747668 1379234234000 90.0
62.615639 29.747586 1379234236000 90.0
62.615639 29.747531 1379234237000 94.0
62.61563 29.747398 1379234240000 95.0
62.615617 29.747352 1379234241000 95.0
62.615596 29.747252 1379234244000 93.0
62.61559 29.747233 1379234246000 92.0
62.615575 29.747174 1379234247000 89.0
62.615552 29.74704 1379234250000 89.0
62.615544 29.746991 1379234251000 89.0
62.615506 29.746866 1379234254000 89.0
62.615468 29.74678 1379234256000 90.0
62.615443 29.746689 1379234258000 89.0
62.615446 29.746585 1379234260000 87.0
62.615458 29.746478 1379234262000 85.0
62.615459 29.746438 1379234263000 88.0
62.615462 29.746375 1379234265000 88.0
62.615458 29.746263 1379234268000 87.0
62.615442 29.746157 1379234270000 87.0
62.615437 29.746104 1379234271000 87.0
62.615414 29.745967 1379234274000 88.0
62.615411 29.745876 1379234276000 86.0
62.615411 29.745786 1379234278000 86.0
62.615413 29.745699 1379234280000 87.0
62.615416 29.745615 1379234282000 86.0
62.615414 29.745573 1379234283000 86.0
62.61541 29.74545 1379234286000 86.0
62.61539 29.745356 1379234288000 86.0
62.615366 29.745277 1379234290000 86.0
62.615347 29.745203 1379234292000 87.0
62.61534 29.74514 1379234294000 88.0
62.615338 29.745078 1379234296000 87.0
62.615337 29.745011 1379234298000 86.0
62.615336 29.744942 1379234300000 84.0
62.615326 29.744865 1379234302000 84.0
62.615315 29.744777 1379234304000 84.0
62.615315 29.744732 1379234306000 84.0
62.615309 29.744639 1379234307000 78.0
62.615291 29.744464 1379234310000 78.0
62.615284 29.744386 1379234311000 78.0
62.615247 29.74424 1379234314000 76.0
62.615232 29.744202 1379234315000 77.0
62.615218 29.744123 1379234317000 75.0
62.615224 29.74399 1379234320000 75.0
62.61523 29.743897 1379234322000 76.0
62.61523 29.74384 1379234323000 76.0
62.61522 29.743676 1379234326000 70.0
62.615212 29.743614 1379234327000 70.0
62.615189 29.743475 1379234330000 69.0
62.615172 29.743431 1379234331000 69.0
62.615156 29.743306 1379234334000 71.0
62.615157 29.743209 1379234336000 71.0
62.615154 29.743105 1379234338000 74.0
62.615152 29.743016 1379234340000 74.0
62.615148 29.742945 1379234342000 74.0
62.615145 29.742921 1379234343000 75.0
62.615125 29.742914 1379234346000 76.0
62.615112 29.742969 1379234348000 77.0
62.615102 29.743042 1379234350000 76.0
62.61509 29.743077 1379234352000 77.0
62.615082 29.74308 1379234354000 80.0
62.615069 29.743105 1379234356000 80.0
62.615061 29.743114 1379234357000 81.0
62.615048 29.743159 1379234360000 75.0
62.615039 29.743181 1379234362000 76.0