62.598579 29.743076 1379519426000 127.0
62.598574 29.742943 1379519429000 123.0
62.598503 29.743295 1379519431000 118.0
62.598489 29.74324 1379519433000 123.0
62.59852 29.743243 1379519435000 125.0
62.59853 29.743322 1379519437000 123.0
62.598545 29.74336 1379519439000 123.0
62.598552 29.743416 1379519441000 121.0
62.598557 29.743462 1379519442000 121.0
62.598561 29.743539 1379519444000 121.0
62.598552 29.743603 1379519446000 120.0
62.598531 29.743649 1379519448000 119.0
62.598511 29.743681 1379519450000 122.0
62.598494 29.743713 1379519452000 126.0
62.59849 29.743764 1379519454000 126.0
62.598496 29.743803 1379519456000 126.0
62.598511 29.743819 1379519459000 125.0
62.598541 29.743833 1379519461000 125.0
62.598547 29.743898 1379519463000 122.0
62.598521 29.744024 1379519464000 123.0
62.598487 29.744109 1379519467000 123.0
62.598453 29.74419 1379519468000 123.0
62.598444 29.744274 1379519470000 121.0
62.598476 29.744302 1379519472000 117.0
62.598519 29.744277 1379519474000 113.0
62.598568 29.744242 1379519477000 114.0
62.598607 29.74423 1379519479000 112.0
62.598614 29.744228 1379519480000 111.0
62.598592 29.74426 1379519482000 110.0
62.598565 29.744354 1379519484000 106.0
62.598555 29.744537 1379519486000 103.0
62.598537 29.744677 1379519489000 103.0
62.598519 29.744791 1379519490000 102.0
62.598511 29.744903 1379519492000 103.0
62.598514 29.745019 1379519494000 102.0
62.598513 29.745116 1379519497000 102.0
62.598507 29.745212 1379519499000 102.0
62.59849 29.745315 1379519501000 101.0
62.59847 29.745407 1379519503000 100.0
62.598445 29.7455 1379519505000 98.0
62.598456 29.745693 1379519508000 102.0
62.598441 29.745785 1379519510000 102.0
62.598424 29.745881 1379519512000 102.0
62.598405 29.745977 1379519514000 102.0
62.598389 29.746085 1379519515000 101.0
62.598379 29.746187 1379519517000 102.0
62.598379 29.746278 1379519520000 101.0
62.598377 29.746368 1379519522000 102.0
62.598365 29.746462 1379519524000 104.0
62.598353 29.746558 1379519526000 103.0
62.598343 29.746653 1379519528000 104.0
62.598325 29.746738 1379519530000 104.0
62.598302 29.746812 1379519532000 104.0
62.598282 29.746881 1379519534000 103.0
62.598263 29.746969 1379519536000 103.0
62.59825 29.747093 1379519538000 104.0
62.598231 29.747238 1379519540000 104.0
62.598207 29.747381 1379519542000 104.0
62.598179 29.747526 1379519544000 104.0
62.598145 29.74767 1379519545000 104.0
62.598111 29.747806 1379519548000 103.0
62.598079 29.747932 1379519550000 103.0
62.598052 29.748045 1379519552000 102.0
62.598027 29.748155 1379519554000 102.0
62.598001 29.748266 1379519556000 102.0
62.59797 29.748385 1379519557000 102.0
62.597946 29.748504 1379519560000 103.0
62.597924 29.748621 1379519561000 103.0
62.597907 29.748738 1379519564000 103.0
62.597891 29.748849 1379519566000 103.0
62.597874 29.748956 1379519568000 103.0
62.597858 29.749071 1379519570000 104.0
62.597839 29.749191 1379519572000 103.0
62.597817 29.749317 1379519574000 102.0
62.597786 29.749436 1379519576000 102.0
62.597755 29.749546 1379519578000 102.0
62.597723 29.749645 1379519580000 103.0
62.597691 29.749748 1379519581000 102.0
62.597659 29.749863 1379519583000 101.0
62.597631 29.749976 1379519585000 100.0
62.597607 29.750102 1379519588000 99.0
62.597589 29.750217 1379519589000 98.0
62.597571 29.750334 1379519591000 98.0
62.597556 29.750448 1379519593000 99.0
62.597537 29.750562 1379519595000 98.0
62.597515 29.750682 1379519597000 97.0
62.597492 29.750793 1379519599000 96.0
62.597476 29.75089 1379519602000 96.0
62.597462 29.750995 1379519604000 98.0
62.597439 29.751108 1379519605000 98.0
62.597412 29.751223 1379519607000 98.0
62.597395 29.751342 1379519610000 99.0
62.597379 29.751479 1379519612000 99.0
62.597366 29.751608 1379519614000 98.0
62.597349 29.751721 1379519616000 98.0
62.597329 29.75183 1379519618000 98.0
62.597308 29.751933 1379519619000 99.0
62.597286 29.752022 1379519622000 100.0
62.597259 29.752122 1379519624000 100.0
62.597238 29.752246 1379519625000 101.0
62.597216 29.75238 1379519628000 100.0
62.597194 29.752502 1379519630000 100.0
62.597165 29.752621 1379519632000 98.0
62.597132 29.752741 1379519633000 98.0
62.597107 29.752854 1379519636000 98.0
62.597084 29.752961 1379519638000 99.0
62.59706 29.753065 1379519640000 99.0
62.597034 29.753169 1379519642000 99.0
62.597009 29.75328 1379519643000 100.0
62.596987 29.753386 1379519645000 99.0
62.596968 29.753481 1379519647000 97.0
62.596945 29.753574 1379519650000 96.0
62.596921 29.753673 1379519651000 97.0
62.5969 29.753763 1379519654000 96.0
62.596873 29.753863 1379519656000 96.0
62.596847 29.753978 1379519657000 96.0
62.596832 29.754112 1379519660000 99.0
62.596824 29.754312 1379519662000 104.0
62.596803 29.754448 1379519663000 106.0
62.59678 29.754576 1379519665000 105.0
62.59675 29.754712 1379519667000 106.0
62.596722 29.754825 1379519669000 106.0
62.596695 29.754951 1379519671000 107.0
62.596673 29.755082 1379519673000 107.0
62.596656 29.75522 1379519676000 107.0
62.596634 29.755361 1379519677000 108.0
62.596609 29.755517 1379519679000 107.0
62.596586 29.755671 1379519681000 106.0
62.596565 29.755816 1379519684000 106.0
62.596534 29.75595 1379519685000 105.0
62.596496 29.756067 1379519687000 105.0
62.596464 29.756171 1379519689000 104.0
62.596431 29.756274 1379519691000 103.0
62.596395 29.756384 1379519693000 103.0
62.596367 29.756505 1379519695000 103.0
62.59635 29.756621 1379519697000 101.0
62.596332 29.756726 1379519700000 101.0
62.596313 29.756803 1379519701000 101.0
62.596289 29.756866 1379519703000 101.0
62.596263 29.756926 1379519705000 101.0
62.59624 29.757003 1379519708000 101.0
62.596224 29.757125 1379519709000 102.0
62.596196 29.757258 1379519712000 101.0
62.596159 29.75737 1379519714000 100.0
62.596123 29.757476 1379519715000 99.0
62.596086 29.757607 1379519717000 99.0
62.59605 29.757758 1379519719000 98.0
62.596031 29.757916 1379519721000 98.0
62.59602 29.758061 1379519723000 98.0
62.596012 29.758188 1379519725000 98.0
62.595994 29.758306 1379519727000 97.0
62.595967 29.758417 1379519729000 96.0
62.595934 29.758526 1379519732000 95.0
62.595902 29.758612 1379519734000 96.0
62.595881 29.758699 1379519736000 95.0
62.595852 29.758779 1379519737000 94.0
62.595821 29.758858 1379519740000 96.0
62.595787 29.758957 1379519742000 96.0
62.595753 29.759073 1379519744000 95.0
62.595728 29.759215 1379519746000 94.0
62.595714 29.759351 1379519747000 94.0
62.595694 29.759473 1379519749000 94.0
62.595666 29.759592 1379519751000 95.0
62.595639 29.759708 1379519753000 95.0
62.59562 29.75984 1379519756000 95.0
62.595612 29.759981 1379519757000 94.0
62.595603 29.760095 1379519759000 94.0
62.595579 29.760186 1379519761000 95.0
62.595543 29.760263 1379519763000 94.0
62.595497 29.760308 1379519765000 93.0
62.595455 29.760339 1379519767000 92.0
62.595416 29.760371 1379519769000 92.0
62.595405 29.760444 1379519771000 90.0
62.595449 29.760574 1379519773000 92.0
62.595494 29.760705 1379519776000 93.0
62.595556 29.760802 1379519777000 95.0
62.595629 29.760885 1379519779000 94.0
62.595708 29.760956 1379519781000 96.0
62.59578 29.76102 1379519783000 95.0
62.595853 29.761061 1379519785000 94.0
62.595915 29.761117 1379519787000 94.0
62.595984 29.76116 1379519789000 93.0
62.596056 29.761195 1379519792000 92.0
62.596125 29.761251 1379519793000 92.0
62.596189 29.761322 1379519796000 93.0
62.596257 29.7614 1379519797000 95.0
62.596325 29.761474 1379519799000 95.0
62.596401 29.761577 1379519801000 96.0
62.596483 29.761882 1379519804000 98.0
62.596544 29.761875 1379519805000 98.0
62.596611 29.761898 1379519807000 98.0
62.596679 29.761928 1379519809000 99.0
62.596742 29.76196 1379519812000 99.0
62.596792 29.761983 1379519813000 99.0
62.596857 29.762 1379519815000 98.0
62.596917 29.761968 1379519817000 100.0
62.596978 29.761922 1379519819000 102.0
62.597036 29.761916 1379519821000 104.0
62.597088 29.761941 1379519824000 106.0
62.597137 29.761972 1379519825000 106.0
62.597189 29.76203 1379519828000 102.0
62.597239 29.762095 1379519829000 100.0
62.597295 29.762187 1379519831000 98.0
62.597348 29.762263 1379519833000 96.0
62.597412 29.762377 1379519835000 98.0
62.597473 29.762443 1379519837000 99.0
62.59754 29.762498 1379519839000 100.0
62.597604 29.762548 1379519841000 99.0
62.597665 29.76262 1379519843000 100.0
62.597719 29.762684 1379519845000 100.0
62.597776 29.762748 1379519848000 99.0
62.597833 29.762832 1379519849000 99.0
62.597893 29.762906 1379519851000 99.0
62.597953 29.762972 1379519853000 97.0
62.598007 29.763044 1379519855000 97.0
62.598063 29.76313 1379519858000 96.0
62.598086 29.763241 1379519860000 96.0
62.598071 29.763363 1379519861000 95.0
62.598048 29.763461 1379519864000 93.0
62.597995 29.763523 1379519865000 94.0
62.597965 29.763597 1379519867000 94.0
62.597933 29.763678 1379519869000 93.0
62.5979 29.763757 1379519872000 94.0
62.597875 29.763837 1379519873000 94.0
62.597844 29.76392 1379519875000 93.0
62.597813 29.764001 1379519877000 91.0
62.597767 29.764079 1379519879000 92.0
62.597716 29.7642 1379519881000 91.0
62.597664 29.764338 1379519884000 89.0
62.597614 29.764509 1379519885000 88.0
62.597565 29.764653 1379519888000 87.0
62.59752 29.764776 1379519889000 87.0
62.59748 29.764863 1379519891000 87.0
62.597448 29.764928 1379519893000 85.0
62.597433 29.76498 1379519895000 83.0
62.597443 29.764971 1379519898000 86.0
62.597443 29.764971 1379519899000 86.0
62.597443 29.764971 1379519901000 85.0
62.597453 29.764948 1379519903000 85.0
62.59744 29.764984 1379519905000 85.0
62.597421 29.765044 1379519907000 85.0
62.597384 29.765147 1379519909000 85.0
62.597347 29.765252 1379519912000 85.0
62.597302 29.76537 1379519913000 86.0
62.597261 29.765476 1379519916000 85.0
62.597225 29.76556 1379519917000 88.0
62.597196 29.765642 1379519920000 89.0
62.597165 29.765715 1379519921000 88.0
62.597132 29.765795 1379519924000 88.0
62.597097 29.765864 1379519925000 89.0
62.59707 29.765953 1379519928000 89.0
62.597045 29.766044 1379519929000 91.0
62.597014 29.766136 1379519931000 91.0
62.596983 29.766223 1379519933000 92.0
62.596951 29.766304 1379519936000 91.0
62.596923 29.766383 1379519937000 91.0
62.596894 29.766463 1379519940000 92.0
62.59687 29.76654 1379519941000 92.0
62.596842 29.766624 1379519944000 93.0
62.596808 29.766711 1379519945000 93.0
62.596774 29.766795 1379519948000 93.0
62.596742 29.766879 1379519949000 91.0
62.596709 29.766988 1379519952000 92.0
62.596678 29.767098 1379519953000 92.0
62.596646 29.767223 1379519956000 92.0
62.596615 29.767338 1379519957000 92.0
62.596586 29.767443 1379519960000 92.0
62.596558 29.767532 1379519961000 92.0
62.596528 29.767621 1379519964000 92.0
62.596497 29.767713 1379519965000 93.0
62.59647 29.767827 1379519967000 92.0
62.596444 29.767945 1379519969000 93.0
62.596418 29.768076 1379519972000 93.0
62.596388 29.768201 1379519974000 93.0
62.596359 29.76833 1379519976000 93.0
62.596334 29.768468 1379519977000 93.0
62.596306 29.768602 1379519980000 93.0
62.596277 29.76874 1379519981000 92.0
62.596245 29.768889 1379519983000 93.0
62.596219 29.769037 1379519985000 95.0
62.596198 29.769195 1379519987000 95.0
62.596178 29.769336 1379519989000 96.0
62.596154 29.769481 1379519991000 95.0
62.596132 29.769618 1379519993000 94.0
62.596105 29.769756 1379519996000 96.0
62.596081 29.769893 1379519997000 96.0
62.596062 29.770031 1379520000000 97.0
62.596042 29.770176 1379520001000 96.0
62.596021 29.770343 1379520004000 97.0
62.595997 29.770514 1379520005000 96.0
62.595975 29.770686 1379520007000 95.0
62.595963 29.770861 1379520009000 95.0
62.59595 29.771023 1379520011000 95.0
62.595937 29.77118 1379520013000 96.0
62.595936 29.771337 1379520016000 96.0
62.595937 29.771503 1379520017000 96.0
62.595932 29.771666 1379520020000 95.0
62.595923 29.771824 1379520021000 94.0
62.595916 29.771986 1379520023000 94.0
62.595909 29.77215 1379520025000 93.0
62.595898 29.772308 1379520028000 94.0
62.595886 29.772461 1379520030000 94.0
62.595873 29.77261 1379520032000 94.0
62.595862 29.77276 1379520033000 94.0
62.595845 29.772912 1379520035000 95.0
62.595835 29.773066 1379520037000 96.0
62.595821 29.773215 1379520039000 95.0
62.595807 29.773358 1379520042000 95.0
62.595792 29.773493 1379520044000 95.0
62.595783 29.773608 1379520045000 94.0
62.595762 29.773711 1379520048000 95.0
62.595736 29.773825 1379520049000 94.0
62.595708 29.773943 1379520051000 94.0
62.595685 29.774091 1379520053000 95.0
62.595669 29.774266 1379520056000 95.0
62.595666 29.774445 1379520057000 95.0
62.595663 29.774611 1379520060000 96.0
62.595659 29.774754 1379520061000 96.0
62.595649 29.774928 1379520063000 95.0
62.595616 29.775145 1379520065000 95.0
62.59558 29.775376 1379520068000 95.0
62.595576 29.775576 1379520069000 95.0
62.595582 29.775811 1379520072000 95.0
62.595592 29.776009 1379520073000 96.0
62.595599 29.776213 1379520076000 97.0
62.595608 29.776407 1379520077000 97.0
62.595624 29.776585 1379520080000 97.0
62.595611 29.776728 1379520081000 96.0
62.595637 29.776904 1379520084000 97.0
62.59564 29.777077 1379520085000 98.0
62.595649 29.777262 1379520087000 100.0
62.595661 29.777435 1379520090000 99.0
62.595677 29.777607 1379520091000 100.0
62.595694 29.77777 1379520093000 99.0
62.595717 29.777932 1379520095000 99.0
62.595735 29.778081 1379520097000 99.0
62.59574 29.77822 1379520099000 98.0
62.595734 29.778353 1379520102000 99.0
62.595749 29.778493 1379520103000 99.0
62.595776 29.77862 1379520106000 99.0
62.5958 29.778753 1379520108000 99.0
62.595815 29.778887 1379520109000 100.0
62.595833 29.779021 1379520111000 101.0
62.595844 29.77914 1379520113000 101.0
62.595855 29.779245 1379520115000 101.0
62.595867 29.779316 1379520117000 102.0
62.595877 29.77938 1379520119000 102.0
62.595888 29.779452 1379520121000 104.0
62.595898 29.779558 1379520123000 103.0
62.595905 29.779693 1379520126000 103.0
62.595913 29.779844 1379520128000 104.0
62.595916 29.780006 1379520129000 103.0
62.595906 29.780165 1379520131000 104.0
62.59589 29.78032 1379520134000 104.0
62.595861 29.78047 1379520136000 104.0
62.595804 29.780555 1379520138000 105.0
62.595746 29.780607 1379520140000 106.0
62.595724 29.780676 1379520141000 107.0
62.595727 29.780769 1379520143000 107.0
62.595702 29.780851 1379520145000 106.0
62.595659 29.780925 1379520147000 106.0
62.595615 29.780987 1379520149000 106.0
62.595563 29.781041 1379520151000 106.0
62.59551 29.781093 1379520153000 104.0
62.595461 29.781151 1379520156000 108.0
62.595422 29.781201 1379520158000 109.0
62.595388 29.781258 1379520160000 107.0
62.595354 29.781317 1379520161000 107.0
62.595317 29.781385 1379520163000 107.0
62.595283 29.78146 1379520166000 107.0
62.595258 29.781548 1379520168000 108.0
62.595233 29.781642 1379520169000 109.0
62.595198 29.781729 1379520172000 110.0
62.595148 29.781814 1379520174000 110.0
62.595096 29.781903 1379520176000 109.0
62.595056 29.781975 1379520178000 110.0
62.595015 29.782044 1379520180000 111.0
62.594982 29.782114 1379520181000 113.0
62.594951 29.782193 1379520183000 113.0
62.59492 29.782259 1379520185000 114.0
62.594883 29.782315 1379520188000 113.0
62.594844 29.782374 1379520189000 112.0
62.5948 29.782431 1379520191000 112.0
62.594761 29.782485 1379520194000 112.0
62.594719 29.782549 1379520196000 113.0
62.594675 29.782601 1379520197000 113.0
62.594634 29.782643 1379520199000 113.0
62.594596 29.782688 1379520201000 113.0
62.594567 29.782711 1379520203000 113.0
62.594526 29.782737 1379520205000 112.0
62.594484 29.782783 1379520207000 114.0
62.594443 29.782839 1379520209000 114.0
62.594397 29.782885 1379520211000 112.0
62.594357 29.782924 1379520213000 111.0
62.594319 29.782973 1379520216000 110.0
62.59428 29.783016 1379520217000 109.0
62.594232 29.783071 1379520220000 110.0
62.594181 29.783146 1379520221000 111.0
62.594139 29.783214 1379520224000 112.0
62.594107 29.78328 1379520225000 112.0
62.594071 29.783338 1379520228000 112.0
62.594023 29.783409 1379520229000 112.0
62.593976 29.783475 1379520231000 113.0
62.593933 29.78353 1379520233000 112.0
62.59389 29.78359 1379520236000 113.0
62.593849 29.783656 1379520237000 113.0
62.593813 29.783718 1379520239000 112.0
62.593781 29.783768 1379520242000 112.0
62.593746 29.783825 1379520244000 113.0
62.593705 29.783884 1379520245000 113.0
62.593666 29.783945 1379520248000 113.0
62.593623 29.784006 1379520249000 111.0
62.593578 29.784062 1379520251000 112.0
62.593538 29.784123 1379520253000 113.0
62.593492 29.784192 1379520255000 112.0
62.593446 29.784261 1379520257000 112.0
62.593409 29.784337 1379520260000 112.0
62.593375 29.784405 1379520262000 111.0
62.593341 29.784498 1379520263000 112.0
62.593292 29.784512 1379520265000 111.0
62.593231 29.784503 1379520267000 111.0
62.593175 29.784524 1379520269000 111.0
62.593129 29.784582 1379520271000 112.0
62.593093 29.784666 1379520273000 111.0
62.593059 29.784753 1379520275000 112.0
62.593024 29.784832 1379520278000 112.0
62.592989 29.784913 1379520280000 113.0
62.592961 29.785006 1379520282000 113.0
62.592937 29.785096 1379520284000 114.0
62.592916 29.785172 1379520285000 113.0
62.592893 29.78527 1379520288000 113.0
62.592865 29.785366 1379520289000 112.0
62.592824 29.785449 1379520291000 112.0
62.592779 29.785523 1379520293000 112.0
62.592725 29.785616 1379520295000 113.0
62.592673 29.785706 1379520297000 112.0
62.59263 29.785809 1379520299000 113.0
62.592596 29.785927 1379520301000 113.0
62.592552 29.786033 1379520303000 112.0
62.592506 29.786123 1379520306000 112.0
62.592461 29.786212 1379520308000 112.0
62.592419 29.786293 1379520309000 110.0
62.592364 29.786384 1379520312000 110.0
62.592303 29.786477 1379520313000 109.0
62.592244 29.786569 1379520316000 109.0
62.592189 29.786653 1379520318000 109.0
62.592129 29.786735 1379520320000 108.0
62.592083 29.786827 1379520321000 110.0
62.592044 29.786932 1379520323000 110.0
62.592006 29.787028 1379520325000 111.0
62.591964 29.787128 1379520328000 112.0
62.591929 29.787228 1379520329000 113.0
62.591893 29.787336 1379520331000 115.0
62.591853 29.787444 1379520333000 115.0
62.591809 29.787555 1379520335000 115.0
62.591755 29.787657 1379520337000 114.0
62.591707 29.787774 1379520340000 115.0
62.591662 29.787903 1379520341000 116.0
62.591609 29.788032 1379520343000 115.0
62.591548 29.78813 1379520345000 114.0
62.59148 29.788225 1379520348000 114.0
62.591412 29.788313 1379520349000 114.0
62.591349 29.788423 1379520351000 115.0
62.591296 29.788547 1379520353000 116.0
62.591242 29.788681 1379520355000 115.0
62.591194 29.788805 1379520357000 118.0
62.591134 29.788928 1379520359000 118.0
62.591067 29.78904 1379520361000 119.0
62.591006 29.789156 1379520364000 121.0
62.590948 29.789262 1379520365000 121.0
62.59088 29.789361 1379520368000 121.0
62.590788 29.789459 1379520369000 121.0
62.590726 29.789494 1379520371000 121.0
62.590665 29.789544 1379520373000 119.0
62.590589 29.789625 1379520375000 119.0
62.590512 29.789704 1379520378000 118.0
62.590443 29.789775 1379520379000 118.0
62.590375 29.789836 1379520381000 119.0
62.590312 29.789891 1379520383000 118.0
62.590254 29.789934 1379520385000 115.0
62.590202 29.789947 1379520387000 115.0
62.590158 29.789982 1379520389000 114.0
62.590133 29.790013 1379520391000 112.0
62.590098 29.790035 1379520393000 112.0
62.590054 29.790039 1379520396000 111.0
62.590008 29.790069 1379520397000 110.0
62.589965 29.790085 1379520400000 110.0
62.589921 29.790094 1379520401000 108.0
62.58987 29.790115 1379520404000 108.0
62.589816 29.790139 1379520405000 107.0
62.589761 29.79015 1379520408000 108.0
62.589705 29.790148 1379520410000 108.0
62.589644 29.790208 1379520411000 108.0
62.589576 29.790287 1379520413000 108.0
62.589499 29.790355 1379520415000 108.0
62.589422 29.790421 1379520417000 108.0
62.589345 29.790509 1379520419000 108.0
62.589267 29.790584 1379520421000 107.0
62.589186 29.790636 1379520423000 104.0
62.589109 29.790674 1379520426000 105.0
62.589036 29.790721 1379520428000 105.0
62.588963 29.790775 1379520429000 104.0
62.588888 29.79083 1379520432000 104.0
62.588813 29.790898 1379520434000 105.0
62.58874 29.790973 1379520435000 106.0
62.588666 29.791042 1379520438000 105.0
62.588583 29.791102 1379520440000 104.0
62.588494 29.791207 1379520441000 104.0
62.588417 29.791318 1379520443000 104.0
62.588328 29.791402 1379520445000 104.0
62.588245 29.791435 1379520448000 104.0
62.588132 29.79162 1379520449000 106.0
62.588051 29.791707 1379520451000 106.0
62.587972 29.791786 1379520453000 106.0
62.58789 29.791847 1379520455000 104.0
62.587797 29.791914 1379520458000 105.0
62.587726 29.792036 1379520460000 104.0
62.587644 29.792114 1379520462000 104.0
62.58754 29.792229 1379520464000 103.0
62.587436 29.792312 1379520465000 103.0
62.587363 29.792257 1379520468000 104.0
62.587209 29.792472 1379520471000 104.0
62.5871 29.792517 1379520473000 103.0
62.586991 29.792598 1379520476000 103.0
62.586883 29.792648 1379520477000 103.0
62.586819 29.792947 1379520479000 103.0
62.586767 29.792991 1379520481000 102.0
62.58664 29.792705 1379520483000 102.0
62.586545 29.792798 1379520485000 102.0
62.586458 29.792901 1379520487000 102.0
62.586377 29.792958 1379520489000 102.0
62.586303 29.793034 1379520491000 102.0
62.586233 29.793103 1379520493000 102.0
62.586164 29.793164 1379520496000 102.0
62.586103 29.793223 1379520497000 101.0
62.586043 29.793284 1379520499000 101.0
62.585982 29.793337 1379520502000 102.0
62.585919 29.793396 1379520504000 102.0
62.585858 29.793458 1379520506000 102.0
62.585793 29.793519 1379520508000 102.0
62.585731 29.793562 1379520509000 101.0
62.585667 29.793601 1379520511000 101.0
62.5856 29.793681 1379520513000 100.0
62.585538 29.793737 1379520516000 101.0
62.585475 29.793786 1379520517000 100.0
62.58542 29.793807 1379520519000 100.0
62.585366 29.793816 1379520521000 99.0
62.585307 29.793833 1379520523000 100.0
62.585241 29.793856 1379520525000 100.0
62.585159 29.793881 1379520527000 99.0
62.585085 29.793912 1379520529000 99.0
62.585027 29.793957 1379520531000 100.0
62.584971 29.794051 1379520533000 99.0
62.584901 29.794156 1379520535000 100.0
62.584832 29.794231 1379520537000 100.0
62.584761 29.794293 1379520540000 101.0
62.584701 29.794359 1379520542000 101.0
62.584648 29.794418 1379520544000 101.0
62.584596 29.794471 1379520546000 100.0
62.584545 29.79452 1379520547000 99.0
62.584502 29.794484 1379520549000 101.0
62.584441 29.794398 1379520552000 100.0
62.584374 29.794329 1379520553000 101.0
62.58431 29.794328 1379520555000 101.0
62.584245 29.794378 1379520558000 100.0
62.584178 29.79444 1379520560000 101.0
62.584122 29.794531 1379520562000 101.0
62.584073 29.79461 1379520564000 101.0
62.584069 29.794717 1379520565000 101.0
62.584061 29.794809 1379520568000 101.0
62.584064 29.794906 1379520569000 100.0
62.584052 29.794992 1379520571000 102.0
62.58405 29.795077 1379520573000 102.0
62.584051 29.79519 1379520575000 103.0
62.58404 29.795298 1379520577000 104.0
62.583996 29.795403 1379520580000 103.0
62.58395 29.795487 1379520582000 102.0
62.583904 29.795564 1379520583000 101.0
62.583852 29.795605 1379520585000 102.0
62.583789 29.795622 1379520588000 101.0
62.583718 29.795622 1379520589000 100.0
62.583648 29.795629 1379520591000 100.0
62.583578 29.795654 1379520593000 100.0
62.583507 29.795695 1379520595000 100.0
62.583439 29.795752 1379520597000 99.0
62.583371 29.795827 1379520600000 101.0
62.583299 29.79591 1379520601000 100.0
62.583227 29.795969 1379520603000 100.0
62.583147 29.79601 1379520605000 101.0
62.583074 29.796058 1379520607000 101.0
62.583006 29.796124 1379520609000 101.0
62.582935 29.796196 1379520611000 102.0
62.582861 29.796268 1379520613000 101.0
62.582787 29.796321 1379520616000 101.0
62.582712 29.796385 1379520618000 102.0
62.582635 29.79646 1379520619000 102.0
62.582548 29.796525 1379520622000 102.0
62.582461 29.796584 1379520623000 103.0
62.582338 29.796664 1379520625000 103.0
62.582231 29.79675 1379520628000 102.0
62.582138 29.796839 1379520629000 103.0
62.582041 29.796937 1379520631000 103.0
62.58195 29.796979 1379520633000 104.0
62.581842 29.797005 1379520636000 105.0
62.581766 29.797114 1379520637000 104.0
62.581694 29.797217 1379520640000 103.0
62.581596 29.797278 1379520641000 102.0
62.581494 29.797385 1379520643000 100.0
62.581423 29.797442 1379520645000 103.0
62.581308 29.797536 1379520647000 103.0
62.581226 29.797572 1379520649000 102.0
62.581139 29.797612 1379520651000 101.0
62.581048 29.797724 1379520653000 100.0
62.580971 29.79777 1379520655000 100.0
62.580893 29.797792 1379520657000 100.0
62.580825 29.797915 1379520659000 101.0
62.580776 29.797972 1379520661000 101.0
62.580775 29.797973 1379520663000 100.0
62.58074 29.798416 1379520666000 99.0
62.580764 29.798614 1379520667000 99.0
62.580772 29.798801 1379520669000 99.0
62.580821 29.799017 1379520671000 99.0
62.580842 29.799203 1379520673000 99.0
62.580861 29.799397 1379520676000 99.0
62.580879 29.79961 1379520678000 99.0
62.580899 29.799815 1379520680000 97.0
62.580932 29.800011 1379520681000 98.0
62.580942 29.800212 1379520683000 97.0
62.580962 29.800402 1379520685000 97.0
62.580986 29.800611 1379520687000 96.0
62.580974 29.800786 1379520689000 97.0
62.581001 29.800941 1379520691000 97.0
62.581038 29.801177 1379520693000 97.0
62.581052 29.801358 1379520696000 97.0
62.581053 29.801579 1379520697000 97.0
62.581037 29.801762 1379520700000 97.0
62.581099 29.801936 1379520701000 98.0
62.581077 29.80205 1379520703000 98.0
62.581108 29.802234 1379520705000 98.0
62.581111 29.802385 1379520707000 98.0
62.581137 29.802531 1379520709000 99.0
62.581161 29.802732 1379520711000 99.0
62.581173 29.802924 1379520713000 99.0
62.581191 29.803116 1379520715000 99.0
62.581219 29.803324 1379520717000 99.0
62.581264 29.803575 1379520720000 99.0
62.581298 29.803751 1379520722000 99.0
62.581337 29.803926 1379520724000 100.0
62.58136 29.804114 1379520725000 100.0
62.581372 29.804302 1379520728000 99.0
62.581407 29.804436 1379520729000 100.0
62.581424 29.804541 1379520731000 100.0
62.581401 29.804642 1379520733000 98.0
62.581342 29.804725 1379520735000 98.0
62.581263 29.804754 1379520737000 98.0
62.581171 29.804756 1379520739000 98.0
62.581083 29.80476 1379520741000 98.0
62.581006 29.804777 1379520743000 98.0
62.580935 29.804827 1379520745000 98.0
62.58086 29.804877 1379520747000 94.0
62.580797 29.804912 1379520750000 93.0
62.58073 29.804931 1379520751000 92.0
62.580656 29.804917 1379520754000 92.0
62.580583 29.804897 1379520756000 93.0
62.580518 29.804874 1379520757000 93.0
62.580462 29.804836 1379520759000 95.0
62.58041 29.804794 1379520762000 93.0
62.580374 29.804767 1379520764000 93.0
62.580346 29.804771 1379520766000 93.0
62.580323 29.804808 1379520767000 93.0
62.580301 29.80487 1379520770000 94.0
62.580271 29.804969 1379520771000 95.0
62.58023 29.805108 1379520773000 95.0
62.580191 29.805256 1379520776000 94.0
62.58014 29.805393 1379520777000 94.0
62.580089 29.805533 1379520780000 94.0
62.580048 29.805665 1379520781000 93.0
62.58001 29.805794 1379520783000 94.0
62.579968 29.805933 1379520785000 94.0
62.579929 29.80608 1379520788000 91.0
62.579884 29.806224 1379520790000 92.0
62.57984 29.806367 1379520791000 90.0
62.579788 29.806503 1379520793000 88.0
62.579737 29.806648 1379520795000 88.0
62.579695 29.806795 1379520798000 87.0
62.579653 29.806945 1379520799000 87.0
62.579614 29.807096 1379520801000 88.0
62.579576 29.807215 1379520803000 89.0
62.579539 29.807302 1379520805000 90.0
62.579502 29.807383 1379520807000 90.0
62.579455 29.807461 1379520810000 90.0
62.579409 29.807532 1379520811000 90.0
62.57936 29.807582 1379520813000 89.0
62.579302 29.807638 1379520815000 88.0
62.579243 29.807697 1379520818000 88.0
62.579188 29.807746 1379520819000 89.0
62.579133 29.807805 1379520821000 89.0
62.579074 29.807876 1379520823000 88.0
62.579015 29.807953 1379520826000 88.0
62.578962 29.808041 1379520828000 88.0
62.578916 29.808138 1379520830000 88.0
62.578872 29.808212 1379520832000 87.0
62.578823 29.808274 1379520833000 87.0
62.57877 29.808346 1379520835000 87.0
62.578718 29.808428 1379520837000 88.0
62.578664 29.808513 1379520840000 87.0
62.578604 29.808589 1379520842000 88.0
62.578531 29.808666 1379520843000 89.0
62.578453 29.80875 1379520845000 89.0
62.578368 29.808837 1379520847000 87.0
62.578277 29.808905 1379520849000 87.0
62.578191 29.808963 1379520851000 88.0
62.578119 29.808966 1379520853000 88.0
62.578114 29.808804 1379520856000 92.0
62.578102 29.808716 1379520857000 93.0
62.578077 29.808632 1379520859000 93.0
62.578043 29.80859 1379520861000 93.0
62.578019 29.808592 1379520864000 93.0
62.577995 29.808595 1379520865000 93.0
62.577958 29.808566 1379520868000 92.0
62.577919 29.808505 1379520870000 92.0
62.57786 29.808468 1379520871000 92.0
62.577793 29.808414 1379520873000 90.0
62.577721 29.808359 1379520875000 91.0
62.577677 29.808286 1379520877000 91.0
62.57763 29.808238 1379520880000 91.0
62.577561 29.808218 1379520882000 92.0
62.57751 29.808172 1379520884000 92.0
62.57749 29.80811 1379520885000 93.0
62.57752 29.808017 1379520888000 96.0
62.577552 29.807917 1379520889000 98.0
62.577616 29.80781 1379520891000 98.0
62.577664 29.807707 1379520893000 98.0
62.577694 29.80767 1379520895000 97.0
62.577714 29.807655 1379520897000 98.0
62.577732 29.807662 1379520900000 97.0
62.577749 29.807688 1379520901000 97.0
62.577769 29.807724 1379520904000 98.0
62.5778 29.807737 1379520906000 98.0
62.577829 29.807691 1379520907000 99.0
62.577849 29.807632 1379520909000 99.0
62.577855 29.807606 1379520911000 98.0
62.577857 29.807615 1379520913000 98.0
62.577851 29.807637 1379520915000 98.0
62.577835 29.807695 1379520917000 95.0
62.577834 29.807726 1379520919000 96.0