62.598093 29.744331 1383922187000 76.0
62.598093 29.744331 1383922190000 75.0
62.598093 29.744331 1383922192000 75.0
62.598093 29.744331 1383922193000 74.0
62.598093 29.744331 1383922196000 74.0
62.598092 29.744356 1383922198000 74.0
62.598109 29.744334 1383922199000 74.0
62.59815 29.744299 1383922202000 74.0
62.598157 29.744294 1383922203000 74.0
62.598151 29.744287 1383922205000 74.0
62.598103 29.744319 1383922207000 73.0
62.598042 29.744397 1383922210000 73.0
62.598015 29.744418 1383922211000 73.0
62.597774 29.744053 1383922214000 72.0
62.597866 29.744012 1383922217000 69.0
62.597932 29.744105 1383922218000 68.0
62.598048 29.744272 1383922220000 66.0
62.598202 29.744326 1383922223000 65.0
62.598234 29.744371 1383922224000 65.0
62.598295 29.744427 1383922226000 66.0
62.598381 29.744537 1383922229000 67.0
62.598443 29.74461 1383922231000 66.0
62.598485 29.744728 1383922233000 67.0
62.598499 29.744808 1383922234000 67.0
62.598511 29.745085 1383922237000 68.0
62.598495 29.745271 1383922239000 67.0
62.598465 29.74544 1383922241000 67.0
62.59845 29.745515 1383922242000 67.0
62.598416 29.74577 1383922245000 66.0
62.59839 29.745952 1383922247000 66.0
62.598364 29.746113 1383922249000 66.0
62.598341 29.746261 1383922251000 66.0
62.598311 29.746405 1383922253000 66.0
62.598282 29.746564 1383922255000 66.0
62.598267 29.746641 1383922256000 66.0
62.598232 29.746869 1383922259000 66.0
62.598221 29.747029 1383922261000 66.0
62.598207 29.747093 1383922262000 65.0
62.598143 29.747216 1383922265000 65.0
62.598098 29.747304 1383922267000 65.0
62.598061 29.747427 1383922269000 65.0
62.598024 29.747531 1383922271000 65.0
62.598004 29.747568 1383922272000 65.0
62.597945 29.747732 1383922275000 66.0
62.597901 29.747878 1383922277000 65.0
62.59788 29.747957 1383922278000 65.0
62.597826 29.748199 1383922281000 66.0
62.597808 29.748277 1383922282000 66.0
62.597762 29.74851 1383922285000 66.0
62.597729 29.748679 1383922287000 66.0
62.597692 29.748858 1383922289000 66.0
62.597684 29.749021 1383922290000 66.0
62.597652 29.749338 1383922293000 66.0
62.597655 29.749506 1383922295000 66.0
62.597635 29.749717 1383922297000 66.0
62.59763 29.749835 1383922298000 66.0
62.597595 29.750114 1383922301000 66.0
62.597557 29.750306 1383922303000 67.0
62.597545 29.750461 1383922305000 67.0
62.597524 29.750673 1383922307000 66.0
62.597441 29.750815 1383922309000 66.0
62.596888 29.75341 1383922340000 66.0
62.596851 29.753621 1383922342000 67.0
62.596797 29.753845 1383922345000 68.0
62.596769 29.754039 1383922347000 68.0
62.596767 29.754132 1383922348000 67.0
62.596705 29.754417 1383922351000 67.0
62.59668 29.754508 1383922352000 67.0
62.596612 29.754758 1383922355000 67.0
62.596583 29.754923 1383922357000 66.0
62.596562 29.755106 1383922359000 67.0
62.596529 29.755283 1383922361000 66.0
62.596466 29.755469 1383922363000 66.0
62.596456 29.755685 1383922365000 66.0
62.596426 29.755897 1383922367000 66.0
62.59637 29.756087 1383922369000 66.0
62.596327 29.756284 1383922371000 66.0
62.596279 29.756483 1383922373000 66.0
62.596249 29.756572 1383922374000 65.0
62.596281 29.75677 1383922377000 65.0
62.596241 29.756848 1383922379000 65.0
62.596194 29.757047 1383922381000 63.0
62.59614 29.757253 1383922383000 63.0
62.596118 29.757353 1383922384000 62.0
62.596139 29.757693 1383922387000 62.0
62.596044 29.757834 1383922389000 62.0
62.595993 29.757964 1383922391000 62.0
62.595964 29.758061 1383922392000 62.0
62.59592 29.758316 1383922395000 63.0
62.595879 29.758422 1383922396000 63.0
62.595841 29.758659 1383922399000 65.0
62.595827 29.758762 1383922400000 64.0
62.595798 29.759058 1383922403000 62.0
62.595766 29.759277 1383922405000 63.0
62.595694 29.759404 1383922407000 63.0
62.595628 29.759552 1383922409000 63.0
62.59564 29.75971 1383922411000 64.0
62.595596 29.759913 1383922413000 63.0
62.595585 29.760102 1383922415000 63.0
62.595564 29.76035 1383922417000 64.0
62.595601 29.760536 1383922419000 64.0
62.595604 29.760665 1383922421000 64.0
62.595557 29.760748 1383922423000 65.0
62.59556 29.760859 1383922425000 65.0
62.595537 29.760898 1383922427000 68.0
62.595567 29.760967 1383922429000 65.0
62.595625 29.761034 1383922431000 65.0
62.595709 29.761095 1383922433000 65.0
62.595811 29.761132 1383922435000 66.0
62.595924 29.761143 1383922437000 67.0
62.596012 29.761166 1383922439000 67.0
62.596049 29.761189 1383922440000 68.0
62.596169 29.761381 1383922442000 67.0
62.596335 29.761533 1383922445000 68.0
62.596432 29.761638 1383922447000 68.0
62.596535 29.761587 1383922449000 69.0
62.596595 29.76166 1383922450000 68.0
62.596729 29.761765 1383922453000 67.0
62.596818 29.761861 1383922455000 68.0
62.5969 29.761943 1383922457000 68.0
62.596986 29.76195 1383922459000 69.0
62.597081 29.762106 1383922461000 68.0
62.597187 29.762199 1383922463000 69.0
62.597256 29.762276 1383922465000 71.0
62.597321 29.762359 1383922467000 70.0
62.597408 29.762486 1383922469000 71.0
62.597477 29.76259 1383922471000 71.0
62.597526 29.762684 1383922473000 71.0
62.597604 29.762719 1383922475000 72.0
62.597679 29.762785 1383922477000 72.0
62.597758 29.762861 1383922479000 72.0
62.597829 29.76294 1383922481000 71.0
62.597901 29.763054 1383922483000 69.0
62.597965 29.763189 1383922485000 69.0
62.598003 29.763372 1383922487000 69.0
62.598014 29.763554 1383922489000 70.0
62.598008 29.763639 1383922490000 70.0
62.597988 29.763802 1383922492000 69.0
62.597926 29.764023 1383922495000 70.0
62.597892 29.764169 1383922497000 69.0
62.597845 29.764288 1383922499000 68.0
62.597778 29.764382 1383922501000 68.0
62.597713 29.764472 1383922503000 70.0
62.597655 29.764568 1383922505000 69.0
62.597605 29.764681 1383922507000 69.0
62.597566 29.764806 1383922509000 69.0
62.597517 29.764925 1383922511000 67.0
62.597467 29.76504 1383922513000 67.0
62.597415 29.765157 1383922515000 66.0
62.597361 29.765268 1383922517000 65.0
62.597307 29.765376 1383922519000 66.0
62.597261 29.765478 1383922521000 66.0
62.597217 29.765583 1383922523000 67.0
62.597172 29.765695 1383922525000 68.0
62.59713 29.765815 1383922527000 69.0
62.597086 29.765933 1383922529000 70.0
62.597044 29.766061 1383922531000 68.0
62.597023 29.766125 1383922532000 68.0
62.596964 29.76631 1383922535000 68.0
62.596939 29.766371 1383922536000 68.0
62.596864 29.766541 1383922539000 68.0
62.596813 29.766652 1383922541000 69.0
62.59679 29.766712 1383922542000 69.0
62.596724 29.766901 1383922545000 68.0
62.596686 29.76702 1383922547000 69.0
62.596673 29.767082 1383922548000 70.0
62.596652 29.767207 1383922550000 71.0
62.596615 29.767397 1383922553000 72.0
62.596579 29.767521 1383922555000 72.0
62.596537 29.767648 1383922557000 71.0
62.596499 29.767793 1383922559000 71.0
62.596463 29.767939 1383922561000 70.0
62.596415 29.768083 1383922563000 69.0
62.596366 29.768225 1383922565000 69.0
62.596318 29.768379 1383922567000 69.0
62.596274 29.768538 1383922569000 68.0
62.596236 29.768703 1383922571000 69.0
62.5962 29.768875 1383922573000 69.0
62.596177 29.76908 1383922575000 69.0
62.596162 29.769239 1383922577000 69.0
62.596155 29.769404 1383922579000 69.0
62.596106 29.769559 1383922581000 69.0
62.596091 29.769716 1383922583000 69.0
62.59607 29.769873 1383922585000 69.0
62.59605 29.770049 1383922587000 69.0
62.596027 29.770239 1383922589000 70.0
62.596009 29.770427 1383922591000 71.0
62.59599 29.770609 1383922593000 71.0
62.595966 29.770795 1383922595000 71.0
62.595961 29.770895 1383922596000 72.0
62.595932 29.771182 1383922599000 72.0
62.595917 29.771385 1383922601000 72.0
62.595879 29.771557 1383922603000 73.0
62.595864 29.771627 1383922604000 73.0
62.595841 29.771899 1383922607000 74.0
62.595822 29.772073 1383922609000 74.0
62.5958 29.772259 1383922611000 75.0
62.595818 29.772478 1383922613000 75.0
62.595812 29.772704 1383922615000 73.0
62.595788 29.772864 1383922617000 73.0
62.595776 29.772979 1383922618000 72.0
62.59574 29.773228 1383922621000 71.0
62.595726 29.773434 1383922623000 71.0
62.59572 29.773647 1383922625000 71.0
62.595683 29.773868 1383922627000 71.0
62.595671 29.774069 1383922629000 70.0
62.595664 29.774322 1383922631000 70.0
62.595639 29.774502 1383922633000 70.0
62.595642 29.774568 1383922635000 70.0
62.595638 29.774852 1383922637000 71.0
62.59559 29.775031 1383922639000 71.0
62.595569 29.775212 1383922641000 71.0
62.595548 29.775374 1383922643000 71.0
62.595537 29.77551 1383922645000 71.0
62.595525 29.77559 1383922647000 73.0
62.595522 29.775574 1383922649000 74.0
62.595522 29.775574 1383922651000 73.0
62.595529 29.775496 1383922653000 74.0
62.595538 29.775483 1383922655000 74.0
62.595556 29.775489 1383922657000 75.0
62.595573 29.775498 1383922658000 75.0
62.595604 29.775504 1383922660000 76.0
62.595616 29.77551 1383922663000 76.0
62.595584 29.775575 1383922665000 75.0
62.595596 29.775626 1383922667000 74.0
62.595605 29.77565 1383922668000 74.0
62.59561 29.775679 1383922670000 74.0
62.595604 29.775686 1383922673000 74.0
62.595601 29.775674 1383922675000 74.0
62.595598 29.775666 1383922677000 74.0
62.595599 29.775664 1383922679000 75.0
62.595601 29.775655 1383922681000 75.0
62.595606 29.775636 1383922683000 74.0
62.595606 29.775636 1383922685000 74.0
62.595606 29.775636 1383922687000 74.0
62.595606 29.775636 1383922689000 74.0
62.595606 29.775636 1383922691000 74.0
62.595564 29.77582 1383922693000 74.0
62.595555 29.775899 1383922694000 74.0
62.595521 29.776182 1383922697000 73.0
62.595515 29.776273 1383922698000 73.0
62.59551 29.776445 1383922700000 72.0
62.595512 29.776721 1383922703000 73.0
62.595519 29.776808 1383922704000 72.0
62.595552 29.77707 1383922707000 72.0
62.595559 29.777151 1383922708000 71.0
62.595583 29.777389 1383922711000 72.0
62.595598 29.77754 1383922713000 72.0
62.59561 29.777612 1383922714000 73.0
62.59565 29.777817 1383922717000 72.0
62.595678 29.777962 1383922719000 71.0
62.595691 29.778112 1383922721000 71.0
62.595689 29.77827 1383922723000 71.0
62.595687 29.778421 1383922725000 71.0
62.595687 29.778494 1383922726000 71.0
62.595688 29.778637 1383922728000 70.0
62.595699 29.778778 1383922730000 70.0
62.595803 29.779058 1383922733000 69.0
62.595826 29.779299 1383922735000 68.0
62.595772 29.779389 1383922737000 68.0
62.595809 29.779499 1383922739000 67.0
62.595815 29.779665 1383922741000 67.0
62.595831 29.779836 1383922743000 68.0
62.595856 29.779966 1383922745000 67.0
62.595854 29.780102 1383922747000 67.0
62.595848 29.780171 1383922748000 67.0
62.595817 29.780293 1383922750000 66.0
62.595769 29.780396 1383922752000 67.0
62.59572 29.780493 1383922754000 68.0
62.595659 29.780643 1383922757000 67.0
62.59564 29.780696 1383922758000 67.0
62.595553 29.780834 1383922761000 67.0
62.59549 29.780926 1383922763000 68.0
62.595433 29.781033 1383922765000 68.0
62.595381 29.781163 1383922767000 69.0
62.595343 29.781282 1383922769000 71.0
62.595304 29.781393 1383922771000 71.0
62.595256 29.78149 1383922773000 72.0
62.5952 29.781575 1383922775000 71.0
62.595151 29.781644 1383922777000 70.0
62.595109 29.781726 1383922779000 70.0
62.595065 29.781818 1383922781000 70.0
62.595019 29.781909 1383922783000 70.0
62.594973 29.781991 1383922785000 70.0
62.594916 29.78207 1383922787000 72.0
62.594886 29.782111 1383922788000 72.0
62.594814 29.782269 1383922791000 73.0
62.59475 29.782356 1383922793000 74.0
62.594716 29.782401 1383922794000 75.0
62.594617 29.782525 1383922797000 76.0
62.594561 29.782624 1383922799000 77.0
62.594509 29.782719 1383922801000 76.0
62.594458 29.782791 1383922803000 76.0
62.5944 29.782825 1383922805000 76.0
62.59437 29.782835 1383922806000 76.0
62.594281 29.782932 1383922809000 74.0
62.594238 29.783041 1383922811000 74.0
62.594195 29.783136 1383922813000 75.0
62.594147 29.783203 1383922815000 76.0
62.594122 29.783226 1383922816000 76.0
62.594039 29.783316 1383922819000 74.0
62.594012 29.783352 1383922820000 74.0
62.593928 29.783461 1383922823000 74.0
62.593882 29.783542 1383922825000 74.0
62.593862 29.783583 1383922826000 73.0
62.593802 29.78372 1383922829000 73.0
62.593749 29.783798 1383922831000 74.0
62.593687 29.783864 1383922833000 75.0
62.593623 29.78392 1383922835000 76.0
62.59356 29.78398 1383922837000 76.0
62.593531 29.784022 1383922838000 76.0
62.593446 29.78417 1383922841000 76.0
62.593398 29.784276 1383922843000 77.0
62.59335 29.784385 1383922845000 76.0
62.593306 29.784486 1383922847000 77.0
62.593275 29.784587 1383922849000 77.0
62.593241 29.784687 1383922851000 76.0
62.5932 29.784774 1383922853000 75.0
62.593145 29.784849 1383922855000 75.0
62.593093 29.784918 1383922857000 75.0
62.593064 29.784953 1383922858000 75.0
62.593012 29.785024 1383922860000 74.0
62.592934 29.785134 1383922863000 75.0
62.592884 29.785235 1383922865000 75.0
62.592836 29.78534 1383922867000 77.0
62.592792 29.785452 1383922869000 78.0
62.59275 29.785556 1383922871000 79.0
62.592706 29.785641 1383922873000 80.0
62.592679 29.785672 1383922874000 80.0
62.592615 29.785813 1383922877000 79.0
62.592598 29.785881 1383922878000 80.0
62.59253 29.786098 1383922881000 79.0
62.59246 29.78623 1383922883000 80.0
62.592383 29.786338 1383922885000 80.0
62.592305 29.786445 1383922887000 80.0
62.592272 29.786497 1383922888000 80.0
62.59218 29.786656 1383922891000 79.0
62.592116 29.78675 1383922893000 80.0
62.592051 29.786854 1383922895000 82.0
62.591995 29.786961 1383922897000 83.0
62.591969 29.787015 1383922898000 83.0
62.591921 29.787125 1383922900000 83.0
62.591831 29.787297 1383922903000 83.0
62.591764 29.787412 1383922905000 83.0
62.591695 29.787539 1383922907000 83.0
62.591661 29.787606 1383922908000 83.0
62.591575 29.787842 1383922911000 83.0
62.591526 29.788004 1383922913000 84.0
62.591471 29.78814 1383922915000 84.0
62.591405 29.788254 1383922917000 84.0
62.591338 29.788371 1383922919000 83.0
62.591273 29.788495 1383922921000 83.0
62.591208 29.78863 1383922923000 83.0
62.591142 29.788761 1383922925000 84.0
62.591083 29.7889 1383922927000 85.0
62.591024 29.789035 1383922929000 85.0
62.590954 29.78908 1383922930000 86.0
62.590829 29.789246 1383922933000 86.0
62.590782 29.789321 1383922934000 86.0
62.590693 29.789481 1383922936000 86.0
62.590606 29.78969 1383922939000 85.0
62.590466 29.789712 1383922941000 87.0
62.590419 29.789753 1383922942000 87.0
62.59034 29.789872 1383922944000 87.0
62.590237 29.790127 1383922947000 87.0
62.590176 29.790177 1383922949000 87.0
62.590096 29.790241 1383922951000 86.0
62.59004 29.790287 1383922953000 86.0
62.58998 29.790335 1383922955000 86.0
62.589902 29.790398 1383922957000 86.0
62.58986 29.790432 1383922959000 86.0
62.589687 29.790568 1383922961000 86.0
62.589566 29.790445 1383922963000 85.0
62.589533 29.790552 1383922964000 84.0
62.589468 29.790751 1383922966000 83.0
62.589333 29.790834 1383922969000 84.0
62.589248 29.790958 1383922971000 84.0
62.589152 29.791 1383922973000 85.0
62.589102 29.791022 1383922974000 85.0
62.588954 29.791185 1383922977000 85.0
62.58885 29.79117 1383922979000 86.0
62.588757 29.79126 1383922981000 85.0
62.58872 29.791281 1383922982000 86.0
62.588622 29.791337 1383922984000 86.0
62.588486 29.791444 1383922987000 86.0
62.588397 29.79144 1383922989000 86.0
62.588266 29.791452 1383922991000 86.0
62.588228 29.791726 1383922993000 86.0
62.58817 29.791776 1383922994000 87.0
62.588048 29.791883 1383922997000 87.0
62.58793 29.791986 1383922999000 87.0
62.587783 29.791937 1383923001000 88.0
62.587706 29.792182 1383923003000 87.0
62.587647 29.792234 1383923004000 87.0
62.587539 29.792329 1383923006000 87.0
62.58741 29.792441 1383923009000 87.0
62.587293 29.792543 1383923011000 86.0
62.587169 29.792652 1383923013000 85.0
62.587164 29.792656 1383923014000 85.0
62.586987 29.792805 1383923016000 85.0
62.586809 29.792955 1383923019000 85.0
62.586649 29.79309 1383923021000 84.0
62.586601 29.793131 1383923023000 84.0
62.586414 29.793273 1383923025000 84.0
62.586293 29.793366 1383923027000 83.0
62.586123 29.793496 1383923029000 83.0
62.586045 29.793582 1383923031000 84.0
62.585933 29.793642 1383923033000 82.0
62.58585 29.793706 1383923035000 82.0
62.58581 29.793774 1383923037000 82.0
62.585707 29.793813 1383923039000 83.0
62.585628 29.793873 1383923041000 83.0
62.585541 29.793939 1383923043000 84.0
62.585458 29.794002 1383923045000 85.0
62.58539 29.794052 1383923047000 86.0
62.585306 29.794116 1383923049000 84.0
62.585227 29.794175 1383923051000 85.0
62.58514 29.794241 1383923053000 85.0
62.585093 29.794276 1383923054000 84.0
62.584915 29.794411 1383923057000 85.0
62.584793 29.794503 1383923059000 85.0
62.58473 29.794466 1383923061000 85.0
62.584636 29.794509 1383923063000 86.0
62.584604 29.794518 1383923064000 86.0
62.584448 29.794598 1383923067000 87.0
62.584367 29.794474 1383923069000 88.0
62.584296 29.794492 1383923071000 88.0
62.584239 29.794594 1383923073000 88.0
62.58421 29.794637 1383923074000 89.0
62.58415 29.794759 1383923077000 90.0
62.584118 29.794829 1383923079000 91.0
62.584074 29.794905 1383923081000 91.0
62.584032 29.794966 1383923083000 92.0
62.584025 29.79498 1383923085000 91.0
62.584036 29.794989 1383923087000 92.0
62.584042 29.794998 1383923088000 91.0
62.584054 29.795093 1383923091000 90.0
62.58404 29.795223 1383923093000 90.0
62.583998 29.795332 1383923095000 90.0
62.583945 29.795395 1383923097000 89.0
62.583882 29.795432 1383923099000 89.0
62.583814 29.795459 1383923101000 89.0
62.583731 29.795509 1383923103000 89.0
62.583686 29.795545 1383923104000 89.0
62.583545 29.795612 1383923106000 88.0
62.583384 29.795698 1383923109000 88.0
62.583288 29.795773 1383923111000 88.0
62.583212 29.795777 1383923113000 89.0
62.583103 29.795857 1383923115000 88.0
62.582953 29.796032 1383923117000 87.0
62.582869 29.796005 1383923119000 87.0
62.582773 29.796027 1383923121000 87.0
62.582667 29.796295 1383923123000 87.0
62.582585 29.796426 1383923125000 87.0
62.582474 29.796543 1383923127000 88.0
62.582361 29.796677 1383923129000 87.0
62.582254 29.796751 1383923131000 87.0
62.582225 29.796696 1383923133000 87.0
62.582011 29.796928 1383923135000 88.0
62.581916 29.797044 1383923137000 88.0
62.5818 29.797133 1383923139000 88.0
62.581693 29.797223 1383923141000 87.0
62.581572 29.797322 1383923143000 87.0
62.581501 29.79738 1383923144000 88.0
62.581423 29.797442 1383923146000 88.0
62.581283 29.797557 1383923148000 88.0
62.581171 29.797647 1383923150000 88.0
62.581018 29.797703 1383923153000 88.0
62.580955 29.797728 1383923154000 88.0
62.580809 29.797836 1383923157000 88.0
62.580773 29.797949 1383923159000 87.0
62.580823 29.797886 1383923161000 87.0
62.58079 29.798383 1383923163000 88.0
62.580802 29.798534 1383923164000 88.0
62.580821 29.798771 1383923166000 88.0
62.580854 29.799175 1383923169000 88.0
62.580872 29.799411 1383923171000 88.0
62.580893 29.799666 1383923173000 87.0
62.580916 29.799959 1383923175000 88.0
62.580939 29.800244 1383923177000 87.0
62.580951 29.800389 1383923179000 88.0
62.581012 29.800611 1383923181000 88.0
62.580993 29.800915 1383923183000 88.0
62.581019 29.801245 1383923185000 87.0
62.581041 29.801526 1383923187000 88.0
62.581052 29.801663 1383923189000 87.0
62.58107 29.801883 1383923191000 88.0
62.581088 29.802106 1383923193000 88.0
62.581092 29.802155 1383923195000 89.0
62.58109 29.802134 1383923196000 89.0
62.581128 29.802611 1383923199000 89.0
62.581153 29.802923 1383923201000 88.0
62.581165 29.803078 1383923202000 88.0
62.581193 29.803424 1383923205000 88.0
62.581203 29.803546 1383923206000 88.0
62.581238 29.803982 1383923209000 88.0
62.581287 29.804155 1383923211000 88.0
62.581283 29.804274 1383923212000 88.0
62.581279 29.804493 1383923214000 88.0
62.581282 29.804667 1383923217000 88.0
62.581119 29.804944 1383923219000 88.0
62.581008 29.80498 1383923221000 87.0
62.580935 29.805002 1383923223000 87.0
62.580818 29.805036 1383923225000 87.0
62.580727 29.80506 1383923227000 88.0
62.580599 29.805075 1383923229000 88.0
62.580539 29.805067 1383923231000 89.0
62.580516 29.805061 1383923232000 89.0
62.580369 29.805007 1383923235000 89.0
62.580257 29.804943 1383923237000 89.0
62.580208 29.805047 1383923239000 88.0
62.580177 29.80512 1383923241000 87.0
62.580145 29.805265 1383923243000 86.0
62.580138 29.805349 1383923244000 86.0
62.58012 29.805549 1383923246000 86.0
62.580037 29.805856 1383923249000 86.0
62.580005 29.806061 1383923251000 85.0
62.57999 29.806171 1383923252000 85.0
62.57997 29.806379 1383923254000 85.0
62.579911 29.80651 1383923256000 85.0
62.579817 29.806782 1383923259000 85.0
62.579757 29.806971 1383923261000 86.0
62.579681 29.80717 1383923263000 86.0
62.579647 29.807258 1383923264000 86.0
62.579647 29.807258 1383923267000 86.0
62.579403 29.807574 1383923269000 85.0
62.579311 29.807637 1383923271000 84.0
62.579217 29.807699 1383923273000 82.0
62.57918 29.807764 1383923274000 82.0
62.579073 29.807968 1383923277000 81.0
62.578978 29.808003 1383923279000 80.0
62.578908 29.808115 1383923281000 81.0
62.578843 29.808235 1383923283000 82.0
62.578774 29.808327 1383923285000 82.0
62.578699 29.8084 1383923287000 82.0
62.578626 29.808473 1383923289000 82.0
62.578579 29.808466 1383923290000 82.0
62.57846 29.808605 1383923293000 82.0
62.578381 29.80873 1383923295000 81.0
62.578332 29.808728 1383923296000 81.0
62.578202 29.808865 1383923299000 80.0
62.578115 29.808824 1383923301000 80.0
62.578062 29.808719 1383923303000 79.0
62.577993 29.808678 1383923305000 80.0
62.577954 29.808703 1383923306000 79.0
62.577881 29.808585 1383923309000 80.0
62.577849 29.808494 1383923311000 80.0
62.577821 29.808418 1383923313000 79.0
62.577801 29.808342 1383923315000 79.0
62.577784 29.808261 1383923317000 79.0
62.57777 29.808221 1383923319000 79.0
62.577754 29.808233 1383923321000 79.0
62.577739 29.808263 1383923323000 79.0
62.577707 29.808293 1383923325000 79.0
62.577653 29.808345 1383923327000 80.0
62.577582 29.808364 1383923329000 80.0
62.577526 29.808338 1383923331000 79.0
62.577489 29.808274 1383923333000 80.0
62.57746 29.808228 1383923335000 79.0
62.577442 29.808178 1383923337000 80.0
62.577439 29.808143 1383923338000 80.0
62.577454 29.80812 1383923341000 78.0
62.577475 29.808092 1383923343000 78.0
62.577504 29.80807 1383923344000 81.0