62.619484 29.780441 1384792275000 70.0
62.619396 29.780244 1384792277000 82.0
62.619219 29.779735 1384792279000 96.0
62.619283 29.78003 1384792281000 88.0
62.619204 29.779626 1384792283000 86.0
62.619233 29.779951 1384792285000 88.0
62.619233 29.779951 1384792288000 91.0
62.619233 29.779951 1384792289000 91.0
62.619233 29.779951 1384792291000 92.0
62.619233 29.779951 1384792293000 91.0
62.619263 29.780202 1384792296000 93.0
62.619175 29.780161 1384792298000 91.0
62.619127 29.780148 1384792300000 91.0
62.619091 29.780194 1384792301000 90.0
62.619005 29.780256 1384792304000 91.0
62.618942 29.78031 1384792306000 90.0
62.618874 29.780384 1384792308000 90.0
62.618845 29.780431 1384792309000 89.0
62.618814 29.780655 1384792312000 88.0
62.618788 29.780829 1384792314000 88.0
62.618712 29.780925 1384792316000 88.0
62.618661 29.780947 1384792317000 88.0
62.618497 29.78093 1384792320000 90.0
62.618433 29.780893 1384792321000 91.0
62.6183 29.780841 1384792324000 92.0
62.61822 29.780829 1384792326000 92.0
62.618152 29.780798 1384792328000 94.0
62.618121 29.780761 1384792329000 94.0
62.618031 29.780587 1384792332000 93.0
62.617975 29.780471 1384792334000 92.0
62.6179 29.780426 1384792336000 93.0
62.61781 29.780427 1384792338000 94.0
62.617767 29.780433 1384792339000 94.0
62.617684 29.780417 1384792341000 93.0
62.617584 29.780381 1384792344000 93.0
62.617569 29.780384 1384792345000 93.0
62.617567 29.78042 1384792348000 92.0
62.617596 29.780362 1384792350000 91.0
62.617765 29.779703 1384792352000 90.0
62.617702 29.779732 1384792353000 89.0
62.617453 29.77982 1384792356000 88.0
62.61736 29.779847 1384792358000 86.0
62.617207 29.779865 1384792360000 84.0
62.617128 29.779916 1384792361000 84.0
62.616961 29.779929 1384792364000 84.0
62.616908 29.77994 1384792365000 83.0
62.616721 29.780123 1384792368000 85.0
62.616674 29.780163 1384792369000 85.0
62.616518 29.780276 1384792372000 84.0
62.616316 29.780305 1384792373000 85.0
62.616225 29.78036 1384792375000 85.0
62.616146 29.780441 1384792377000 84.0
62.616104 29.780446 1384792378000 84.0
62.616025 29.78045 1384792380000 83.0
62.615901 29.780477 1384792383000 83.0
62.615798 29.780494 1384792385000 84.0
62.615707 29.7805 1384792387000 85.0
62.615602 29.780552 1384792389000 85.0
62.615525 29.780494 1384792391000 85.0
62.615447 29.78057 1384792393000 84.0
62.615376 29.780594 1384792395000 84.0
62.615317 29.780541 1384792397000 84.0
62.615289 29.78056 1384792399000 83.0
62.615206 29.780581 1384792401000 84.0
62.615188 29.78056 1384792402000 84.0
62.615154 29.780547 1384792404000 84.0
62.6151 29.780551 1384792407000 85.0
62.615046 29.78054 1384792409000 85.0
62.615013 29.780519 1384792410000 84.0
62.614921 29.780458 1384792413000 84.0
62.614893 29.780424 1384792415000 84.0
62.614815 29.780264 1384792417000 85.0
62.614749 29.780159 1384792419000 85.0
62.614671 29.780066 1384792421000 85.0
62.614629 29.780061 1384792422000 86.0
62.614521 29.78018 1384792425000 85.0
62.614462 29.780327 1384792427000 85.0
62.614414 29.780515 1384792429000 85.0
62.614397 29.780928 1384792431000 85.0
62.614391 29.781138 1384792433000 85.0
62.614359 29.781256 1384792435000 85.0
62.614313 29.781356 1384792437000 84.0
62.614295 29.781436 1384792438000 84.0
62.614234 29.781622 1384792441000 84.0
62.614208 29.78168 1384792442000 83.0
62.614137 29.781885 1384792445000 83.0
62.614101 29.78201 1384792447000 82.0
62.614071 29.782138 1384792449000 82.0
62.614056 29.782212 1384792450000 82.0
62.613994 29.782451 1384792453000 82.0
62.613936 29.782603 1384792455000 81.0
62.613888 29.782762 1384792457000 82.0
62.613863 29.782841 1384792458000 82.0
62.613822 29.782999 1384792460000 82.0
62.613776 29.783181 1384792462000 82.0
62.61368 29.783442 1384792465000 82.0
62.613642 29.783526 1384792466000 82.0
62.613512 29.783816 1384792469000 82.0
62.613498 29.783906 1384792470000 81.0
62.613504 29.784097 1384792473000 79.0
62.613498 29.784308 1384792475000 80.0
62.61348 29.784459 1384792477000 81.0
62.613457 29.784598 1384792479000 81.0
62.61347 29.784749 1384792481000 81.0
62.613478 29.784821 1384792482000 81.0
62.613487 29.785034 1384792485000 82.0
62.61349 29.785094 1384792486000 82.0
62.613501 29.78521 1384792488000 81.0
62.613483 29.785313 1384792490000 82.0
62.613438 29.785369 1384792492000 83.0
62.613388 29.785369 1384792494000 85.0
62.613315 29.785282 1384792497000 86.0
62.613269 29.785175 1384792499000 89.0
62.61323 29.78508 1384792501000 89.0
62.613213 29.784973 1384792502000 87.0
62.613186 29.784821 1384792504000 86.0
62.613146 29.784675 1384792506000 86.0
62.613078 29.784509 1384792509000 85.0
62.613057 29.784467 1384792510000 87.0
62.612985 29.784397 1384792513000 87.0
62.612941 29.784272 1384792515000 87.0
62.612895 29.784108 1384792517000 86.0
62.612867 29.784023 1384792518000 86.0
62.612765 29.78366 1384792521000 87.0
62.612752 29.783553 1384792522000 87.0
62.612605 29.78342 1384792525000 87.0
62.612519 29.783292 1384792527000 86.0
62.612479 29.783045 1384792529000 86.0
62.61246 29.782789 1384792531000 86.0
62.612429 29.78256 1384792533000 85.0
62.612412 29.78234 1384792535000 85.0
62.612392 29.78214 1384792537000 85.0
62.612359 29.781975 1384792539000 85.0
62.612328 29.781817 1384792541000 84.0
62.612282 29.781662 1384792543000 84.0
62.612234 29.78151 1384792545000 84.0
62.612188 29.781358 1384792547000 83.0
62.612138 29.781208 1384792549000 83.0
62.61209 29.781065 1384792551000 82.0
62.61206 29.780914 1384792553000 82.0
62.612047 29.780769 1384792555000 81.0
62.612026 29.780627 1384792557000 80.0
62.612009 29.780489 1384792559000 79.0
62.611999 29.780417 1384792560000 79.0
62.611963 29.780215 1384792563000 80.0
62.611936 29.780076 1384792565000 80.0
62.611924 29.780012 1384792566000 81.0
62.611901 29.779892 1384792568000 82.0
62.611854 29.779699 1384792571000 83.0
62.611815 29.779545 1384792573000 83.0
62.61177 29.779397 1384792575000 83.0
62.611724 29.779262 1384792577000 83.0
62.61169 29.77914 1384792579000 85.0
62.611656 29.779011 1384792581000 84.0
62.611623 29.778881 1384792583000 84.0
62.611597 29.778747 1384792585000 84.0
62.611578 29.778597 1384792587000 85.0
62.611562 29.778438 1384792589000 87.0
62.611547 29.778282 1384792591000 87.0
62.611526 29.77813 1384792593000 88.0
62.611493 29.777999 1384792595000 88.0
62.611446 29.777871 1384792597000 87.0
62.611401 29.777716 1384792599000 87.0
62.61136 29.777552 1384792601000 88.0
62.611315 29.777412 1384792603000 87.0
62.611261 29.777287 1384792605000 85.0
62.611204 29.777181 1384792607000 86.0
62.611178 29.777125 1384792608000 86.0
62.611085 29.776942 1384792611000 86.0
62.610966 29.776772 1384792613000 85.0
62.610886 29.776636 1384792615000 85.0
62.610842 29.776557 1384792616000 85.0
62.610697 29.776352 1384792619000 85.0
62.6106 29.77621 1384792621000 83.0
62.610431 29.776322 1384792623000 81.0
62.610343 29.776236 1384792625000 80.0
62.610262 29.776165 1384792627000 81.0
62.610205 29.776126 1384792629000 82.0
62.610178 29.776108 1384792631000 81.0
62.610192 29.776117 1384792633000 81.0
62.61021 29.77603 1384792635000 81.0
62.610193 29.776146 1384792637000 82.0
62.610167 29.776268 1384792639000 82.0
62.610127 29.776374 1384792641000 82.0
62.610072 29.776413 1384792643000 82.0
62.610006 29.776426 1384792645000 81.0
62.609933 29.77646 1384792647000 81.0
62.609862 29.776527 1384792649000 82.0
62.609776 29.776563 1384792651000 82.0
62.609689 29.776497 1384792653000 82.0
62.609627 29.776347 1384792655000 82.0
62.609577 29.776215 1384792657000 83.0
62.609535 29.776043 1384792659000 84.0
62.609479 29.775925 1384792661000 82.0
62.609413 29.775832 1384792663000 83.0
62.609343 29.775731 1384792665000 83.0
62.609302 29.775683 1384792666000 82.0
62.609206 29.775576 1384792668000 83.0
62.609125 29.775488 1384792670000 82.0
62.608985 29.775436 1384792673000 82.0
62.608889 29.775367 1384792675000 81.0
62.608776 29.775357 1384792677000 82.0
62.60868 29.775383 1384792679000 82.0
62.608607 29.775289 1384792681000 82.0
62.608524 29.775236 1384792683000 82.0
62.608457 29.775229 1384792685000 82.0
62.608399 29.775254 1384792687000 81.0
62.608321 29.775189 1384792689000 81.0
62.608257 29.775191 1384792691000 82.0
62.608195 29.775212 1384792693000 82.0
62.608134 29.775232 1384792695000 82.0
62.608079 29.775308 1384792697000 82.0
62.608028 29.775395 1384792699000 83.0
62.607995 29.775548 1384792701000 83.0
62.607974 29.77577 1384792703000 84.0
62.607959 29.776006 1384792705000 84.0
62.607949 29.77624 1384792707000 84.0
62.607941 29.776351 1384792708000 85.0
62.607882 29.776602 1384792711000 84.0
62.607799 29.776647 1384792713000 83.0
62.607692 29.776576 1384792715000 82.0
62.607583 29.77649 1384792717000 82.0
62.607499 29.776462 1384792719000 81.0
62.607453 29.776521 1384792721000 81.0
62.607448 29.776643 1384792723000 81.0
62.607475 29.776805 1384792725000 79.0
62.607505 29.776991 1384792727000 79.0
62.607523 29.777193 1384792729000 79.0
62.607539 29.777404 1384792731000 80.0
62.607564 29.777659 1384792733000 81.0
62.607577 29.777849 1384792735000 80.0
62.607566 29.77805 1384792737000 80.0
62.607581 29.778286 1384792739000 79.0
62.607613 29.778505 1384792741000 80.0
62.607669 29.778661 1384792743000 76.0
62.607781 29.778568 1384792745000 77.0
62.607856 29.778553 1384792747000 77.0
62.607923 29.778584 1384792749000 78.0
62.607967 29.778647 1384792751000 77.0
62.607978 29.778759 1384792753000 77.0
62.607947 29.778886 1384792755000 76.0
62.607902 29.779036 1384792757000 75.0
62.607876 29.779105 1384792758000 75.0
62.607796 29.779231 1384792761000 75.0
62.607741 29.779237 1384792763000 76.0
62.607688 29.779246 1384792765000 76.0
62.60763 29.77926 1384792767000 76.0
62.6076 29.779241 1384792769000 76.0
62.607549 29.779184 1384792771000 76.0
62.607494 29.779122 1384792773000 76.0
62.607457 29.779128 1384792775000 76.0
62.607402 29.77914 1384792777000 76.0
62.607333 29.779145 1384792779000 75.0
62.607258 29.779165 1384792781000 76.0
62.607187 29.779198 1384792783000 77.0
62.607118 29.779228 1384792785000 76.0
62.607087 29.779237 1384792786000 76.0
62.607029 29.77925 1384792788000 77.0
62.606983 29.779232 1384792790000 76.0
62.606904 29.779244 1384792793000 77.0
62.606839 29.779288 1384792795000 76.0
62.60677 29.779325 1384792797000 75.0
62.606736 29.779334 1384792798000 75.0
62.606639 29.779356 1384792801000 76.0
62.606609 29.779361 1384792802000 76.0
62.606536 29.779402 1384792804000 75.0
62.606413 29.779547 1384792807000 74.0
62.606327 29.77964 1384792809000 74.0
62.606286 29.779674 1384792810000 74.0
62.606164 29.779727 1384792813000 74.0
62.606091 29.779755 1384792815000 74.0
62.60602 29.779802 1384792817000 73.0
62.605982 29.779831 1384792818000 73.0
62.605905 29.779864 1384792820000 74.0
62.605833 29.779861 1384792822000 75.0
62.605728 29.779812 1384792825000 75.0
62.605691 29.779794 1384792826000 74.0
62.605569 29.779802 1384792829000 74.0
62.605491 29.779816 1384792831000 74.0
62.605403 29.779839 1384792833000 74.0
62.605315 29.779888 1384792835000 74.0
62.60523 29.779964 1384792837000 73.0
62.605145 29.780036 1384792839000 73.0
62.605053 29.780075 1384792841000 73.0
62.605008 29.780091 1384792842000 73.0
62.604919 29.780127 1384792845000 74.0
62.604787 29.780184 1384792847000 74.0
62.604702 29.780215 1384792849000 75.0
62.60466 29.780241 1384792850000 74.0
62.604521 29.780344 1384792853000 73.0
62.604423 29.780325 1384792855000 73.0
62.604358 29.780316 1384792857000 74.0
62.604323 29.780393 1384792858000 75.0
62.604198 29.780351 1384792861000 74.0
62.60416 29.780349 1384792862000 74.0
62.604016 29.780334 1384792865000 74.0
62.60396 29.780296 1384792867000 74.0
62.603891 29.780251 1384792869000 75.0
62.60385 29.780256 1384792870000 74.0
62.603742 29.780226 1384792873000 73.0
62.603677 29.78017 1384792875000 74.0
62.603641 29.78017 1384792876000 74.0
62.603565 29.780151 1384792878000 75.0
62.603462 29.780096 1384792881000 74.0
62.60343 29.780076 1384792882000 75.0
62.603366 29.780031 1384792884000 74.0
62.603254 29.779976 1384792887000 74.0
62.603172 29.779956 1384792889000 74.0
62.603092 29.779909 1384792891000 75.0
62.603028 29.779834 1384792893000 76.0
62.603004 29.779787 1384792894000 76.0
62.60295 29.779553 1384792897000 74.0
62.602933 29.779456 1384792898000 74.0
62.60286 29.779227 1384792901000 74.0
62.602833 29.779195 1384792902000 75.0
62.602774 29.77916 1384792905000 76.0
62.602707 29.779111 1384792906000 75.0
62.602601 29.779021 1384792909000 74.0
62.602531 29.778954 1384792911000 76.0
62.602461 29.778876 1384792913000 76.0
62.60239 29.778793 1384792915000 75.0
62.60232 29.778705 1384792917000 74.0
62.602274 29.778671 1384792918000 74.0
62.602154 29.77859 1384792921000 74.0
62.602118 29.778571 1384792922000 73.0
62.602052 29.778542 1384792924000 73.0
62.601944 29.778509 1384792927000 74.0
62.601869 29.778438 1384792929000 74.0
62.601833 29.77839 1384792930000 73.0
62.601719 29.778274 1384792933000 73.0
62.601681 29.778259 1384792935000 74.0
62.601568 29.778234 1384792937000 74.0
62.601494 29.77818 1384792939000 74.0
62.601423 29.7781 1384792941000 73.0
62.60139 29.778056 1384792942000 72.0
62.601287 29.77793 1384792945000 73.0
62.601253 29.777889 1384792946000 72.0
62.601182 29.777822 1384792948000 73.0
62.60111 29.777759 1384792950000 73.0
62.601001 29.777657 1384792953000 72.0
62.600926 29.777595 1384792955000 72.0
62.60085 29.777533 1384792957000 71.0
62.600782 29.777482 1384792959000 73.0
62.600714 29.777415 1384792961000 73.0
62.600641 29.77733 1384792963000 74.0
62.600576 29.777255 1384792965000 73.0
62.600543 29.777229 1384792966000 73.0
62.60044 29.777155 1384792969000 74.0
62.600405 29.777122 1384792971000 73.0
62.600301 29.77699 1384792973000 74.0
62.600266 29.776935 1384792974000 75.0
62.600164 29.776766 1384792977000 73.0
62.600133 29.776714 1384792978000 73.0
62.600048 29.776532 1384792981000 74.0
62.600018 29.776474 1384792982000 74.0
62.599935 29.776311 1384792985000 73.0
62.599888 29.776187 1384792987000 72.0
62.599838 29.776077 1384792989000 72.0
62.59981 29.776028 1384792990000 73.0
62.599718 29.775891 1384792993000 73.0
62.599656 29.7758 1384792995000 74.0
62.599595 29.775715 1384792997000 74.0
62.599564 29.775599 1384792999000 75.0
62.599575 29.775434 1384793001000 76.0
62.599593 29.775353 1384793002000 76.0
62.599666 29.775146 1384793005000 77.0
62.599687 29.775076 1384793006000 76.0
62.599705 29.774877 1384793009000 75.0
62.599685 29.774837 1384793010000 75.0
62.59959 29.774775 1384793013000 76.0
62.599559 29.774767 1384793014000 75.0
62.599475 29.774802 1384793017000 76.0
62.599421 29.774825 1384793019000 75.0
62.599358 29.774836 1384793021000 73.0
62.599321 29.774831 1384793022000 74.0
62.599212 29.774795 1384793025000 73.0
62.599176 29.774794 1384793026000 73.0
62.599072 29.774814 1384793029000 74.0
62.599039 29.774802 1384793030000 74.0
62.598943 29.774688 1384793033000 74.0
62.59891 29.774628 1384793034000 74.0
62.59881 29.77446 1384793037000 74.0
62.598776 29.774422 1384793038000 74.0
62.598673 29.77433 1384793041000 75.0
62.598635 29.774303 1384793042000 75.0
62.598508 29.774209 1384793045000 74.0
62.598465 29.774176 1384793046000 74.0
62.598347 29.774094 1384793049000 74.0
62.59827 29.774055 1384793051000 75.0
62.598189 29.774026 1384793053000 75.0
62.598114 29.774032 1384793055000 75.0
62.598048 29.774106 1384793057000 75.0
62.597995 29.774205 1384793059000 74.0
62.597945 29.774312 1384793061000 74.0
62.597918 29.774367 1384793062000 74.0
62.597834 29.774515 1384793065000 74.0
62.597801 29.774526 1384793066000 76.0
62.597739 29.77448 1384793068000 77.0
62.597687 29.774383 1384793070000 78.0
62.597641 29.774293 1384793072000 78.0
62.59759 29.774212 1384793074000 79.0
62.597511 29.774088 1384793077000 78.0
62.59746 29.773995 1384793079000 78.0
62.597407 29.7739 1384793081000 78.0
62.59738 29.773849 1384793082000 77.0
62.5973 29.773705 1384793085000 79.0
62.597272 29.773662 1384793086000 80.0
62.597218 29.773571 1384793088000 79.0
62.597164 29.773472 1384793091000 80.0
62.597092 29.773332 1384793093000 79.0
62.597067 29.77329 1384793094000 79.0
62.596995 29.773167 1384793097000 80.0
62.596946 29.773091 1384793099000 80.0
62.596896 29.773019 1384793101000 80.0
62.596871 29.772985 1384793102000 81.0
62.596799 29.772874 1384793105000 80.0
62.596776 29.77283 1384793106000 80.0
62.596707 29.772681 1384793109000 80.0
62.596661 29.772592 1384793111000 80.0
62.596616 29.772529 1384793113000 80.0
62.596567 29.77251 1384793115000 81.0
62.59651 29.772533 1384793117000 81.0
62.596478 29.77257 1384793118000 80.0
62.596388 29.772679 1384793121000 80.0
62.596339 29.772741 1384793123000 79.0
62.596291 29.772817 1384793125000 78.0
62.596269 29.77286 1384793126000 78.0
62.596216 29.772996 1384793129000 79.0
62.596198 29.773045 1384793130000 78.0
62.59614 29.773181 1384793133000 79.0
62.596088 29.773272 1384793135000 79.0
62.596034 29.773367 1384793137000 78.0
62.595997 29.773485 1384793139000 77.0
62.595971 29.773637 1384793141000 78.0
62.595962 29.773722 1384793142000 77.0
62.595956 29.773986 1384793145000 76.0
62.595969 29.774184 1384793147000 76.0
62.595992 29.774388 1384793149000 77.0
62.596027 29.774582 1384793151000 77.0
62.596042 29.774767 1384793153000 76.0
62.596038 29.774861 1384793154000 77.0
62.596005 29.775122 1384793157000 77.0
62.59598 29.775285 1384793159000 77.0
62.595953 29.775425 1384793161000 77.0
62.59594 29.775484 1384793162000 77.0
62.595892 29.775673 1384793165000 76.0
62.595868 29.775765 1384793167000 75.0
62.595842 29.775806 1384793169000 75.0
62.595827 29.775828 1384793170000 74.0
62.595801 29.775859 1384793172000 74.0
62.595773 29.77589 1384793175000 75.0
62.595759 29.775863 1384793177000 75.0
62.595756 29.775852 1384793178000 75.0
62.595765 29.775859 1384793181000 76.0
62.59576 29.775851 1384793183000 76.0
62.595751 29.775824 1384793185000 76.0
62.595751 29.775824 1384793186000 76.0
62.595751 29.775824 1384793189000 76.0
62.595751 29.775824 1384793191000 76.0
62.595751 29.775824 1384793193000 75.0
62.595751 29.775824 1384793195000 75.0
62.595763 29.775837 1384793197000 75.0
62.595738 29.775853 1384793199000 77.0
62.5957 29.775892 1384793201000 77.0
62.595661 29.775912 1384793203000 76.0
62.595624 29.775918 1384793205000 77.0
62.595581 29.77598 1384793207000 79.0
62.595548 29.776143 1384793209000 81.0
62.595552 29.776284 1384793211000 83.0
62.595565 29.776342 1384793212000 84.0
62.595592 29.776527 1384793215000 83.0
62.595585 29.7767 1384793217000 84.0
62.595583 29.776866 1384793219000 83.0
62.595578 29.776951 1384793220000 83.0
62.595569 29.77712 1384793222000 83.0
62.595561 29.777371 1384793225000 84.0
62.595559 29.777545 1384793227000 84.0
62.595569 29.777701 1384793229000 84.0
62.595595 29.777836 1384793231000 84.0
62.595621 29.77798 1384793233000 83.0
62.595633 29.778053 1384793235000 84.0
62.595665 29.778285 1384793237000 84.0
62.59569 29.778421 1384793239000 84.0
62.595697 29.778569 1384793241000 84.0
62.595701 29.778732 1384793243000 84.0
62.595712 29.778885 1384793245000 84.0
62.595736 29.778997 1384793247000 83.0
62.595769 29.779117 1384793249000 83.0
62.595797 29.779298 1384793251000 85.0
62.595822 29.779457 1384793253000 85.0
62.595845 29.779629 1384793255000 85.0
62.595858 29.779807 1384793257000 86.0
62.595854 29.779977 1384793259000 84.0
62.595818 29.780132 1384793261000 84.0
62.595792 29.780201 1384793263000 84.0
62.595703 29.780382 1384793265000 83.0
62.595644 29.780505 1384793267000 83.0
62.595582 29.780622 1384793269000 83.0
62.595554 29.780683 1384793270000 83.0
62.595502 29.780809 1384793273000 83.0
62.595455 29.78093 1384793274000 83.0
62.595399 29.781076 1384793277000 85.0
62.595356 29.781146 1384793279000 84.0
62.595306 29.781202 1384793281000 84.0
62.595261 29.781272 1384793283000 84.0
62.595241 29.781316 1384793284000 85.0
62.595202 29.781461 1384793287000 85.0
62.595177 29.78155 1384793289000 85.0
62.59513 29.781629 1384793291000 86.0
62.595066 29.781713 1384793293000 86.0
62.595034 29.78177 1384793295000 86.0
62.594983 29.781902 1384793296000 86.0
62.594932 29.782034 1384793298000 86.0
62.594848 29.78218 1384793301000 88.0
62.59482 29.782226 1384793302000 87.0
62.594746 29.782392 1384793305000 88.0
62.594728 29.782462 1384793306000 88.0
62.594674 29.782636 1384793309000 88.0
62.594651 29.78268 1384793310000 87.0
62.594597 29.782748 1384793312000 88.0
62.59454 29.782829 1384793314000 89.0
62.594451 29.782943 1384793317000 89.0
62.594387 29.78303 1384793319000 88.0
62.59432 29.783087 1384793321000 88.0
62.594287 29.783105 1384793322000 87.0
62.594208 29.783188 1384793325000 89.0
62.594186 29.783224 1384793326000 88.0
62.594131 29.783371 1384793329000 89.0
62.594112 29.783431 1384793330000 89.0
62.594046 29.783597 1384793333000 87.0
62.594022 29.78364 1384793335000 87.0
62.593968 29.783694 1384793336000 87.0
62.593903 29.783725 1384793338000 87.0
62.593806 29.783763 1384793341000 87.0
62.593744 29.783799 1384793343000 86.0
62.593691 29.783862 1384793345000 86.0
62.593645 29.783927 1384793347000 87.0
62.5936 29.783951 1384793349000 86.0
62.593585 29.783958 1384793350000 86.0
62.593509 29.784058 1384793353000 85.0
62.593459 29.784154 1384793355000 89.0
62.593422 29.78422 1384793357000 91.0
62.5934 29.784247 1384793358000 91.0
62.593356 29.784301 1384793360000 92.0
62.593295 29.784376 1384793363000 91.0
62.593282 29.784456 1384793365000 91.0
62.593288 29.784515 1384793366000 91.0
62.593302 29.784652 1384793368000 91.0
62.593304 29.784784 1384793370000 91.0
62.593277 29.784972 1384793373000 91.0
62.593244 29.785052 1384793375000 90.0
62.593206 29.785109 1384793377000 90.0
62.593183 29.785135 1384793378000 90.0
62.593094 29.785194 1384793381000 90.0
62.593058 29.785219 1384793382000 90.0
62.592993 29.785293 1384793385000 90.0
62.592932 29.785393 1384793386000 90.0
62.592825 29.785566 1384793389000 89.0
62.592777 29.785691 1384793391000 89.0
62.59273 29.785798 1384793393000 90.0
62.592669 29.785895 1384793395000 90.0
62.592607 29.785984 1384793397000 89.0
62.592576 29.786032 1384793398000 88.0
62.592485 29.786189 1384793401000 89.0
62.592449 29.78624 1384793402000 88.0
62.592349 29.786407 1384793405000 89.0
62.592278 29.786497 1384793407000 89.0
62.592201 29.786585 1384793409000 89.0
62.592145 29.786695 1384793411000 90.0
62.592096 29.78682 1384793413000 90.0
62.592069 29.786882 1384793415000 90.0
62.591984 29.787088 1384793417000 90.0
62.591957 29.787165 1384793418000 89.0
62.591852 29.787365 1384793421000 89.0
62.591816 29.787426 1384793422000 89.0
62.591712 29.787616 1384793425000 89.0
62.591684 29.787674 1384793426000 89.0
62.591611 29.787883 1384793429000 90.0
62.591589 29.787967 1384793430000 90.0
62.59154 29.788122 1384793432000 89.0
62.591471 29.788255 1384793434000 90.0
62.591362 29.788419 1384793437000 90.0
62.591308 29.78854 1384793439000 90.0
62.591282 29.788596 1384793440000 90.0
62.591234 29.788708 1384793442000 90.0
62.59117 29.788893 1384793445000 91.0
62.591112 29.789004 1384793447000 92.0
62.591077 29.78906 1384793448000 92.0
62.591004 29.789168 1384793450000 92.0
62.590888 29.789322 1384793453000 92.0
62.590841 29.789364 1384793454000 93.0
62.590692 29.789463 1384793457000 91.0
62.590653 29.789494 1384793458000 91.0
62.590537 29.789591 1384793461000 93.0
62.590499 29.789622 1384793462000 94.0
62.590391 29.78974 1384793465000 92.0
62.590316 29.789824 1384793467000 91.0
62.590235 29.78988 1384793469000 90.0
62.590194 29.789907 1384793470000 90.0
62.590116 29.789977 1384793472000 90.0
62.590037 29.790054 1384793475000 90.0
62.58992 29.790176 1384793477000 91.0
62.58983 29.790305 1384793479000 92.0
62.589727 29.790319 1384793481000 93.0
62.589681 29.790337 1384793482000 93.0
62.589581 29.790398 1384793485000 92.0
62.58953 29.790395 1384793487000 92.0
62.589501 29.790443 1384793489000 93.0
62.589431 29.790508 1384793490000 93.0
62.589264 29.790588 1384793493000 94.0
62.589231 29.790637 1384793494000 93.0
62.589118 29.790768 1384793497000 92.0
62.589033 29.790863 1384793499000 92.0
62.588891 29.790873 1384793501000 91.0
62.58882 29.790986 1384793503000 91.0
62.588738 29.79105 1384793505000 92.0
62.5887 29.791097 1384793506000 93.0
62.588577 29.79122 1384793509000 93.0
62.588519 29.79122 1384793510000 93.0
62.588365 29.791337 1384793513000 93.0
62.588299 29.791319 1384793514000 93.0
62.588167 29.791528 1384793517000 94.0
62.588054 29.791608 1384793519000 94.0
62.587959 29.791662 1384793521000 94.0
62.58788 29.791768 1384793523000 95.0
62.587827 29.792076 1384793525000 95.0
62.587709 29.792179 1384793527000 95.0
62.587617 29.79226 1384793529000 95.0
62.587514 29.79235 1384793531000 96.0
62.587414 29.792438 1384793533000 96.0
62.587315 29.792524 1384793535000 96.0
62.587176 29.79231 1384793537000 95.0
62.587163 29.792656 1384793539000 94.0
62.587008 29.792787 1384793541000 94.0
62.586888 29.792889 1384793543000 94.0
62.586782 29.792978 1384793545000 94.0
62.586695 29.793052 1384793547000 95.0
62.586603 29.793128 1384793549000 95.0
62.586601 29.793131 1384793551000 95.0
62.586452 29.793245 1384793552000 95.0
62.586323 29.793343 1384793555000 96.0
62.586297 29.793363 1384793557000 96.0
62.58619 29.793445 1384793559000 95.0
62.586153 29.793474 1384793560000 95.0
62.586016 29.793578 1384793563000 94.0
62.585967 29.793616 1384793565000 94.0
62.585914 29.793629 1384793567000 94.0
62.585833 29.793645 1384793569000 94.0
62.585751 29.793658 1384793571000 94.0
62.58569 29.793732 1384793573000 95.0
62.585614 29.793795 1384793575000 95.0
62.58554 29.793851 1384793577000 95.0
62.58546 29.793884 1384793579000 96.0
62.585374 29.793928 1384793581000 95.0
62.585283 29.793982 1384793583000 96.0
62.58519 29.794036 1384793585000 96.0
62.585102 29.794091 1384793587000 96.0
62.585044 29.794155 1384793588000 97.0
62.584945 29.79434 1384793591000 99.0
62.58486 29.794396 1384793593000 99.0
62.584803 29.794403 1384793594000 99.0
62.584731 29.794478 1384793596000 99.0
62.584576 29.794497 1384793599000 98.0
62.584488 29.794515 1384793601000 98.0
62.584443 29.794511 1384793602000 97.0
62.584326 29.794482 1384793605000 98.0
62.584257 29.794467 1384793607000 97.0
62.584225 29.79447 1384793608000 98.0
62.584169 29.794522 1384793610000 96.0
62.584104 29.794653 1384793613000 96.0
62.584077 29.794752 1384793615000 97.0
62.584061 29.794875 1384793617000 97.0
62.584063 29.79495 1384793618000 97.0
62.584109 29.795178 1384793621000 98.0
62.584122 29.795289 1384793623000 98.0
62.584095 29.795347 1384793625000 99.0
62.584052 29.795363 1384793627000 98.0
62.584006 29.795374 1384793629000 99.0
62.583957 29.795407 1384793631000 99.0
62.583907 29.795462 1384793633000 99.0
62.583838 29.795487 1384793635000 99.0
62.583762 29.795481 1384793637000 99.0
62.583701 29.795496 1384793639000 100.0
62.583668 29.795508 1384793640000 99.0
62.583585 29.795569 1384793642000 99.0
62.583474 29.795701 1384793645000 99.0
62.583409 29.795767 1384793647000 99.0
62.583337 29.795814 1384793649000 98.0
62.583305 29.795845 1384793650000 98.0
62.58318 29.795972 1384793653000 98.0
62.583133 29.796013 1384793654000 99.0
62.583008 29.79614 1384793657000 99.0
62.582965 29.796182 1384793658000 99.0
62.582839 29.796286 1384793661000 99.0
62.58278 29.796281 1384793662000 99.0
62.582707 29.796389 1384793665000 99.0
62.582612 29.796471 1384793667000 99.0
62.582575 29.796508 1384793668000 99.0
62.582505 29.796563 1384793670000 98.0
62.582392 29.796687 1384793673000 98.0
62.582291 29.796774 1384793675000 98.0
62.582244 29.796777 1384793676000 98.0
62.582175 29.796872 1384793678000 97.0
62.582029 29.796984 1384793681000 96.0
62.581984 29.797039 1384793683000 97.0
62.581918 29.797164 1384793685000 97.0
62.581785 29.797265 1384793687000 96.0
62.581594 29.797307 1384793689000 94.0
62.581531 29.79733 1384793690000 94.0
62.581391 29.797463 1384793693000 94.0
62.581394 29.797523 1384793694000 95.0
62.581292 29.79762 1384793696000 96.0
62.581138 29.797679 1384793698000 94.0
62.580994 29.79775 1384793701000 96.0
62.58096 29.797793 1384793702000 96.0
62.580882 29.797905 1384793705000 98.0
62.580815 29.797982 1384793707000 99.0
62.580903 29.798176 1384793708000 99.0
62.580883 29.798479 1384793711000 96.0
62.580906 29.798676 1384793713000 98.0
62.580924 29.798879 1384793715000 99.0
62.580935 29.798991 1384793716000 99.0
62.580952 29.79935 1384793719000 98.0
62.58097 29.799582 1384793721000 99.0
62.580985 29.799814 1384793723000 99.0
62.581 29.799932 1384793724000 98.0
62.580935 29.800188 1384793726000 99.0
62.580953 29.800418 1384793729000 98.0
62.580965 29.800572 1384793731000 96.0
62.580984 29.80081 1384793733000 97.0
62.580998 29.800981 1384793735000 97.0
62.58101 29.801133 1384793737000 97.0
62.581009 29.801116 1384793739000 96.0
62.58101 29.801137 1384793741000 96.0
62.581006 29.801077 1384793743000 94.0
62.581006 29.801084 1384793745000 95.0
62.58104 29.801094 1384793747000 94.0
62.581049 29.801181 1384793749000 95.0
62.581067 29.801318 1384793751000 96.0
62.581091 29.801485 1384793753000 96.0
62.581108 29.801719 1384793755000 100.0
62.581127 29.801893 1384793757000 99.0
62.581148 29.802068 1384793759000 99.0
62.58117 29.802248 1384793761000 99.0
62.581181 29.802343 1384793762000 99.0
62.581218 29.802655 1384793765000 99.0
62.581248 29.80282 1384793767000 99.0
62.581306 29.803034 1384793769000 100.0
62.581352 29.80307 1384793770000 100.0
62.581337 29.803443 1384793773000 100.0
62.581334 29.803564 1384793775000 99.0
62.581375 29.803813 1384793777000 99.0
62.581394 29.80401 1384793779000 99.0
62.581383 29.804185 1384793781000 98.0
62.581368 29.804399 1384793783000 98.0
62.581354 29.804638 1384793785000 99.0
62.581354 29.804823 1384793787000 99.0
62.581314 29.805005 1384793789000 98.0
62.581265 29.805065 1384793791000 98.0
62.581053 29.805112 1384793793000 95.0
62.58089 29.805144 1384793795000 90.0
62.580801 29.805206 1384793797000 89.0
62.580706 29.805207 1384793799000 88.0
62.580611 29.805166 1384793801000 88.0
62.580566 29.805147 1384793802000 89.0
62.580424 29.8051 1384793805000 89.0
62.580338 29.805093 1384793807000 89.0
62.580263 29.805086 1384793809000 88.0
62.580236 29.805083 1384793810000 87.0
62.58018 29.805143 1384793813000 85.0
62.580148 29.805249 1384793815000 85.0
62.580115 29.805396 1384793817000 85.0
62.58005 29.805632 1384793819000 83.0
62.579985 29.805816 1384793821000 83.0
62.579935 29.806004 1384793823000 81.0
62.579859 29.80618 1384793825000 80.0
62.579824 29.806262 1384793826000 80.0
62.579766 29.8065 1384793829000 79.0
62.579727 29.806662 1384793831000 78.0
62.579643 29.806831 1384793833000 79.0
62.57958 29.806971 1384793835000 79.0
62.579501 29.807121 1384793837000 80.0
62.579408 29.807246 1384793839000 81.0
62.579334 29.807346 1384793841000 81.0
62.579257 29.807444 1384793843000 81.0
62.579192 29.807504 1384793845000 81.0
62.579131 29.807601 1384793847000 81.0
62.579047 29.807684 1384793849000 80.0
62.578983 29.807775 1384793851000 79.0
62.578978 29.807816 1384793852000 80.0
62.578896 29.807953 1384793855000 80.0
62.578825 29.808039 1384793857000 80.0
62.578748 29.808141 1384793859000 81.0
62.578677 29.80826 1384793861000 81.0
62.578642 29.808316 1384793863000 81.0
62.578566 29.808421 1384793864000 82.0
62.578453 29.808571 1384793867000 83.0
62.578339 29.808697 1384793869000 84.0
62.578238 29.808747 1384793871000 83.0
62.578132 29.808792 1384793873000 80.0
62.578015 29.808686 1384793875000 80.0
62.577866 29.808573 1384793877000 81.0
62.577887 29.80863 1384793879000 82.0
62.577884 29.808645 1384793881000 82.0
62.577857 29.808591 1384793883000 82.0
62.577842 29.808544 1384793885000 83.0
62.577804 29.808495 1384793887000 85.0
62.577772 29.808451 1384793889000 85.0
62.577732 29.808414 1384793891000 85.0
62.577694 29.808368 1384793893000 85.0
62.57766 29.808329 1384793895000 85.0
62.577629 29.808289 1384793897000 85.0
62.577605 29.808248 1384793899000 85.0
62.577592 29.808198 1384793901000 85.0
62.577597 29.80818 1384793902000 85.0
62.577608 29.808152 1384793905000 84.0
62.577619 29.808135 1384793907000 84.0
62.577636 29.808149 1384793909000 84.0
62.577641 29.808168 1384793910000 84.0
62.577637 29.808206 1384793913000 84.0
62.577657 29.80821 1384793915000 84.0
62.577717 29.808164 1384793917000 84.0
62.577742 29.808147 1384793919000 84.0
62.577758 29.808161 1384793921000 84.0
62.577769 29.808161 1384793923000 84.0
62.577779 29.808113 1384793925000 84.0
62.577794 29.808108 1384793927000 86.0
62.57782 29.808153 1384793929000 87.0
62.577843 29.808199 1384793931000 88.0
62.577868 29.808219 1384793933000 89.0
62.577848 29.808154 1384793935000 90.0
62.577823 29.808055 1384793937000 92.0
62.57781 29.807964 1384793939000 92.0
62.5778 29.807906 1384793941000 92.0
62.57779 29.807868 1384793945000 93.0
62.577773 29.807862 1384793947000 93.0