62.59816 29.74447 1384968000000 93.0
62.598144 29.744462 1384968002000 92.0
62.598132 29.744485 1384968004000 91.0
62.598127 29.7445 1384968006000 91.0
62.59814 29.744541 1384968008000 91.0
62.598162 29.744601 1384968010000 91.0
62.598195 29.744642 1384968012000 90.0
62.598243 29.744693 1384968014000 90.0
62.598304 29.744748 1384968016000 90.0
62.598376 29.744798 1384968018000 89.0
62.598523 29.744751 1384968020000 88.0
62.598584 29.744918 1384968022000 87.0
62.598587 29.74507 1384968024000 87.0
62.598564 29.745289 1384968026000 88.0
62.598532 29.745527 1384968028000 88.0
62.598482 29.745735 1384968030000 87.0
62.598447 29.74598 1384968032000 87.0
62.598407 29.746202 1384968034000 86.0
62.598343 29.74638 1384968036000 86.0
62.598286 29.746566 1384968038000 86.0
62.598245 29.746758 1384968040000 85.0
62.598237 29.747013 1384968042000 85.0
62.598179 29.747192 1384968044000 85.0
62.598093 29.747361 1384968046000 85.0
62.598047 29.747569 1384968048000 85.0
62.597998 29.747789 1384968050000 84.0
62.597953 29.747991 1384968052000 84.0
62.597921 29.748136 1384968054000 83.0
62.597869 29.748368 1384968056000 83.0
62.597832 29.748537 1384968058000 82.0
62.597799 29.748683 1384968060000 82.0
62.597868 29.748975 1384968062000 82.0
62.597844 29.749142 1384968064000 81.0
62.597821 29.749317 1384968066000 80.0
62.597761 29.749443 1384968068000 79.0
62.597691 29.749605 1384968070000 80.0
62.597622 29.749756 1384968072000 79.0
62.597596 29.749935 1384968074000 80.0
62.597566 29.750113 1384968076000 81.0
62.597534 29.750283 1384968078000 80.0
62.597507 29.750457 1384968080000 79.0
62.597472 29.750629 1384968082000 79.0
62.597438 29.750807 1384968084000 79.0
62.597405 29.75099 1384968086000 77.0
62.597381 29.751189 1384968088000 77.0
62.597367 29.751372 1384968090000 77.0
62.597316 29.751514 1384968092000 77.0
62.597267 29.751725 1384968094000 77.0
62.597282 29.75194 1384968096000 77.0
62.597242 29.752278 1384968098000 77.0
62.597211 29.752675 1384968100000 76.0
62.597095 29.752487 1384968102000 75.0
62.597083 29.752555 1384968104000 74.0
62.597059 29.752675 1384968106000 74.0
62.597017 29.752807 1384968108000 75.0
62.596993 29.75296 1384968110000 75.0
62.596963 29.753118 1384968112000 74.0
62.596929 29.753249 1384968114000 75.0
62.5969 29.753407 1384968116000 75.0
62.59686 29.753571 1384968118000 75.0
62.596814 29.75372 1384968120000 76.0
62.596777 29.753882 1384968122000 75.0
62.596748 29.754058 1384968124000 75.0
62.596717 29.754245 1384968126000 76.0
62.596686 29.754405 1384968128000 77.0
62.596661 29.754537 1384968130000 77.0
62.596641 29.754639 1384968132000 78.0
62.596627 29.754683 1384968134000 79.0
62.596618 29.754675 1384968136000 80.0
62.59661 29.754648 1384968138000 82.0
62.596607 29.75463 1384968140000 84.0
62.596607 29.75463 1384968142000 84.0
62.596622 29.754596 1384968144000 84.0
62.59661 29.75465 1384968146000 83.0
62.596584 29.754765 1384968148000 83.0
62.596563 29.754918 1384968150000 82.0
62.596542 29.755086 1384968152000 82.0
62.596515 29.755262 1384968154000 82.0
62.596483 29.755514 1384968156000 81.0
62.596417 29.7557 1384968158000 81.0
62.596397 29.755917 1384968160000 80.0
62.596373 29.756133 1384968162000 79.0
62.596295 29.756353 1384968164000 79.0
62.596256 29.756551 1384968166000 79.0
62.596231 29.756678 1384968168000 79.0
62.596171 29.756985 1384968170000 79.0
62.596148 29.757106 1384968172000 78.0
62.596111 29.757295 1384968174000 78.0
62.596067 29.757573 1384968176000 77.0
62.596046 29.757803 1384968178000 77.0
62.595994 29.757994 1384968180000 77.0
62.595969 29.75819 1384968182000 78.0
62.59592 29.758361 1384968184000 77.0
62.595859 29.75851 1384968186000 76.0
62.59581 29.758687 1384968188000 77.0
62.595764 29.758889 1384968190000 77.0
62.595721 29.759085 1384968192000 77.0
62.595703 29.759275 1384968194000 77.0
62.595643 29.759438 1384968196000 76.0
62.595584 29.759634 1384968198000 75.0
62.595561 29.759813 1384968200000 75.0
62.595522 29.760006 1384968202000 75.0
62.595506 29.760206 1384968204000 75.0
62.595501 29.760348 1384968206000 75.0
62.59551 29.760497 1384968208000 75.0
62.595541 29.760626 1384968210000 77.0
62.595546 29.760776 1384968212000 77.0
62.595562 29.760883 1384968214000 76.0
62.595604 29.760949 1384968216000 76.0
62.595674 29.760987 1384968218000 76.0
62.595749 29.761031 1384968220000 77.0
62.595826 29.76109 1384968222000 78.0
62.595927 29.761216 1384968224000 77.0
62.596006 29.761275 1384968226000 76.0
62.596085 29.761364 1384968228000 76.0
62.596174 29.761459 1384968230000 77.0
62.596259 29.761589 1384968232000 77.0
62.596348 29.761657 1384968234000 75.0
62.596445 29.761736 1384968236000 77.0
62.596547 29.76181 1384968238000 78.0
62.59663 29.761881 1384968240000 76.0
62.596718 29.761952 1384968242000 75.0
62.596815 29.762035 1384968244000 77.0
62.596895 29.762134 1384968246000 76.0
62.596974 29.762226 1384968248000 74.0
62.597065 29.762323 1384968250000 74.0
62.59715 29.762414 1384968252000 74.0
62.597234 29.762495 1384968254000 74.0
62.597318 29.762561 1384968256000 74.0
62.5974 29.762646 1384968258000 74.0
62.597494 29.762721 1384968260000 74.0
62.597592 29.762737 1384968262000 74.0
62.597658 29.762821 1384968264000 75.0
62.597739 29.762888 1384968266000 75.0
62.597809 29.762981 1384968268000 76.0
62.597884 29.763111 1384968270000 76.0
62.59792 29.763285 1384968272000 76.0
62.597912 29.763485 1384968274000 76.0
62.597879 29.763643 1384968276000 76.0
62.597834 29.763797 1384968278000 76.0
62.597793 29.763948 1384968280000 77.0
62.597755 29.764071 1384968282000 77.0
62.597715 29.764196 1384968284000 78.0
62.597672 29.76432 1384968286000 80.0
62.597623 29.764443 1384968288000 79.0
62.597578 29.76458 1384968290000 80.0
62.597539 29.764724 1384968292000 81.0
62.59749 29.764863 1384968294000 82.0
62.597439 29.764981 1384968296000 83.0
62.59738 29.765096 1384968298000 83.0
62.59732 29.765208 1384968300000 82.0
62.597271 29.765321 1384968302000 83.0
62.597229 29.765425 1384968304000 83.0
62.597185 29.765532 1384968306000 84.0
62.597135 29.765641 1384968308000 85.0
62.597084 29.765755 1384968310000 84.0
62.597033 29.765869 1384968312000 84.0
62.596985 29.765989 1384968314000 84.0
62.596948 29.766119 1384968316000 85.0
62.596917 29.766261 1384968318000 86.0
62.596887 29.766395 1384968320000 86.0
62.596855 29.766534 1384968322000 85.0
62.596817 29.766674 1384968324000 86.0
62.596768 29.766823 1384968326000 86.0
62.596713 29.766967 1384968328000 86.0
62.596664 29.767115 1384968330000 87.0
62.596623 29.767255 1384968332000 87.0
62.596573 29.767393 1384968334000 87.0
62.596522 29.767507 1384968336000 88.0
62.596472 29.767634 1384968338000 88.0
62.596422 29.767776 1384968340000 88.0
62.596384 29.767931 1384968342000 88.0
62.596353 29.76808 1384968344000 88.0
62.596329 29.76824 1384968346000 88.0
62.596304 29.768405 1384968348000 89.0
62.596265 29.768569 1384968350000 87.0
62.596225 29.768732 1384968352000 88.0
62.59619 29.768914 1384968354000 87.0
62.596159 29.769098 1384968356000 86.0
62.596133 29.769289 1384968358000 86.0
62.596111 29.769477 1384968360000 87.0
62.596088 29.769662 1384968362000 86.0
62.596068 29.769866 1384968364000 85.0
62.596046 29.770066 1384968366000 86.0
62.596027 29.770258 1384968368000 87.0
62.595982 29.770466 1384968370000 87.0
62.595993 29.770649 1384968372000 87.0
62.595973 29.770876 1384968374000 88.0
62.59595 29.771078 1384968376000 87.0
62.595927 29.771255 1384968378000 86.0
62.595908 29.771456 1384968380000 85.0
62.595877 29.771684 1384968382000 85.0
62.595865 29.771912 1384968384000 86.0
62.595851 29.772109 1384968386000 85.0
62.595835 29.772288 1384968388000 84.0
62.595807 29.772483 1384968390000 85.0
62.595788 29.772745 1384968392000 85.0
62.595763 29.772886 1384968394000 82.0
62.595778 29.773077 1384968396000 83.0
62.595765 29.77329 1384968398000 83.0
62.595741 29.773478 1384968400000 84.0
62.59571 29.773664 1384968402000 83.0
62.595678 29.773866 1384968404000 84.0
62.595646 29.774065 1384968406000 84.0
62.59562 29.77426 1384968408000 83.0
62.595601 29.774469 1384968410000 83.0
62.595569 29.774679 1384968412000 82.0
62.595557 29.774854 1384968414000 82.0
62.595531 29.775097 1384968416000 81.0
62.595504 29.775227 1384968418000 82.0
62.595478 29.775344 1384968420000 82.0
62.595477 29.775524 1384968422000 82.0
62.595473 29.775747 1384968424000 82.0
62.595463 29.775943 1384968426000 82.0
62.595466 29.776137 1384968428000 82.0
62.595488 29.776382 1384968430000 81.0
62.595507 29.776577 1384968432000 81.0
62.595525 29.776748 1384968434000 81.0
62.595543 29.776941 1384968436000 82.0
62.595545 29.777136 1384968438000 82.0
62.595563 29.777342 1384968440000 82.0
62.595569 29.777548 1384968442000 82.0
62.595584 29.777751 1384968444000 82.0
62.595601 29.777934 1384968446000 81.0
62.595642 29.778103 1384968448000 82.0
62.595661 29.778281 1384968450000 82.0
62.59572 29.778401 1384968452000 82.0
62.595749 29.778544 1384968454000 81.0
62.595753 29.77871 1384968456000 81.0
62.595744 29.778929 1384968458000 80.0
62.595733 29.77913 1384968460000 81.0
62.595766 29.779295 1384968462000 81.0
62.595782 29.779489 1384968464000 80.0
62.595793 29.779689 1384968466000 80.0
62.595799 29.77988 1384968468000 80.0
62.595789 29.780064 1384968470000 79.0
62.595782 29.780232 1384968472000 81.0
62.595781 29.780411 1384968474000 80.0
62.595768 29.780547 1384968476000 82.0
62.595744 29.780665 1384968478000 83.0
62.595681 29.780769 1384968480000 83.0
62.595618 29.780908 1384968482000 85.0
62.595555 29.781124 1384968484000 85.0
62.595493 29.781239 1384968486000 86.0
62.595421 29.781318 1384968488000 87.0
62.595352 29.781404 1384968490000 88.0
62.595287 29.781464 1384968492000 88.0
62.595242 29.781556 1384968494000 87.0
62.595189 29.781628 1384968496000 87.0
62.595129 29.78169 1384968498000 87.0
62.595066 29.78176 1384968500000 87.0
62.595007 29.781846 1384968502000 87.0
62.594952 29.781924 1384968504000 87.0
62.594894 29.782012 1384968506000 87.0
62.59484 29.782113 1384968508000 89.0
62.59479 29.782209 1384968510000 90.0
62.594743 29.782303 1384968512000 92.0
62.594697 29.782377 1384968514000 93.0
62.594648 29.782432 1384968516000 94.0
62.594593 29.782483 1384968518000 94.0
62.594539 29.782528 1384968520000 94.0
62.594483 29.782584 1384968522000 95.0
62.594416 29.782629 1384968524000 96.0
62.594326 29.782674 1384968526000 95.0
62.594271 29.782693 1384968528000 95.0
62.594237 29.78281 1384968530000 96.0
62.594182 29.78286 1384968532000 96.0
62.594124 29.782942 1384968534000 96.0
62.594083 29.783037 1384968536000 97.0
62.594041 29.783119 1384968538000 96.0
62.593993 29.783181 1384968540000 97.0
62.593942 29.783254 1384968542000 98.0
62.593895 29.783339 1384968544000 99.0
62.593853 29.783439 1384968546000 100.0
62.593815 29.783543 1384968548000 101.0
62.59378 29.783656 1384968550000 101.0
62.593741 29.783753 1384968552000 101.0
62.59369 29.783826 1384968554000 101.0
62.593636 29.783895 1384968556000 101.0
62.593579 29.783963 1384968558000 102.0
62.593529 29.784036 1384968560000 102.0
62.59348 29.78413 1384968562000 101.0
62.593431 29.784227 1384968564000 100.0
62.593371 29.784315 1384968566000 100.0
62.593317 29.784401 1384968568000 100.0
62.593269 29.784493 1384968570000 102.0
62.593215 29.78458 1384968572000 103.0
62.593161 29.784655 1384968574000 104.0
62.59311 29.784739 1384968576000 103.0
62.593062 29.784821 1384968578000 103.0
62.593016 29.784917 1384968580000 104.0
62.592975 29.785047 1384968582000 104.0
62.592934 29.78517 1384968584000 104.0
62.592888 29.785275 1384968586000 105.0
62.59284 29.78538 1384968588000 106.0
62.592791 29.785469 1384968590000 107.0
62.59275 29.785557 1384968592000 107.0
62.592712 29.785652 1384968594000 107.0
62.592665 29.785748 1384968596000 107.0
62.59263 29.785849 1384968598000 107.0
62.592586 29.785955 1384968600000 107.0
62.59254 29.786073 1384968602000 107.0
62.59249 29.786196 1384968604000 107.0
62.59243 29.786311 1384968606000 107.0
62.592365 29.786416 1384968608000 108.0
62.592305 29.78652 1384968610000 108.0
62.592243 29.786625 1384968612000 108.0
62.592184 29.786754 1384968614000 108.0
62.592112 29.786867 1384968616000 108.0
62.592037 29.78697 1384968618000 109.0
62.591973 29.787086 1384968620000 109.0
62.591916 29.787221 1384968622000 109.0
62.591874 29.787405 1384968624000 108.0
62.591803 29.787572 1384968626000 109.0
62.591735 29.787708 1384968628000 110.0
62.59167 29.787852 1384968630000 111.0
62.591586 29.787982 1384968632000 112.0
62.591486 29.78808 1384968634000 110.0
62.591419 29.788245 1384968636000 110.0
62.591345 29.78832 1384968638000 110.0
62.591217 29.78844 1384968640000 111.0
62.591139 29.788595 1384968642000 111.0
62.591105 29.788778 1384968644000 111.0
62.591126 29.789107 1384968646000 111.0
62.591049 29.789238 1384968648000 111.0
62.590976 29.789353 1384968650000 111.0
62.590887 29.789482 1384968652000 110.0
62.590809 29.789588 1384968654000 109.0
62.590732 29.789691 1384968656000 109.0
62.590672 29.789772 1384968658000 109.0
62.590669 29.789776 1384968660000 109.0
62.59039 29.78963 1384968662000 108.0
62.590312 29.789725 1384968664000 109.0
62.590237 29.789839 1384968666000 109.0
62.590155 29.78996 1384968668000 109.0
62.590091 29.790098 1384968670000 110.0
62.59 29.79007 1384968672000 109.0
62.589914 29.790071 1384968674000 108.0
62.589813 29.790092 1384968676000 108.0
62.589716 29.790204 1384968678000 109.0
62.589626 29.790302 1384968680000 109.0
62.589545 29.79043 1384968682000 109.0
62.58945 29.790458 1384968684000 108.0
62.589363 29.790538 1384968686000 110.0
62.589279 29.790618 1384968688000 110.0
62.589204 29.790548 1384968690000 108.0
62.5891 29.790643 1384968692000 107.0
62.589005 29.790719 1384968694000 107.0
62.588902 29.790663 1384968696000 108.0
62.588815 29.790663 1384968698000 108.0
62.588731 29.790771 1384968700000 109.0
62.588629 29.790885 1384968702000 109.0
62.588546 29.790988 1384968704000 109.0
62.588452 29.791105 1384968706000 109.0
62.588357 29.791215 1384968708000 110.0
62.588275 29.791318 1384968710000 110.0
62.588177 29.791393 1384968712000 111.0
62.588107 29.791622 1384968714000 111.0
62.588044 29.791886 1384968716000 110.0
62.58791 29.792004 1384968718000 109.0
62.587797 29.792103 1384968720000 110.0
62.587669 29.792122 1384968722000 108.0
62.587549 29.792194 1384968724000 108.0
62.587475 29.792384 1384968726000 109.0
62.587375 29.792471 1384968728000 109.0
62.58725 29.792581 1384968730000 109.0
62.587162 29.792657 1384968732000 108.0
62.587017 29.79278 1384968734000 108.0
62.586918 29.792863 1384968736000 109.0
62.586784 29.792976 1384968738000 108.0
62.586666 29.793076 1384968740000 109.0
62.5866 29.793131 1384968742000 109.0
62.586429 29.793263 1384968744000 107.0
62.586338 29.793332 1384968746000 107.0
62.586254 29.793396 1384968748000 107.0
62.586169 29.793461 1384968750000 107.0
62.586059 29.793334 1384968752000 109.0
62.585971 29.793383 1384968754000 108.0
62.585908 29.793462 1384968756000 108.0
62.585825 29.793501 1384968758000 107.0
62.585743 29.793661 1384968760000 107.0
62.585703 29.793844 1384968762000 107.0
62.585638 29.79389 1384968764000 107.0
62.585555 29.793917 1384968766000 109.0
62.585477 29.793906 1384968768000 109.0
62.585411 29.794022 1384968770000 110.0
62.585335 29.794014 1384968772000 109.0
62.585256 29.794089 1384968774000 109.0
62.58517 29.794117 1384968776000 110.0
62.585091 29.79417 1384968778000 110.0
62.584992 29.794306 1384968780000 110.0
62.584868 29.794432 1384968782000 111.0
62.584699 29.794431 1384968784000 110.0
62.584663 29.794472 1384968786000 111.0
62.584621 29.79446 1384968788000 112.0
62.584527 29.794499 1384968790000 112.0
62.584513 29.794644 1384968792000 111.0
62.584448 29.79483 1384968794000 110.0
62.584505 29.794942 1384968796000 110.0
62.584527 29.795097 1384968798000 109.0
62.58455 29.795188 1384968800000 108.0
62.584524 29.795307 1384968802000 108.0
62.584444 29.79539 1384968804000 108.0
62.584364 29.795484 1384968806000 108.0
62.584286 29.795549 1384968808000 108.0
62.584199 29.79557 1384968810000 107.0
62.58411 29.795493 1384968812000 109.0
62.584039 29.795404 1384968814000 109.0
62.583971 29.795289 1384968816000 109.0
62.583898 29.795183 1384968818000 109.0
62.583823 29.795141 1384968820000 111.0
62.583741 29.795177 1384968822000 110.0
62.583661 29.79539 1384968824000 109.0
62.58359 29.795496 1384968826000 110.0
62.583522 29.795576 1384968828000 110.0
62.583437 29.795625 1384968830000 109.0
62.583339 29.795767 1384968832000 109.0
62.583264 29.79582 1384968834000 110.0
62.583187 29.795896 1384968836000 111.0
62.583116 29.795907 1384968838000 111.0
62.583051 29.796023 1384968840000 112.0
62.582947 29.796166 1384968842000 112.0
62.582893 29.796227 1384968844000 111.0
62.582774 29.796324 1384968846000 111.0
62.582644 29.796362 1384968848000 111.0
62.582522 29.796455 1384968850000 110.0
62.582413 29.796531 1384968852000 110.0
62.582321 29.796583 1384968854000 110.0
62.582223 29.796679 1384968856000 110.0
62.5821 29.796768 1384968858000 110.0
62.581995 29.796828 1384968860000 111.0
62.581864 29.796898 1384968862000 110.0
62.581787 29.797025 1384968864000 109.0
62.5817 29.797099 1384968866000 109.0
62.581603 29.797188 1384968868000 109.0
62.581504 29.797315 1384968870000 108.0
62.581377 29.797336 1384968872000 108.0
62.581271 29.79742 1384968874000 106.0
62.581178 29.797642 1384968876000 105.0
62.581008 29.797782 1384968878000 103.0
62.580933 29.797844 1384968880000 102.0
62.580841 29.797867 1384968882000 101.0
62.580769 29.797939 1384968884000 101.0
62.58082 29.797903 1384968886000 101.0
62.580777 29.798213 1384968888000 100.0
62.580794 29.798429 1384968890000 100.0
62.580805 29.798572 1384968892000 100.0
62.580826 29.798824 1384968894000 98.0
62.580844 29.799059 1384968896000 98.0
62.580862 29.799277 1384968898000 98.0
62.580877 29.799473 1384968900000 97.0
62.580897 29.799714 1384968902000 96.0
62.580896 29.79995 1384968904000 96.0
62.580936 29.800206 1384968906000 95.0
62.580954 29.800429 1384968908000 94.0
62.580972 29.800661 1384968910000 94.0
62.580983 29.8008 1384968912000 93.0
62.581003 29.80104 1384968914000 93.0
62.581019 29.801247 1384968916000 93.0
62.581038 29.801487 1384968918000 93.0
62.581055 29.801695 1384968920000 93.0
62.581067 29.80185 1384968922000 93.0
62.581087 29.8021 1384968924000 93.0
62.581108 29.802355 1384968926000 93.0
62.581126 29.802579 1384968928000 93.0
62.581145 29.802826 1384968930000 94.0
62.581162 29.803036 1384968932000 94.0
62.58115 29.803235 1384968934000 94.0
62.581195 29.803444 1384968936000 94.0
62.581215 29.8037 1384968938000 94.0
62.581236 29.803962 1384968940000 92.0
62.581258 29.80424 1384968942000 91.0
62.581271 29.804397 1384968944000 91.0
62.581285 29.804568 1384968946000 90.0
62.581294 29.804692 1384968948000 91.0
62.5811 29.804943 1384968950000 91.0
62.581036 29.804971 1384968952000 91.0
62.580944 29.804999 1384968954000 91.0
62.580835 29.805032 1384968956000 91.0
62.580741 29.805056 1384968958000 92.0
62.580651 29.805072 1384968960000 92.0
62.580525 29.805063 1384968962000 91.0
62.580439 29.805082 1384968964000 90.0
62.580379 29.805061 1384968966000 90.0
62.580329 29.80503 1384968968000 90.0
62.580253 29.80498 1384968970000 89.0
62.580186 29.805002 1384968972000 90.0
62.580138 29.80504 1384968974000 89.0
62.580101 29.805127 1384968976000 89.0
62.580076 29.805252 1384968978000 88.0
62.580046 29.805407 1384968980000 89.0
62.580015 29.805571 1384968982000 88.0
62.580013 29.805837 1384968984000 88.0
62.579965 29.806028 1384968986000 88.0
62.57991 29.806241 1384968988000 87.0
62.579861 29.8064 1384968990000 87.0
62.579812 29.806534 1384968992000 87.0
62.579755 29.806673 1384968994000 87.0
62.579678 29.806853 1384968996000 87.0
62.57961 29.807003 1384968998000 87.0
62.579536 29.807092 1384969000000 88.0
62.579501 29.80721 1384969002000 87.0
62.579423 29.807258 1384969004000 87.0
62.579377 29.807329 1384969006000 86.0
62.579316 29.807445 1384969008000 87.0
62.579246 29.807545 1384969010000 86.0
62.579181 29.807651 1384969012000 86.0
62.579113 29.807752 1384969014000 85.0
62.579048 29.807867 1384969016000 86.0
62.578979 29.807998 1384969018000 87.0
62.57891 29.808103 1384969020000 87.0
62.578837 29.808185 1384969022000 87.0
62.578766 29.808268 1384969024000 87.0
62.578695 29.808358 1384969026000 87.0
62.578612 29.808457 1384969028000 88.0
62.57853 29.808598 1384969030000 87.0
62.578445 29.808715 1384969032000 87.0
62.578342 29.808802 1384969034000 87.0
62.578252 29.808843 1384969036000 87.0
62.578178 29.808935 1384969038000 87.0
62.578127 29.808768 1384969040000 88.0
62.578094 29.808678 1384969042000 87.0
62.57805 29.808645 1384969044000 86.0
62.578012 29.808596 1384969046000 88.0
62.577964 29.808562 1384969048000 88.0
62.577909 29.808527 1384969050000 89.0
62.577846 29.808547 1384969052000 89.0
62.577796 29.808619 1384969054000 89.0
62.577762 29.808686 1384969056000 88.0
62.577731 29.808627 1384969058000 86.0
62.577707 29.8085 1384969060000 87.0
62.577683 29.808373 1384969062000 87.0
62.577658 29.808299 1384969064000 87.0
62.577628 29.808246 1384969066000 87.0
62.577598 29.80821 1384969068000 88.0
62.577575 29.808195 1384969070000 88.0
62.577554 29.808174 1384969072000 88.0
62.577524 29.808143 1384969074000 88.0
62.577492 29.80813 1384969076000 88.0
62.577485 29.808084 1384969078000 88.0
62.57749 29.808064 1384969079000 88.0