62.577428 29.808083 1385618089000 91.0
62.577479 29.808113 1385618091000 99.0
62.577511 29.808108 1385618093000 109.0
62.577566 29.808075 1385618095000 113.0
62.577608 29.808097 1385618097000 113.0
62.577609 29.80799 1385618099000 111.0
62.577594 29.807828 1385618101000 111.0
62.577578 29.807711 1385618103000 109.0
62.577588 29.807734 1385618105000 103.0
62.577643 29.808279 1385618107000 94.0
62.577675 29.808332 1385618109000 94.0
62.577678 29.808392 1385618111000 91.0
62.577665 29.808446 1385618113000 90.0
62.577678 29.808473 1385618115000 89.0
62.57769 29.808552 1385618117000 90.0
62.577704 29.808671 1385618119000 90.0
62.577726 29.80878 1385618121000 92.0
62.577734 29.808863 1385618123000 92.0
62.577739 29.808899 1385618125000 92.0
62.577758 29.808884 1385618127000 93.0
62.577798 29.80884 1385618129000 92.0
62.57786 29.808768 1385618131000 92.0
62.577923 29.80869 1385618133000 92.0
62.577982 29.808629 1385618135000 92.0
62.578038 29.808588 1385618137000 93.0
62.578109 29.808543 1385618139000 92.0
62.578188 29.808593 1385618141000 96.0
62.578242 29.808757 1385618143000 98.0
62.578263 29.808934 1385618145000 98.0
62.578255 29.809058 1385618147000 97.0
62.578247 29.809113 1385618149000 96.0
62.578252 29.809132 1385618151000 95.0
62.578268 29.809117 1385618153000 95.0
62.578299 29.80907 1385618155000 95.0
62.578344 29.809008 1385618157000 95.0
62.578393 29.808937 1385618159000 95.0
62.578444 29.808848 1385618161000 95.0
62.578502 29.808733 1385618163000 96.0
62.57856 29.808638 1385618165000 95.0
62.578614 29.808591 1385618167000 95.0
62.57866 29.808566 1385618169000 96.0
62.578712 29.808512 1385618171000 95.0
62.578753 29.808421 1385618173000 96.0
62.578775 29.808359 1385618175000 94.0
62.578783 29.808355 1385618177000 94.0
62.578793 29.808342 1385618179000 93.0
62.578804 29.808326 1385618181000 92.0
62.57881 29.808325 1385618183000 93.0
62.578816 29.808322 1385618185000 95.0
62.57882 29.808279 1385618187000 95.0
62.578832 29.808218 1385618189000 95.0
62.57884 29.808156 1385618191000 96.0
62.578854 29.808109 1385618193000 97.0
62.578869 29.808076 1385618195000 98.0
62.578878 29.808062 1385618197000 98.0
62.578888 29.808051 1385618199000 97.0
62.578903 29.808041 1385618201000 96.0
62.578921 29.808033 1385618203000 97.0
62.578939 29.808028 1385618205000 97.0
62.578961 29.808011 1385618207000 97.0
62.578987 29.80797 1385618209000 97.0
62.579021 29.807917 1385618211000 96.0
62.579061 29.807859 1385618213000 97.0
62.579104 29.8078 1385618215000 96.0
62.579147 29.807766 1385618217000 95.0
62.579185 29.807724 1385618219000 94.0
62.579215 29.807689 1385618221000 93.0
62.579243 29.807701 1385618223000 92.0
62.579274 29.807794 1385618225000 91.0
62.579307 29.807905 1385618227000 91.0
62.579346 29.807932 1385618229000 93.0
62.579373 29.807964 1385618231000 96.0
62.579356 29.807975 1385618233000 97.0
62.579331 29.807987 1385618235000 97.0
62.579324 29.807934 1385618237000 96.0
62.579331 29.807844 1385618239000 95.0
62.579348 29.80776 1385618241000 94.0
62.579369 29.807694 1385618243000 93.0
62.579393 29.807644 1385618245000 92.0
62.579416 29.807595 1385618247000 93.0
62.579436 29.807546 1385618249000 92.0
62.579464 29.807497 1385618251000 92.0
62.579491 29.807441 1385618253000 92.0
62.579511 29.807363 1385618255000 92.0
62.579527 29.807275 1385618257000 92.0
62.579546 29.807189 1385618259000 93.0
62.579562 29.80712 1385618261000 92.0
62.579574 29.807071 1385618263000 92.0
62.579586 29.807035 1385618265000 92.0
62.579602 29.806991 1385618267000 92.0
62.579617 29.806945 1385618269000 91.0
62.579629 29.806908 1385618271000 89.0
62.579646 29.806873 1385618273000 88.0
62.579664 29.806842 1385618275000 88.0
62.579676 29.806813 1385618277000 87.0
62.579692 29.806739 1385618279000 88.0
62.579717 29.80664 1385618281000 88.0
62.579753 29.806571 1385618283000 87.0
62.579788 29.806528 1385618285000 88.0
62.57981 29.806483 1385618287000 88.0
62.579818 29.806435 1385618289000 88.0
62.579822 29.806396 1385618291000 89.0
62.579829 29.806365 1385618293000 89.0
62.579838 29.806318 1385618295000 88.0
62.579845 29.806256 1385618297000 89.0
62.579852 29.806179 1385618299000 88.0
62.579866 29.806113 1385618301000 88.0
62.579883 29.806072 1385618303000 87.0
62.579895 29.806052 1385618305000 88.0
62.579906 29.806029 1385618307000 89.0
62.579918 29.806001 1385618309000 90.0
62.579929 29.805943 1385618311000 90.0
62.579946 29.80588 1385618313000 90.0
62.57996 29.805837 1385618315000 90.0
62.57997 29.805819 1385618317000 90.0
62.579983 29.805796 1385618319000 91.0
62.580007 29.805745 1385618321000 91.0
62.580028 29.805713 1385618323000 91.0
62.580033 29.805716 1385618325000 91.0
62.580036 29.805724 1385618327000 91.0
62.580039 29.805705 1385618329000 91.0
62.580046 29.805702 1385618331000 91.0
62.580053 29.805712 1385618333000 91.0
62.580061 29.805712 1385618335000 92.0
62.580066 29.805713 1385618337000 93.0
62.580066 29.805717 1385618339000 93.0
62.580071 29.805759 1385618341000 93.0
62.580081 29.805806 1385618343000 92.0
62.580085 29.805825 1385618345000 93.0
62.580086 29.805813 1385618347000 92.0
62.580082 29.80579 1385618349000 92.0
62.580075 29.80577 1385618351000 92.0
62.580074 29.805764 1385618353000 91.0
62.580064 29.805771 1385618355000 93.0
62.580062 29.805771 1385618357000 94.0
62.580062 29.805771 1385618359000 94.0
62.580058 29.805747 1385618361000 95.0
62.580051 29.805744 1385618363000 94.0
62.580046 29.805738 1385618365000 94.0
62.580046 29.805738 1385618367000 94.0
62.580056 29.805719 1385618369000 94.0
62.580069 29.805701 1385618371000 94.0
62.580085 29.805678 1385618373000 94.0
62.580097 29.805637 1385618375000 94.0
62.580101 29.805574 1385618377000 93.0
62.580095 29.805492 1385618379000 95.0
62.580087 29.805402 1385618381000 94.0
62.580092 29.805344 1385618383000 94.0
62.580107 29.805316 1385618385000 93.0
62.580128 29.805296 1385618387000 92.0
62.580145 29.805284 1385618389000 92.0
62.580161 29.805262 1385618391000 93.0
62.580179 29.805236 1385618393000 93.0
62.580194 29.805198 1385618395000 93.0
62.580218 29.805173 1385618397000 93.0
62.580239 29.80512 1385618399000 94.0
62.580235 29.805036 1385618401000 93.0
62.58023 29.804956 1385618403000 96.0
62.580228 29.804884 1385618405000 96.0
62.580226 29.804844 1385618407000 95.0
62.580224 29.804834 1385618409000 96.0
62.580223 29.804798 1385618411000 97.0
62.580236 29.80476 1385618413000 98.0
62.580251 29.804725 1385618415000 97.0
62.580261 29.804694 1385618417000 99.0
62.580257 29.804667 1385618419000 100.0
62.580243 29.804647 1385618421000 101.0
62.580234 29.804648 1385618423000 99.0
62.580255 29.804646 1385618425000 97.0
62.580263 29.804662 1385618427000 98.0
62.580266 29.804654 1385618429000 97.0
62.580265 29.804712 1385618431000 95.0
62.580263 29.804732 1385618433000 95.0
62.580263 29.804732 1385618435000 95.0
62.580263 29.804732 1385618437000 96.0
62.580252 29.804717 1385618439000 95.0
62.580208 29.804742 1385618441000 95.0
62.580159 29.804723 1385618443000 96.0
62.580127 29.804666 1385618445000 96.0
62.58011 29.804599 1385618447000 96.0
62.580091 29.804537 1385618449000 96.0
62.58007 29.80448 1385618451000 98.0
62.580049 29.804428 1385618453000 98.0
62.580027 29.804368 1385618455000 98.0
62.580007 29.804308 1385618457000 98.0
62.579994 29.804243 1385618459000 98.0
62.579983 29.804181 1385618461000 100.0
62.579971 29.80411 1385618463000 100.0
62.579955 29.804051 1385618465000 100.0
62.579941 29.804005 1385618467000 99.0
62.579928 29.803954 1385618469000 99.0
62.579911 29.803902 1385618471000 102.0
62.579891 29.803851 1385618473000 102.0
62.579875 29.803803 1385618475000 101.0
62.579855 29.80375 1385618477000 102.0
62.579833 29.803698 1385618479000 102.0
62.579812 29.803648 1385618481000 102.0
62.579796 29.803602 1385618483000 101.0
62.579779 29.803553 1385618485000 102.0
62.57976 29.8035 1385618487000 102.0
62.579748 29.803454 1385618489000 101.0
62.579739 29.803419 1385618491000 101.0
62.57972 29.803379 1385618493000 101.0
62.579694 29.80334 1385618495000 101.0
62.579668 29.803289 1385618497000 100.0
62.579657 29.803219 1385618499000 99.0
62.579646 29.803151 1385618501000 99.0
62.579633 29.803086 1385618503000 99.0
62.579623 29.803023 1385618505000 100.0
62.579615 29.802963 1385618507000 101.0
62.579604 29.802916 1385618509000 101.0
62.579591 29.802877 1385618511000 101.0
62.57958 29.802839 1385618513000 100.0
62.579574 29.802793 1385618515000 99.0
62.579565 29.80275 1385618517000 99.0
62.579552 29.80271 1385618519000 98.0
62.579545 29.802667 1385618521000 97.0
62.579542 29.802616 1385618523000 97.0
62.579536 29.802553 1385618525000 97.0
62.579509 29.802487 1385618527000 98.0
62.579485 29.802434 1385618529000 99.0
62.579475 29.802386 1385618531000 100.0
62.579466 29.802333 1385618533000 100.0
62.579451 29.802281 1385618535000 101.0
62.579442 29.802234 1385618537000 101.0
62.579431 29.802186 1385618539000 101.0
62.579429 29.802133 1385618541000 101.0
62.579429 29.802081 1385618543000 101.0
62.579414 29.802028 1385618545000 100.0
62.579399 29.801967 1385618547000 100.0
62.579388 29.801923 1385618549000 99.0
62.579382 29.801912 1385618550000 99.0
62.579378 29.801911 1385618553000 99.0
62.579375 29.801911 1385618555000 98.0
62.579376 29.801903 1385618557000 99.0
62.579376 29.8019 1385618559000 100.0
62.579381 29.801936 1385618561000 99.0
62.579394 29.802008 1385618563000 99.0
62.579402 29.802054 1385618565000 100.0
62.579399 29.802055 1385618567000 101.0
62.579395 29.802035 1385618569000 101.0
62.579383 29.801986 1385618571000 100.0
62.579378 29.801976 1385618573000 99.0
62.579378 29.801976 1385618575000 98.0
62.579359 29.802011 1385618577000 98.0
62.579385 29.802012 1385618579000 99.0
62.579408 29.802017 1385618581000 99.0
62.579438 29.802008 1385618583000 100.0
62.57944 29.801965 1385618585000 100.0
62.579418 29.801882 1385618587000 100.0
62.579394 29.801806 1385618589000 100.0
62.579379 29.801759 1385618591000 99.0
62.579373 29.801725 1385618593000 99.0
62.57937 29.801694 1385618595000 100.0
62.579361 29.801687 1385618597000 97.0
62.579355 29.801693 1385618599000 101.0
62.579355 29.80171 1385618601000 101.0
62.579362 29.801745 1385618603000 98.0
62.579362 29.801745 1385618605000 98.0
62.579362 29.801745 1385618607000 97.0
62.579358 29.801835 1385618609000 98.0
62.57936 29.80181 1385618611000 98.0
62.579358 29.801769 1385618613000 98.0
62.579346 29.801727 1385618615000 98.0
62.579335 29.801685 1385618617000 98.0
62.579326 29.801634 1385618619000 98.0
62.579316 29.801574 1385618621000 98.0
62.579307 29.801523 1385618623000 99.0
62.579301 29.801477 1385618625000 98.0
62.579299 29.801429 1385618627000 98.0
62.579305 29.801377 1385618629000 98.0
62.579314 29.80133 1385618631000 98.0
62.579318 29.801285 1385618633000 99.0
62.579323 29.801225 1385618635000 99.0
62.579328 29.801157 1385618637000 98.0
62.579315 29.801064 1385618639000 96.0
62.579298 29.800986 1385618641000 96.0
62.579285 29.800932 1385618643000 96.0
62.579268 29.800906 1385618645000 98.0
62.579259 29.800874 1385618647000 99.0
62.579256 29.800816 1385618649000 99.0
62.579264 29.80073 1385618651000 100.0
62.579275 29.800667 1385618653000 100.0
62.579277 29.800651 1385618655000 102.0
62.579277 29.800651 1385618657000 103.0
62.579277 29.800651 1385618659000 103.0
62.579268 29.800633 1385618661000 103.0
62.57927 29.80059 1385618663000 103.0
62.579285 29.800526 1385618665000 103.0
62.579288 29.800434 1385618667000 104.0
62.579285 29.800357 1385618669000 104.0
62.579268 29.800298 1385618671000 103.0
62.579239 29.800247 1385618673000 103.0
62.579209 29.800194 1385618675000 102.0
62.579189 29.800142 1385618677000 102.0
62.57917 29.800081 1385618679000 102.0
62.579153 29.800018 1385618681000 100.0
62.579147 29.799957 1385618683000 100.0
62.579141 29.799892 1385618685000 98.0
62.579136 29.799824 1385618687000 97.0
62.579129 29.799764 1385618689000 98.0
62.57912 29.799709 1385618691000 97.0
62.57911 29.79966 1385618693000 97.0
62.579102 29.79961 1385618695000 95.0
62.579097 29.799577 1385618697000 95.0
62.579092 29.799539 1385618699000 95.0
62.579085 29.799491 1385618701000 95.0
62.57908 29.799445 1385618703000 94.0
62.579099 29.799378 1385618705000 96.0
62.579133 29.799314 1385618707000 96.0
62.579166 29.799277 1385618709000 97.0
62.579194 29.799287 1385618711000 97.0
62.579219 29.799302 1385618713000 99.0
62.579246 29.799303 1385618715000 99.0
62.579271 29.799298 1385618717000 100.0
62.579298 29.799304 1385618719000 100.0
62.579316 29.79931 1385618721000 101.0
62.579324 29.799299 1385618723000 101.0
62.579335 29.799287 1385618725000 102.0
62.579356 29.799264 1385618727000 101.0
62.579378 29.799231 1385618729000 101.0
62.579407 29.799199 1385618731000 101.0
62.579443 29.799151 1385618733000 100.0
62.579489 29.799099 1385618735000 100.0
62.579535 29.799052 1385618737000 101.0
62.579583 29.799002 1385618739000 101.0
62.579631 29.798938 1385618741000 102.0
62.579689 29.798874 1385618743000 100.0
62.579748 29.79879 1385618745000 100.0
62.579802 29.798719 1385618747000 100.0
62.579854 29.798702 1385618749000 99.0
62.579914 29.798709 1385618751000 99.0
62.57997 29.798708 1385618753000 99.0
62.580025 29.798701 1385618755000 99.0
62.580076 29.79869 1385618757000 99.0
62.580117 29.798653 1385618759000 99.0
62.580149 29.798621 1385618761000 100.0
62.580176 29.798646 1385618763000 100.0
62.580198 29.798645 1385618765000 100.0
62.580229 29.798608 1385618767000 99.0
62.580265 29.79858 1385618769000 100.0
62.580296 29.798573 1385618771000 99.0
62.580351 29.798579 1385618773000 99.0
62.580412 29.798526 1385618775000 99.0
62.58047 29.798464 1385618777000 99.0
62.580521 29.798404 1385618779000 99.0
62.580563 29.798357 1385618781000 99.0
62.580613 29.798329 1385618783000 100.0
62.580665 29.798336 1385618785000 100.0
62.580713 29.798329 1385618787000 101.0
62.580753 29.798263 1385618789000 104.0
62.580794 29.798186 1385618791000 102.0
62.580832 29.798105 1385618793000 104.0
62.580888 29.798033 1385618795000 106.0
62.580944 29.797982 1385618797000 105.0
62.580996 29.797907 1385618799000 103.0
62.581044 29.797841 1385618801000 103.0
62.581099 29.79775 1385618803000 104.0
62.581155 29.797693 1385618805000 105.0
62.581193 29.797671 1385618807000 105.0
62.581226 29.797658 1385618809000 104.0
62.581253 29.797652 1385618811000 103.0
62.581285 29.797652 1385618813000 102.0
62.581345 29.797632 1385618815000 104.0
62.581407 29.79759 1385618817000 102.0
62.581457 29.797545 1385618819000 102.0
62.581487 29.797466 1385618821000 103.0
62.581512 29.797384 1385618823000 102.0
62.581546 29.797333 1385618825000 102.0
62.581582 29.797302 1385618827000 102.0
62.581617 29.797276 1385618829000 103.0
62.581661 29.797253 1385618831000 104.0
62.581704 29.797241 1385618833000 103.0
62.581747 29.797216 1385618835000 104.0
62.581794 29.797181 1385618837000 106.0
62.581845 29.797146 1385618839000 105.0
62.58189 29.797108 1385618841000 105.0
62.581936 29.797067 1385618843000 105.0
62.581982 29.797034 1385618845000 104.0
62.582037 29.796988 1385618847000 105.0
62.582093 29.796932 1385618849000 105.0
62.582151 29.796866 1385618851000 105.0
62.582197 29.796822 1385618853000 105.0
62.582245 29.796789 1385618855000 105.0
62.582294 29.796767 1385618857000 105.0
62.58234 29.796747 1385618859000 105.0
62.582388 29.796725 1385618861000 105.0
62.582443 29.796701 1385618863000 105.0
62.582498 29.796695 1385618865000 104.0
62.58255 29.796713 1385618867000 104.0
62.582594 29.796718 1385618869000 104.0
62.582641 29.796683 1385618871000 103.0
62.582693 29.796632 1385618873000 103.0
62.582744 29.796572 1385618875000 104.0
62.582791 29.79651 1385618877000 104.0
62.582837 29.796446 1385618879000 104.0
62.582867 29.79639 1385618881000 107.0
62.582906 29.796337 1385618883000 107.0
62.582948 29.796286 1385618885000 107.0
62.582992 29.796247 1385618887000 108.0
62.583035 29.796204 1385618889000 107.0
62.583079 29.796162 1385618891000 106.0
62.583122 29.79611 1385618893000 106.0
62.583169 29.796051 1385618895000 107.0
62.583213 29.796004 1385618897000 107.0
62.583253 29.795962 1385618899000 108.0
62.583297 29.795927 1385618901000 108.0
62.583338 29.79589 1385618903000 108.0
62.583375 29.795864 1385618905000 109.0
62.583413 29.795839 1385618907000 111.0
62.583451 29.795798 1385618909000 112.0
62.583488 29.795757 1385618911000 112.0
62.583517 29.795727 1385618913000 111.0
62.58355 29.795698 1385618915000 110.0
62.583585 29.795668 1385618917000 109.0
62.583627 29.795641 1385618919000 110.0
62.583688 29.79564 1385618921000 112.0
62.583764 29.795637 1385618923000 113.0
62.583818 29.795615 1385618925000 113.0
62.583856 29.795586 1385618927000 112.0
62.583893 29.795553 1385618929000 111.0
62.583928 29.795506 1385618931000 111.0
62.583962 29.795454 1385618933000 110.0
62.583994 29.795405 1385618935000 108.0
62.584021 29.795368 1385618937000 108.0
62.584043 29.795326 1385618939000 108.0
62.584061 29.795294 1385618941000 107.0
62.58407 29.795268 1385618943000 106.0
62.584072 29.795237 1385618945000 105.0
62.584072 29.795202 1385618947000 105.0
62.584078 29.795182 1385618949000 105.0
62.584096 29.795134 1385618951000 106.0
62.584106 29.795081 1385618953000 108.0
62.584102 29.795011 1385618955000 107.0
62.584098 29.794949 1385618957000 108.0
62.584092 29.794876 1385618959000 108.0
62.584092 29.794816 1385618961000 108.0
62.584102 29.794777 1385618963000 108.0
62.584112 29.794742 1385618965000 108.0
62.584134 29.794708 1385618967000 107.0
62.584163 29.794662 1385618969000 108.0
62.584179 29.794606 1385618971000 107.0
62.584191 29.794545 1385618973000 107.0
62.584203 29.794493 1385618975000 108.0
62.584219 29.794452 1385618977000 109.0
62.58425 29.794423 1385618979000 109.0
62.584284 29.794394 1385618981000 108.0
62.584317 29.794371 1385618983000 108.0
62.584358 29.794338 1385618985000 114.0
62.584399 29.794327 1385618987000 114.0
62.584433 29.794333 1385618989000 113.0
62.58444 29.794339 1385618991000 111.0
62.584446 29.794347 1385618993000 111.0
62.584458 29.794357 1385618995000 112.0
62.584475 29.79438 1385618997000 110.0
62.584492 29.794428 1385618999000 109.0
62.584525 29.794482 1385619001000 109.0
62.584571 29.794532 1385619003000 109.0
62.584614 29.794533 1385619005000 108.0
62.584667 29.794462 1385619007000 109.0
62.58473 29.794373 1385619009000 109.0
62.584802 29.79429 1385619011000 108.0
62.584861 29.794219 1385619013000 109.0
62.584921 29.79416 1385619015000 107.0
62.584971 29.794119 1385619017000 107.0
62.585018 29.794076 1385619019000 107.0
62.585059 29.794037 1385619021000 107.0
62.585098 29.793995 1385619023000 107.0
62.585127 29.793932 1385619025000 106.0
62.585155 29.793866 1385619027000 105.0
62.585194 29.793838 1385619029000 105.0
62.585224 29.793822 1385619031000 105.0
62.585272 29.793822 1385619033000 109.0
62.58536 29.793813 1385619035000 109.0
62.585427 29.793761 1385619037000 109.0
62.585487 29.793726 1385619039000 110.0
62.585555 29.793748 1385619041000 112.0
62.585601 29.793717 1385619043000 110.0
62.585634 29.793676 1385619045000 109.0
62.585651 29.793653 1385619047000 109.0
62.585654 29.793657 1385619049000 110.0
62.585652 29.793654 1385619051000 110.0
62.585646 29.79363 1385619053000 108.0
62.585645 29.793623 1385619055000 111.0
62.585645 29.793623 1385619057000 111.0
62.58564 29.793602 1385619059000 110.0
62.585639 29.79359 1385619061000 110.0
62.585639 29.793583 1385619063000 109.0
62.585639 29.793583 1385619065000 108.0
62.585639 29.793583 1385619067000 108.0
62.585634 29.793513 1385619069000 108.0
62.585646 29.793475 1385619071000 108.0
62.585668 29.793414 1385619073000 109.0
62.585703 29.793343 1385619075000 109.0
62.585761 29.793299 1385619077000 109.0
62.585825 29.793264 1385619079000 109.0
62.585879 29.793207 1385619081000 108.0
62.585931 29.793166 1385619083000 107.0
62.585989 29.79315 1385619085000 106.0
62.586048 29.7931 1385619087000 106.0
62.586099 29.79303 1385619089000 106.0
62.586141 29.792997 1385619091000 107.0
62.58617 29.793051 1385619093000 105.0
62.586233 29.793085 1385619095000 104.0
62.586304 29.793074 1385619097000 105.0
62.586363 29.793043 1385619099000 105.0
62.586413 29.793025 1385619101000 106.0
62.586462 29.793 1385619103000 105.0
62.586536 29.792982 1385619105000 105.0
62.586612 29.792917 1385619107000 105.0
62.58668 29.792834 1385619109000 105.0
62.586742 29.792751 1385619111000 106.0
62.586803 29.792683 1385619113000 106.0
62.586873 29.79262 1385619115000 106.0
62.586961 29.792587 1385619117000 106.0
62.587062 29.792601 1385619119000 106.0
62.587152 29.792625 1385619121000 106.0
62.587245 29.792616 1385619123000 105.0
62.587312 29.792547 1385619125000 105.0
62.587367 29.792473 1385619127000 105.0
62.587409 29.792386 1385619129000 106.0
62.587459 29.79235 1385619131000 106.0
62.587516 29.79234 1385619133000 104.0
62.587564 29.792326 1385619135000 105.0
62.587596 29.792322 1385619137000 105.0
62.587653 29.792335 1385619139000 106.0
62.587707 29.792339 1385619141000 106.0
62.587743 29.792291 1385619143000 105.0
62.58776 29.792217 1385619145000 104.0
62.587787 29.792145 1385619147000 105.0
62.587829 29.792097 1385619149000 105.0
62.587892 29.792086 1385619151000 105.0
62.587967 29.792055 1385619153000 105.0
62.588027 29.791978 1385619155000 105.0
62.588069 29.791879 1385619157000 104.0
62.588118 29.791762 1385619159000 104.0
62.588176 29.7917 1385619161000 103.0
62.588228 29.791697 1385619163000 104.0
62.588264 29.791676 1385619165000 105.0
62.588314 29.791613 1385619167000 105.0
62.588369 29.791543 1385619169000 104.0
62.588413 29.791466 1385619171000 104.0
62.58845 29.791393 1385619173000 104.0
62.588506 29.791341 1385619175000 105.0
62.588563 29.791297 1385619177000 105.0
62.588643 29.791298 1385619179000 106.0
62.588718 29.7913 1385619181000 106.0
62.588772 29.791246 1385619183000 106.0
62.588809 29.791157 1385619185000 106.0
62.588855 29.791088 1385619187000 108.0
62.58892 29.791084 1385619189000 109.0
62.588993 29.791105 1385619191000 108.0
62.589056 29.791112 1385619193000 107.0
62.589102 29.791099 1385619195000 107.0
62.589127 29.79102 1385619197000 108.0
62.589145 29.79091 1385619199000 109.0
62.589162 29.790814 1385619201000 109.0
62.589171 29.790739 1385619203000 108.0
62.589202 29.790677 1385619205000 109.0
62.589252 29.790622 1385619207000 110.0
62.589312 29.790571 1385619209000 112.0
62.589364 29.79051 1385619211000 111.0
62.589405 29.790423 1385619213000 111.0
62.589437 29.79033 1385619215000 110.0
62.589471 29.79023 1385619217000 109.0
62.589523 29.79013 1385619219000 109.0
62.5896 29.790075 1385619221000 109.0
62.589678 29.790109 1385619223000 110.0
62.589742 29.790161 1385619225000 110.0
62.589809 29.790161 1385619227000 110.0
62.589876 29.790129 1385619229000 110.0
62.589935 29.790093 1385619231000 108.0
62.589985 29.790071 1385619233000 109.0
62.590032 29.790034 1385619235000 110.0
62.590086 29.789992 1385619237000 110.0
62.590149 29.789944 1385619239000 110.0
62.590212 29.789902 1385619241000 110.0
62.590271 29.789867 1385619243000 110.0
62.59033 29.789847 1385619245000 110.0
62.590393 29.78985 1385619247000 111.0
62.590451 29.789868 1385619249000 111.0
62.590515 29.789824 1385619251000 110.0
62.59058 29.789756 1385619253000 110.0
62.590648 29.789679 1385619255000 110.0
62.590708 29.789596 1385619257000 110.0
62.590771 29.789536 1385619259000 110.0
62.590837 29.789498 1385619261000 110.0
62.590911 29.789442 1385619263000 110.0
62.590976 29.789378 1385619265000 110.0
62.591039 29.789294 1385619267000 111.0
62.591106 29.789207 1385619269000 109.0
62.591173 29.789089 1385619271000 109.0
62.591228 29.788964 1385619273000 108.0
62.591274 29.78883 1385619275000 108.0
62.591317 29.788702 1385619277000 108.0
62.591349 29.788561 1385619279000 108.0
62.591386 29.788433 1385619281000 107.0
62.591431 29.788315 1385619283000 108.0
62.591483 29.788194 1385619285000 109.0
62.591542 29.788088 1385619287000 109.0
62.591589 29.787972 1385619289000 109.0
62.591595 29.787846 1385619291000 109.0
62.591586 29.787701 1385619293000 109.0
62.591596 29.787587 1385619295000 109.0
62.591649 29.787527 1385619297000 109.0
62.591713 29.787487 1385619299000 109.0
62.591748 29.787375 1385619301000 110.0
62.591774 29.78724 1385619303000 109.0
62.591827 29.787157 1385619305000 109.0
62.5919 29.787117 1385619307000 109.0
62.591965 29.787079 1385619309000 108.0
62.592026 29.787051 1385619311000 108.0
62.592083 29.787066 1385619313000 109.0
62.592131 29.787076 1385619315000 109.0
62.592168 29.787006 1385619317000 109.0
62.592217 29.786904 1385619319000 108.0
62.592296 29.78679 1385619321000 107.0
62.592393 29.786718 1385619323000 106.0
62.592464 29.786582 1385619325000 107.0
62.592548 29.786505 1385619327000 107.0
62.592629 29.786455 1385619329000 110.0
62.592687 29.786383 1385619331000 108.0
62.592737 29.786307 1385619333000 108.0
62.59278 29.786209 1385619335000 108.0
62.592824 29.786108 1385619337000 108.0
62.592885 29.786024 1385619339000 108.0
62.592961 29.785939 1385619341000 107.0
62.593021 29.785828 1385619343000 106.0
62.593043 29.78565 1385619345000 107.0
62.593041 29.78547 1385619347000 106.0
62.593055 29.785365 1385619349000 107.0
62.59307 29.785264 1385619351000 106.0
62.593091 29.785162 1385619353000 106.0
62.593128 29.785103 1385619355000 106.0
62.593173 29.785073 1385619357000 107.0
62.593208 29.785032 1385619359000 107.0
62.59324 29.784983 1385619361000 106.0
62.593254 29.78491 1385619363000 108.0
62.593269 29.784862 1385619365000 109.0
62.593295 29.784811 1385619367000 110.0
62.593324 29.78476 1385619369000 110.0
62.593367 29.784707 1385619371000 111.0
62.593416 29.784659 1385619373000 113.0
62.593458 29.784614 1385619375000 113.0
62.593507 29.784556 1385619377000 114.0
62.59355 29.784497 1385619379000 114.0
62.593586 29.784438 1385619381000 113.0
62.593619 29.78438 1385619383000 111.0
62.593655 29.784322 1385619385000 113.0
62.593694 29.784281 1385619387000 113.0
62.593727 29.784238 1385619389000 115.0
62.593758 29.784176 1385619391000 115.0
62.593761 29.784089 1385619393000 116.0
62.59377 29.784 1385619395000 116.0
62.593797 29.783929 1385619397000 116.0
62.593831 29.783883 1385619399000 116.0
62.593879 29.783846 1385619401000 116.0
62.593916 29.783775 1385619403000 117.0
62.593943 29.783681 1385619405000 116.0
62.593954 29.783581 1385619407000 116.0
62.59396 29.783472 1385619409000 116.0
62.593985 29.783377 1385619411000 117.0
62.594034 29.783304 1385619413000 117.0
62.594094 29.783237 1385619415000 117.0
62.594149 29.783167 1385619417000 117.0
62.594212 29.783109 1385619419000 117.0
62.594286 29.783063 1385619421000 116.0
62.594347 29.78303 1385619423000 113.0
62.594396 29.782996 1385619425000 112.0
62.59445 29.782963 1385619427000 112.0
62.594504 29.78292 1385619429000 111.0
62.594555 29.78289 1385619431000 111.0
62.594599 29.782901 1385619433000 110.0
62.594628 29.7829 1385619435000 111.0
62.594656 29.782874 1385619437000 110.0
62.594691 29.782842 1385619439000 111.0
62.594731 29.782799 1385619441000 111.0
62.594774 29.782751 1385619443000 111.0
62.594826 29.782695 1385619445000 113.0
62.594876 29.782628 1385619447000 115.0
62.594925 29.782543 1385619449000 115.0
62.594975 29.782426 1385619451000 115.0
62.595028 29.782277 1385619453000 114.0
62.595078 29.782132 1385619455000 115.0
62.59511 29.781985 1385619457000 115.0
62.59514 29.781852 1385619459000 115.0
62.595173 29.78174 1385619461000 113.0
62.595213 29.781664 1385619463000 113.0
62.595263 29.781616 1385619465000 113.0
62.595306 29.781585 1385619467000 113.0
62.595313 29.781593 1385619469000 114.0
62.595297 29.781606 1385619471000 113.0
62.595281 29.781608 1385619473000 112.0
62.595293 29.781589 1385619475000 111.0
62.595318 29.781558 1385619477000 111.0
62.595362 29.781491 1385619479000 112.0
62.595417 29.781388 1385619481000 112.0
62.595465 29.781231 1385619483000 113.0
62.595511 29.781005 1385619485000 112.0
62.595565 29.780775 1385619487000 111.0
62.595621 29.780616 1385619489000 111.0
62.595674 29.78051 1385619491000 111.0
62.595726 29.780362 1385619493000 111.0
62.595782 29.780189 1385619495000 111.0
62.595847 29.779993 1385619497000 111.0
62.595911 29.779792 1385619499000 113.0
62.595938 29.779611 1385619501000 114.0
62.595937 29.779468 1385619503000 114.0
62.595924 29.779348 1385619505000 114.0
62.595936 29.779225 1385619507000 113.0
62.595948 29.779091 1385619509000 113.0
62.595935 29.778937 1385619511000 110.0
62.595901 29.778762 1385619513000 108.0
62.595873 29.778594 1385619515000 107.0
62.595841 29.778443 1385619517000 107.0
62.595813 29.778313 1385619519000 107.0
62.595795 29.778167 1385619521000 107.0
62.595796 29.777993 1385619523000 107.0
62.595779 29.777848 1385619525000 106.0
62.595751 29.777706 1385619527000 105.0
62.595734 29.777545 1385619529000 104.0
62.595717 29.777374 1385619531000 102.0
62.595708 29.777211 1385619533000 101.0
62.595695 29.777041 1385619535000 101.0
62.595672 29.776867 1385619537000 97.0
62.595649 29.776692 1385619539000 97.0
62.595643 29.776508 1385619541000 96.0
62.59564 29.776332 1385619543000 95.0
62.59565 29.776161 1385619545000 96.0
62.595665 29.776005 1385619547000 95.0
62.595676 29.77588 1385619549000 95.0
62.595659 29.7758 1385619551000 94.0
62.595642 29.775726 1385619553000 95.0
62.595617 29.775697 1385619555000 95.0
62.595584 29.775663 1385619557000 95.0
62.595563 29.775621 1385619559000 95.0
62.595561 29.775594 1385619561000 96.0
62.595564 29.775595 1385619563000 95.0
62.595546 29.775658 1385619565000 94.0
62.595546 29.775658 1385619567000 95.0
62.595524 29.775704 1385619569000 94.0
62.595529 29.775709 1385619571000 95.0
62.595531 29.775712 1385619573000 95.0
62.595531 29.775712 1385619575000 94.0
62.595531 29.775712 1385619577000 94.0
62.595531 29.775712 1385619579000 94.0
62.595514 29.775797 1385619581000 95.0
62.595511 29.77581 1385619583000 95.0
62.595513 29.775814 1385619585000 96.0
62.595515 29.775815 1385619587000 95.0
62.595515 29.775815 1385619589000 95.0
62.595516 29.775733 1385619591000 94.0
62.595529 29.775619 1385619593000 94.0
62.595548 29.77548 1385619595000 95.0
62.595572 29.77533 1385619597000 95.0
62.595612 29.775184 1385619599000 95.0
62.595652 29.775026 1385619601000 95.0
62.595678 29.774877 1385619603000 94.0
62.595689 29.77476 1385619605000 94.0
62.595701 29.774645 1385619607000 94.0
62.595706 29.774516 1385619609000 93.0
62.595719 29.774365 1385619611000 94.0
62.595733 29.774211 1385619613000 95.0
62.595746 29.774076 1385619615000 95.0
62.595761 29.773954 1385619617000 94.0
62.595773 29.77383 1385619619000 94.0
62.595784 29.773697 1385619621000 92.0
62.595791 29.77358 1385619623000 93.0
62.595801 29.773472 1385619625000 94.0
62.595805 29.773341 1385619627000 95.0
62.595808 29.773206 1385619629000 95.0
62.595819 29.773069 1385619631000 96.0
62.595837 29.772929 1385619633000 96.0
62.595851 29.772786 1385619635000 95.0
62.595852 29.772663 1385619637000 95.0
62.595856 29.772539 1385619639000 95.0
62.595866 29.772399 1385619641000 95.0
62.595885 29.772228 1385619643000 97.0
62.595905 29.772035 1385619645000 96.0
62.595926 29.771836 1385619647000 95.0
62.595942 29.771632 1385619649000 96.0
62.595957 29.771442 1385619651000 96.0
62.595962 29.771275 1385619653000 96.0
62.595971 29.771115 1385619655000 96.0
62.595981 29.770978 1385619657000 95.0
62.595994 29.770829 1385619659000 96.0
62.596008 29.770678 1385619661000 96.0
62.596023 29.770516 1385619663000 95.0
62.596053 29.770309 1385619665000 96.0
62.596079 29.770203 1385619667000 96.0
62.596113 29.770037 1385619669000 97.0
62.596154 29.769873 1385619671000 97.0
62.596205 29.769748 1385619673000 99.0
62.596221 29.769598 1385619675000 100.0
62.596249 29.769369 1385619677000 100.0
62.596291 29.769162 1385619679000 101.0
62.596303 29.769036 1385619681000 102.0
62.596311 29.768912 1385619683000 100.0
62.596322 29.768793 1385619685000 100.0
62.596347 29.768644 1385619687000 98.0
62.596348 29.768542 1385619689000 99.0
62.596365 29.768386 1385619691000 100.0
62.596376 29.768261 1385619693000 101.0
62.596391 29.768141 1385619695000 101.0
62.596408 29.768021 1385619697000 99.0
62.596426 29.767897 1385619699000 98.0
62.596449 29.767767 1385619701000 97.0
62.59648 29.767622 1385619703000 96.0
62.596511 29.767482 1385619705000 99.0
62.596559 29.76734 1385619707000 99.0
62.596612 29.767205 1385619709000 98.0
62.596662 29.767062 1385619711000 97.0
62.59671 29.766911 1385619713000 98.0
62.596756 29.766758 1385619715000 97.0
62.596787 29.76662 1385619717000 95.0
62.596832 29.766484 1385619719000 97.0
62.596887 29.766353 1385619721000 96.0
62.596939 29.766227 1385619723000 99.0
62.596981 29.766094 1385619725000 98.0
62.597051 29.765924 1385619727000 98.0
62.597092 29.765797 1385619729000 98.0
62.597131 29.765631 1385619731000 98.0
62.597154 29.765469 1385619733000 96.0
62.597215 29.765318 1385619735000 97.0
62.597286 29.765173 1385619737000 98.0
62.59734 29.765032 1385619739000 97.0
62.597378 29.7649 1385619741000 97.0
62.59741 29.764764 1385619743000 97.0
62.597448 29.764626 1385619745000 96.0
62.597489 29.764468 1385619747000 94.0
62.597534 29.764309 1385619749000 94.0
62.597595 29.764149 1385619751000 94.0
62.597661 29.764012 1385619753000 95.0
62.597726 29.763881 1385619755000 95.0
62.597776 29.763769 1385619757000 94.0
62.597811 29.763676 1385619759000 93.0
62.597841 29.763592 1385619761000 92.0
62.597881 29.763502 1385619763000 92.0
62.597923 29.763408 1385619765000 92.0
62.597973 29.763313 1385619767000 92.0
62.598021 29.763219 1385619769000 91.0
62.598043 29.76312 1385619771000 91.0
62.598054 29.762999 1385619773000 91.0
62.598074 29.762868 1385619775000 91.0
62.598097 29.762762 1385619777000 92.0
62.598128 29.762673 1385619779000 92.0
62.598138 29.762619 1385619781000 92.0
62.598097 29.762551 1385619783000 93.0
62.598019 29.762456 1385619785000 92.0
62.59793 29.762394 1385619787000 92.0
62.597859 29.762419 1385619789000 92.0
62.59778 29.762438 1385619791000 92.0
62.597702 29.762439 1385619793000 92.0
62.597623 29.762419 1385619795000 93.0
62.597554 29.762402 1385619797000 93.0
62.597496 29.762382 1385619799000 91.0
62.59746 29.762314 1385619801000 91.0
62.597433 29.762242 1385619803000 90.0
62.597409 29.762192 1385619805000 91.0
62.597384 29.762159 1385619807000 91.0
62.597361 29.762161 1385619809000 89.0
62.597313 29.762151 1385619811000 88.0
62.597254 29.762105 1385619813000 87.0
62.597191 29.762065 1385619815000 86.0
62.597138 29.762005 1385619817000 85.0
62.597095 29.761928 1385619819000 85.0
62.59705 29.761855 1385619821000 84.0
62.597008 29.761817 1385619823000 83.0
62.596975 29.761791 1385619825000 84.0
62.596961 29.761752 1385619827000 83.0
62.596959 29.7617 1385619829000 84.0
62.596959 29.761626 1385619831000 84.0
62.596963 29.761553 1385619833000 85.0
62.596965 29.761472 1385619835000 85.0
62.596965 29.761371 1385619837000 85.0
62.596954 29.761258 1385619839000 84.0
62.596958 29.761148 1385619841000 84.0
62.596986 29.761035 1385619843000 83.0
62.59702 29.76094 1385619845000 83.0
62.597048 29.760849 1385619847000 83.0
62.597068 29.760724 1385619849000 83.0
62.597096 29.760576 1385619851000 83.0
62.597138 29.760464 1385619853000 84.0
62.597172 29.760367 1385619855000 86.0
62.597204 29.760276 1385619857000 87.0
62.597235 29.760205 1385619859000 87.0
62.597249 29.760104 1385619861000 87.0
62.597257 29.759979 1385619863000 87.0
62.597273 29.759857 1385619865000 88.0
62.597296 29.759733 1385619867000 88.0
62.597327 29.759601 1385619869000 88.0
62.597353 29.759448 1385619871000 87.0
62.597385 29.759286 1385619873000 88.0
62.597432 29.759122 1385619875000 88.0
62.597475 29.758971 1385619877000 88.0
62.597586 29.758739 1385619879000 88.0
62.597574 29.758624 1385619881000 88.0
62.597604 29.758482 1385619883000 88.0
62.597625 29.758373 1385619885000 88.0
62.597648 29.758266 1385619887000 87.0
62.597637 29.758083 1385619889000 88.0
62.597664 29.757943 1385619891000 88.0
62.597699 29.7578 1385619893000 88.0
62.597738 29.757656 1385619895000 89.0
62.597778 29.757514 1385619897000 89.0
62.597828 29.757357 1385619899000 89.0
62.597886 29.757193 1385619901000 89.0
62.597947 29.757019 1385619903000 89.0
62.597992 29.756857 1385619905000 89.0
62.598023 29.756719 1385619907000 90.0
62.598032 29.756599 1385619909000 90.0
62.598047 29.756455 1385619911000 90.0
62.59806 29.756281 1385619913000 90.0
62.598087 29.756113 1385619915000 90.0
62.598101 29.755967 1385619917000 88.0
62.598114 29.755822 1385619919000 88.0
62.598123 29.755696 1385619921000 88.0
62.598137 29.755566 1385619923000 89.0
62.59815 29.755421 1385619925000 89.0
62.59817 29.755266 1385619927000 88.0
62.598205 29.755109 1385619929000 87.0
62.598226 29.754873 1385619931000 87.0
62.598236 29.754619 1385619933000 87.0
62.598245 29.754504 1385619935000 87.0
62.598282 29.754412 1385619937000 86.0
62.598306 29.754253 1385619939000 86.0
62.598339 29.754044 1385619941000 86.0
62.598383 29.75384 1385619943000 87.0
62.598507 29.753699 1385619945000 87.0
62.598555 29.75371 1385619947000 87.0
62.598624 29.753602 1385619949000 87.0
62.598705 29.753434 1385619951000 85.0
62.598619 29.753298 1385619953000 86.0
62.598603 29.753106 1385619955000 83.0
62.598621 29.752943 1385619957000 84.0
62.598647 29.752774 1385619959000 84.0
62.598675 29.752648 1385619961000 84.0
62.598679 29.75253 1385619963000 85.0
62.598766 29.752398 1385619965000 85.0
62.598801 29.752268 1385619967000 85.0
62.598831 29.752129 1385619969000 85.0
62.598882 29.751976 1385619971000 85.0
62.598923 29.751816 1385619973000 85.0
62.598956 29.751653 1385619975000 85.0
62.598983 29.751521 1385619977000 86.0
62.599009 29.751401 1385619979000 85.0
62.599017 29.751266 1385619981000 83.0
62.59902 29.751104 1385619983000 85.0
62.599027 29.750933 1385619985000 86.0
62.599048 29.750761 1385619987000 87.0
62.599076 29.750616 1385619989000 87.0
62.59909 29.750486 1385619991000 86.0
62.599095 29.750388 1385619993000 85.0
62.599104 29.750295 1385619995000 85.0
62.59912 29.750177 1385619997000 86.0
62.599145 29.750007 1385619999000 86.0
62.599193 29.749826 1385620001000 85.0
62.599248 29.749665 1385620003000 83.0
62.599289 29.749518 1385620005000 85.0
62.599332 29.749359 1385620007000 83.0
62.599365 29.749198 1385620009000 83.0
62.599399 29.749018 1385620011000 83.0
62.599437 29.748859 1385620013000 84.0
62.599476 29.748691 1385620015000 84.0
62.599504 29.748538 1385620017000 84.0
62.599534 29.748375 1385620019000 84.0
62.599572 29.748197 1385620021000 84.0
62.599624 29.748033 1385620023000 84.0
62.599671 29.747895 1385620025000 82.0
62.599712 29.747756 1385620027000 83.0
62.599742 29.747611 1385620029000 84.0
62.599757 29.747446 1385620031000 84.0
62.599769 29.747289 1385620033000 84.0
62.599761 29.747148 1385620035000 82.0
62.599753 29.747047 1385620037000 81.0
62.59975 29.746964 1385620039000 81.0
62.599759 29.746889 1385620041000 80.0
62.599768 29.746811 1385620043000 80.0
62.599795 29.746727 1385620045000 78.0
62.59981 29.746646 1385620047000 78.0
62.599844 29.746557 1385620049000 78.0
62.599915 29.746395 1385620051000 80.0
62.599954 29.746188 1385620053000 80.0
62.59996 29.746005 1385620055000 80.0
62.599955 29.745909 1385620057000 81.0
62.599948 29.745847 1385620059000 83.0
62.599928 29.745802 1385620061000 84.0
62.599889 29.745766 1385620063000 82.0
62.599848 29.745735 1385620065000 82.0
62.599805 29.745676 1385620067000 82.0
62.599762 29.745592 1385620069000 82.0
62.599714 29.745545 1385620071000 83.0
62.599663 29.745535 1385620073000 83.0
62.599603 29.745536 1385620075000 83.0
62.599534 29.745526 1385620077000 83.0
62.599461 29.745495 1385620079000 82.0
62.599385 29.745468 1385620081000 82.0
62.599301 29.745458 1385620083000 83.0
62.599208 29.745483 1385620085000 84.0
62.599054 29.745521 1385620087000 83.0
62.599005 29.745412 1385620089000 83.0
62.598912 29.745202 1385620091000 84.0
62.598892 29.745182 1385620093000 86.0
62.598864 29.745145 1385620095000 87.0
62.59881 29.745048 1385620097000 87.0
62.598754 29.744996 1385620099000 88.0
62.598691 29.744953 1385620101000 89.0
62.598632 29.744956 1385620103000 89.0
62.598582 29.744975 1385620105000 89.0
62.598535 29.745048 1385620107000 90.0
62.598459 29.745093 1385620109000 91.0
62.598377 29.745104 1385620111000 88.0
62.598302 29.745098 1385620113000 88.0
62.598215 29.745107 1385620115000 84.0
62.598156 29.745106 1385620117000 84.0
62.598107 29.745005 1385620119000 87.0
62.598099 29.744444 1385620121000 88.0
62.598106 29.744377 1385620123000 88.0
62.598119 29.744328 1385620125000 87.0
62.598141 29.744319 1385620127000 88.0
62.598148 29.744327 1385620129000 88.0
62.598147 29.744353 1385620131000 86.0
62.59813 29.744455 1385620133000 86.0
62.598113 29.744575 1385620135000 87.0
62.598087 29.744638 1385620137000 90.0
62.598059 29.74466 1385620139000 91.0
62.598048 29.744647 1385620141000 94.0
62.598042 29.744646 1385620143000 93.0
62.598042 29.744638 1385620145000 93.0
62.598038 29.744617 1385620147000 95.0
62.598033 29.744598 1385620149000 96.0
62.59803 29.744584 1385620151000 97.0
62.598036 29.744581 1385620153000 96.0
62.598057 29.744544 1385620155000 96.0
62.598064 29.744479 1385620157000 95.0
62.598052 29.744421 1385620159000 93.0
62.598037 29.744387 1385620161000 94.0
62.598015 29.744393 1385620163000 94.0
62.598005 29.744425 1385620165000 93.0
62.598 29.74447 1385620167000 93.0
62.598 29.74447 1385620169000 93.0