62.584747 29.794297 1385821346000 116.0
62.584737 29.794307 1385821350000 115.80000305176
62.584678 29.794351 1385821354000 115.59999847412
62.584648 29.794373 1385821356000 115.80000305176
62.584587 29.794414 1385821360000 116.09999847412
62.584554 29.794428 1385821362000 116.09999847412
62.58449 29.794439 1385821366000 116.0
62.584462 29.794427 1385821368000 116.0
62.584415 29.794374 1385821372000 115.59999847412
62.584394 29.794343 1385821374000 115.59999847412
62.584347 29.794308 1385821378000 115.59999847412
62.584325 29.794309 1385821380000 115.0
62.584294 29.794349 1385821384000 115.80000305176
62.584284 29.794361 1385821386000 115.69999694824
62.584226 29.794427 1385821390000 115.0
62.584212 29.794445 1385821392000 114.69999694824
62.584185 29.794491 1385821396000 113.69999694824
62.584175 29.794529 1385821398000 113.59999847412
62.584155 29.794669 1385821402000 115.0
62.584139 29.794725 1385821404000 115.0
62.584117 29.794803 1385821408000 116.19999694824
62.584116 29.794815 1385821410000 116.40000152588
62.584133 29.794901 1385821414000 116.69999694824
62.584141 29.794939 1385821416000 115.09999847412
62.584139 29.795028 1385821420000 116.90000152588
62.584129 29.795072 1385821422000 116.69999694824
62.584087 29.795104 1385821426000 116.09999847412
62.584065 29.795111 1385821428000 116.80000305176
62.584019 29.795153 1385821432000 116.69999694824
62.583996 29.79518 1385821434000 116.59999847412
62.583949 29.79525 1385821438000 115.09999847412
62.583921 29.795273 1385821440000 115.59999847412
62.583871 29.795321 1385821444000 114.90000152588
62.583849 29.795349 1385821446000 113.69999694824
62.583798 29.795415 1385821450000 115.59999847412
62.583762 29.795451 1385821452000 115.80000305176
62.583699 29.795502 1385821456000 116.40000152588
62.58367 29.795526 1385821458000 117.69999694824
62.583625 29.795591 1385821462000 118.90000152588
62.583596 29.795609 1385821464000 118.30000305176
62.583534 29.795663 1385821468000 117.40000152588
62.5835 29.795692 1385821470000 117.59999847412
62.583434 29.795747 1385821474000 117.69999694824
62.583399 29.795777 1385821476000 117.5
62.583333 29.795839 1385821480000 117.5
62.583304 29.795874 1385821482000 115.80000305176
62.583261 29.795928 1385821486000 113.59999847412
62.583227 29.795946 1385821488000 114.30000305176
62.583168 29.795981 1385821492000 113.5
62.583141 29.795998 1385821494000 113.69999694824
62.583091 29.796048 1385821498000 113.09999847412
62.583063 29.79608 1385821500000 112.5
62.583004 29.796132 1385821504000 112.59999847412
62.582972 29.796158 1385821506000 112.80000305176
62.582913 29.79621 1385821510000 111.19999694824
62.582883 29.796236 1385821512000 111.59999847412
62.582823 29.796303 1385821516000 112.30000305176
62.582792 29.796335 1385821518000 113.09999847412
62.582735 29.79639 1385821522000 114.0
62.582708 29.79642 1385821524000 114.90000152588
62.582648 29.796433 1385821528000 113.5
62.582621 29.796443 1385821530000 113.59999847412
62.582569 29.796487 1385821534000 113.5
62.582547 29.796519 1385821536000 112.5
62.582507 29.796578 1385821540000 111.5
62.582481 29.796604 1385821542000 111.80000305176
62.582424 29.796652 1385821546000 110.09999847412
62.582397 29.79667 1385821548000 109.80000305176
62.58234 29.796716 1385821552000 109.5
62.58231 29.796745 1385821554000 109.30000305176
62.582249 29.796791 1385821558000 109.30000305176
62.582219 29.796811 1385821560000 109.30000305176
62.582152 29.796875 1385821564000 110.69999694824
62.582119 29.796908 1385821566000 110.59999847412
62.582055 29.79696 1385821570000 111.09999847412
62.582026 29.796983 1385821572000 111.90000152588
62.581965 29.797035 1385821576000 114.5
62.581933 29.797061 1385821578000 114.30000305176
62.581874 29.797105 1385821582000 113.5
62.58185 29.797119 1385821584000 113.0
62.581802 29.797161 1385821588000 113.40000152588
62.581773 29.797175 1385821590000 113.30000305176
62.581712 29.797211 1385821594000 112.5
62.581686 29.79723 1385821596000 112.90000152588
62.581629 29.797281 1385821600000 113.59999847412
62.5816 29.797305 1385821602000 113.09999847412
62.581541 29.797359 1385821606000 111.80000305176
62.581517 29.797393 1385821608000 110.5
62.581494 29.797504 1385821612000 111.0
62.581486 29.797572 1385821614000 112.30000305176
62.581468 29.79771 1385821618000 112.5
62.581454 29.79777 1385821620000 113.30000305176
62.581406 29.797842 1385821624000 111.80000305176
62.581379 29.797875 1385821626000 111.59999847412
62.581327 29.797975 1385821630000 112.30000305176
62.581305 29.798024 1385821632000 112.09999847412
62.581272 29.798063 1385821636000 113.80000305176
62.581257 29.798085 1385821638000 112.90000152588
62.581247 29.798118 1385821642000 112.40000152588
62.581247 29.798125 1385821644000 112.30000305176
62.581243 29.798134 1385821648000 112.09999847412
62.581236 29.798158 1385821650000 112.30000305176
62.581213 29.798242 1385821654000 111.19999694824
62.581203 29.798291 1385821656000 111.40000152588
62.581189 29.79841 1385821660000 111.69999694824
62.581181 29.798452 1385821662000 112.09999847412
62.581157 29.798514 1385821666000 110.09999847412
62.581142 29.798552 1385821668000 109.80000305176
62.581092 29.798618 1385821672000 110.30000305176
62.581071 29.798633 1385821674000 110.80000305176
62.581051 29.798636 1385821678000 111.09999847412
62.581038 29.798677 1385821680000 111.30000305176
62.58102 29.798777 1385821684000 112.19999694824
62.581014 29.798834 1385821686000 112.19999694824
62.580994 29.79895 1385821690000 111.59999847412
62.580994 29.798996 1385821692000 111.59999847412
62.580993 29.799023 1385821696000 111.19999694824
62.580991 29.799032 1385821698000 110.80000305176
62.580978 29.799062 1385821702000 110.59999847412
62.580968 29.799087 1385821704000 110.30000305176
62.58096 29.79913 1385821708000 110.30000305176
62.580951 29.799154 1385821710000 109.90000152588
62.580907 29.799248 1385821714000 109.80000305176
62.580888 29.799312 1385821716000 109.30000305176
62.580883 29.799461 1385821720000 109.30000305176
62.580893 29.799551 1385821722000 108.80000305176
62.580897 29.799707 1385821726000 109.19999694824
62.580895 29.799782 1385821728000 108.80000305176
62.580897 29.799925 1385821732000 108.69999694824
62.5809 29.799987 1385821734000 108.30000305176
62.580898 29.800115 1385821738000 108.09999847412
62.580903 29.800181 1385821740000 108.0
62.580902 29.800299 1385821744000 106.69999694824
62.580902 29.800355 1385821746000 106.90000152588
62.580904 29.800462 1385821750000 105.5
62.580911 29.800522 1385821752000 105.80000305176
62.580929 29.800652 1385821756000 106.09999847412
62.580943 29.800718 1385821758000 106.30000305176
62.580971 29.80087 1385821762000 108.0
62.580975 29.800948 1385821764000 108.5
62.580988 29.801082 1385821768000 107.90000152588
62.58099 29.801133 1385821770000 107.09999847412
62.580999 29.801226 1385821774000 106.30000305176
62.581003 29.80127 1385821776000 105.59999847412
62.580996 29.801351 1385821780000 104.19999694824
62.580996 29.801394 1385821782000 104.19999694824
62.581003 29.801455 1385821786000 103.80000305176
62.581009 29.801467 1385821788000 104.0
62.581012 29.801555 1385821792000 103.30000305176
62.581021 29.801623 1385821794000 103.40000152588
62.581042 29.801766 1385821798000 103.09999847412
62.581045 29.801832 1385821800000 102.0
62.581057 29.801946 1385821804000 103.80000305176
62.581061 29.802012 1385821806000 103.40000152588
62.581068 29.802124 1385821810000 104.0
62.581081 29.802169 1385821812000 104.09999847412
62.581092 29.802281 1385821816000 104.40000152588
62.581115 29.802349 1385821818000 108.40000152588
62.581135 29.802434 1385821822000 109.90000152588
62.58114 29.802474 1385821824000 109.90000152588
62.581146 29.802574 1385821828000 110.5
62.581145 29.80261 1385821830000 110.90000152588
62.581143 29.802627 1385821834000 110.80000305176
62.581143 29.802627 1385821836000 110.80000305176
62.581144 29.80263 1385821840000 110.90000152588
62.581144 29.802631 1385821842000 110.90000152588
62.581141 29.802666 1385821847000 110.5
62.58114 29.802668 1385821849000 110.5
62.581141 29.802698 1385821853000 109.80000305176
62.581141 29.802715 1385821855000 109.90000152588
62.581143 29.802837 1385821859000 108.59999847412
62.581141 29.802913 1385821861000 108.19999694824
62.581144 29.803061 1385821865000 108.40000152588
62.581153 29.803127 1385821867000 108.90000152588
62.581158 29.803231 1385821871000 108.5
62.581166 29.803274 1385821873000 109.0
62.581173 29.803389 1385821877000 108.09999847412
62.581175 29.803451 1385821879000 108.0
62.58119 29.803576 1385821883000 107.30000305176
62.581195 29.803638 1385821885000 107.0
62.5812 29.803763 1385821889000 106.90000152588
62.581203 29.803827 1385821891000 106.80000305176
62.581214 29.803954 1385821895000 106.5
62.581218 29.804017 1385821897000 106.5
62.581227 29.804145 1385821901000 106.40000152588
62.581231 29.804206 1385821903000 105.59999847412
62.581239 29.804328 1385821907000 105.80000305176
62.581242 29.804386 1385821909000 105.5
62.581247 29.804509 1385821913000 105.69999694824
62.581245 29.80457 1385821915000 105.40000152588
62.581218 29.804678 1385821919000 105.69999694824
62.581196 29.804716 1385821921000 105.5
62.58115 29.804751 1385821925000 105.5
62.581126 29.804763 1385821927000 105.59999847412
62.581073 29.804768 1385821931000 105.59999847412
62.581046 29.804773 1385821933000 105.0
62.580995 29.804786 1385821937000 105.40000152588
62.58097 29.804798 1385821939000 105.09999847412
62.580915 29.804817 1385821943000 105.30000305176
62.580888 29.804825 1385821945000 105.5
62.580833 29.804844 1385821949000 105.5
62.580806 29.804853 1385821951000 105.59999847412
62.580754 29.804866 1385821955000 105.40000152588
62.580729 29.804872 1385821957000 105.59999847412
62.580713 29.804877 1385821961000 105.69999694824
62.580691 29.804871 1385821963000 106.0
62.580637 29.80487 1385821967000 105.90000152588
62.58061 29.804877 1385821969000 106.19999694824
62.580555 29.804864 1385821973000 106.09999847412
62.580527 29.804852 1385821975000 105.80000305176
62.58047 29.804835 1385821979000 105.90000152588
62.580442 29.804817 1385821981000 105.90000152588
62.580389 29.804791 1385821985000 106.5
62.580366 29.804776 1385821987000 106.5
62.580337 29.804765 1385821991000 106.09999847412
62.580322 29.804764 1385821993000 106.19999694824
62.580299 29.804777 1385821997000 106.19999694824
62.580297 29.804783 1385821999000 106.09999847412
62.580263 29.804847 1385822003000 106.30000305176
62.580242 29.804897 1385822005000 106.69999694824
62.580212 29.804991 1385822009000 106.80000305176
62.580217 29.804991 1385822011000 106.5
62.580222 29.804986 1385822015000 106.5
62.580222 29.804987 1385822017000 106.5
62.580223 29.804986 1385822021000 106.5
62.580223 29.804987 1385822023000 106.5
62.580222 29.805029 1385822027000 106.19999694824
62.580232 29.805041 1385822030000 106.19999694824
62.580234 29.805045 1385822032000 106.5
62.580236 29.805056 1385822036000 107.69999694824
62.580235 29.805057 1385822038000 107.69999694824
62.580234 29.805071 1385822042000 108.09999847412
62.580234 29.805078 1385822044000 108.0
62.580234 29.805083 1385822048000 108.19999694824
62.580229 29.805089 1385822050000 107.69999694824
62.580219 29.805116 1385822054000 107.5
62.580206 29.805175 1385822056000 107.19999694824
62.580178 29.805271 1385822060000 106.30000305176
62.580167 29.805323 1385822062000 106.5
62.580136 29.805433 1385822066000 106.90000152588
62.580119 29.805487 1385822068000 107.0
62.580082 29.805584 1385822072000 106.09999847412
62.580068 29.805636 1385822074000 105.90000152588
62.580046 29.805714 1385822078000 105.09999847412
62.580032 29.805753 1385822080000 105.30000305176
62.579999 29.805907 1385822084000 107.30000305176
62.579979 29.805982 1385822086000 106.90000152588
62.579939 29.806128 1385822090000 108.09999847412
62.579922 29.806203 1385822092000 108.59999847412
62.579881 29.806338 1385822096000 108.0
62.579859 29.806399 1385822098000 108.0
62.579822 29.806514 1385822102000 107.90000152588
62.579809 29.806585 1385822104000 108.59999847412
62.579774 29.806706 1385822108000 109.19999694824
62.579755 29.806757 1385822110000 109.5
62.579718 29.806862 1385822114000 109.09999847412
62.579701 29.806919 1385822116000 109.19999694824
62.57966 29.807017 1385822120000 108.5
62.579645 29.807068 1385822122000 108.30000305176
62.579604 29.807145 1385822126000 107.0
62.57958 29.807193 1385822128000 107.0
62.579537 29.807286 1385822132000 106.19999694824
62.579508 29.807325 1385822134000 106.90000152588
62.579463 29.807413 1385822138000 107.09999847412
62.579442 29.807443 1385822140000 106.69999694824
62.579395 29.807512 1385822144000 105.69999694824
62.57937 29.807538 1385822146000 105.80000305176
62.579323 29.807568 1385822150000 104.30000305176
62.579301 29.807584 1385822152000 103.69999694824
62.579256 29.80765 1385822156000 103.30000305176
62.579234 29.807683 1385822158000 102.69999694824
62.57919 29.807753 1385822162000 102.19999694824
62.579167 29.807783 1385822164000 102.0
62.579116 29.807845 1385822168000 103.0
62.579089 29.80789 1385822170000 102.69999694824
62.579038 29.807957 1385822174000 102.0
62.579013 29.807994 1385822176000 102.30000305176
62.578965 29.808065 1385822180000 102.69999694824
62.578937 29.808099 1385822182000 102.30000305176
62.578885 29.808161 1385822186000 102.40000152588
62.578862 29.808192 1385822188000 102.30000305176
62.578806 29.808252 1385822192000 103.40000152588
62.578779 29.808289 1385822194000 103.80000305176
62.578736 29.808362 1385822198000 102.69999694824
62.578722 29.808387 1385822200000 101.59999847412
62.578697 29.808417 1385822204000 100.80000305176
62.578675 29.808448 1385822206000 100.5
62.578622 29.808533 1385822210000 100.40000152588
62.578599 29.808577 1385822212000 100.19999694824
62.578554 29.808642 1385822216000 99.699996948242
62.578528 29.808676 1385822218000 99.599998474121
62.57847 29.808733 1385822222000 98.5
62.578445 29.80876 1385822224000 97.800003051758
62.578396 29.808805 1385822228000 97.5
62.578374 29.808823 1385822230000 97.699996948242
62.578331 29.808891 1385822234000 98.099998474121
62.578306 29.808922 1385822236000 97.699996948242
62.578252 29.808961 1385822240000 99.0
62.578228 29.808967 1385822242000 98.699996948242
62.57819 29.80895 1385822246000 97.900001525879
62.578178 29.808942 1385822248000 99.300003051758
62.57821 29.808895 1385822252000 99.0
62.578223 29.80888 1385822254000 98.900001525879
62.578193 29.808832 1385822258000 98.400001525879
62.578151 29.808811 1385822260000 97.199996948242
62.57807 29.808755 1385822264000 95.0
62.578038 29.808729 1385822266000 93.900001525879
62.57801 29.808704 1385822270000 95.199996948242
62.577994 29.808704 1385822272000 93.400001525879
62.577966 29.808686 1385822276000 93.5
62.577957 29.808657 1385822278000 94.0
62.577976 29.808562 1385822282000 93.599998474121
62.577984 29.808514 1385822284000 92.0
62.577995 29.808423 1385822288000 91.5
62.578 29.808373 1385822290000 92.400001525879
62.578019 29.808324 1385822294000 91.300003051758
62.578026 29.808328 1385822296000 90.800003051758
62.578007 29.808335 1385822300000 90.699996948242
62.577989 29.808313 1385822302000 90.599998474121
62.577974 29.808289 1385822306000 91.5
62.577989 29.808258 1385822308000 91.599998474121
62.578013 29.808308 1385822321000 92.599998474121
62.577953 29.808415 1385822324000 92.900001525879
62.577917 29.808473 1385822326000 92.900001525879
62.577916 29.808407 1385822330000 93.900001525879
62.577938 29.808303 1385822332000 93.900001525879
62.577939 29.808195 1385822336000 94.099998474121
62.577937 29.80812 1385822338000 94.699996948242
62.577916 29.808027 1385822342000 95.0
62.577904 29.808011 1385822344000 95.099998474121
62.577889 29.80799 1385822348000 95.099998474121
62.577912 29.807947 1385822350000 95.699996948242
62.577972 29.807884 1385822354000 96.099998474121
62.578003 29.807852 1385822356000 96.300003051758
62.578041 29.807813 1385822360000 96.400001525879
62.578037 29.807836 1385822362000 96.5
62.578044 29.807862 1385822366000 96.800003051758
62.578047 29.807836 1385822368000 96.900001525879
62.578039 29.807731 1385822372000 96.099998474121
62.578039 29.807691 1385822374000 96.099998474121
62.578024 29.807644 1385822378000 94.900001525879
62.578001 29.807644 1385822380000 96.199996948242
62.577964 29.80767 1385822384000 96.800003051758
62.577962 29.807655 1385822386000 96.199996948242
62.577964 29.807619 1385822390000 98.199996948242
62.577964 29.807628 1385822392000 98.699996948242
62.577967 29.807633 1385822396000 98.0
62.577971 29.807653 1385822398000 98.199996948242
62.577971 29.807651 1385822402000 96.599998474121
62.577963 29.80766 1385822404000 98.800003051758
62.577942 29.807704 1385822408000 97.900001525879
62.577917 29.807707 1385822410000 97.800003051758
62.57791 29.807707 1385822414000 98.0
62.577912 29.807709 1385822416000 98.599998474121
62.577907 29.807714 1385822420000 100.09999847412
62.5779 29.80772 1385822422000 100.19999694824
62.577898 29.807722 1385822426000 100.19999694824
62.577898 29.807722 1385822428000 100.09999847412
62.577898 29.807722 1385822432000 100.09999847412
62.577898 29.807722 1385822434000 100.09999847412
62.577898 29.807722 1385822438000 100.19999694824
62.577898 29.807722 1385822440000 100.19999694824
62.577899 29.807722 1385822444000 100.19999694824
62.577899 29.807722 1385822446000 100.19999694824
62.577894 29.807725 1385822450000 100.5
62.577891 29.807727 1385822452000 100.5
62.57789 29.807727 1385822456000 100.5
62.57789 29.807727 1385822458000 100.5
62.57789 29.807727 1385822462000 100.5
62.57789 29.807727 1385822464000 100.5
62.57789 29.807727 1385822468000 100.5
62.57789 29.807727 1385822470000 100.5