62.61736 29.777752 1386265575000 86.956665039062
62.61736 29.777752 1386265577000 86.903625488281
62.61736 29.777752 1386265579000 86.966552734375
62.61736 29.777752 1386265581000 87.067321777344
62.61736 29.777752 1386265582000 87.030700683594
62.61736 29.777752 1386265589000 86.730102539062
62.617355 29.777764 1386265591000 86.801025390625
62.617369 29.777749 1386265593000 85.220520019531
62.617374 29.77772 1386265595000 83.58935546875
62.617375 29.777679 1386265597000 86.778015136719
62.617378 29.777648 1386265599000 87.103576660156
62.617391 29.777633 1386265601000 88.209716796875
62.617391 29.777633 1386265603000 89.659057617188
62.617391 29.777633 1386265605000 91.661254882812
62.617391 29.777633 1386265607000 92.525024414062
62.617391 29.777633 1386265609000 93.373840332031
62.617439 29.777627 1386265611000 93.750244140625
62.617439 29.777627 1386265613000 94.08544921875
62.617439 29.777627 1386265615000 93.58837890625
62.617439 29.777627 1386265617000 93.829528808594
62.617439 29.777627 1386265619000 92.337524414062
62.617439 29.777627 1386265621000 92.371826171875
62.617439 29.777627 1386265623000 92.726989746094
62.617439 29.777627 1386265625000 92.931396484375
62.617439 29.777627 1386265627000 93.299926757812
62.617439 29.777627 1386265629000 93.397827148438
62.617439 29.777627 1386265631000 93.537719726562
62.617452 29.777647 1386265633000 93.5810546875
62.617473 29.777612 1386265635000 96.37158203125
62.617489 29.777604 1386265637000 96.260803222656
62.617492 29.77761 1386265639000 96.773681640625
62.617492 29.77761 1386265641000 96.872314453125
62.617492 29.77761 1386265643000 96.243286132812
62.617492 29.77761 1386265645000 98.220825195312
62.617492 29.77761 1386265647000 98.363342285156
62.617492 29.77761 1386265649000 99.635925292969
62.617492 29.77761 1386265651000 98.99365234375
62.617536 29.777585 1386265653000 99.12548828125
62.617536 29.777585 1386265655000 99.146423339844
62.617541 29.777586 1386265657000 99.290161132812
62.617541 29.777586 1386265659000 99.590515136719
62.617541 29.777586 1386265661000 98.621643066406
62.617541 29.777586 1386265663000 97.657470703125
62.617541 29.777586 1386265665000 98.681335449219
62.617541 29.777586 1386265667000 99.766418457031
62.617541 29.777586 1386265669000 100.38922119141
62.617541 29.777586 1386265671000 100.45037841797
62.617541 29.777586 1386265673000 100.31768798828
62.617541 29.777586 1386265675000 96.900085449219
62.617541 29.777586 1386265677000 97.318420410156
62.617541 29.777586 1386265679000 96.874267578125
62.617541 29.777586 1386265681000 96.049377441406
62.617541 29.777586 1386265683000 95.153076171875
62.617541 29.777586 1386265685000 95.036926269531
62.617522 29.777581 1386265687000 95.150268554688
62.617521 29.777582 1386265689000 92.831604003906
62.617475 29.777601 1386265691000 92.15966796875
62.617458 29.777597 1386265693000 87.092468261719
62.617458 29.777597 1386265695000 82.848266601562
62.61743 29.777637 1386265697000 82.787536621094
62.617431 29.777656 1386265699000 82.452941894531
62.617427 29.777682 1386265701000 82.160583496094
62.617421 29.777739 1386265703000 78.897094726562
62.617417 29.777865 1386265705000 77.329284667969
62.617413 29.777999 1386265707000 76.835388183594
62.617409 29.778123 1386265709000 76.551086425781
62.617404 29.778242 1386265711000 75.551391601562
62.617405 29.778356 1386265713000 75.657531738281
62.617409 29.778447 1386265715000 74.58740234375
62.61741 29.778525 1386265717000 74.25390625
62.617409 29.778607 1386265719000 71.291625976562
62.617405 29.778691 1386265721000 69.355407714844
62.617408 29.778796 1386265723000 77.52294921875
62.617406 29.778888 1386265725000 75.093139648438
62.617396 29.778995 1386265727000 77.293395996094
62.617383 29.779075 1386265729000 74.855102539062
62.61738 29.779157 1386265731000 72.318237304688
62.617374 29.779235 1386265733000 70.6806640625
62.617365 29.779317 1386265735000 69.075622558594
62.617352 29.779468 1386265737000 68.933349609375
62.617338 29.77961 1386265739000 67.946166992188
62.617322 29.779735 1386265741000 67.579711914062
62.617308 29.779858 1386265743000 66.626281738281
62.617292 29.779969 1386265745000 63.825134277344
62.617273 29.780031 1386265747000 75.859924316406
62.617262 29.780086 1386265749000 78.457763671875
62.617251 29.780121 1386265751000 73.960144042969
62.617239 29.78017 1386265753000 70.037963867188
62.617215 29.78021 1386265755000 76.411010742188
62.617175 29.780254 1386265757000 68.268005371094
62.617133 29.780312 1386265759000 62.730163574219
62.617087 29.780362 1386265761000 61.030517578125
62.617022 29.780395 1386265763000 60.855102539062
62.61695 29.780408 1386265765000 60.733276367188
62.616878 29.780419 1386265767000 61.059875488281
62.616812 29.780426 1386265769000 60.989501953125
62.616755 29.780421 1386265771000 59.451599121094
62.61672 29.780393 1386265773000 58.121459960938
62.616692 29.780372 1386265775000 58.364135742188
62.616659 29.780349 1386265777000 56.862609863281
62.61663 29.780303 1386265779000 54.794006347656
62.616599 29.780261 1386265781000 51.1552734375
62.616566 29.78022 1386265783000 46.813537597656
62.616524 29.780197 1386265785000 46.601806640625
62.616473 29.780206 1386265787000 46.294616699219
62.616382 29.78024 1386265789000 50.418823242188
62.616292 29.780279 1386265791000 51.923461914062
62.616201 29.780323 1386265793000 55.458618164062
62.616105 29.780374 1386265795000 61.286376953125
62.616011 29.780409 1386265797000 64.853759765625
62.615925 29.780427 1386265799000 66.152954101562
62.615852 29.780445 1386265801000 69.319885253906
62.615772 29.780446 1386265803000 71.911743164062
62.615682 29.78043 1386265805000 73.005554199219
62.615596 29.780427 1386265807000 73.984130859375
62.615514 29.780466 1386265809000 74.849365234375
62.615436 29.780528 1386265811000 75.940490722656
62.615368 29.780566 1386265813000 76.600646972656
62.615302 29.780577 1386265815000 77.028991699219
62.61523 29.780573 1386265817000 78.652038574219
62.615163 29.78056 1386265819000 79.494934082031
62.615102 29.780534 1386265821000 79.239074707031
62.615039 29.780501 1386265823000 79.746520996094
62.614987 29.780451 1386265825000 79.0341796875
62.614937 29.780393 1386265827000 79.535583496094
62.614886 29.780341 1386265829000 78.351684570312
62.614833 29.780281 1386265831000 78.239440917969
62.614776 29.780201 1386265833000 80.008483886719
62.614721 29.780122 1386265835000 79.494750976562
62.614667 29.780077 1386265837000 77.783569335938
62.61462 29.780079 1386265839000 76.559143066406
62.614587 29.780139 1386265841000 76.253356933594
62.61457 29.780186 1386265843000 77.397338867188
62.614606 29.780222 1386265845000 77.730346679688
62.614601 29.780288 1386265847000 72.539978027344
62.614583 29.780373 1386265849000 70.291381835938
62.614561 29.780511 1386265851000 70.328979492188
62.614528 29.780661 1386265853000 70.197692871094
62.614493 29.780794 1386265855000 69.592407226562
62.614459 29.780909 1386265857000 66.618225097656
62.614432 29.781004 1386265859000 65.119140625
62.614405 29.781101 1386265861000 62.884704589844
62.614382 29.781207 1386265863000 62.173522949219
62.614352 29.781319 1386265865000 63.671691894531
62.614316 29.781435 1386265867000 63.578918457031
62.614287 29.781541 1386265869000 63.72802734375
62.61425 29.781663 1386265871000 63.379089355469
62.614216 29.781769 1386265873000 63.27685546875
62.614187 29.78187 1386265875000 63.596069335938
62.614144 29.782003 1386265877000 62.724243164062
62.614105 29.782137 1386265879000 65.090515136719
62.614069 29.782259 1386265881000 67.845397949219
62.614024 29.782396 1386265883000 68.844787597656
62.613972 29.78253 1386265885000 71.322448730469
62.613918 29.782659 1386265887000 70.196472167969
62.613872 29.78279 1386265889000 71.050354003906
62.613825 29.78292 1386265891000 71.371948242188
62.613781 29.783043 1386265893000 71.803771972656
62.613742 29.783159 1386265895000 71.825805664062
62.61369 29.783269 1386265897000 70.64306640625
62.613646 29.783382 1386265899000 69.182373046875
62.613602 29.783506 1386265901000 70.966003417969
62.613567 29.783618 1386265903000 71.249389648438
62.613527 29.783746 1386265905000 72.124938964844
62.613486 29.783874 1386265907000 72.536865234375
62.613448 29.783998 1386265909000 72.994995117188
62.613414 29.784113 1386265911000 72.591125488281
62.613351 29.784246 1386265913000 72.3642578125
62.6133 29.784369 1386265915000 72.915588378906
62.613248 29.7845 1386265917000 73.837707519531
62.61319 29.784634 1386265919000 76.373352050781
62.613149 29.784747 1386265921000 73.533569335938
62.613117 29.784828 1386265923000 72.582214355469
62.613087 29.784921 1386265925000 72.566650390625
62.613053 29.785027 1386265927000 72.516418457031
62.613017 29.785142 1386265929000 74.492553710938
62.612981 29.785255 1386265931000 75.441772460938
62.612949 29.785365 1386265933000 75.188110351562
62.612916 29.785472 1386265935000 74.776794433594
62.612881 29.785572 1386265937000 76.764221191406
62.612847 29.785665 1386265939000 75.777404785156
62.612817 29.785763 1386265941000 76.038940429688
62.612785 29.785864 1386265943000 76.418212890625
62.612748 29.785963 1386265945000 75.390502929688
62.612708 29.786063 1386265947000 77.025512695312
62.612672 29.786165 1386265949000 78.629638671875
62.612641 29.786256 1386265951000 76.571166992188
62.61261 29.786349 1386265953000 77.450012207031
62.612573 29.786444 1386265955000 77.583679199219
62.612535 29.786542 1386265957000 77.007629394531
62.612492 29.786659 1386265959000 78.291015625
62.612455 29.786784 1386265961000 77.217163085938
62.612415 29.786908 1386265963000 76.567260742188
62.612374 29.787032 1386265965000 78.259948730469
62.612336 29.787152 1386265967000 78.185546875
62.612303 29.787268 1386265969000 78.893005371094
62.612271 29.787383 1386265971000 78.28076171875
62.612237 29.787508 1386265973000 79.76025390625
62.612212 29.787623 1386265975000 78.469421386719
62.612187 29.787757 1386265977000 78.571166992188
62.612142 29.787997 1386265979000 78.770751953125
62.612088 29.788198 1386265981000 78.457397460938
62.61205 29.788368 1386265983000 76.015197753906
62.612011 29.788488 1386265985000 73.896057128906
62.611965 29.788612 1386265987000 75.7666015625
62.611926 29.788757 1386265989000 76.038208007812
62.611897 29.788916 1386265991000 75.072204589844
62.611867 29.789054 1386265993000 73.763427734375
62.611825 29.789198 1386265995000 73.877319335938
62.611786 29.789335 1386265997000 72.203735351562
62.611749 29.789474 1386265999000 72.532836914062
62.611714 29.789617 1386266001000 72.684509277344
62.611684 29.789785 1386266003000 73.194274902344
62.611659 29.789951 1386266005000 71.791625976562
62.611636 29.790124 1386266007000 71.064147949219
62.611621 29.790305 1386266009000 70.447875976562
62.611613 29.790478 1386266011000 70.972961425781
62.611607 29.79065 1386266013000 72.540771484375
62.611606 29.790808 1386266015000 71.859619140625
62.611605 29.790946 1386266017000 71.952209472656
62.6116 29.791085 1386266019000 70.544799804688
62.611578 29.791211 1386266021000 70.366943359375
62.611543 29.791277 1386266023000 70.238464355469
62.611511 29.791293 1386266025000 70.550415039062
62.61146 29.791273 1386266027000 69.856323242188
62.611399 29.791243 1386266029000 69.24462890625
62.611345 29.791226 1386266031000 72.288757324219
62.611286 29.791189 1386266033000 73.124877929688
62.611224 29.791147 1386266035000 73.827819824219
62.611171 29.791108 1386266037000 74.241394042969
62.61113 29.791069 1386266039000 74.956176757812
62.61109 29.791002 1386266041000 76.700439453125
62.611061 29.790926 1386266043000 78.00048828125
62.611031 29.790845 1386266045000 78.625915527344
62.610999 29.790775 1386266047000 78.904052734375
62.610965 29.790718 1386266049000 79.70263671875
62.610927 29.790664 1386266051000 79.711486816406
62.610894 29.790615 1386266053000 79.767028808594
62.610862 29.790559 1386266055000 80.705932617188
62.610827 29.790506 1386266057000 80.794738769531
62.610788 29.790468 1386266059000 81.386291503906
62.610748 29.790417 1386266061000 82.539184570312
62.610713 29.790367 1386266063000 82.431823730469
62.610678 29.79034 1386266065000 81.860778808594
62.610643 29.790346 1386266067000 81.323120117188
62.610608 29.790351 1386266069000 81.53857421875
62.610568 29.790348 1386266071000 82.697631835938
62.610527 29.790355 1386266073000 82.442138671875
62.610488 29.790366 1386266075000 84.514892578125
62.610454 29.790378 1386266077000 84.844177246094
62.610422 29.790407 1386266079000 83.571105957031
62.610386 29.790436 1386266081000 83.731262207031
62.610349 29.790469 1386266083000 83.788757324219
62.610309 29.7905 1386266085000 84.015014648438
62.610268 29.790529 1386266087000 84.733825683594
62.610227 29.790556 1386266089000 86.871765136719
62.610183 29.790593 1386266091000 87.185791015625
62.610137 29.790631 1386266093000 87.289184570312
62.610089 29.790671 1386266095000 85.117858886719
62.610041 29.790711 1386266097000 86.111877441406
62.609997 29.790747 1386266099000 86.099914550781
62.609955 29.790779 1386266101000 85.688903808594
62.609914 29.790805 1386266103000 85.546630859375
62.609872 29.790832 1386266105000 86.031372070312
62.609828 29.790851 1386266107000 86.32275390625
62.609782 29.790878 1386266109000 86.818603515625
62.609741 29.790903 1386266111000 86.868286132812
62.609698 29.790932 1386266113000 86.831115722656
62.609658 29.790958 1386266115000 85.968078613281
62.609619 29.790971 1386266117000 86.081604003906
62.60958 29.790989 1386266119000 85.830261230469
62.60954 29.791002 1386266121000 86.774658203125
62.609497 29.79102 1386266123000 87.362182617188
62.609455 29.791033 1386266125000 87.35986328125
62.609412 29.791047 1386266127000 86.099182128906
62.60937 29.791066 1386266129000 85.79248046875
62.609326 29.791085 1386266131000 86.905090332031
62.609286 29.791088 1386266133000 87.308471679688
62.609243 29.791092 1386266135000 86.920593261719
62.609198 29.791106 1386266137000 87.952819824219
62.609155 29.791128 1386266139000 87.536743164062
62.609113 29.791156 1386266141000 87.588989257812
62.60907 29.791177 1386266143000 87.137451171875
62.609031 29.791201 1386266145000 87.669982910156
62.608993 29.791231 1386266147000 87.95166015625
62.608951 29.791251 1386266149000 87.570129394531
62.608907 29.79127 1386266151000 87.73583984375
62.608861 29.791295 1386266153000 87.745727539062
62.608814 29.791311 1386266155000 87.104248046875
62.608765 29.791326 1386266157000 88.049621582031
62.608715 29.791349 1386266159000 88.948791503906
62.608664 29.791377 1386266161000 88.700561523438
62.608607 29.791417 1386266163000 89.079345703125
62.608545 29.791461 1386266165000 88.561279296875
62.608484 29.79149 1386266167000 89.59228515625
62.608428 29.791517 1386266169000 89.040222167969
62.608375 29.79155 1386266171000 89.809814453125
62.608318 29.791577 1386266173000 89.232849121094
62.608263 29.791599 1386266175000 89.391174316406
62.608207 29.791629 1386266177000 89.541381835938
62.608153 29.791655 1386266179000 90.021606445312
62.608101 29.79168 1386266181000 89.620361328125
62.608047 29.791707 1386266183000 89.422058105469
62.607989 29.791736 1386266185000 89.855224609375
62.607929 29.79176 1386266187000 90.679077148438
62.607867 29.791794 1386266189000 91.184387207031
62.607802 29.791823 1386266191000 89.597290039062
62.607731 29.79186 1386266193000 90.023315429688
62.607664 29.791894 1386266195000 90.53955078125
62.607597 29.791918 1386266197000 90.629699707031
62.607531 29.791953 1386266199000 90.015991210938
62.607462 29.791985 1386266201000 89.301452636719
62.607392 29.792015 1386266203000 89.056518554688
62.607327 29.792048 1386266205000 87.955505371094
62.607261 29.792084 1386266207000 87.819213867188
62.607196 29.792115 1386266209000 87.545776367188
62.607133 29.792137 1386266211000 87.38232421875
62.60707 29.792163 1386266213000 86.327453613281
62.607003 29.792185 1386266215000 86.15625
62.606932 29.792207 1386266217000 85.03466796875
62.606858 29.792227 1386266219000 85.010070800781
62.606778 29.792249 1386266221000 85.276550292969
62.606696 29.792273 1386266223000 85.629516601562
62.606599 29.79228 1386266225000 85.69970703125
62.606486 29.792299 1386266227000 85.389038085938
62.606398 29.792306 1386266229000 85.128295898438
62.606313 29.792342 1386266231000 85.276672363281
62.606221 29.792369 1386266233000 84.995666503906
62.606139 29.792413 1386266235000 85.374084472656
62.606067 29.792438 1386266237000 85.104919433594
62.605983 29.792469 1386266239000 85.07666015625
62.605901 29.792499 1386266241000 85.081604003906
62.605819 29.792528 1386266243000 84.076110839844
62.60571 29.792551 1386266245000 84.577819824219
62.605613 29.792568 1386266247000 84.356689453125
62.605515 29.792573 1386266249000 84.196411132812
62.605404 29.792556 1386266251000 86.042663574219
62.605307 29.792533 1386266253000 86.137939453125
62.605233 29.79252 1386266255000 85.091552734375
62.605106 29.792483 1386266257000 88.830078125
62.605023 29.792437 1386266259000 89.8623046875
62.604941 29.792427 1386266261000 89.949645996094
62.604848 29.792403 1386266263000 90.188598632812
62.604781 29.79242 1386266265000 88.750854492188
62.604704 29.792431 1386266267000 87.395874023438
62.604634 29.792411 1386266269000 86.222778320312
62.604562 29.792417 1386266271000 85.678588867188
62.604497 29.792423 1386266273000 84.386108398438
62.604426 29.792434 1386266275000 84.557861328125
62.604368 29.792484 1386266277000 83.468688964844
62.604308 29.792547 1386266279000 83.273071289062
62.604281 29.792627 1386266281000 83.278076171875
62.604256 29.792706 1386266283000 82.220886230469
62.604226 29.792782 1386266285000 80.511108398438
62.604185 29.792915 1386266287000 81.031555175781
62.604122 29.793046 1386266289000 80.778564453125
62.604044 29.793176 1386266291000 82.330688476562
62.603959 29.793316 1386266293000 81.479431152344
62.603889 29.79344 1386266295000 82.640563964844
62.603814 29.793557 1386266297000 84.118041992188
62.603746 29.793672 1386266299000 83.597839355469
62.603678 29.793781 1386266301000 83.451904296875
62.603608 29.793892 1386266303000 85.060791015625
62.603547 29.794006 1386266305000 84.605163574219
62.603494 29.794105 1386266307000 83.375183105469
62.60346 29.794171 1386266309000 83.950439453125
62.603407 29.794237 1386266311000 85.602111816406
62.603348 29.794317 1386266313000 86.186218261719
62.60329 29.794388 1386266315000 88.915466308594
62.603233 29.794451 1386266317000 88.290649414062
62.603187 29.794507 1386266319000 87.313293457031
62.603144 29.794565 1386266321000 87.087158203125
62.603098 29.794604 1386266323000 86.6787109375
62.603051 29.794617 1386266325000 85.992309570312
62.603007 29.794578 1386266327000 84.990295410156
62.602977 29.794481 1386266329000 84.602844238281
62.603007 29.794313 1386266331000 84.634765625
62.603022 29.794176 1386266333000 83.977111816406
62.603053 29.794025 1386266335000 87.189086914062
62.603066 29.793901 1386266337000 88.567199707031
62.603079 29.793813 1386266339000 86.710754394531
62.603091 29.793729 1386266341000 86.852172851562
62.603104 29.79363 1386266343000 87.546020507812
62.603114 29.79353 1386266345000 82.326232910156
62.603117 29.793399 1386266347000 80.714477539062
62.603111 29.793256 1386266349000 79.557983398438
62.60309 29.793099 1386266351000 77.846374511719
62.603064 29.792963 1386266353000 79.342529296875
62.603027 29.7928 1386266355000 79.27294921875
62.602996 29.792662 1386266357000 78.211059570312
62.602961 29.792523 1386266359000 78.244445800781
62.602908 29.792362 1386266361000 75.665771484375
62.602852 29.792175 1386266363000 74.16162109375
62.602802 29.792022 1386266365000 74.132385253906
62.602767 29.791852 1386266367000 73.707580566406
62.602708 29.791733 1386266369000 73.98583984375
62.602661 29.791587 1386266371000 74.039428710938
62.602607 29.791476 1386266373000 75.046142578125
62.602549 29.791382 1386266375000 75.329467773438
62.60249 29.791303 1386266377000 76.1513671875
62.602437 29.791242 1386266379000 75.589721679688
62.602389 29.791167 1386266381000 76.71142578125
62.602343 29.79107 1386266383000 78.981750488281
62.602295 29.790995 1386266385000 78.4931640625
62.602284 29.790932 1386266387000 78.018798828125
62.60227 29.790843 1386266389000 79.444946289062
62.602256 29.790753 1386266391000 79.319152832031
62.602241 29.790647 1386266393000 79.9111328125
62.602218 29.790541 1386266395000 79.7021484375
62.602189 29.790446 1386266397000 78.870971679688
62.602161 29.790351 1386266399000 77.816528320312
62.602126 29.790255 1386266401000 78.947631835938
62.602087 29.790153 1386266403000 78.790405273438
62.602045 29.790035 1386266405000 80.196960449219
62.602009 29.789913 1386266407000 79.73583984375
62.601975 29.789793 1386266409000 78.613830566406
62.601942 29.789674 1386266411000 77.755920410156
62.601913 29.789557 1386266413000 77.072937011719
62.601877 29.789449 1386266415000 76.187927246094
62.601823 29.789451 1386266417000 71.531799316406
62.601762 29.789475 1386266419000 71.363586425781
62.6017 29.789484 1386266421000 71.362854003906
62.601658 29.789539 1386266423000 71.714660644531
62.601612 29.789572 1386266425000 70.435302734375
62.601539 29.789617 1386266427000 70.090515136719
62.60145 29.789667 1386266429000 70.82958984375
62.601371 29.789725 1386266431000 70.973266601562
62.601298 29.789806 1386266433000 71.442749023438
62.601245 29.789933 1386266435000 72.938049316406
62.601202 29.79006 1386266437000 72.281616210938
62.601153 29.790179 1386266439000 73.478271484375
62.601105 29.790303 1386266441000 74.670654296875
62.601064 29.790428 1386266443000 76.130737304688
62.601027 29.790558 1386266445000 76.188110351562
62.60099 29.79068 1386266447000 77.074951171875
62.60095 29.790788 1386266449000 75.936584472656
62.600906 29.790897 1386266451000 75.833129882812
62.600859 29.791001 1386266453000 74.879638671875
62.60082 29.79111 1386266455000 74.193298339844
62.600784 29.791225 1386266457000 74.276428222656
62.600743 29.791335 1386266459000 72.446411132812
62.60071 29.79145 1386266461000 71.441284179688
62.60068 29.791565 1386266463000 70.760131835938
62.600642 29.791676 1386266465000 70.918273925781
62.60061 29.791786 1386266467000 72.30029296875
62.600584 29.7919 1386266469000 70.608032226562
62.600547 29.792013 1386266471000 68.843505859375
62.600507 29.792126 1386266473000 68.530700683594
62.600483 29.792234 1386266475000 68.427124023438
62.600457 29.792335 1386266477000 66.170104980469
62.60042 29.792435 1386266479000 65.383666992188
62.60038 29.792524 1386266481000 64.374145507812
62.600338 29.79262 1386266483000 65.285888671875
62.600298 29.79273 1386266485000 67.23193359375
62.600248 29.792841 1386266487000 66.566345214844
62.600198 29.792962 1386266489000 67.739440917969
62.600159 29.793099 1386266491000 67.808166503906
62.600134 29.793233 1386266493000 67.210144042969
62.600111 29.793379 1386266495000 68.664855957031
62.600074 29.793518 1386266497000 66.252014160156
62.600027 29.793655 1386266499000 66.704956054688
62.599983 29.793779 1386266501000 66.964721679688
62.59993 29.793887 1386266503000 67.746643066406
62.599872 29.793977 1386266505000 68.057556152344
62.599808 29.794067 1386266507000 69.221130371094
62.599748 29.794167 1386266509000 69.395874023438
62.599684 29.794268 1386266511000 71.350952148438
62.599615 29.794364 1386266513000 70.55322265625
62.599552 29.794454 1386266515000 68.686767578125
62.599477 29.794555 1386266517000 67.650695800781
62.599406 29.794641 1386266519000 67.663879394531
62.599325 29.794709 1386266521000 69.734191894531
62.599241 29.794751 1386266523000 69.398193359375
62.599147 29.794781 1386266525000 70.745849609375
62.599069 29.794799 1386266527000 70.133911132812
62.598999 29.794794 1386266529000 70.754638671875
62.598932 29.794792 1386266531000 70.402099609375
62.598854 29.794806 1386266533000 69.6298828125
62.598785 29.794816 1386266535000 69.725708007812
62.598718 29.794844 1386266537000 68.215515136719
62.598645 29.79488 1386266539000 68.68408203125
62.598574 29.794906 1386266541000 69.275756835938
62.598503 29.794934 1386266543000 69.501770019531
62.598434 29.794967 1386266545000 69.842224121094
62.598386 29.794995 1386266547000 68.494873046875
62.59837 29.794991 1386266549000 69.653930664062
62.598358 29.794974 1386266551000 69.906433105469
62.598337 29.794976 1386266553000 69.536499023438
62.59832 29.794997 1386266555000 73.97998046875
62.59826 29.795018 1386266557000 75.443359375
62.59818 29.795043 1386266559000 74.977478027344
62.598107 29.795067 1386266561000 74.135498046875
62.598041 29.795024 1386266563000 74.878723144531
62.598008 29.794906 1386266565000 75.607116699219
62.597996 29.794782 1386266567000 75.819396972656
62.597992 29.794631 1386266569000 76.1826171875
62.597994 29.794491 1386266571000 76.339294433594
62.598 29.794364 1386266573000 76.654418945312
62.59801 29.794221 1386266575000 75.843444824219
62.598019 29.794089 1386266577000 75.680847167969
62.598022 29.793967 1386266579000 75.291137695312
62.598017 29.793833 1386266581000 74.966979980469
62.598009 29.79371 1386266583000 74.802368164062
62.598 29.793587 1386266585000 75.431396484375
62.597995 29.793468 1386266587000 75.593200683594
62.597996 29.793356 1386266589000 76.398010253906
62.597992 29.793239 1386266591000 77.152709960938
62.597987 29.79312 1386266593000 76.153198242188
62.597979 29.793003 1386266595000 75.667724609375
62.597968 29.792877 1386266597000 76.572814941406
62.597963 29.792744 1386266599000 77.865905761719
62.597957 29.792622 1386266601000 77.902893066406
62.597939 29.792484 1386266603000 76.208679199219
62.597924 29.792352 1386266605000 75.667053222656
62.597909 29.792222 1386266607000 75.686462402344
62.597879 29.792116 1386266609000 76.1220703125
62.597825 29.792073 1386266611000 75.224731445312
62.597765 29.792055 1386266613000 77.600341796875
62.597707 29.792055 1386266615000 75.040893554688
62.597651 29.792019 1386266617000 74.343811035156
62.597576 29.792057 1386266619000 74.687438964844
62.597499 29.792084 1386266621000 78.800659179688
62.597422 29.792102 1386266623000 77.713256835938
62.597357 29.792103 1386266625000 76.075073242188
62.597296 29.792097 1386266627000 77.40576171875
62.597239 29.792097 1386266629000 78.58935546875
62.597177 29.792094 1386266631000 77.80419921875
62.597117 29.792082 1386266633000 78.207946777344
62.597059 29.792086 1386266635000 76.389282226562
62.596999 29.792096 1386266637000 76.084838867188
62.596931 29.792105 1386266639000 78.339782714844
62.596858 29.79213 1386266641000 77.622863769531
62.59679 29.792161 1386266643000 76.013061523438
62.596728 29.792172 1386266645000 74.724243164062
62.596665 29.792183 1386266647000 74.461059570312
62.596608 29.792185 1386266649000 73.540405273438
62.596554 29.7922 1386266651000 72.400634765625
62.596503 29.792229 1386266653000 72.164916992188
62.596443 29.792259 1386266655000 72.96630859375
62.596383 29.792273 1386266657000 74.041015625
62.596329 29.792267 1386266659000 74.467529296875
62.596277 29.792223 1386266661000 75.084289550781
62.596235 29.792145 1386266663000 76.830200195312
62.596218 29.792033 1386266665000 75.550903320312
62.596209 29.791919 1386266667000 74.94970703125
62.596202 29.791805 1386266669000 74.944641113281
62.596198 29.791686 1386266671000 74.326354980469
62.596191 29.791571 1386266673000 74.823364257812
62.596179 29.79148 1386266675000 75.610900878906
62.596143 29.791451 1386266677000 75.870422363281
62.596105 29.791497 1386266679000 73.606201171875
62.596061 29.791539 1386266681000 74.633422851562
62.596019 29.791573 1386266683000 75.075622558594
62.595979 29.79159 1386266685000 74.791687011719
62.595932 29.7916 1386266687000 76.762634277344
62.595867 29.791619 1386266689000 78.050659179688
62.595801 29.791616 1386266691000 80.296020507812
62.595737 29.791623 1386266693000 79.570068359375
62.595681 29.791656 1386266695000 75.958312988281
62.595628 29.791696 1386266697000 73.821899414062
62.595572 29.791744 1386266699000 73.710876464844
62.595516 29.791764 1386266701000 74.847473144531
62.595461 29.791767 1386266703000 75.748291015625
62.595401 29.791783 1386266705000 76.268432617188
62.595342 29.791796 1386266707000 75.852172851562
62.595284 29.791802 1386266709000 76.174682617188
62.595229 29.791796 1386266711000 78.382690429688
62.59518 29.791782 1386266713000 77.375793457031
62.595148 29.791718 1386266715000 76.431518554688
62.595137 29.791614 1386266717000 75.413940429688
62.595131 29.791519 1386266719000 75.759948730469
62.595138 29.791429 1386266721000 76.072814941406
62.59515 29.791336 1386266723000 75.847778320312
62.595156 29.791255 1386266725000 79.1435546875
62.595148 29.791169 1386266727000 79.43310546875
62.595135 29.791074 1386266729000 79.248229980469
62.595128 29.790969 1386266731000 79.255981445312
62.59512 29.790854 1386266733000 80.333984375
62.595108 29.790729 1386266735000 82.174560546875
62.595092 29.790595 1386266737000 80.828674316406
62.595079 29.790465 1386266739000 80.409240722656
62.595069 29.790336 1386266741000 81.179138183594
62.595058 29.790222 1386266743000 80.633728027344
62.595041 29.790074 1386266745000 81.511657714844
62.595029 29.78996 1386266747000 80.615295410156
62.595014 29.789852 1386266749000 80.112365722656
62.594995 29.789769 1386266751000 80.577270507812
62.594995 29.789769 1386266753000 79.501159667969
62.594995 29.789769 1386266755000 79.176086425781
62.594995 29.789769 1386266757000 79.678588867188
62.594995 29.789769 1386266759000 79.966369628906
62.594995 29.789769 1386266761000 79.772521972656
62.594995 29.789769 1386266763000 79.979736328125
62.594995 29.789769 1386266765000 81.144104003906
62.594995 29.789769 1386266767000 81.10498046875
62.594995 29.789769 1386266769000 81.275024414062
62.594995 29.789769 1386266771000 82.4609375
62.594995 29.789769 1386266773000 82.663879394531
62.594995 29.789769 1386266775000 82.655944824219
62.594995 29.789769 1386266777000 82.8310546875
62.594995 29.789769 1386266779000 82.752685546875
62.594995 29.789769 1386266781000 82.602783203125
62.594995 29.789769 1386266783000 82.490478515625
62.594995 29.789769 1386266785000 82.5166015625
62.594995 29.789769 1386266787000 82.522521972656
62.594995 29.789769 1386266789000 82.533447265625
62.594995 29.789769 1386266791000 82.440063476562
62.594995 29.789769 1386266793000 82.467956542969
62.594995 29.789769 1386266795000 82.3408203125
62.594995 29.789769 1386266797000 82.326843261719
62.594995 29.789769 1386266799000 82.338623046875
62.594995 29.789769 1386266801000 82.334594726562
62.594995 29.789769 1386266803000 82.223327636719
62.594995 29.789769 1386266805000 82.194091796875
62.594995 29.789769 1386266807000 82.10888671875
62.594995 29.789769 1386266809000 82.064270019531
62.594995 29.789769 1386266811000 82.083862304688
62.594995 29.789769 1386266813000 82.044616699219
62.594995 29.789769 1386266815000 81.935607910156
62.594995 29.789769 1386266817000 81.944702148438
62.594995 29.789769 1386266819000 81.996032714844
62.594995 29.789769 1386266821000 81.999633789062
62.594995 29.789769 1386266823000 82.006591796875
62.594995 29.789769 1386266825000 82.030456542969
62.594995 29.789769 1386266827000 81.997009277344
62.594995 29.789769 1386266829000 81.966552734375
62.594995 29.789769 1386266831000 81.963562011719
62.594995 29.789769 1386266833000 81.962768554688
62.594995 29.789769 1386266835000 81.980285644531
62.594995 29.789769 1386266837000 81.970397949219
62.594995 29.789769 1386266839000 82.109802246094
62.594995 29.789769 1386266841000 82.194030761719
62.594995 29.789769 1386266843000 82.218322753906
62.594995 29.789769 1386266845000 82.191772460938
62.594995 29.789769 1386266847000 82.220397949219
62.594995 29.789769 1386266849000 82.186645507812
62.594995 29.789769 1386266851000 82.14208984375
62.594995 29.789769 1386266853000 82.125610351562
62.594995 29.789769 1386266855000 82.195617675781
62.594995 29.789769 1386266857000 82.196350097656
62.594995 29.789769 1386266859000 82.174438476562
62.594995 29.789769 1386266861000 82.115356445312
62.594995 29.789769 1386266863000 82.100646972656
62.594995 29.789769 1386266865000 82.049682617188
62.594987 29.789765 1386266867000 82.217712402344
62.594994 29.789755 1386266869000 81.762329101562
62.595003 29.789763 1386266871000 80.445861816406
62.595007 29.789793 1386266873000 79.881408691406
62.595007 29.789839 1386266875000 78.495361328125
62.59501 29.789908 1386266877000 74.824279785156
62.595012 29.790022 1386266879000 74.444091796875
62.595021 29.790139 1386266881000 74.67041015625
62.595027 29.790269 1386266883000 76.922607421875
62.595036 29.790378 1386266885000 72.748229980469
62.595039 29.790445 1386266887000 71.697326660156
62.59505 29.790555 1386266889000 71.25439453125
62.595069 29.790706 1386266891000 70.967407226562
62.595083 29.790822 1386266893000 67.017883300781
62.5951 29.790934 1386266895000 66.230102539062
62.595113 29.791057 1386266897000 65.705200195312
62.595124 29.791209 1386266899000 65.82568359375
62.595115 29.791338 1386266901000 65.22265625
62.595084 29.791398 1386266903000 67.761840820312
62.595025 29.791427 1386266905000 69.818176269531
62.59497 29.791425 1386266907000 71.297241210938
62.594918 29.79141 1386266909000 71.974975585938
62.59486 29.791409 1386266911000 71.110290527344
62.594801 29.791426 1386266913000 70.546813964844
62.594745 29.791478 1386266915000 70.77880859375
62.594687 29.791519 1386266917000 70.374328613281
62.594626 29.791542 1386266919000 70.704650878906
62.594563 29.791585 1386266921000 72.829223632812
62.5945 29.791641 1386266923000 74.008422851562
62.594438 29.79171 1386266925000 74.1875
62.59438 29.791779 1386266927000 74.500732421875
62.594315 29.791844 1386266929000 75.891906738281
62.594239 29.791894 1386266931000 75.351623535156
62.594156 29.791951 1386266933000 75.388366699219
62.594079 29.79201 1386266935000 75.059692382812
62.594005 29.79207 1386266937000 75.691345214844
62.593936 29.792129 1386266939000 75.717712402344
62.593876 29.792181 1386266941000 77.547424316406
62.593823 29.792212 1386266943000 78.230773925781
62.593772 29.792237 1386266945000 76.765502929688
62.593735 29.792274 1386266947000 75.257202148438
62.593701 29.792322 1386266949000 75.309448242188
62.593663 29.79237 1386266951000 75.245239257812
62.593626 29.792412 1386266953000 75.765563964844
62.593582 29.792437 1386266955000 75.956665039062
62.593532 29.792462 1386266957000 75.5498046875
62.593481 29.792493 1386266959000 76.677856445312
62.59343 29.79253 1386266961000 76.072082519531
62.59338 29.792566 1386266963000 76.043823242188
62.593333 29.792588 1386266965000 76.899658203125
62.593284 29.79261 1386266967000 77.460083007812
62.593235 29.792645 1386266969000 77.497741699219
62.593182 29.792709 1386266971000 78.586181640625
62.593117 29.792788 1386266973000 79.279479980469
62.593056 29.792856 1386266975000 79.809448242188
62.592997 29.792931 1386266977000 81.505493164062
62.592943 29.792989 1386266979000 81.517639160156
62.592887 29.793014 1386266981000 82.282836914062
62.592832 29.793017 1386266983000 83.464294433594
62.592779 29.793012 1386266985000 82.913146972656
62.592734 29.793013 1386266987000 83.627685546875
62.592695 29.79302 1386266989000 83.097961425781
62.592657 29.793025 1386266991000 83.001892089844
62.592618 29.793049 1386266993000 82.516967773438
62.592579 29.7931 1386266995000 82.630920410156
62.592539 29.793151 1386266997000 83.430725097656
62.592496 29.793192 1386266999000 83.040405273438
62.592452 29.793248 1386267001000 83.411010742188
62.592408 29.793324 1386267003000 84.4580078125
62.592364 29.793408 1386267005000 83.690612792969
62.592322 29.793501 1386267007000 82.966857910156
62.592286 29.793594 1386267009000 81.601806640625
62.592249 29.7937 1386267011000 82.418762207031
62.592209 29.793805 1386267013000 81.206909179688
62.592167 29.793932 1386267015000 79.399230957031
62.592141 29.794056 1386267017000 81.097839355469
62.592118 29.794198 1386267019000 81.252258300781
62.592094 29.794352 1386267021000 79.357788085938
62.592072 29.794491 1386267023000 78.619995117188
62.592047 29.794623 1386267025000 78.485290527344
62.592026 29.794762 1386267027000 78.384155273438
62.592005 29.794906 1386267029000 77.401489257812
62.591978 29.795045 1386267031000 77.002624511719
62.591948 29.795201 1386267033000 77.056884765625
62.591925 29.795353 1386267035000 77.968139648438
62.591898 29.795531 1386267037000 79.726135253906
62.591873 29.795688 1386267039000 79.62646484375
62.591843 29.795853 1386267041000 79.477172851562
62.591821 29.796007 1386267043000 80.94970703125
62.591801 29.796162 1386267045000 80.102294921875
62.591782 29.796322 1386267047000 79.725646972656
62.591761 29.796467 1386267049000 78.727294921875
62.591737 29.796607 1386267051000 78.061889648438
62.591714 29.796773 1386267053000 78.442993164062
62.591684 29.79695 1386267055000 78.457580566406
62.591654 29.797124 1386267057000 78.159362792969
62.591628 29.797297 1386267059000 78.483520507812
62.591603 29.797459 1386267061000 77.632446289062
62.591575 29.797617 1386267063000 78.006042480469
62.591544 29.797764 1386267065000 78.158996582031
62.591509 29.797893 1386267067000 77.983520507812
62.59147 29.798015 1386267069000 77.617126464844
62.591422 29.798106 1386267071000 76.435241699219
62.591365 29.798182 1386267073000 75.142578125
62.591309 29.798273 1386267075000 75.000854492188
62.591255 29.798359 1386267077000 75.098083496094
62.591211 29.798426 1386267079000 75.869995117188
62.59117 29.798495 1386267081000 77.643127441406
62.591123 29.798553 1386267083000 76.307434082031
62.591077 29.798606 1386267085000 75.370971679688
62.591035 29.798662 1386267087000 75.344787597656
62.591007 29.798716 1386267089000 75.407043457031
62.590982 29.798759 1386267091000 77.298583984375
62.590952 29.798781 1386267093000 76.833679199219
62.590919 29.798794 1386267095000 77.490844726562
62.590885 29.798799 1386267097000 77.029052734375
62.590853 29.798815 1386267099000 78.154479980469
62.590814 29.798854 1386267101000 75.89208984375
62.590774 29.79889 1386267103000 75.007446289062
62.590701 29.798957 1386267105000 76.438171386719
62.590626 29.799014 1386267107000 78.085083007812
62.590555 29.799064 1386267109000 81.368286132812
62.590484 29.799117 1386267111000 80.478271484375
62.590425 29.799169 1386267113000 81.358703613281
62.590366 29.799214 1386267115000 80.981811523438
62.590315 29.799284 1386267117000 81.467529296875
62.590267 29.799324 1386267119000 81.595275878906
62.590216 29.799367 1386267121000 83.017944335938
62.590156 29.799441 1386267123000 90.19482421875
62.590088 29.799514 1386267125000 87.090087890625
62.590015 29.79958 1386267127000 86.797973632812
62.589945 29.799645 1386267129000 85.84619140625
62.58988 29.7997 1386267131000 84.121643066406
62.589804 29.799755 1386267133000 83.730712890625
62.589741 29.799794 1386267135000 85.386535644531
62.589685 29.799837 1386267137000 84.431396484375
62.589632 29.799877 1386267139000 84.30078125
62.589585 29.799894 1386267141000 86.364135742188
62.589536 29.799908 1386267143000 87.608337402344
62.589481 29.799932 1386267145000 87.199645996094
62.589428 29.799962 1386267147000 86.801208496094
62.589396 29.799995 1386267149000 86.647399902344
62.589389 29.800009 1386267151000 87.341796875
62.589393 29.800011 1386267153000 86.292175292969
62.589393 29.800011 1386267155000 85.936828613281
62.589393 29.800011 1386267157000 86.003784179688
62.589393 29.800011 1386267159000 86.2958984375
62.589393 29.800011 1386267161000 87.196655273438
62.589391 29.800041 1386267163000 87.011535644531
62.589391 29.800041 1386267165000 86.610046386719
62.589391 29.800041 1386267167000 86.850708007812
62.589391 29.800041 1386267169000 87.600463867188
62.589391 29.800041 1386267171000 88.668090820312
62.589391 29.800041 1386267173000 88.462768554688
62.589391 29.800041 1386267175000 88.395141601562
62.589391 29.800041 1386267177000 88.726867675781
62.589391 29.800041 1386267179000 88.799987792969
62.589391 29.800041 1386267181000 88.863708496094
62.589391 29.800041 1386267183000 88.8984375
62.589391 29.800041 1386267185000 88.905334472656
62.589391 29.800041 1386267187000 88.908081054688
62.589391 29.800041 1386267189000 88.908447265625
62.589391 29.800041 1386267191000 88.90380859375
62.589391 29.800041 1386267193000 88.90478515625
62.589391 29.800041 1386267195000 88.906066894531
62.589393 29.800095 1386267196000 87.429992675781
62.589393 29.800086 1386267199000 87.903625488281
62.589393 29.800086 1386267201000 87.342407226562
62.589393 29.800086 1386267203000 87.261169433594
62.589393 29.800086 1386267205000 87.599670410156
62.589393 29.800086 1386267207000 87.83544921875
62.589393 29.800086 1386267209000 87.5556640625
62.589393 29.800086 1386267211000 87.299072265625
62.589393 29.800086 1386267213000 87.189270019531
62.589393 29.800086 1386267215000 87.195861816406
62.589393 29.800086 1386267217000 87.222473144531
62.589372 29.800109 1386267219000 86.714538574219
62.589374 29.800109 1386267221000 88.60888671875
62.589372 29.800096 1386267223000 88.476196289062
62.589375 29.800088 1386267225000 89.518432617188
62.589375 29.800088 1386267227000 89.689025878906
62.589375 29.800088 1386267229000 89.678955078125
62.589375 29.800088 1386267231000 89.885925292969
62.589375 29.800088 1386267233000 89.390258789062
62.589375 29.800088 1386267235000 89.541687011719
62.589375 29.800088 1386267237000 89.49609375
62.589375 29.800088 1386267239000 89.451782226562
62.589375 29.800088 1386267241000 89.54541015625
62.589375 29.800088 1386267243000 89.649536132812
62.589375 29.800088 1386267245000 89.679626464844
62.589375 29.800088 1386267247000 89.177490234375
62.589375 29.800088 1386267249000 89.168273925781
62.589375 29.800088 1386267251000 89.170166015625
62.589375 29.800088 1386267253000 89.198974609375
62.589375 29.800088 1386267255000 89.203186035156
62.589375 29.800088 1386267257000 89.20263671875
62.589375 29.800088 1386267259000 89.339538574219
62.589375 29.800088 1386267261000 89.467224121094
62.589375 29.800088 1386267263000 89.435546875
62.589397 29.800059 1386267265000 91.000915527344
62.589378 29.800064 1386267267000 88.934814453125
62.589356 29.800064 1386267269000 90.373596191406
62.589335 29.800074 1386267271000 88.650695800781
62.589316 29.800091 1386267273000 86.293823242188
62.589316 29.800105 1386267275000 86.870971679688
62.589335 29.800088 1386267277000 86.484802246094
62.58934 29.800067 1386267279000 85.40283203125
62.589333 29.800085 1386267281000 85.665893554688
62.589329 29.800101 1386267283000 86.106811523438
62.589321 29.800119 1386267285000 86.112915039062
62.589315 29.800148 1386267287000 85.651123046875
62.589303 29.800198 1386267289000 83.400695800781
62.58928 29.800252 1386267291000 82.490661621094
62.589256 29.800287 1386267293000 82.047607421875
62.589235 29.800394 1386267295000 81.620300292969
62.589214 29.800493 1386267297000 77.089782714844
62.589199 29.800577 1386267299000 75.478515625
62.589171 29.800687 1386267301000 73.299865722656
62.58914 29.800741 1386267303000 71.921997070312
62.589097 29.800865 1386267305000 70.736206054688
62.589069 29.80098 1386267307000 68.1435546875
62.589036 29.801092 1386267309000 66.961853027344
62.588997 29.801238 1386267311000 67.216552734375
62.588972 29.801391 1386267313000 67.000244140625
62.588948 29.801541 1386267315000 66.756286621094
62.58892 29.801676 1386267317000 65.910278320312
62.588886 29.80179 1386267319000 63.924682617188
62.588845 29.801889 1386267321000 64.888854980469
62.588789 29.80195 1386267323000 66.541381835938
62.588732 29.802008 1386267325000 68.699401855469
62.588673 29.802103 1386267327000 72.92822265625
62.588606 29.802225 1386267329000 74.620300292969
62.588541 29.802343 1386267331000 74.980895996094
62.588472 29.802456 1386267333000 76.907409667969
62.5884 29.802564 1386267335000 78.835998535156
62.588344 29.802647 1386267337000 78.521667480469
62.588321 29.802688 1386267339000 78.351135253906
62.588292 29.802727 1386267341000 78.66259765625
62.58826 29.802738 1386267343000 79.227294921875
62.588232 29.802779 1386267345000 78.720153808594
62.588199 29.802825 1386267347000 78.474609375
62.588158 29.80289 1386267349000 79.839965820312
62.588117 29.802991 1386267351000 79.325744628906
62.588074 29.803083 1386267353000 79.377990722656
62.588017 29.803179 1386267355000 79.175659179688
62.587975 29.803263 1386267357000 79.079650878906
62.587904 29.803409 1386267359000 79.063842773438
62.587846 29.803541 1386267361000 79.704956054688
62.587796 29.803652 1386267363000 80.1083984375
62.587747 29.803777 1386267365000 79.919494628906
62.587697 29.803877 1386267367000 79.129150390625
62.587645 29.803968 1386267369000 80.433410644531
62.587595 29.80406 1386267371000 78.983581542969
62.58755 29.804145 1386267373000 78.471984863281
62.587514 29.804165 1386267375000 81.752563476562
62.587487 29.804147 1386267377000 81.451721191406
62.587456 29.804102 1386267379000 79.481872558594
62.587424 29.804056 1386267381000 80.128295898438
62.587368 29.803961 1386267383000 79.417663574219
62.587312 29.80387 1386267385000 80.489440917969
62.587257 29.803775 1386267387000 80.732971191406
62.587208 29.803682 1386267389000 79.999206542969
62.58716 29.803595 1386267391000 80.718444824219
62.587116 29.803508 1386267393000 79.096557617188
62.58707 29.803432 1386267395000 80.047119140625
62.587019 29.803368 1386267397000 80.244506835938
62.586967 29.803333 1386267399000 81.744750976562
62.586916 29.80333 1386267401000 82.419555664062
62.58688 29.803361 1386267403000 82.884765625
62.586851 29.803408 1386267405000 83.456481933594
62.586818 29.803457 1386267407000 84.057861328125
62.586777 29.803513 1386267409000 84.847900390625
62.58673 29.80356 1386267411000 85.881774902344
62.586679 29.803605 1386267413000 87.367553710938
62.586641 29.803641 1386267415000 86.606506347656
62.586597 29.803688 1386267417000 84.569091796875
62.586548 29.80374 1386267419000 83.141967773438
62.586506 29.803767 1386267421000 82.211853027344
62.586465 29.803776 1386267423000 82.41259765625
62.586428 29.803786 1386267425000 82.906311035156
62.586428 29.803786 1386267427000 83.249755859375
62.586428 29.803786 1386267429000 83.779113769531
62.58643 29.803798 1386267431000 83.477478027344
62.586413 29.803807 1386267433000 80.583068847656
62.586387 29.803799 1386267435000 81.28173828125
62.586336 29.80373 1386267437000 80.528442382812
62.586304 29.803618 1386267439000 80.85498046875
62.586264 29.803502 1386267441000 83.424133300781
62.586223 29.803385 1386267443000 83.395629882812
62.58619 29.80328 1386267445000 83.939819335938
62.586143 29.803203 1386267447000 83.535278320312
62.586113 29.803117 1386267449000 83.783813476562
62.58609 29.803022 1386267451000 81.353210449219
62.586068 29.802922 1386267453000 83.118286132812
62.586049 29.802838 1386267455000 82.911437988281
62.586026 29.802792 1386267457000 82.366394042969
62.585994 29.802795 1386267459000 82.924926757812
62.585956 29.802829 1386267461000 82.633850097656
62.585915 29.802881 1386267463000 80.586242675781
62.585861 29.802944 1386267465000 80.225891113281
62.585804 29.803 1386267467000 81.208984375
62.585746 29.803056 1386267469000 82.0751953125
62.585698 29.803087 1386267471000 78.645263671875
62.58565 29.8031 1386267473000 78.419799804688
62.585594 29.803083 1386267475000 79.533630371094
62.58554 29.803056 1386267477000 79.858520507812
62.58548 29.803076 1386267479000 84.0810546875
62.585428 29.803112 1386267481000 84.427490234375
62.585372 29.803161 1386267483000 85.465576171875
62.585321 29.803193 1386267485000 87.00439453125
62.585279 29.803225 1386267487000 88.397827148438
62.585216 29.803254 1386267489000 88.861511230469
62.585156 29.803282 1386267491000 89.244140625
62.585097 29.803309 1386267493000 89.789489746094
62.585041 29.803349 1386267495000 90.417419433594
62.584985 29.803391 1386267497000 91.485473632812
62.584926 29.803414 1386267499000 91.00927734375
62.584871 29.803409 1386267501000 88.456787109375
62.584814 29.803417 1386267503000 88.624145507812
62.584755 29.803436 1386267505000 90.658325195312
62.584693 29.803456 1386267507000 89.73828125
62.584637 29.803478 1386267509000 87.977844238281
62.584587 29.80349 1386267511000 86.732849121094
62.584541 29.803515 1386267513000 86.627319335938
62.584495 29.803538 1386267515000 87.647033691406
62.584447 29.803547 1386267517000 88.092163085938
62.584398 29.803558 1386267519000 87.964721679688
62.584344 29.803573 1386267521000 87.603576660156
62.584292 29.803593 1386267523000 87.674926757812
62.584243 29.803618 1386267525000 87.860595703125
62.58419 29.80364 1386267527000 87.521484375
62.584136 29.803649 1386267529000 88.077697753906
62.584084 29.803654 1386267531000 87.812866210938
62.584032 29.803645 1386267533000 87.531494140625
62.58398 29.803657 1386267535000 87.671691894531
62.58393 29.803667 1386267537000 87.554443359375
62.58388 29.803679 1386267539000 87.746215820312
62.583829 29.803699 1386267541000 88.537109375
62.583777 29.803725 1386267543000 88.71630859375
62.583721 29.803731 1386267545000 87.968933105469
62.583668 29.803725 1386267547000 88.266845703125
62.583617 29.803717 1386267549000 87.053466796875
62.583572 29.803696 1386267551000 87.722229003906
62.583515 29.803704 1386267553000 86.430847167969
62.583453 29.80373 1386267555000 88.091735839844
62.583392 29.803754 1386267557000 89.635070800781
62.583317 29.803813 1386267559000 91.478210449219
62.583257 29.803847 1386267561000 91.721984863281
62.583197 29.803878 1386267563000 90.122009277344
62.583132 29.803901 1386267565000 90.237487792969
62.583067 29.803933 1386267567000 89.199523925781
62.583009 29.803969 1386267569000 89.803466796875
62.582941 29.804011 1386267571000 91.684509277344
62.582879 29.804033 1386267573000 89.697143554688
62.582818 29.804068 1386267575000 88.463623046875
62.582757 29.804094 1386267577000 86.938232421875
62.582698 29.804108 1386267579000 91.229858398438
62.582635 29.804126 1386267581000 90.371337890625
62.582556 29.804166 1386267583000 89.691955566406
62.582469 29.804201 1386267585000 88.095825195312
62.582385 29.80423 1386267587000 89.116455078125
62.582284 29.804269 1386267589000 91.069274902344
62.58215 29.804361 1386267591000 90.187377929688
62.582061 29.804391 1386267593000 90.8896484375
62.581978 29.804427 1386267595000 90.626403808594
62.581896 29.80441 1386267597000 87.683288574219
62.581833 29.804399 1386267599000 86.036010742188
62.581761 29.804418 1386267601000 85.648803710938
62.581678 29.804467 1386267603000 86.617614746094
62.581591 29.804507 1386267605000 86.793151855469
62.581444 29.804595 1386267607000 84.256652832031
62.581373 29.804632 1386267609000 86.523193359375
62.581311 29.804679 1386267611000 89.525024414062
62.58123 29.804696 1386267613000 87.076293945312
62.581156 29.804732 1386267615000 87.312133789062
62.581097 29.804751 1386267617000 86.0537109375
62.581025 29.804778 1386267619000 83.706176757812
62.580966 29.804786 1386267621000 80.234069824219
62.580928 29.804774 1386267623000 80.885314941406
62.580863 29.804787 1386267625000 82.006713867188
62.58079 29.804813 1386267627000 83.685424804688
62.580727 29.804828 1386267629000 83.231140136719
62.580659 29.804841 1386267631000 84.688537597656
62.580591 29.804848 1386267633000 85.396118164062
62.580518 29.804847 1386267635000 87.22021484375
62.58045 29.804829 1386267637000 86.704162597656
62.580395 29.804794 1386267639000 85.78271484375
62.58034 29.80477 1386267641000 86.870056152344
62.580285 29.804775 1386267643000 86.493408203125
62.580237 29.804851 1386267645000 85.630432128906
62.580204 29.804978 1386267647000 86.539978027344
62.580174 29.805111 1386267649000 89.623657226562
62.580139 29.805244 1386267651000 88.906616210938
62.580106 29.805378 1386267653000 87.905029296875
62.580075 29.805544 1386267655000 91.49560546875
62.580045 29.805708 1386267657000 92.437744140625
62.580009 29.805855 1386267659000 91.141845703125
62.579972 29.806003 1386267661000 90.394470214844
62.579939 29.806152 1386267663000 89.508666992188
62.5799 29.806289 1386267665000 87.620361328125
62.579857 29.806429 1386267667000 88.519165039062
62.579817 29.806578 1386267669000 89.213562011719
62.579773 29.806722 1386267671000 87.832702636719
62.579727 29.806857 1386267673000 87.6484375
62.579678 29.806991 1386267675000 88.676635742188
62.579626 29.807092 1386267677000 87.520141601562
62.579575 29.807189 1386267679000 86.70654296875
62.579525 29.807301 1386267681000 89.406372070312
62.579473 29.807395 1386267683000 90.28076171875
62.579419 29.807455 1386267685000 87.607788085938
62.579362 29.80752 1386267687000 87.525268554688
62.5793 29.807558 1386267689000 87.0146484375
62.579241 29.807607 1386267691000 84.880493164062
62.579181 29.807658 1386267693000 86.009582519531
62.579116 29.807711 1386267695000 83.178833007812
62.579059 29.807782 1386267697000 82.610290527344
62.578993 29.80784 1386267699000 81.664794921875
62.578939 29.807916 1386267701000 82.440673828125
62.578893 29.807995 1386267703000 83.33447265625
62.57884 29.808052 1386267705000 82.67822265625
62.57879 29.808121 1386267707000 83.321899414062
62.578747 29.808206 1386267709000 83.509338378906
62.578692 29.808277 1386267711000 83.047424316406
62.578638 29.808352 1386267713000 83.71533203125
62.57858 29.808435 1386267715000 82.602111816406
62.578523 29.808507 1386267717000 80.26025390625
62.578461 29.808603 1386267719000 80.835876464844
62.578388 29.808713 1386267721000 81.091003417969
62.578319 29.808805 1386267723000 83.727722167969
62.578253 29.808886 1386267725000 86.109252929688
62.578182 29.80893 1386267727000 83.3681640625
62.578115 29.808926 1386267729000 82.572204589844
62.578073 29.808894 1386267731000 79.10546875
62.578055 29.80882 1386267733000 77.759826660156
62.578024 29.808769 1386267735000 78.145874023438
62.577972 29.808758 1386267737000 78.106506347656
62.577919 29.80877 1386267739000 78.181274414062
62.577868 29.80879 1386267741000 78.646850585938
62.577805 29.808821 1386267743000 78.039855957031
62.57775 29.808805 1386267745000 78.767211914062
62.577701 29.808746 1386267747000 77.246337890625
62.577661 29.808694 1386267749000 77.281372070312
62.577645 29.808617 1386267751000 76.823852539062
62.577645 29.808553 1386267753000 75.900207519531
62.577628 29.808498 1386267755000 72.596862792969
62.577608 29.808445 1386267757000 71.455200195312
62.577567 29.808415 1386267759000 76.121520996094
62.577557 29.808421 1386267761000 78.450927734375
62.577565 29.808417 1386267763000 80.045532226562
62.577565 29.808417 1386267765000 80.311096191406
62.577593 29.808335 1386267767000 83.69482421875
62.577593 29.808335 1386267769000 84.133850097656
62.577593 29.808335 1386267771000 84.76806640625
62.577593 29.808335 1386267773000 85.060546875
62.577593 29.808335 1386267775000 84.957641601562
62.57759 29.80831 1386267777000 85.443054199219
62.577582 29.808324 1386267779000 82.1572265625
62.577581 29.808337 1386267781000 81.525390625
62.577575 29.808329 1386267783000 83.753784179688
62.577575 29.808329 1386267785000 83.725280761719
62.577575 29.808329 1386267787000 85.791564941406
62.577559 29.808323 1386267789000 84.83251953125
62.577559 29.808323 1386267791000 86.209045410156
62.577559 29.808323 1386267793000 87.188842773438
62.577559 29.808323 1386267795000 87.645629882812
62.577559 29.808323 1386267797000 86.387268066406
62.577559 29.808323 1386267799000 85.537292480469
62.577559 29.808323 1386267801000 86.170593261719
62.577559 29.808323 1386267803000 86.650817871094
62.577559 29.808323 1386267805000 87.008422851562
62.577559 29.808323 1386267807000 87.090026855469
62.577559 29.808323 1386267809000 87.778869628906
62.577559 29.808323 1386267811000 87.652709960938
62.577559 29.808323 1386267813000 87.781921386719
62.577559 29.808323 1386267815000 87.79833984375
62.577559 29.808323 1386267817000 87.750610351562
62.577559 29.808323 1386267819000 87.777770996094
62.577559 29.808323 1386267821000 88.078979492188
62.577559 29.808323 1386267823000 88.083618164062
62.577559 29.808323 1386267825000 87.984619140625
62.577559 29.808323 1386267827000 88.271789550781
62.577559 29.808323 1386267829000 88.106262207031
62.577559 29.808323 1386267831000 88.044799804688
62.577559 29.808323 1386267833000 88.04736328125
62.577559 29.808323 1386267835000 88.375122070312
62.577542 29.808354 1386267837000 89.557983398438
62.57755 29.808363 1386267839000 93.153869628906
62.577561 29.808397 1386267841000 96.239196777344
62.577565 29.808417 1386267843000 96.468688964844
62.577573 29.808397 1386267845000 96.011413574219
62.577576 29.808356 1386267847000 94.258056640625
62.577576 29.808356 1386267849000 96.229675292969
62.577566 29.808332 1386267851000 95.797607421875
62.577543 29.808306 1386267853000 95.468139648438
62.577523 29.808255 1386267855000 96.623046875
62.577507 29.808204 1386267857000 95.003784179688
62.57749 29.808156 1386267859000 93.348083496094
62.577464 29.808145 1386267861000 90.159790039062
62.57744 29.808142 1386267863000 90.021484375
62.577421 29.808153 1386267865000 91.342651367188
62.577403 29.808163 1386267867000 92.570861816406
62.577386 29.808177 1386267869000 93.332153320312
62.577367 29.8082 1386267871000 93.102844238281
62.577348 29.808233 1386267873000 93.069458007812