62.593384 29.79252 1386260197000 91.654174804688
62.593435 29.792453 1386260199000 78.879577636719
62.593156 29.792707 1386260202000 91.543579101562
62.593226 29.792696 1386260204000 90.6640625
62.593262 29.79269 1386260206000 103.61090087891
62.593278 29.792688 1386260208000 95.460571289062
62.593278 29.792688 1386260210000 93.16357421875
62.593325 29.792679 1386260212000 89.813232421875
62.593325 29.792679 1386260214000 88.301879882812
62.593325 29.792679 1386260216000 86.577514648438
62.593325 29.792679 1386260218000 86.418640136719
62.593325 29.792679 1386260220000 86.432739257812
62.593325 29.792679 1386260222000 86.423095703125
62.593325 29.792679 1386260224000 86.200378417969
62.593325 29.792679 1386260226000 86.172729492188
62.593329 29.792614 1386260228000 86.454833984375
62.593351 29.792612 1386260230000 86.749694824219
62.593411 29.792582 1386260232000 86.812255859375
62.593487 29.79254 1386260234000 87.967651367188
62.593575 29.792494 1386260236000 87.824584960938
62.593676 29.792451 1386260238000 86.971313476562
62.593758 29.792367 1386260240000 86.594299316406
62.593839 29.79229 1386260242000 85.558471679688
62.593913 29.792224 1386260244000 84.146362304688
62.593943 29.792199 1386260246000 82.834106445312
62.593954 29.792184 1386260248000 82.27490234375
62.593967 29.792156 1386260250000 81.255737304688
62.59399 29.792124 1386260252000 80.932495117188
62.594028 29.792117 1386260254000 81.202575683594
62.594064 29.792107 1386260256000 81.462829589844
62.594099 29.792074 1386260258000 81.094116210938
62.594151 29.79203 1386260260000 80.345703125
62.594222 29.791981 1386260262000 79.855529785156
62.594295 29.791922 1386260264000 79.811706542969
62.594382 29.791853 1386260266000 79.325622558594
62.594481 29.791799 1386260268000 79.781921386719
62.594566 29.791737 1386260270000 80.051452636719
62.594653 29.79169 1386260272000 80.025329589844
62.594744 29.791659 1386260274000 79.914367675781
62.594833 29.791658 1386260276000 80.105102539062
62.59492 29.791711 1386260278000 77.216979980469
62.594995 29.791759 1386260280000 76.296508789062
62.59506 29.791784 1386260282000 76.015869140625
62.595123 29.791798 1386260284000 74.957153320312
62.595192 29.7918 1386260286000 74.5224609375
62.595271 29.791801 1386260288000 73.685852050781
62.595353 29.791795 1386260290000 73.441650390625
62.595435 29.791772 1386260292000 72.924621582031
62.595519 29.791769 1386260294000 72.986694335938
62.595605 29.791749 1386260296000 72.613708496094
62.595699 29.791714 1386260298000 72.904907226562
62.595794 29.791679 1386260300000 72.229125976562
62.59589 29.79166 1386260302000 70.209838867188
62.595982 29.791651 1386260304000 70.169677734375
62.596064 29.791636 1386260306000 71.274108886719
62.596129 29.791613 1386260308000 71.13427734375
62.596187 29.791633 1386260310000 71.033813476562
62.596227 29.791735 1386260312000 70.057373046875
62.596253 29.791874 1386260314000 69.851501464844
62.596282 29.792025 1386260316000 69.9638671875
62.596269 29.792201 1386260318000 69.300537109375
62.596272 29.792359 1386260320000 69.378234863281
62.596273 29.792427 1386260322000 70.001220703125
62.596273 29.79241 1386260324000 70.195251464844
62.596272 29.792375 1386260326000 68.479187011719
62.59628 29.792362 1386260328000 70.433410644531
62.596285 29.792354 1386260330000 70.776977539062
62.596478 29.79229 1386260332000 72.098083496094
62.596548 29.792271 1386260334000 70.73876953125
62.596624 29.792261 1386260336000 69.936096191406
62.596702 29.79225 1386260338000 70.306945800781
62.596778 29.792235 1386260340000 69.473327636719
62.596858 29.792222 1386260342000 70.165405273438
62.596934 29.792191 1386260344000 70.083129882812
62.597008 29.792142 1386260346000 69.908874511719
62.597081 29.792133 1386260348000 70.392639160156
62.597157 29.79214 1386260350000 70.239135742188
62.597225 29.792158 1386260352000 70.196594238281
62.597267 29.792169 1386260354000 70.768371582031
62.597321 29.792151 1386260356000 71.309204101562
62.597394 29.792135 1386260358000 71.322998046875
62.597473 29.792139 1386260360000 71.147094726562
62.59755 29.792151 1386260362000 71.3720703125
62.59763 29.792166 1386260364000 70.224853515625
62.597711 29.792189 1386260366000 70.017456054688
62.597791 29.792196 1386260368000 68.19921875
62.597866 29.792188 1386260370000 69.313232421875
62.597904 29.79219 1386260372000 69.519714355469
62.597934 29.792255 1386260374000 70.600219726562
62.597939 29.792392 1386260376000 72.581176757812
62.597945 29.792539 1386260378000 72.5634765625
62.597947 29.792688 1386260380000 73.875244140625
62.597953 29.792842 1386260382000 76.095825195312
62.597958 29.792993 1386260384000 75.916381835938
62.59797 29.79314 1386260386000 76.07763671875
62.597982 29.793281 1386260388000 75.758056640625
62.597993 29.79342 1386260390000 76.474609375
62.598001 29.793556 1386260392000 72.504577636719
62.598003 29.793679 1386260394000 73.467895507812
62.598009 29.793799 1386260396000 73.706420898438
62.598014 29.793936 1386260398000 74.283813476562
62.598015 29.794081 1386260400000 74.569519042969
62.598005 29.794235 1386260402000 73.782348632812
62.597994 29.794394 1386260404000 73.992614746094
62.597983 29.794561 1386260406000 74.155822753906
62.597976 29.79472 1386260408000 73.685668945312
62.597971 29.794881 1386260410000 68.869018554688
62.597987 29.79503 1386260412000 67.985900878906
62.598025 29.795117 1386260414000 68.439453125
62.598083 29.795123 1386260416000 68.123413085938
62.598158 29.795075 1386260418000 67.950073242188
62.598237 29.795007 1386260420000 68.06640625
62.598321 29.79495 1386260422000 67.919494628906
62.59841 29.794883 1386260424000 69.073791503906
62.598502 29.794838 1386260426000 70.29052734375
62.598587 29.79481 1386260428000 69.971313476562
62.59867 29.794782 1386260430000 69.395935058594
62.598753 29.79476 1386260432000 68.99072265625
62.598838 29.794755 1386260434000 70.393920898438
62.598921 29.794763 1386260436000 69.73876953125
62.599003 29.794781 1386260438000 69.17626953125
62.599093 29.794798 1386260440000 68.608337402344
62.59919 29.794804 1386260442000 69.2236328125
62.599284 29.794784 1386260444000 70.0908203125
62.599375 29.794736 1386260446000 70.615112304688
62.59946 29.794645 1386260448000 67.627380371094
62.599539 29.794558 1386260450000 68.089599609375
62.599614 29.794457 1386260452000 68.726440429688
62.59969 29.794348 1386260454000 68.9013671875
62.599769 29.79423 1386260456000 69.137756347656
62.599846 29.794127 1386260458000 70.533386230469
62.59992 29.794009 1386260460000 71.182250976562
62.599983 29.793855 1386260462000 71.721557617188
62.600038 29.793672 1386260464000 70.748229980469
62.600085 29.793483 1386260466000 72.427368164062
62.600128 29.793292 1386260468000 74.363830566406
62.600161 29.793096 1386260470000 72.4443359375
62.600198 29.792912 1386260472000 70.41748046875
62.600246 29.792738 1386260474000 71.19873046875
62.600308 29.792578 1386260476000 72.09375
62.600375 29.792435 1386260478000 71.820922851562
62.600447 29.792301 1386260480000 70.998718261719
62.600512 29.792152 1386260482000 68.7607421875
62.60056 29.791972 1386260484000 66.787475585938
62.600606 29.791789 1386260486000 67.245361328125
62.600658 29.791615 1386260488000 67.364929199219
62.600736 29.791453 1386260490000 67.212707519531
62.600824 29.791242 1386260492000 66.99169921875
62.600902 29.791028 1386260494000 68.143432617188
62.600968 29.790849 1386260496000 68.81201171875
62.601028 29.79068 1386260498000 68.607360839844
62.601077 29.79051 1386260500000 66.841552734375
62.601126 29.79034 1386260502000 67.585754394531
62.601179 29.790176 1386260504000 67.825378417969
62.601227 29.790014 1386260506000 69.014892578125
62.60127 29.789855 1386260508000 69.976257324219
62.601322 29.789713 1386260510000 71.116882324219
62.60138 29.789629 1386260512000 70.429870605469
62.60144 29.789563 1386260514000 71.575439453125
62.601508 29.789538 1386260516000 69.888793945312
62.601589 29.789535 1386260518000 70.22412109375
62.601668 29.789523 1386260520000 68.623840332031
62.601741 29.789501 1386260522000 69.265686035156
62.601814 29.789468 1386260524000 69.763366699219
62.601888 29.789465 1386260526000 70.670227050781
62.601953 29.789525 1386260528000 71.838745117188
62.601992 29.789656 1386260530000 72.401306152344
62.602017 29.789807 1386260532000 70.700012207031
62.60205 29.789956 1386260534000 71.896484375
62.602089 29.790096 1386260536000 72.162353515625
62.602131 29.790231 1386260538000 72.407836914062
62.602173 29.790367 1386260540000 73.6962890625
62.60222 29.790497 1386260542000 74.240844726562
62.602258 29.790637 1386260544000 75.383178710938
62.602289 29.790785 1386260546000 74.668640136719
62.602318 29.79093 1386260548000 73.372375488281
62.602356 29.791074 1386260550000 74.703247070312
62.602428 29.791239 1386260552000 73.828857421875
62.602528 29.791388 1386260554000 73.891052246094
62.602633 29.791534 1386260556000 72.326049804688
62.602724 29.791724 1386260558000 73.067749023438
62.602788 29.791962 1386260560000 71.323303222656
62.602822 29.792077 1386260562000 71.048217773438
62.60289 29.792312 1386260564000 69.592041015625
62.602969 29.79254 1386260566000 71.682373046875
62.603014 29.792679 1386260568000 70.790344238281
62.603045 29.79281 1386260570000 70.521850585938
62.60309 29.792938 1386260572000 71.582458496094
62.603123 29.79308 1386260574000 72.576843261719
62.603144 29.79323 1386260576000 76.903442382812
62.603158 29.793373 1386260578000 75.941589355469
62.603161 29.793522 1386260580000 78.384094238281
62.603147 29.793675 1386260582000 77.728210449219
62.603128 29.793826 1386260584000 77.261901855469
62.60311 29.793979 1386260586000 76.729614257812
62.603099 29.794119 1386260588000 75.976806640625
62.603093 29.794255 1386260590000 76.953308105469
62.603089 29.794384 1386260592000 76.339477539062
62.60309 29.794503 1386260594000 74.793334960938
62.603108 29.794608 1386260596000 74.973083496094
62.603145 29.794666 1386260598000 74.493103027344
62.603194 29.794644 1386260600000 74.817260742188
62.603249 29.79458 1386260602000 75.415405273438
62.60332 29.794492 1386260604000 74.165222167969
62.603391 29.794401 1386260606000 74.615356445312
62.603457 29.79431 1386260608000 74.131286621094
62.603524 29.794229 1386260610000 74.110961914062
62.603593 29.79414 1386260612000 73.572570800781
62.603669 29.794029 1386260614000 73.35986328125
62.603745 29.793912 1386260616000 73.714965820312
62.60382 29.793785 1386260618000 73.242980957031
62.603894 29.793646 1386260620000 72.228271484375
62.60397 29.793507 1386260622000 71.890014648438
62.604045 29.793358 1386260624000 70.847534179688
62.604115 29.793204 1386260626000 70.754516601562
62.60419 29.793058 1386260628000 70.43896484375
62.604265 29.792919 1386260630000 70.570007324219
62.604331 29.792763 1386260632000 70.911987304688
62.604401 29.792626 1386260634000 71.833251953125
62.604476 29.792508 1386260636000 71.900451660156
62.604552 29.792428 1386260638000 72.447570800781
62.604632 29.792404 1386260640000 73.610473632812
62.604717 29.792398 1386260642000 74.559692382812
62.604801 29.792411 1386260644000 73.705993652344
62.60488 29.792439 1386260646000 73.227966308594
62.60495 29.792468 1386260648000 73.043701171875
62.605028 29.792487 1386260650000 74.404296875
62.605116 29.792531 1386260652000 72.1953125
62.605196 29.792567 1386260654000 72.481384277344
62.605272 29.792595 1386260656000 71.781066894531
62.605346 29.792607 1386260658000 72.524047851562
62.605421 29.792612 1386260660000 72.308776855469
62.605495 29.792619 1386260662000 72.266357421875
62.605568 29.79263 1386260664000 71.098388671875
62.605641 29.792631 1386260666000 71.062927246094
62.605711 29.792625 1386260668000 70.857482910156
62.605786 29.792625 1386260670000 72.611083984375
62.605851 29.792632 1386260672000 73.465942382812
62.605921 29.792611 1386260674000 73.694580078125
62.605992 29.792575 1386260676000 73.676147460938
62.606062 29.792522 1386260678000 73.869140625
62.606136 29.792481 1386260680000 74.669311523438
62.60621 29.792446 1386260682000 75.315795898438
62.606284 29.792413 1386260684000 75.631225585938
62.606359 29.79239 1386260686000 77.881103515625
62.606434 29.792381 1386260688000 78.161437988281
62.60651 29.792355 1386260690000 78.397583007812
62.606582 29.792316 1386260692000 79.938171386719
62.606656 29.792283 1386260694000 80.293090820312
62.606724 29.792271 1386260696000 79.371643066406
62.606791 29.792246 1386260698000 81.2392578125
62.606857 29.792227 1386260700000 81.238952636719
62.606925 29.792222 1386260702000 82.086547851562
62.606994 29.792255 1386260704000 82.913330078125
62.607062 29.792246 1386260706000 82.2646484375
62.607131 29.792229 1386260708000 82.037963867188
62.607198 29.792212 1386260710000 81.8720703125
62.607267 29.792188 1386260712000 81.405029296875
62.607333 29.792152 1386260714000 81.376586914062
62.607398 29.792107 1386260716000 83.843994140625
62.607464 29.792075 1386260718000 84.004150390625
62.607532 29.79206 1386260720000 84.134704589844
62.607597 29.792038 1386260722000 84.025634765625
62.607663 29.792009 1386260724000 84.5205078125
62.607729 29.791986 1386260726000 84.773803710938
62.60779 29.791949 1386260728000 84.451354980469
62.60785 29.791923 1386260730000 86.036743164062
62.607911 29.791892 1386260732000 86.355712890625
62.607972 29.791853 1386260734000 86.310119628906
62.608032 29.791813 1386260736000 87.572082519531
62.608093 29.791772 1386260738000 87.158020019531
62.608159 29.791736 1386260740000 86.629821777344
62.608225 29.791694 1386260742000 86.513793945312
62.6083 29.791687 1386260744000 85.583374023438
62.608376 29.791679 1386260746000 85.910766601562
62.60845 29.79166 1386260748000 84.996765136719
62.608527 29.791622 1386260750000 84.542785644531
62.608603 29.791578 1386260752000 84.704345703125
62.608676 29.791533 1386260754000 85.078125
62.608753 29.791489 1386260756000 84.293884277344
62.608832 29.791445 1386260758000 83.17724609375
62.608913 29.791392 1386260760000 82.978942871094
62.608989 29.791346 1386260762000 82.981140136719
62.609075 29.791247 1386260764000 81.015075683594
62.609165 29.791177 1386260766000 81.913635253906
62.609265 29.79112 1386260768000 82.0
62.609367 29.791068 1386260770000 81.712524414062
62.609471 29.791015 1386260772000 81.041320800781
62.609574 29.790967 1386260774000 81.266418457031
62.609669 29.790853 1386260776000 81.529968261719
62.609767 29.790793 1386260778000 81.755554199219
62.609872 29.790723 1386260780000 80.415893554688
62.609984 29.790648 1386260782000 79.952331542969
62.610097 29.790568 1386260784000 78.543151855469
62.610219 29.790474 1386260786000 77.702819824219
62.610334 29.790491 1386260788000 76.610229492188
62.61042 29.790305 1386260790000 76.035217285156
62.610505 29.790218 1386260792000 76.603149414062
62.610568 29.790151 1386260794000 75.384216308594
62.610704 29.790062 1386260796000 73.011901855469
62.610848 29.790041 1386260798000 72.051147460938
62.610927 29.790074 1386260800000 73.36376953125
62.61106 29.79019 1386260802000 74.275329589844
62.611166 29.790364 1386260804000 73.8623046875
62.611257 29.790588 1386260806000 72.616088867188
62.6113 29.790753 1386260808000 71.481384277344
62.611307 29.79105 1386260810000 70.644409179688
62.611386 29.79118 1386260812000 71.237609863281
62.611488 29.791183 1386260814000 69.264709472656
62.611576 29.791169 1386260816000 69.380187988281
62.611606 29.791027 1386260818000 71.81298828125
62.611493 29.790852 1386260820000 72.0458984375
62.611493 29.790692 1386260822000 71.3916015625
62.611496 29.790501 1386260824000 71.006286621094
62.611501 29.790301 1386260826000 68.096130371094
62.611509 29.790054 1386260828000 68.371765136719
62.611637 29.789886 1386260830000 68.590576171875
62.61153 29.789616 1386260832000 69.129333496094
62.611682 29.789457 1386260834000 68.552795410156
62.611723 29.789262 1386260836000 67.554809570312
62.611779 29.789077 1386260838000 68.1328125
62.611845 29.788909 1386260840000 70.372375488281
62.611915 29.788748 1386260842000 69.799682617188
62.611982 29.788587 1386260844000 70.569702148438
62.612049 29.788414 1386260846000 70.228332519531
62.61211 29.788218 1386260848000 70.760009765625
62.61216 29.788019 1386260850000 71.521118164062
62.612208 29.78782 1386260852000 71.768188476562
62.612265 29.787627 1386260854000 72.179382324219
62.612329 29.78745 1386260856000 72.719482421875
62.612392 29.787275 1386260858000 72.29736328125
62.612448 29.787098 1386260860000 71.608825683594
62.612501 29.786915 1386260862000 71.422546386719
62.612551 29.786748 1386260864000 70.829711914062
62.612607 29.78658 1386260866000 71.786560058594
62.612666 29.786424 1386260868000 70.642272949219
62.612713 29.786268 1386260870000 70.730407714844
62.612764 29.786126 1386260872000 69.804809570312
62.612815 29.785986 1386260874000 70.5859375
62.612862 29.785849 1386260876000 70.719177246094
62.61291 29.785699 1386260878000 70.449096679688
62.612947 29.785567 1386260880000 70.581665039062
62.612991 29.785415 1386260882000 68.809448242188
62.613038 29.785246 1386260884000 69.039916992188
62.613096 29.785061 1386260886000 67.607116699219
62.613157 29.784872 1386260888000 67.402038574219
62.613226 29.784678 1386260890000 64.943420410156
62.613196 29.78436 1386260892000 68.426940917969
62.613258 29.784178 1386260894000 69.753173828125
62.61332 29.783996 1386260896000 71.249328613281
62.613378 29.78382 1386260898000 71.400573730469
62.613438 29.783637 1386260900000 70.494018554688
62.613494 29.783465 1386260902000 71.744995117188
62.613553 29.783285 1386260904000 71.664306640625
62.613608 29.783115 1386260906000 71.204406738281
62.61379 29.78313 1386260908000 69.657775878906
62.613849 29.782963 1386260910000 70.531555175781
62.613903 29.782791 1386260912000 71.6923828125
62.613958 29.782612 1386260914000 71.702697753906
62.614006 29.782432 1386260916000 69.526794433594
62.614056 29.782269 1386260918000 69.793579101562
62.614113 29.782105 1386260920000 68.147338867188
62.614155 29.781939 1386260922000 68.45263671875
62.614203 29.781767 1386260924000 68.044067382812
62.614237 29.781617 1386260926000 68.021850585938
62.614278 29.781451 1386260928000 70.021423339844
62.614326 29.781289 1386260930000 69.126770019531
62.614368 29.781116 1386260932000 69.823059082031
62.61441 29.780936 1386260934000 69.711791992188
62.614459 29.780767 1386260936000 67.83203125
62.614509 29.780576 1386260938000 67.124633789062
62.614523 29.780274 1386260940000 64.901306152344
62.614587 29.780066 1386260942000 65.048522949219
62.614643 29.779876 1386260944000 66.234069824219
62.614775 29.779803 1386260946000 66.693664550781
62.614835 29.779634 1386260948000 65.21044921875
62.614884 29.779463 1386260950000 66.940490722656
62.614951 29.779306 1386260952000 66.616577148438
62.615015 29.779159 1386260954000 70.003601074219
62.615073 29.779021 1386260956000 71.099060058594
62.615126 29.778893 1386260958000 69.214538574219
62.615172 29.77876 1386260960000 69.794982910156
62.615215 29.778623 1386260962000 69.656799316406
62.615255 29.778475 1386260964000 70.005187988281
62.615292 29.778317 1386260966000 69.397033691406
62.61534 29.778163 1386260968000 69.074157714844
62.615382 29.778011 1386260970000 68.655822753906
62.615421 29.777853 1386260972000 69.326843261719
62.615458 29.777696 1386260974000 67.692626953125
62.615501 29.777541 1386260976000 68.533752441406
62.615541 29.777387 1386260978000 68.604736328125
62.615583 29.777236 1386260980000 67.809509277344
62.615627 29.777087 1386260982000 68.081359863281
62.615671 29.776926 1386260984000 67.088134765625
62.615714 29.776769 1386260986000 67.602111816406
62.615759 29.776619 1386260988000 66.906677246094
62.615798 29.77645 1386260990000 65.748168945312
62.615844 29.776288 1386260992000 66.209289550781
62.615881 29.776135 1386260994000 69.491455078125
62.615926 29.775992 1386260996000 70.109619140625
62.615972 29.775847 1386260998000 69.784790039062
62.616026 29.775716 1386261000000 72.016479492188
62.616081 29.775588 1386261002000 72.652099609375
62.616133 29.775454 1386261004000 72.418029785156
62.616184 29.775318 1386261006000 69.771667480469
62.61624 29.775187 1386261008000 71.994262695312
62.616292 29.775025 1386261010000 70.981384277344
62.616343 29.774869 1386261012000 71.484130859375
62.616393 29.774716 1386261014000 70.306884765625
62.616442 29.774557 1386261016000 71.388549804688
62.616492 29.774399 1386261018000 69.977966308594
62.616539 29.774245 1386261020000 70.91943359375
62.616583 29.774094 1386261022000 67.799560546875
62.616632 29.773954 1386261024000 69.424987792969
62.616678 29.77382 1386261026000 70.314697265625
62.61672 29.773675 1386261028000 70.706909179688
62.616751 29.773518 1386261030000 68.945556640625
62.616785 29.773364 1386261032000 67.854309082031
62.616825 29.773228 1386261034000 69.780334472656
62.616867 29.773082 1386261036000 70.297912597656
62.616896 29.772932 1386261038000 70.181091308594
62.616928 29.772773 1386261040000 68.433715820312
62.616969 29.77263 1386261042000 67.419677734375
62.617021 29.772511 1386261044000 69.28955078125
62.617092 29.772458 1386261046000 70.375122070312
62.617168 29.772449 1386261048000 70.028503417969
62.617239 29.772519 1386261050000 69.018371582031
62.617306 29.77264 1386261052000 70.017028808594
62.617375 29.772742 1386261054000 69.797729492188
62.617447 29.772826 1386261056000 69.762023925781
62.617523 29.772908 1386261058000 71.263610839844
62.617595 29.772995 1386261060000 70.873291015625
62.617669 29.77308 1386261062000 70.464599609375
62.617742 29.773167 1386261064000 70.687561035156
62.617814 29.773244 1386261066000 70.063232421875
62.617883 29.773332 1386261068000 71.376403808594
62.617951 29.773438 1386261070000 71.054077148438
62.618019 29.773558 1386261072000 68.8759765625
62.618093 29.773646 1386261074000 68.159301757812
62.61817 29.77371 1386261076000 67.379516601562
62.618242 29.773641 1386261078000 66.946411132812
62.618293 29.773492 1386261080000 69.89208984375
62.618351 29.773293 1386261082000 69.956176757812
62.618514 29.77281 1386261088000 67.239135742188
62.618433 29.772647 1386261090000 69.636108398438
62.618381 29.77252 1386261092000 69.36669921875
62.618323 29.772411 1386261094000 71.960754394531
62.618246 29.772319 1386261096000 72.771301269531
62.618168 29.772229 1386261098000 72.802368164062
62.618073 29.772159 1386261100000 74.068420410156
62.617977 29.772131 1386261102000 77.690979003906
62.617901 29.772069 1386261104000 76.582214355469
62.61785 29.77201 1386261106000 78.02197265625
62.617815 29.771952 1386261108000 79.359252929688
62.617798 29.771925 1386261110000 79.632019042969
62.61779 29.771922 1386261112000 78.919311523438
62.617773 29.77192 1386261114000 79.256286621094
62.617744 29.771911 1386261116000 78.744689941406
62.617696 29.771868 1386261118000 78.779174804688
62.617652 29.771814 1386261120000 78.312316894531
62.617617 29.771731 1386261122000 78.697631835938
62.617618 29.771609 1386261124000 78.312377929688
62.617651 29.771504 1386261126000 77.708251953125
62.617702 29.771438 1386261128000 77.695495605469
62.617759 29.771417 1386261130000 76.895080566406
62.617813 29.771411 1386261132000 75.863708496094
62.617884 29.771375 1386261134000 74.848754882812
62.617946 29.771297 1386261136000 74.372253417969
62.618002 29.771224 1386261138000 76.590393066406
62.618057 29.771156 1386261140000 75.97265625
62.618108 29.771082 1386261142000 75.671997070312
62.618152 29.770986 1386261144000 76.224670410156
62.618189 29.770882 1386261146000 77.891479492188
62.618232 29.770773 1386261148000 77.050476074219
62.618275 29.770663 1386261150000 76.625793457031
62.618305 29.770535 1386261152000 76.002807617188
62.618327 29.770391 1386261154000 74.562194824219
62.618343 29.770248 1386261156000 75.927612304688
62.618353 29.770106 1386261158000 76.641906738281
62.618378 29.769983 1386261160000 76.192810058594
62.618397 29.769908 1386261162000 76.703674316406
62.618409 29.769835 1386261164000 76.672424316406
62.618415 29.7698 1386261166000 75.971008300781
62.61842 29.769823 1386261168000 77.880249023438
62.618424 29.769837 1386261170000 77.847106933594
62.618424 29.769837 1386261172000 79.564758300781
62.618415 29.769849 1386261174000 79.468505859375
62.618415 29.769849 1386261176000 79.166015625
62.618423 29.769838 1386261178000 78.777648925781
62.618436 29.769821 1386261180000 77.432983398438
62.618448 29.769801 1386261182000 77.156494140625
62.618458 29.769792 1386261184000 79.054748535156
62.618453 29.76981 1386261186000 79.775512695312
62.618453 29.76981 1386261188000 81.285888671875
62.618453 29.76981 1386261190000 81.059387207031
62.618453 29.76981 1386261192000 81.747497558594
62.618453 29.76981 1386261194000 81.232788085938
62.618453 29.76981 1386261196000 81.224670410156
62.618453 29.76981 1386261198000 80.436889648438
62.618459 29.769819 1386261200000 81.098876953125
62.61846 29.769816 1386261202000 81.241394042969
62.61846 29.769816 1386261204000 81.029296875
62.61846 29.769816 1386261206000 81.422546386719
62.61846 29.769816 1386261208000 80.753173828125
62.61846 29.769816 1386261210000 80.685302734375
62.61846 29.769816 1386261212000 80.845947265625
62.618469 29.769833 1386261214000 81.196533203125
62.618475 29.769812 1386261216000 81.002380371094
62.618482 29.769781 1386261218000 80.386474609375
62.618489 29.769744 1386261220000 80.631469726562
62.618499 29.769711 1386261222000 80.394470214844
62.618516 29.769682 1386261224000 80.04443359375
62.618533 29.769658 1386261226000 79.720581054688
62.618551 29.769651 1386261228000 79.640502929688
62.618566 29.76965 1386261230000 80.540771484375
62.618572 29.769673 1386261232000 81.838439941406
62.618561 29.769705 1386261234000 82.442321777344
62.618546 29.76973 1386261236000 82.579284667969
62.618538 29.769741 1386261237000 82.602905273438