47.667721 26.244696 1387291082000 269.224243164063
47.667698 26.244532 1387291084000 274.4423828125
47.667738 26.244447 1387291086000 275.921691894531
47.667786 26.244331 1387291088000 277.312377929688
47.667928 26.244229 1387291090000 280.636291503906
47.668077 26.244121 1387291092000 276.69189453125
47.668203 26.243991 1387291094000 277.091064453125
47.668348 26.243853 1387291096000 274.359497070313
47.668511 26.243681 1387291098000 275.825073242188
47.668717 26.243517 1387291100000 276.77734375
47.668953 26.243355 1387291102000 275.928100585938
47.669166 26.243202 1387291104000 275.336181640625
47.669415 26.24308 1387291106000 274.795288085938
47.669683 26.242993 1387291108000 276.182067871094
47.669949 26.242929 1387291110000 275.570922851563
47.670218 26.242846 1387291112000 275.694580078125
47.670468 26.242813 1387291114000 274.770751953125
47.67073 26.242776 1387291116000 274.058837890625
47.671006 26.242747 1387291118000 273.149475097656
47.671288 26.242751 1387291120000 274.020751953125
47.671569 26.242742 1387291122000 274.232971191406
47.671838 26.24273 1387291124000 270.853454589844
47.672115 26.242722 1387291126000 270.556030273437
47.672389 26.242709 1387291128000 269.799560546875
47.672663 26.242679 1387291130000 270.522644042969
47.672936 26.242646 1387291132000 269.712585449219
47.673204 26.242578 1387291134000 268.996704101563
47.673475 26.242458 1387291136000 269.886962890625
47.673745 26.242293 1387291138000 270.923706054688
47.674002 26.242141 1387291140000 273.046752929688
47.674238 26.241935 1387291142000 275.934814453125
47.674452 26.241702 1387291144000 274.868041992188
47.674693 26.241484 1387291146000 275.996337890625
47.674933 26.24129 1387291148000 276.4697265625
47.675156 26.241058 1387291150000 278.396362304688
47.675395 26.240849 1387291152000 279.670959472656
47.675629 26.240625 1387291154000 279.318115234375
47.675883 26.240428 1387291156000 280.487060546875
47.676099 26.240212 1387291158000 279.990356445313
47.67632 26.239977 1387291160000 278.888244628906
47.676566 26.239764 1387291162000 278.374572753906
47.676795 26.239547 1387291164000 277.351440429688
47.67703 26.239314 1387291166000 276.38232421875
47.677253 26.239122 1387291168000 277.736450195313
47.677482 26.238928 1387291170000 277.530517578125
47.677694 26.238764 1387291172000 279.955383300781
47.677886 26.238579 1387291174000 281.62890625
47.678069 26.23842 1387291176000 282.281616210938
47.678261 26.238253 1387291178000 281.9482421875
47.678405 26.238106 1387291180000 283.014526367188
47.67858 26.238033 1387291182000 280.436889648438
47.678734 26.237935 1387291184000 283.181030273438
47.678927 26.237734 1387291186000 282.7705078125
47.679053 26.237528 1387291188000 284.110473632813
47.679197 26.237407 1387291190000 284.737609863281
47.679248 26.237305 1387291192000 282.88427734375
47.67936 26.237249 1387291194000 284.884094238281
47.679422 26.237224 1387291196000 284.48486328125
47.679441 26.237205 1387291198000 284.018676757813
47.679446 26.237207 1387291200000 283.839599609375
47.679474 26.237211 1387291202000 284.229187011719
47.679463 26.237205 1387291204000 283.547973632812
47.679463 26.237233 1387291206000 281.662475585938
47.679431 26.237224 1387291208000 281.713989257813
47.679365 26.23721 1387291210000 281.465698242188
47.679426 26.237173 1387291212000 282.23779296875
47.679484 26.237138 1387291214000 282.0439453125
47.679552 26.237099 1387291216000 282.840515136719
47.679653 26.237019 1387291218000 280.902465820313
47.679809 26.23692 1387291220000 279.18798828125
47.679944 26.236824 1387291222000 282.025085449219
47.680043 26.236723 1387291224000 282.672424316406
47.680165 26.236604 1387291226000 280.51318359375
47.680253 26.236513 1387291228000 279.568481445312
47.680298 26.23646 1387291230000 278.980773925781
47.680388 26.236369 1387291232000 279.369506835937
47.680466 26.236304 1387291234000 278.134094238281
47.680522 26.236204 1387291236000 279.029663085937
47.680515 26.236194 1387291238000 279.923217773438
47.680541 26.236182 1387291240000 282.062561035156
47.680631 26.236152 1387291242000 281.341003417969
47.680697 26.236114 1387291244000 280.353942871094
47.680739 26.23606 1387291246000 279.776611328125
47.680755 26.236043 1387291248000 280.476379394531
47.680755 26.236043 1387291250000 279.837646484375
47.680755 26.236043 1387291252000 278.92724609375
47.680755 26.236043 1387291254000 279.529541015625
47.680755 26.236043 1387291256000 280.062622070313
47.680755 26.236043 1387291258000 280.214233398437
47.680755 26.236043 1387291260000 280.269348144531
47.680755 26.236043 1387291262000 280.055541992187
47.680755 26.236043 1387291264000 279.817321777344
47.680755 26.236043 1387291266000 279.505615234375
47.680755 26.236043 1387291268000 279.495727539063
47.680741 26.236036 1387291270000 279.641357421875
47.680788 26.235994 1387291272000 281.138305664063
47.680859 26.235926 1387291274000 281.73779296875
47.680953 26.235837 1387291276000 285.87548828125
47.681157 26.235734 1387291278000 283.537231445313
47.681299 26.235639 1387291280000 284.088134765625
47.681397 26.235494 1387291282000 283.291748046875
47.68154 26.235369 1387291284000 283.582397460938
47.681643 26.235193 1387291286000 285.036437988281
47.681804 26.235009 1387291288000 285.886962890625
47.681925 26.234807 1387291290000 287.295837402344
47.682047 26.234593 1387291292000 287.656372070313
47.682224 26.23441 1387291294000 285.908081054688
47.682367 26.234215 1387291296000 286.492919921875
47.682517 26.234033 1387291298000 287.094848632813
47.682657 26.233822 1387291300000 288.088134765625
47.682813 26.233614 1387291302000 287.308715820313
47.682967 26.23342 1387291304000 287.960327148438
47.683101 26.233223 1387291306000 287.638305664063
47.683252 26.233015 1387291308000 288.320739746094
47.683426 26.232792 1387291310000 289.209350585938
47.683609 26.232551 1387291312000 289.99365234375
47.683795 26.232314 1387291314000 290.620849609375
47.683982 26.23209 1387291316000 291.435302734375
47.684162 26.231863 1387291318000 291.463500976563
47.684347 26.231615 1387291320000 293.665283203125
47.68452 26.231365 1387291322000 294.01904296875
47.684697 26.231117 1387291324000 294.403503417969
47.684826 26.230789 1387291326000 295.369812011719
47.684963 26.230476 1387291328000 296.173095703125
47.685092 26.230174 1387291330000 297.66650390625
47.68518 26.229917 1387291332000 298.567810058594
47.685291 26.229687 1387291334000 297.759521484375
47.685409 26.229377 1387291336000 299.28564453125
47.685561 26.229054 1387291338000 300.444091796875
47.685717 26.228689 1387291340000 301.711669921875
47.685865 26.228298 1387291342000 302.654418945312
47.686007 26.227906 1387291344000 301.039672851563
47.68616 26.22752 1387291346000 302.135437011719
47.686317 26.227138 1387291348000 300.345825195313
47.686485 26.226735 1387291350000 302.050659179688
47.686656 26.22629 1387291352000 302.133178710937
47.686843 26.225864 1387291354000 301.774841308594
47.687021 26.225402 1387291356000 302.071411132813
47.687208 26.224965 1387291358000 302.248779296875
47.68741 26.224507 1387291360000 301.142456054688
47.687587 26.224046 1387291362000 301.374267578125
47.687763 26.22362 1387291364000 303.107299804688
47.687953 26.223197 1387291366000 305.003051757813
47.68815 26.222758 1387291368000 304.696960449219
47.688335 26.2223 1387291370000 304.9384765625
47.688526 26.221827 1387291372000 302.970092773438
47.688721 26.221367 1387291374000 301.9853515625
47.688915 26.220898 1387291376000 301.940002441406
47.689079 26.220447 1387291378000 303.638427734375
47.68917 26.220204 1387291379000 303.406555175781
47.689468 26.219463 1387291382000 305.8134765625
47.689668 26.218954 1387291384000 306.325073242188
47.689878 26.218464 1387291386000 303.649780273438
47.690085 26.217965 1387291388000 303.937622070313
47.690268 26.217455 1387291390000 302.032592773438
47.690486 26.21695 1387291392000 301.142578125
47.690695 26.216414 1387291394000 299.274047851563
47.690918 26.21591 1387291396000 298.864318847656
47.691123 26.215392 1387291398000 296.753112792969
47.69134 26.21487 1387291400000 295.883911132813
47.691555 26.214329 1387291402000 294.830749511719
47.691773 26.213782 1387291404000 292.985168457031
47.691997 26.213236 1387291406000 292.23095703125
47.692211 26.212688 1387291408000 290.870788574219
47.692427 26.212152 1387291410000 291.164367675781
47.692637 26.21161 1387291412000 292.498474121094
47.692852 26.211071 1387291414000 292.911254882813
47.69307 26.21052 1387291416000 292.715576171875
47.693294 26.209971 1387291418000 293.75341796875
47.693505 26.209437 1387291420000 293.82080078125
47.693692 26.208894 1387291422000 291.191040039063
47.693904 26.208374 1387291424000 293.394897460938
47.69412 26.207857 1387291426000 294.726867675781
47.694332 26.207348 1387291428000 295.3759765625
47.694533 26.206871 1387291430000 295.756225585938
47.694747 26.206367 1387291432000 295.531860351563
47.694949 26.205865 1387291434000 297.104797363281
47.69515 26.205405 1387291436000 295.555541992188
47.695348 26.204899 1387291438000 293.755615234375
47.695541 26.204393 1387291440000 293.630493164063
47.69573 26.203925 1387291442000 294.336486816406
47.695933 26.203427 1387291444000 294.56982421875
47.696135 26.202922 1387291446000 294.582092285156
47.696334 26.202406 1387291448000 294.606811523438
47.696558 26.20187 1387291450000 294.677734375
47.696766 26.201362 1387291452000 295.5498046875
47.696976 26.200848 1387291454000 293.953491210938
47.69719 26.200328 1387291456000 295.415405273438
47.697398 26.19982 1387291458000 295.657104492188
47.697628 26.199268 1387291460000 297.280944824219
47.69784 26.198769 1387291462000 297.250671386719
47.698051 26.198287 1387291464000 299.123413085938
47.698256 26.197768 1387291466000 299.587890625
47.698452 26.197281 1387291468000 300.38916015625
47.698641 26.196758 1387291470000 300.29345703125
47.698849 26.196248 1387291472000 298.780639648438
47.699056 26.195738 1387291474000 297.870910644531
47.699253 26.195233 1387291476000 295.572998046875
47.699444 26.194762 1387291478000 293.750122070313
47.699626 26.194297 1387291480000 289.394287109375
47.699823 26.193811 1387291482000 288.034057617187
47.700017 26.193328 1387291484000 287.25634765625
47.700204 26.192856 1387291486000 288.678588867188
47.700408 26.192378 1387291488000 285.374877929688
47.700603 26.191923 1387291490000 284.241455078125
47.700793 26.191477 1387291492000 281.808654785156
47.700951 26.191015 1387291494000 284.428039550781
47.701138 26.190561 1387291496000 285.352905273438
47.701324 26.190124 1387291498000 286.789306640625
47.70151 26.18965 1387291500000 287.255004882813
47.701708 26.189195 1387291502000 288.504760742188
47.701907 26.188719 1387291504000 288.974487304688
47.702099 26.188256 1387291506000 291.973022460938
47.70229 26.187771 1387291508000 290.957153320313
47.702502 26.187305 1387291510000 293.288940429688
47.70267 26.186856 1387291512000 290.4775390625
47.702854 26.186387 1387291514000 291.447143554688
47.70305 26.185907 1387291516000 292.563903808594
47.703228 26.185425 1387291518000 291.714172363281
47.703423 26.184945 1387291520000 291.785278320313
47.703629 26.184483 1387291522000 292.26171875
47.703841 26.183993 1387291524000 294.135620117188
47.704048 26.183521 1387291526000 295.58935546875
47.704242 26.182964 1387291528000 296.525756835938
47.704442 26.182454 1387291530000 296.544677734375
47.704645 26.181947 1387291532000 296.27783203125
47.70484 26.181462 1387291534000 295.930908203125
47.705037 26.180936 1387291536000 295.28466796875
47.705241 26.180449 1387291538000 295.866760253906
47.705448 26.179959 1387291540000 296.210693359375
47.705672 26.179461 1387291542000 296.949157714844
47.70589 26.178931 1387291544000 297.154663085938
47.706106 26.1784 1387291546000 300.404479980469
47.706327 26.177872 1387291548000 300.987060546875
47.706539 26.177354 1387291550000 301.786254882813
47.706743 26.176838 1387291552000 303.072509765625
47.706947 26.176343 1387291554000 303.960510253906
47.707153 26.175832 1387291556000 303.093872070312
47.707363 26.175314 1387291558000 302.316040039063
47.707562 26.174848 1387291560000 304.368225097656
47.707734 26.174382 1387291562000 306.1875
47.707898 26.173924 1387291564000 306.7607421875
47.708119 26.173435 1387291566000 307.89404296875
47.708307 26.172936 1387291568000 309.857177734375
47.708485 26.172464 1387291570000 308.674011230469
47.708681 26.171972 1387291572000 310.555847167969
47.708881 26.171486 1387291574000 311.216857910156
47.709088 26.17106 1387291576000 310.484008789063
47.709267 26.170599 1387291578000 313.07861328125
47.709449 26.17013 1387291580000 315.215698242188
47.709639 26.169672 1387291582000 316.050659179688
47.709826 26.169229 1387291584000 317.252807617188
47.710022 26.168762 1387291586000 316.820556640625
47.710223 26.168272 1387291588000 318.787963867187
47.710422 26.167794 1387291590000 319.081909179688
47.71059 26.167334 1387291592000 316.645202636719
47.710775 26.166883 1387291594000 315.689697265625
47.710971 26.166441 1387291596000 317.856079101563
47.711144 26.165995 1387291598000 317.310791015625
47.711303 26.165535 1387291600000 318.94482421875
47.711464 26.165083 1387291602000 318.74755859375
47.71165 26.164651 1387291604000 319.25244140625
47.711824 26.164178 1387291606000 319.264343261719
47.711999 26.163723 1387291608000 321.088623046875
47.712189 26.163251 1387291610000 319.73193359375
47.712394 26.162769 1387291612000 320.244140625
47.712595 26.162273 1387291614000 319.548217773438
47.712801 26.161783 1387291616000 322.056762695313
47.712999 26.161266 1387291618000 322.756652832031
47.7132 26.160798 1387291620000 322.781127929687
47.713378 26.160371 1387291622000 320.516723632812
47.713567 26.159892 1387291624000 318.934204101563
47.713774 26.159387 1387291626000 319.750915527344
47.713951 26.158883 1387291628000 322.724853515625
47.714172 26.158401 1387291630000 322.959533691406
47.714413 26.157927 1387291632000 325.234619140625
47.714659 26.157449 1387291634000 326.332458496094
47.714922 26.157003 1387291636000 328.79638671875
47.715189 26.15657 1387291638000 329.206909179688
47.715447 26.15617 1387291640000 329.018432617188
47.715701 26.155774 1387291642000 329.230102539062
47.715969 26.155377 1387291644000 332.380493164063
47.716221 26.154997 1387291646000 333.810363769531
47.716469 26.154592 1387291648000 333.423583984375
47.716722 26.154187 1387291650000 333.802185058594
47.71699 26.153805 1387291652000 331.506103515625
47.71725 26.153396 1387291654000 331.446105957031
47.717513 26.152993 1387291656000 330.765625
47.717771 26.152569 1387291658000 328.9375
47.718016 26.152161 1387291660000 328.03076171875
47.718276 26.151759 1387291662000 326.400268554688
47.718539 26.151368 1387291664000 324.701477050781
47.718781 26.150972 1387291666000 321.773010253906
47.719034 26.150598 1387291668000 322.996337890625
47.71927 26.150216 1387291670000 321.800354003906
47.719503 26.149842 1387291672000 319.9716796875
47.719735 26.149465 1387291674000 319.843200683594
47.719969 26.14908 1387291676000 319.254211425781
47.720222 26.148684 1387291678000 316.944152832031
47.720469 26.148308 1387291680000 316.878662109375
47.720718 26.14793 1387291682000 315.067260742188
47.72096 26.14755 1387291684000 313.00244140625
47.721204 26.147152 1387291686000 311.07373046875
47.721436 26.146762 1387291688000 308.195251464844
47.721679 26.146357 1387291690000 305.017822265625
47.721898 26.14594 1387291692000 302.677368164063
47.722135 26.145555 1387291694000 302.866455078125
47.722348 26.145235 1387291696000 305.859375
47.722461 26.144987 1387291698000 307.000732421875
47.722503 26.144798 1387291700000 306.4638671875
47.722449 26.14461 1387291702000 303.184448242188
47.722302 26.144477 1387291704000 301.111694335938
47.722164 26.144416 1387291706000 300.31982421875
47.721898 26.144357 1387291708000 299.785522460938
47.721625 26.144321 1387291710000 299.779724121094
47.721374 26.144287 1387291712000 298.815063476563
47.721072 26.144273 1387291714000 297.9208984375
47.720783 26.144312 1387291716000 296.835205078125
47.720474 26.1444 1387291718000 298.618713378906
47.720188 26.144496 1387291720000 296.696411132813
47.719904 26.144595 1387291722000 295.768798828125
47.719649 26.144651 1387291724000 295.878173828125
47.719429 26.144695 1387291726000 297.272338867188
47.719212 26.144628 1387291728000 294.550842285156
47.719006 26.144471 1387291730000 293.131774902344
47.718812 26.144254 1387291732000 291.508422851563
47.718614 26.144013 1387291734000 291.739624023438
47.718411 26.143815 1387291736000 291.819885253906
47.718218 26.14357 1387291738000 290.170288085937
47.718033 26.143384 1387291740000 289.77197265625
47.717877 26.143196 1387291742000 289.259216308594
47.717695 26.143005 1387291744000 290.342651367188
47.717508 26.142778 1387291746000 290.58642578125
47.717278 26.142624 1387291748000 290.588623046875
47.717107 26.142382 1387291750000 289.853942871094
47.716934 26.142153 1387291752000 290.224060058594
47.71676 26.141917 1387291754000 291.43505859375
47.716562 26.141701 1387291756000 291.846923828125
47.716369 26.141497 1387291758000 291.925048828125
47.716181 26.141291 1387291760000 292.217651367188
47.715988 26.141085 1387291762000 292.360107421875
47.715809 26.14087 1387291764000 293.088134765625
47.71562 26.140671 1387291766000 291.378845214844
47.71543 26.140473 1387291768000 289.264404296875
47.715272 26.140307 1387291770000 289.40966796875
47.715132 26.14016 1387291772000 289.184326171875
47.71501 26.139992 1387291774000 288.6220703125
47.71491 26.139837 1387291776000 290.64501953125
47.714783 26.139697 1387291778000 289.009826660156
47.714703 26.139602 1387291780000 288.698303222656
47.714645 26.139524 1387291782000 289.216369628906
47.714584 26.13945 1387291784000 290.671875
47.714522 26.13937 1387291786000 289.86767578125
47.714441 26.139331 1387291788000 288.4208984375
47.714428 26.139284 1387291790000 290.767944335938
47.714375 26.139223 1387291792000 290.763061523438
47.714327 26.139181 1387291794000 290.848876953125
47.714297 26.13915 1387291796000 289.780029296875
47.714271 26.139125 1387291798000 293.167419433594
47.714233 26.139086 1387291800000 294.049926757813
47.714178 26.139029 1387291802000 294.764892578125
47.714123 26.138979 1387291804000 294.580993652344
47.714086 26.138946 1387291806000 295.236694335938
47.714057 26.13892 1387291808000 295.923828125
47.714017 26.13888 1387291810000 293.924865722656
47.713959 26.138809 1387291812000 291.742309570313
47.713842 26.138636 1387291814000 292.3583984375
47.713626 26.138449 1387291816000 290.930541992188
47.713431 26.13821 1387291818000 291.4091796875
47.713216 26.137996 1387291820000 290.663696289063
47.712981 26.137743 1387291822000 291.8720703125
47.712734 26.137476 1387291824000 291.083068847656
47.712506 26.137173 1387291826000 292.2119140625
47.712263 26.13688 1387291828000 292.379760742187
47.71202 26.136606 1387291830000 291.707397460938
47.711769 26.136327 1387291832000 290.370483398437
47.711507 26.136027 1387291834000 290.953247070313
47.711252 26.135715 1387291836000 290.802612304688
47.710996 26.135398 1387291838000 290.015502929688
47.710713 26.135098 1387291840000 288.158813476563
47.710429 26.134764 1387291842000 285.63232421875
47.71015 26.134458 1387291844000 287.455261230469
47.709884 26.134141 1387291846000 288.39111328125
47.709623 26.133858 1387291848000 289.268432617188
47.709349 26.133578 1387291850000 289.195434570313
47.709099 26.133286 1387291852000 292.39599609375
47.708899 26.132992 1387291854000 291.714233398438
47.70869 26.132626 1387291856000 290.294189453125
47.708517 26.132276 1387291858000 291.482604980469
47.708352 26.131797 1387291860000 290.177124023438
47.708247 26.131357 1387291862000 290.801452636719
47.70818 26.130896 1387291864000 290.685424804687
47.708119 26.130406 1387291866000 289.289855957031
47.708116 26.129917 1387291868000 289.372436523438
47.708169 26.129434 1387291870000 289.590576171875
47.708231 26.128914 1387291872000 288.274169921875
47.708304 26.128421 1387291874000 288.03125
47.708331 26.127923 1387291876000 287.191711425781
47.70835 26.12744 1387291878000 288.632446289063
47.708363 26.126988 1387291880000 289.4365234375
47.708305 26.126495 1387291882000 288.717529296875
47.708213 26.126059 1387291884000 290.698120117188
47.708077 26.125627 1387291886000 290.465087890625
47.707909 26.125223 1387291888000 290.313354492188
47.70774 26.124866 1387291890000 293.227294921875
47.707546 26.124487 1387291892000 293.67822265625
47.707353 26.124106 1387291894000 294.953247070313
47.707127 26.123675 1387291896000 295.72998046875
47.706926 26.123301 1387291898000 296.146362304688
47.706731 26.122929 1387291900000 294.703002929688
47.706539 26.12256 1387291902000 292.502807617188
47.706365 26.122203 1387291904000 291.789916992188
47.706181 26.121855 1387291906000 291.415893554688
47.70596 26.121541 1387291908000 291.504089355469
47.705727 26.121236 1387291910000 291.531677246094
47.705477 26.120969 1387291912000 290.489990234375
47.705207 26.120749 1387291914000 286.973510742188
47.70496 26.120587 1387291916000 285.39306640625
47.70469 26.120448 1387291918000 284.677795410156
47.704389 26.120382 1387291920000 284.715087890625
47.70417 26.120347 1387291922000 282.411376953125
47.703916 26.120372 1387291924000 281.997619628906
47.703618 26.120468 1387291926000 281.666015625
47.703339 26.120637 1387291928000 279.793334960938
47.703039 26.120825 1387291930000 278.912109375
47.702717 26.12102 1387291932000 277.8271484375
47.702363 26.121196 1387291934000 281.602416992188
47.702014 26.121416 1387291936000 280.369384765625
47.70164 26.121632 1387291938000 284.655944824219
47.701271 26.121861 1387291940000 288.073608398438
47.700932 26.122092 1387291942000 288.815551757813
47.70061 26.122331 1387291944000 287.026123046875
47.700261 26.122562 1387291946000 287.792358398437
47.699948 26.122783 1387291948000 288.522216796875
47.699606 26.123003 1387291950000 285.536865234375
47.699303 26.123196 1387291952000 286.141357421875
47.699006 26.123397 1387291954000 286.353454589844
47.698731 26.123587 1387291956000 285.895874023438
47.698485 26.123632 1387291958000 289.392456054688
47.698198 26.123657 1387291960000 290.250610351563
47.69797 26.123638 1387291962000 289.2119140625
47.697708 26.12356 1387291964000 287.668518066406
47.697481 26.123441 1387291966000 289.581909179688
47.697318 26.123149 1387291968000 290.909912109375
47.697072 26.122864 1387291970000 288.000366210938
47.696796 26.122708 1387291972000 289.491455078125
47.696509 26.12266 1387291974000 288.453491210938
47.69623 26.122633 1387291976000 290.146118164063
47.69593 26.122587 1387291978000 290.10400390625
47.695634 26.122551 1387291980000 291.736206054688
47.695311 26.122523 1387291982000 292.089233398437
47.695 26.122476 1387291984000 294.072021484375
47.694694 26.122412 1387291986000 291.401000976563
47.694369 26.122359 1387291988000 292.391479492188
47.694069 26.122315 1387291990000 290.438598632813
47.693775 26.122281 1387291992000 291.090026855469
47.69351 26.122308 1387291994000 290.976989746094
47.693283 26.122347 1387291996000 289.763916015625
47.693024 26.122377 1387291998000 287.856079101563
47.692976 26.122347 1387292000000 289.276123046875
47.692914 26.1223 1387292002000 292.559936523438
47.692895 26.122199 1387292004000 292.840698242188
47.692908 26.12202 1387292006000 293.971984863281
47.692957 26.121784 1387292008000 292.810791015625
47.692958 26.121418 1387292010000 295.041625976563
47.692976 26.121076 1387292012000 296.959594726563
47.693027 26.12074 1387292014000 298.923706054688
47.693025 26.120326 1387292016000 299.0166015625
47.693064 26.119873 1387292018000 298.827392578125
47.693098 26.119433 1387292020000 296.006530761719
47.693117 26.118995 1387292022000 297.725952148438
47.693023 26.118385 1387292025000 297.5341796875
47.692916 26.118015 1387292027000 296.659484863281
47.692779 26.117646 1387292029000 297.702392578125
47.692804 26.117285 1387292031000 295.818908691406
47.692839 26.116878 1387292033000 295.97998046875
47.693023 26.116469 1387292035000 297.563598632813
47.69315 26.11607 1387292037000 299.850952148438
47.693255 26.115608 1387292039000 298.518798828125
47.693434 26.115146 1387292041000 299.968505859375
47.693429 26.114605 1387292043000 297.454956054688
47.693496 26.114098 1387292045000 299.565979003906
47.693654 26.113681 1387292047000 300.505737304688
47.693868 26.113293 1387292049000 299.1103515625
47.694126 26.112863 1387292051000 298.166259765625
47.694434 26.112422 1387292053000 299.392395019531
47.694761 26.111921 1387292055000 300.103759765625
47.695037 26.111411 1387292057000 300.3349609375
47.695312 26.110947 1387292059000 300.332763671875
47.695597 26.11045 1387292061000 300.751098632813
47.69586 26.109953 1387292063000 300.223876953125
47.69616 26.109472 1387292065000 299.410888671875
47.696438 26.109007 1387292067000 300.547241210938
47.696702 26.108554 1387292069000 301.249145507813
47.696966 26.108136 1387292071000 302.37548828125
47.697207 26.107711 1387292073000 302.672180175781
47.69746 26.107324 1387292075000 303.75927734375
47.697696 26.106932 1387292077000 303.923461914063
47.697931 26.106592 1387292079000 304.119262695312
47.698199 26.1063 1387292081000 302.894104003906
47.69846 26.106027 1387292083000 302.739135742188
47.698722 26.105752 1387292085000 299.915283203125
47.698958 26.105474 1387292087000 299.786865234375
47.699186 26.105208 1387292089000 298.262817382813
47.699409 26.104948 1387292091000 298.1025390625
47.699642 26.104701 1387292093000 297.410095214844
47.699857 26.104462 1387292095000 297.072143554687
47.700069 26.10422 1387292097000 297.694519042969
47.700287 26.103973 1387292099000 298.646118164063
47.700505 26.103769 1387292101000 300.880004882813
47.700701 26.103545 1387292103000 298.904296875
47.700892 26.103309 1387292105000 298.602172851563
47.701081 26.103103 1387292107000 298.447998046875
47.70127 26.10289 1387292109000 298.495971679688
47.70145 26.102679 1387292111000 298.106201171875
47.701638 26.102479 1387292113000 298.175048828125
47.701811 26.102286 1387292115000 298.912109375
47.702001 26.102099 1387292117000 299.753234863281
47.702177 26.101924 1387292119000 299.81787109375
47.702357 26.101735 1387292121000 297.97900390625
47.702529 26.101532 1387292123000 298.38916015625
47.702703 26.101337 1387292125000 297.14013671875
47.702872 26.101153 1387292127000 298.057373046875
47.703051 26.100958 1387292129000 300.02490234375
47.703232 26.100759 1387292131000 299.802612304688
47.703423 26.100545 1387292133000 300.059326171875
47.70361 26.100316 1387292135000 301.201049804688
47.703812 26.100082 1387292137000 302.055358886719
47.704043 26.099881 1387292139000 299.814086914063
47.704255 26.099671 1387292141000 302.127624511719
47.704471 26.099434 1387292143000 302.664306640625
47.704679 26.099189 1387292145000 302.658569335938
47.704895 26.098957 1387292147000 304.234375
47.705098 26.098673 1387292149000 304.091857910156
47.705269 26.098364 1387292151000 303.3388671875
47.705422 26.098024 1387292153000 301.216918945313
47.705604 26.097742 1387292155000 303.198608398438
47.705741 26.097461 1387292157000 299.199890136719
47.705922 26.097088 1387292159000 300.776733398438
47.706091 26.09674 1387292161000 299.795043945313
47.706304 26.096377 1387292163000 299.326538085938
47.706478 26.096019 1387292165000 298.620361328125
47.706652 26.095705 1387292167000 296.955688476563
47.706814 26.095361 1387292169000 296.517822265625
47.706954 26.095068 1387292171000 296.515319824219
47.707117 26.094738 1387292173000 296.494018554688
47.707272 26.094428 1387292175000 297.32958984375
47.707449 26.094136 1387292177000 296.783813476563
47.707632 26.093848 1387292179000 298.76416015625
47.707825 26.093592 1387292181000 299.417358398438
47.707986 26.093374 1387292183000 299.312072753906
47.708169 26.093104 1387292185000 301.1376953125
47.708359 26.092813 1387292187000 300.242797851563
47.708498 26.092492 1387292189000 299.495239257812
47.708593 26.092108 1387292191000 299.620300292969
47.708691 26.091708 1387292193000 299.736694335938
47.708812 26.091343 1387292195000 299.71435546875
47.708983 26.091016 1387292197000 298.115051269531
47.709158 26.090686 1387292199000 298.806640625
47.709329 26.090318 1387292201000 299.261474609375
47.709489 26.090005 1387292203000 299.72314453125
47.70968 26.089641 1387292205000 301.725463867188
47.70983 26.089298 1387292207000 302.080200195313
47.710014 26.088951 1387292209000 304.605407714844
47.710218 26.088659 1387292211000 300.813720703125
47.710477 26.088387 1387292213000 301.059143066406
47.710711 26.088098 1387292215000 299.857727050781
47.710978 26.087861 1387292217000 302.78466796875
47.711217 26.087592 1387292219000 301.328796386719
47.71145 26.087333 1387292221000 299.169677734375
47.711657 26.087096 1387292223000 300.1005859375
47.711862 26.086868 1387292225000 301.066528320313
47.712035 26.086601 1387292227000 300.987915039063
47.712182 26.08635 1387292229000 300.007446289062
47.712358 26.086055 1387292231000 297.30126953125
47.712488 26.085684 1387292233000 295.923950195313
47.712582 26.085305 1387292235000 295.949829101563
47.712666 26.084941 1387292237000 293.976684570313
47.712771 26.084598 1387292239000 295.178955078125
47.71289 26.084239 1387292241000 295.854614257813
47.713015 26.083865 1387292243000 296.378540039063
47.713135 26.083494 1387292245000 299.377563476563
47.713217 26.08309 1387292247000 300.537109375
47.713235 26.082657 1387292249000 299.794921875
47.713236 26.082251 1387292251000 300.938842773438
47.713262 26.081843 1387292253000 301.747192382813
47.713373 26.08148 1387292255000 301.185302734375
47.713393 26.080896 1387292257000 300.210693359375
47.713382 26.080693 1387292259000 301.908874511719
47.713274 26.080302 1387292261000 303.670654296875
47.713231 26.080006 1387292263000 299.825317382813
47.713115 26.079597 1387292265000 301.249755859375
47.713046 26.079202 1387292267000 300.843994140625
47.712961 26.078784 1387292269000 301.6396484375
47.712865 26.078355 1387292271000 300.661315917969
47.712799 26.077926 1387292273000 303.434387207031
47.712727 26.077468 1387292275000 305.95166015625
47.712715 26.07699 1387292277000 306.729248046875
47.712811 26.076553 1387292279000 308.62109375
47.712874 26.076158 1387292281000 306.097900390625
47.712909 26.075771 1387292283000 306.278259277344
47.712867 26.075433 1387292285000 305.2431640625
47.712755 26.075064 1387292287000 304.447143554688
47.712655 26.074716 1387292289000 303.930114746094
47.712494 26.074334 1387292291000 303.352294921875
47.712307 26.07392 1387292293000 301.393920898438
47.712136 26.073487 1387292295000 299.654052734375
47.712042 26.073044 1387292297000 300.047241210938
47.711952 26.072612 1387292299000 300.416381835937
47.711844 26.072166 1387292301000 300.764526367188
47.711795 26.071787 1387292303000 299.9970703125
47.711686 26.071401 1387292305000 300.01025390625
47.711599 26.071046 1387292307000 301.260986328125
47.711483 26.070749 1387292309000 301.886169433594
47.711313 26.070502 1387292311000 303.355712890625
47.711187 26.070379 1387292312000 302.890014648437
47.71087 26.07008 1387292315000 302.448303222656
47.710673 26.069908 1387292317000 302.605285644531
47.710468 26.069743 1387292319000 302.795043945313
47.710289 26.069572 1387292321000 304.063232421875
47.710158 26.06947 1387292323000 306.303649902344
47.71009 26.069387 1387292325000 306.597900390625
47.710085 26.069355 1387292327000 306.483703613281
47.710105 26.069313 1387292329000 306.569641113281
47.710087 26.069217 1387292331000 306.926086425781
47.71003 26.069134 1387292333000 308.965148925781
47.70994 26.069086 1387292335000 309.286376953125
47.709802 26.069016 1387292337000 310.33984375
47.709666 26.068909 1387292339000 307.198608398438
47.709485 26.068753 1387292341000 308.295654296875
47.709326 26.06854 1387292343000 305.80419921875
47.709113 26.068248 1387292345000 305.090209960938
47.708916 26.067993 1387292347000 304.2255859375
47.708699 26.067582 1387292349000 304.287292480469
47.708485 26.06725 1387292351000 305.89697265625
47.708278 26.066938 1387292353000 307.203735351563
47.708119 26.06669 1387292355000 309.69287109375
47.707976 26.066406 1387292357000 311.2607421875
47.707832 26.066119 1387292359000 312.786560058594
47.707662 26.065817 1387292361000 312.585632324219
47.707518 26.065477 1387292363000 312.382385253906
47.707336 26.065096 1387292365000 310.645263671875
47.707144 26.064707 1387292367000 313.77734375
47.706977 26.06436 1387292369000 316.391723632813
47.706803 26.063986 1387292371000 315.09716796875
47.706643 26.063614 1387292373000 317.750366210937
47.706521 26.063308 1387292375000 319.581420898437
47.70636 26.063058 1387292377000 323.008178710938
47.706091 26.062844 1387292379000 319.570129394531
47.705854 26.062645 1387292381000 318.070983886719
47.705678 26.062506 1387292383000 315.309326171875
47.705408 26.062419 1387292385000 317.296264648438
47.705196 26.062328 1387292387000 317.331665039063
47.704965 26.062265 1387292389000 318.833862304688
47.704728 26.062185 1387292391000 318.1484375
47.704441 26.0621 1387292393000 318.549011230469
47.704215 26.062036 1387292395000 318.614440917969
47.703927 26.061987 1387292397000 319.96728515625
47.703637 26.061906 1387292399000 322.430480957031
47.703361 26.06185 1387292401000 321.685791015625
47.703022 26.061768 1387292403000 323.943969726563
47.702712 26.061723 1387292405000 323.642883300781
47.702395 26.061667 1387292407000 323.980346679688
47.702075 26.061598 1387292409000 323.503540039063
47.701761 26.061549 1387292411000 322.120666503906
47.701444 26.061496 1387292413000 323.282348632813
47.701152 26.061436 1387292415000 321.069580078125
47.700857 26.061388 1387292417000 320.415649414062
47.70058 26.061345 1387292419000 321.631408691406
47.700352 26.061314 1387292421000 322.247192382813
47.700116 26.061235 1387292423000 321.665283203125
47.699906 26.061077 1387292425000 324.111267089844
47.699803 26.06099 1387292427000 321.619140625
47.69979 26.060961 1387292429000 322.877136230469
47.699743 26.060876 1387292431000 322.459594726563
47.699656 26.060774 1387292433000 322.271362304688
47.699578 26.060568 1387292435000 321.586364746094
47.69945 26.060323 1387292437000 321.8193359375
47.699279 26.060053 1387292439000 321.834106445313
47.699142 26.059775 1387292441000 323.235229492187
47.698957 26.059458 1387292443000 324.752197265625
47.698787 26.059129 1387292445000 324.382995605469
47.698675 26.058766 1387292447000 325.366455078125
47.698544 26.058386 1387292449000 327.933471679688
47.698449 26.05804 1387292451000 326.780822753906
47.698381 26.057656 1387292453000 328.548034667969
47.698328 26.057249 1387292455000 330.142456054688
47.698203 26.056876 1387292457000 330.335510253906
47.698064 26.056536 1387292459000 331.221923828125
47.697876 26.056213 1387292461000 330.313842773438
47.697672 26.055875 1387292463000 328.389892578125
47.697469 26.055565 1387292465000 327.487915039063
47.697251 26.055235 1387292467000 327.231689453125
47.697035 26.054907 1387292469000 323.510925292969
47.696859 26.054591 1387292471000 324.40966796875
47.696665 26.054281 1387292473000 324.57958984375
47.69649 26.053973 1387292475000 325.968139648438
47.696299 26.053707 1387292477000 326.306518554687
47.696091 26.053526 1387292479000 325.088562011719
47.695856 26.053305 1387292481000 321.982788085938
47.695717 26.053186 1387292483000 321.666809082031
47.695674 26.053128 1387292485000 320.251953125
47.695691 26.053154 1387292487000 320.606323242188
47.695661 26.053192 1387292489000 321.521362304687
47.695686 26.053216 1387292491000 321.74365234375
47.695679 26.05322 1387292493000 321.514343261719
47.695679 26.05322 1387292495000 319.653686523438
47.695679 26.05322 1387292497000 319.483642578125
47.695679 26.05322 1387292499000 319.114074707031
47.695679 26.05322 1387292501000 319.5107421875
47.695679 26.05322 1387292503000 320.499328613281
47.695679 26.05322 1387292505000 320.666320800781
47.695679 26.05322 1387292507000 320.96337890625
47.695679 26.05322 1387292509000 321.165161132813
47.695679 26.05322 1387292511000 321.133911132813
47.695679 26.05322 1387292513000 321.226440429688
47.695679 26.05322 1387292515000 321.310363769531
47.695679 26.05322 1387292517000 321.385864257812
47.695669 26.053178 1387292519000 322.09033203125
47.695644 26.053153 1387292521000 322.899047851563
47.695539 26.05306 1387292523000 322.46484375
47.695398 26.05293 1387292525000 323.674438476563
47.695226 26.052767 1387292527000 323.022583007813
47.695069 26.052584 1387292529000 322.731140136719
47.694878 26.052364 1387292531000 320.860107421875
47.69469 26.052079 1387292533000 316.410278320313
47.694503 26.051714 1387292535000 312.537475585938
47.694321 26.051301 1387292537000 314.253540039063
47.694128 26.050865 1387292539000 313.820678710938
47.693963 26.050398 1387292541000 313.529907226563
47.693805 26.049918 1387292543000 315.113464355469
47.693674 26.049442 1387292545000 314.622192382813
47.693525 26.048966 1387292547000 314.227111816406
47.693382 26.048499 1387292549000 315.625366210938
47.693244 26.048039 1387292551000 315.736206054687
47.693096 26.047606 1387292553000 315.375183105469
47.692965 26.047196 1387292555000 315.212890625
47.692828 26.046795 1387292557000 316.151489257813
47.692734 26.04638 1387292559000 315.972534179688
47.69267 26.045962 1387292561000 315.374267578125
47.692606 26.04553 1387292563000 316.17822265625
47.692545 26.045127 1387292565000 316.207641601563
47.6925 26.044744 1387292567000 315.773559570313
47.69245 26.04438 1387292569000 315.573486328125
47.692377 26.044059 1387292571000 315.590454101563
47.692233 26.043792 1387292573000 316.23974609375
47.692053 26.04357 1387292575000 315.139526367188
47.691846 26.043324 1387292577000 315.058532714844
47.691645 26.04306 1387292579000 315.350463867188
47.691453 26.042818 1387292581000 314.216918945313
47.69119 26.042497 1387292584000 314.322143554688
47.691009 26.042273 1387292586000 315.062866210937
47.690837 26.042041 1387292588000 314.552734375
47.690648 26.041807 1387292590000 313.601135253906
47.690486 26.041588 1387292592000 312.175903320312
47.690318 26.041366 1387292594000 312.094787597656
47.690141 26.041142 1387292596000 312.876159667969
47.68994 26.040904 1387292598000 311.513916015625
47.689722 26.040633 1387292600000 310.968994140625
47.689504 26.040343 1387292602000 310.616149902344
47.689285 26.040087 1387292604000 310.835205078125
47.689053 26.039811 1387292606000 311.442749023438
47.688833 26.039546 1387292608000 310.782836914063
47.688607 26.039274 1387292610000 311.260131835938
47.688384 26.038992 1387292612000 312.800231933594
47.68817 26.038715 1387292614000 313.727966308594
47.687938 26.038423 1387292616000 314.5
47.687707 26.038125 1387292618000 315.04931640625
47.687464 26.037814 1387292620000 315.68359375
47.687208 26.037489 1387292622000 317.7275390625
47.686952 26.03716 1387292624000 319.179016113281
47.686688 26.036829 1387292626000 320.047485351563
47.686421 26.036496 1387292628000 321.845153808594
47.686152 26.036161 1387292630000 322.715759277344
47.68589 26.03582 1387292632000 323.748168945312
47.685645 26.035502 1387292634000 325.345581054688
47.685405 26.035201 1387292636000 326.397888183594
47.685202 26.034922 1387292638000 326.528198242188
47.685043 26.034639 1387292640000 326.071838378906
47.684887 26.034343 1387292642000 325.6298828125
47.684772 26.034028 1387292644000 324.731567382813
47.684689 26.033683 1387292646000 322.98828125
47.684586 26.033347 1387292648000 322.41845703125
47.684439 26.033065 1387292650000 321.42724609375
47.684305 26.032746 1387292652000 320.397277832031
47.684196 26.032407 1387292654000 319.501647949219
47.684054 26.032078 1387292656000 317.847717285156
47.683894 26.031754 1387292658000 317.032836914063
47.683795 26.031434 1387292660000 316.568420410156
47.683753 26.031107 1387292662000 316.018188476563
47.683765 26.030755 1387292664000 315.587280273438
47.683809 26.030441 1387292666000 314.494384765625
47.683854 26.030133 1387292668000 313.078125
47.6839 26.029835 1387292670000 313.400146484375
47.683913 26.029571 1387292672000 313.208374023438
47.683928 26.029418 1387292674000 312.755615234375
47.683928 26.029339 1387292676000 311.98876953125
47.683925 26.029302 1387292678000 313.050476074219
47.683928 26.029265 1387292680000 314.235290527344
47.683931 26.029202 1387292682000 314.45458984375
47.683926 26.029115 1387292684000 315.360229492188
47.683884 26.029001 1387292686000 316.393432617187
47.683892 26.028871 1387292688000 314.474609375
47.683823 26.028685 1387292690000 315.1337890625
47.683755 26.028487 1387292692000 315.220397949219
47.683671 26.028312 1387292694000 313.366943359375
47.683576 26.028122 1387292696000 314.538940429688
47.683508 26.027991 1387292698000 315.593383789063
47.683445 26.027875 1387292700000 315.431213378906
47.683398 26.027788 1387292702000 316.392456054688
47.683368 26.02774 1387292704000 317.28759765625
47.683354 26.02772 1387292706000 317.60546875
47.683323 26.027676 1387292708000 317.806213378906
47.683288 26.027615 1387292710000 317.708801269531
47.683284 26.027549 1387292712000 316.98974609375
47.683284 26.027516 1387292714000 317.562438964844
47.683282 26.027503 1387292716000 318.521606445313
47.683288 26.027523 1387292718000 318.160278320313
47.683283 26.027547 1387292720000 317.904174804688
47.683272 26.027567 1387292722000 318.08544921875
47.683267 26.027583 1387292724000 318.3505859375
47.68326 26.027611 1387292726000 318.550354003906
47.68326 26.027624 1387292728000 319.019165039063
47.683255 26.02764 1387292730000 318.881713867188
47.683247 26.027661 1387292732000 318.863891601563
47.683237 26.027695 1387292734000 318.94677734375
47.683223 26.027734 1387292736000 318.58349609375
47.683209 26.027773 1387292738000 318.501098632812
47.683193 26.027815 1387292740000 318.130004882813
47.683182 26.027854 1387292742000 317.628540039063
47.683176 26.027885 1387292744000 317.389404296875
47.68317 26.02791 1387292746000 317.836547851563
47.683166 26.027937 1387292748000 317.619750976563
47.683165 26.027942 1387292750000 317.037841796875
47.683165 26.027942 1387292752000 317.009765625
47.683165 26.027942 1387292754000 317.12451171875
47.683165 26.027942 1387292756000 317.964782714844
47.683223 26.027968 1387292758000 317.92529296875
47.683156 26.027946 1387292760000 320.635375976562
47.683156 26.027946 1387292762000 320.34521484375