62.585727 29.793695 1389368953770 119.0
62.585389 29.793772 1389368958787 110.0
62.585394 29.793751 1389368959791 110.0
62.585035 29.793823 1389368992792 108.0
62.584904 29.793707 1389368993792 109.0
62.584852 29.79371 1389368995793 108.0
62.584924 29.793954 1389368997796 102.0
62.584926 29.79398 1389368999795 92.0
62.58495 29.794019 1389369001800 87.0
62.584949 29.794009 1389369003799 82.0
62.584976 29.793968 1389369005804 81.0
62.585004 29.793962 1389369007801 79.0
62.585009 29.793961 1389369009789 78.0
62.584995 29.793865 1389369011803 81.0
62.58499 29.793842 1389369013806 83.0
62.584963 29.793868 1389369015804 84.0
62.584952 29.793889 1389369017801 83.0
62.584956 29.793901 1389369019797 84.0
62.584948 29.793895 1389369021801 83.0
62.584953 29.793925 1389369023803 85.0
62.584953 29.793925 1389369025789 85.0
62.584945 29.793909 1389369027800 81.0
62.584938 29.793904 1389369029799 76.0
62.58493 29.793876 1389369031807 72.0
62.584929 29.79387 1389369033797 69.0
62.584938 29.793891 1389369035807 68.0
62.584942 29.793909 1389369037797 68.0
62.584944 29.79392 1389369039807 68.0
62.584966 29.793976 1389369041805 69.0
62.584968 29.793986 1389369043797 69.0
62.584925 29.793746 1389369045800 78.0
62.584898 29.793651 1389369047800 80.0
62.584869 29.793526 1389369049797 82.0
62.584841 29.793464 1389369051785 83.0
62.584828 29.793434 1389369053792 84.0
62.584823 29.793408 1389369055794 84.0
62.584825 29.793392 1389369057786 84.0
62.584827 29.793388 1389369059793 84.0
62.584815 29.793359 1389369061785 84.0
62.584814 29.793371 1389369063781 84.0
62.584823 29.793373 1389369065793 85.0
62.58485 29.793424 1389369067788 84.0
62.584874 29.793487 1389369069793 85.0
62.584887 29.793526 1389369071790 85.0
62.584896 29.79355 1389369073794 85.0
62.584905 29.793581 1389369075790 85.0
62.584919 29.793592 1389369077796 84.0
62.584929 29.793621 1389369079786 84.0
62.584937 29.793614 1389369081785 85.0
62.584944 29.793639 1389369083790 86.0
62.584983 29.793565 1389369085787 87.0
62.585005 29.793507 1389369087789 91.0
62.585016 29.793508 1389369089795 89.0
62.58501 29.793527 1389369091791 87.0
62.584999 29.793554 1389369093793 85.0
62.584995 29.793766 1389369095800 95.0
62.584983 29.793854 1389369097799 102.0
62.584968 29.793921 1389369099795 106.0
62.584937 29.793977 1389369101808 109.0
62.5849 29.794026 1389369103802 111.0
62.584877 29.794075 1389369105802 112.0
62.584854 29.794112 1389369107806 113.0
62.584829 29.794142 1389369109803 113.0
62.584808 29.79418 1389369111803 113.0
62.584781 29.794215 1389369113806 113.0
62.584752 29.794236 1389369115805 114.0
62.584727 29.794261 1389369117800 114.0
62.584706 29.794285 1389369119803 114.0
62.584682 29.794301 1389369121802 114.0
62.58466 29.794312 1389369123800 115.0
62.584638 29.794317 1389369125803 115.0
62.584614 29.79433 1389369127799 116.0
62.584592 29.794345 1389369129800 116.0
62.584569 29.794354 1389369131807 116.0
62.584548 29.794363 1389369133801 116.0
62.584528 29.79437 1389369135804 116.0
62.584512 29.794379 1389369137802 117.0
62.584493 29.794385 1389369139802 117.0
62.584471 29.794393 1389369141803 117.0
62.58445 29.794396 1389369143802 117.0
62.584425 29.79439 1389369145802 117.0
62.584398 29.79438 1389369147802 117.0
62.584374 29.794357 1389369149802 117.0
62.584352 29.794326 1389369151800 117.0
62.58433 29.794298 1389369153803 116.0
62.584305 29.794291 1389369155801 116.0
62.584278 29.794301 1389369157799 116.0
62.584251 29.794321 1389369159798 116.0
62.584226 29.79434 1389369161800 116.0
62.584202 29.794356 1389369163800 116.0
62.584179 29.794372 1389369165800 116.0
62.584158 29.794396 1389369167801 116.0
62.584138 29.794417 1389369169799 116.0
62.584121 29.794443 1389369171799 116.0
62.584104 29.794483 1389369173800 116.0
62.584093 29.794532 1389369175798 116.0
62.584086 29.794583 1389369177798 115.0
62.584077 29.794636 1389369179802 115.0
62.58407 29.794683 1389369181798 115.0
62.584057 29.794735 1389369183798 114.0
62.584048 29.79479 1389369185799 115.0
62.584043 29.794808 1389369187798 114.0
62.584042 29.794865 1389369189796 114.0
62.584045 29.794936 1389369191797 115.0
62.584051 29.794996 1389369193794 115.0
62.584055 29.79505 1389369195793 115.0
62.584058 29.795103 1389369197798 114.0
62.584058 29.795148 1389369199796 114.0
62.584039 29.795191 1389369201797 115.0
62.584016 29.795229 1389369203802 116.0
62.583995 29.795258 1389369205797 117.0
62.58397 29.79528 1389369207799 118.0
62.583949 29.795293 1389369209797 118.0
62.583927 29.795301 1389369211796 119.0
62.583905 29.795319 1389369213797 119.0
62.583888 29.795344 1389369215789 119.0
62.583867 29.795369 1389369217796 119.0
62.583842 29.795388 1389369219798 120.0
62.583816 29.795406 1389369221798 120.0
62.58379 29.795424 1389369223800 120.0
62.583764 29.795442 1389369225796 120.0
62.583738 29.795461 1389369227798 120.0
62.583713 29.795484 1389369229796 120.0
62.583687 29.795501 1389369231796 120.0
62.58366 29.79552 1389369233796 120.0
62.583635 29.795543 1389369235795 120.0
62.583611 29.795566 1389369237795 120.0
62.583585 29.795583 1389369239799 120.0
62.583561 29.7956 1389369241798 120.0
62.583536 29.795616 1389369243796 120.0
62.583515 29.795637 1389369245797 120.0
62.583493 29.795658 1389369247795 120.0
62.583471 29.795677 1389369249795 120.0
62.583449 29.795698 1389369251797 120.0
62.583426 29.795712 1389369253797 120.0
62.583403 29.795729 1389369255794 120.0
62.583378 29.795748 1389369257794 120.0
62.583355 29.795764 1389369259795 120.0
62.583333 29.79578 1389369261793 121.0
62.583309 29.795797 1389369263797 121.0
62.583281 29.795815 1389369265790 121.0
62.583255 29.79583 1389369267795 121.0
62.583229 29.795847 1389369269797 121.0
62.583201 29.795864 1389369271793 121.0
62.583176 29.795882 1389369273783 121.0
62.583151 29.795902 1389369275794 121.0
62.583127 29.795918 1389369277790 121.0
62.583102 29.795938 1389369279780 121.0
62.583077 29.795959 1389369281792 121.0
62.583051 29.795974 1389369283788 121.0
62.583027 29.795997 1389369285789 121.0
62.583004 29.796015 1389369287790 121.0
62.582978 29.796033 1389369289788 121.0
62.582955 29.796042 1389369291792 122.0
62.582933 29.796064 1389369293792 122.0
62.582906 29.796082 1389369295790 122.0
62.582877 29.796094 1389369297792 122.0
62.582853 29.796113 1389369299789 122.0
62.582829 29.796138 1389369301792 122.0
62.582805 29.796159 1389369303787 121.0
62.582781 29.796176 1389369305790 121.0
62.582759 29.796203 1389369307787 121.0
62.582736 29.796226 1389369309791 120.0
62.582712 29.796249 1389369311788 120.0
62.582688 29.796268 1389369313786 120.0
62.582666 29.796291 1389369315794 120.0
62.582644 29.796312 1389369317790 120.0
62.582621 29.796329 1389369319785 120.0
62.582595 29.796347 1389369321781 120.0
62.582572 29.796365 1389369323787 120.0
62.582549 29.796389 1389369325789 120.0
62.582525 29.796409 1389369327787 119.0
62.582501 29.796429 1389369329786 119.0
62.582479 29.796449 1389369331785 119.0
62.582453 29.796468 1389369333788 119.0
62.582429 29.796485 1389369335789 119.0
62.582406 29.796506 1389369337781 119.0
62.582383 29.79652 1389369339791 119.0
62.58236 29.796543 1389369341797 119.0
62.582336 29.796562 1389369343787 119.0
62.582313 29.796578 1389369345781 119.0
62.582289 29.796601 1389369347790 119.0
62.582266 29.796622 1389369349780 119.0
62.582244 29.796642 1389369351780 118.0
62.582224 29.79666 1389369353787 118.0
62.582203 29.79667 1389369355779 118.0
62.582179 29.796682 1389369357779 118.0
62.582156 29.796704 1389369359784 118.0
62.582133 29.796725 1389369361787 118.0
62.582111 29.796738 1389369363790 118.0
62.582088 29.796756 1389369365790 118.0
62.582065 29.796775 1389369367777 118.0
62.582041 29.796796 1389369369787 117.0
62.582016 29.796814 1389369371778 117.0
62.581991 29.796834 1389369373788 117.0
62.58197 29.796853 1389369375786 117.0
62.581947 29.796869 1389369377778 117.0
62.581926 29.796888 1389369379779 117.0
62.581904 29.796907 1389369381784 117.0
62.581879 29.796929 1389369383788 117.0
62.581855 29.796954 1389369385783 117.0
62.581831 29.796975 1389369387786 117.0
62.581807 29.796994 1389369389785 117.0
62.581784 29.797012 1389369391786 117.0
62.581762 29.797028 1389369393786 117.0
62.58174 29.79704 1389369395786 118.0
62.581719 29.797058 1389369397774 118.0
62.581699 29.797077 1389369399777 118.0
62.581674 29.797096 1389369401786 117.0
62.581648 29.797113 1389369403783 118.0
62.581629 29.797131 1389369405784 118.0
62.581606 29.79715 1389369407775 118.0
62.581581 29.797169 1389369409781 117.0
62.581561 29.797192 1389369411783 117.0
62.581535 29.797213 1389369413788 117.0
62.581508 29.797237 1389369415785 117.0
62.581487 29.797261 1389369417783 116.0
62.581462 29.797285 1389369419787 116.0
62.581441 29.797312 1389369421781 116.0
62.581414 29.797335 1389369423791 116.0
62.581388 29.797358 1389369425785 115.0
62.581363 29.797378 1389369427782 115.0
62.581342 29.797397 1389369429786 115.0
62.58132 29.797414 1389369431787 115.0
62.58129 29.797436 1389369433786 115.0
62.581263 29.797457 1389369435785 115.0
62.581236 29.797483 1389369437787 115.0
62.581212 29.797504 1389369439786 114.0
62.581187 29.797521 1389369441785 115.0
62.581164 29.797539 1389369443787 114.0
62.581142 29.797561 1389369445785 114.0
62.581118 29.797578 1389369447785 114.0
62.581094 29.797603 1389369449781 113.0
62.58107 29.797625 1389369451783 113.0
62.581049 29.797644 1389369453783 112.0
62.581028 29.79766 1389369455784 113.0
62.581004 29.797677 1389369457783 113.0
62.58098 29.797689 1389369459784 113.0
62.580957 29.797706 1389369461781 112.0
62.580934 29.797723 1389369463778 112.0
62.580911 29.797738 1389369465783 112.0
62.580884 29.797759 1389369467780 112.0
62.580857 29.797778 1389369469784 112.0
62.580834 29.797797 1389369471779 111.0
62.580808 29.797817 1389369473777 112.0
62.580788 29.797843 1389369475778 112.0
62.58077 29.797878 1389369477778 112.0
62.580754 29.797918 1389369479774 112.0
62.580743 29.797963 1389369481778 111.0
62.580732 29.798008 1389369483784 111.0
62.580723 29.79806 1389369485787 111.0
62.580723 29.798116 1389369487783 111.0
62.580724 29.79817 1389369489783 111.0
62.580727 29.798223 1389369491785 110.0
62.580732 29.798269 1389369493782 109.0
62.580735 29.798315 1389369495786 109.0
62.580737 29.798361 1389369497784 107.0
62.580741 29.798411 1389369499791 106.0
62.580744 29.798467 1389369501789 106.0
62.580749 29.798527 1389369503794 106.0
62.580752 29.798585 1389369505786 106.0
62.580755 29.798641 1389369507787 106.0
62.580759 29.798693 1389369509794 105.0
62.580761 29.798749 1389369511785 105.0
62.580766 29.798807 1389369513786 105.0
62.58077 29.798863 1389369515786 105.0
62.580771 29.798929 1389369517783 105.0
62.580776 29.79899 1389369519786 106.0
62.58078 29.79905 1389369521790 106.0
62.580783 29.799112 1389369523791 106.0
62.580782 29.799168 1389369525787 106.0
62.580786 29.799208 1389369527790 105.0
62.580791 29.799259 1389369529781 105.0
62.580792 29.79932 1389369531783 105.0
62.580795 29.799382 1389369533786 105.0
62.580799 29.799437 1389369535782 105.0
62.580802 29.799491 1389369537791 105.0
62.580805 29.79955 1389369539781 105.0
62.58081 29.799608 1389369541791 105.0
62.580815 29.799666 1389369543790 105.0
62.580819 29.799716 1389369545794 105.0
62.580823 29.799765 1389369547789 104.0
62.580827 29.799818 1389369549785 104.0
62.580835 29.799865 1389369551790 104.0
62.580839 29.799909 1389369553790 103.0
62.580841 29.799955 1389369555788 103.0
62.580845 29.800004 1389369557787 103.0
62.580849 29.800051 1389369559787 102.0
62.580852 29.80009 1389369561785 101.0
62.580856 29.800144 1389369563783 102.0
62.580859 29.800194 1389369565781 102.0
62.58086 29.800238 1389369567781 101.0
62.580861 29.800286 1389369569795 101.0
62.580864 29.800331 1389369571781 101.0
62.580868 29.800375 1389369573785 100.0
62.580874 29.800418 1389369575786 100.0
62.580877 29.800464 1389369577781 100.0
62.580882 29.800511 1389369579791 99.0
62.580887 29.800556 1389369581783 99.0
62.580891 29.800601 1389369583782 99.0
62.580894 29.800654 1389369585790 100.0
62.580899 29.800693 1389369587783 99.0
62.580905 29.800727 1389369589786 98.0
62.580911 29.800769 1389369591790 98.0
62.580917 29.80081 1389369593783 97.0
62.580919 29.800856 1389369595781 97.0
62.580924 29.800904 1389369597781 96.0
62.580926 29.800951 1389369599790 96.0
62.580929 29.801002 1389369601789 96.0
62.580932 29.801055 1389369603785 96.0
62.580934 29.801103 1389369605783 96.0
62.580937 29.801156 1389369607782 96.0
62.58094 29.801203 1389369609786 96.0
62.580941 29.801247 1389369611783 95.0
62.580945 29.801289 1389369613792 95.0
62.580951 29.801337 1389369615781 95.0
62.580956 29.801374 1389369617782 95.0
62.580965 29.801435 1389369619787 96.0
62.58097 29.801462 1389369621782 95.0
62.580978 29.801497 1389369623787 94.0
62.580983 29.801538 1389369625781 94.0
62.580988 29.801576 1389369627782 95.0
62.580989 29.801607 1389369629790 94.0
62.580992 29.801633 1389369631785 92.0
62.580994 29.801666 1389369633785 91.0
62.580999 29.801699 1389369635790 89.0
62.580999 29.80174 1389369637782 88.0
62.581005 29.801772 1389369639782 88.0
62.581013 29.801804 1389369641783 86.0
62.581019 29.801838 1389369643782 86.0
62.581022 29.801877 1389369645782 85.0
62.581026 29.801916 1389369647787 85.0
62.581028 29.801952 1389369649788 83.0
62.581033 29.80199 1389369651785 82.0
62.581034 29.802047 1389369653786 82.0
62.581038 29.802095 1389369655782 82.0
62.581046 29.802165 1389369657785 82.0
62.581047 29.802236 1389369659789 83.0
62.581047 29.802287 1389369661782 83.0
62.581047 29.80234 1389369663781 83.0
62.581047 29.802388 1389369665783 83.0
62.581049 29.802436 1389369667781 83.0
62.581051 29.802484 1389369669783 82.0
62.581053 29.802559 1389369671783 83.0
62.581055 29.802614 1389369673782 83.0
62.58106 29.802666 1389369675781 83.0
62.581064 29.802718 1389369677783 82.0
62.581068 29.802777 1389369679781 82.0
62.58107 29.802825 1389369681780 82.0
62.581075 29.802871 1389369683781 81.0
62.581078 29.802914 1389369685781 80.0
62.581082 29.802963 1389369687780 80.0
62.581091 29.803015 1389369689783 80.0
62.581096 29.803074 1389369691781 80.0
62.581102 29.803133 1389369693778 80.0
62.581109 29.803192 1389369695782 80.0
62.581117 29.803255 1389369697781 80.0
62.581122 29.803312 1389369699783 81.0
62.581125 29.803365 1389369701782 81.0
62.581129 29.803415 1389369703781 80.0
62.581129 29.803468 1389369705781 80.0
62.581131 29.803524 1389369707788 80.0
62.581136 29.803584 1389369709783 80.0
62.581142 29.803641 1389369711781 80.0
62.581146 29.80369 1389369713782 80.0
62.581151 29.803736 1389369715778 79.0
62.581156 29.803778 1389369717780 79.0
62.581159 29.80383 1389369719787 79.0
62.581159 29.803888 1389369721781 79.0
62.581157 29.803942 1389369723781 79.0
62.581148 29.804005 1389369725786 79.0
62.58113 29.804212 1389369727781 90.0
62.581122 29.804336 1389369729781 97.0
62.58109 29.804387 1389369731782 99.0
62.581065 29.804415 1389369733779 100.0
62.581038 29.80444 1389369735781 100.0
62.581 29.804474 1389369738771 102.0
62.58099 29.804502 1389369739780 104.0
62.580968 29.804523 1389369741780 105.0
62.580946 29.804541 1389369743784 106.0
62.580923 29.804552 1389369745780 107.0
62.5809 29.80457 1389369747781 107.0
62.580879 29.804594 1389369749783 108.0
62.580859 29.804611 1389369751780 109.0
62.580841 29.804627 1389369753779 109.0
62.580819 29.804658 1389369755780 110.0
62.580799 29.804675 1389369757779 110.0
62.58078 29.804689 1389369759780 111.0
62.580758 29.804703 1389369761780 111.0
62.580742 29.804712 1389369763779 112.0
62.58072 29.804723 1389369765780 112.0
62.580699 29.804728 1389369767779 112.0
62.580673 29.804738 1389369769780 113.0
62.580649 29.804754 1389369771780 113.0
62.580629 29.804767 1389369773779 113.0
62.580606 29.804767 1389369775778 113.0
62.580581 29.804773 1389369777781 113.0
62.580552 29.804774 1389369779783 113.0
62.580525 29.804775 1389369781779 112.0
62.580501 29.804775 1389369783777 112.0
62.580482 29.804772 1389369785779 112.0
62.580459 29.804765 1389369787777 112.0
62.580437 29.804748 1389369789782 112.0
62.580415 29.804731 1389369791778 112.0
62.58039 29.804726 1389369793777 112.0
62.580363 29.804723 1389369795770 112.0
62.58034 29.80471 1389369797779 113.0
62.580316 29.804708 1389369799778 113.0
62.580294 29.804716 1389369801779 113.0
62.580276 29.804751 1389369803780 112.0
62.58026 29.804789 1389369805780 112.0
62.580244 29.804822 1389369807778 112.0
62.580227 29.80486 1389369809782 112.0
62.580212 29.804901 1389369811778 112.0
62.580198 29.804943 1389369813778 112.0
62.580183 29.804992 1389369815780 112.0
62.580167 29.805038 1389369817780 112.0
62.580152 29.805082 1389369819779 112.0
62.58014 29.805126 1389369821778 112.0
62.580126 29.805172 1389369823777 111.0
62.580117 29.805211 1389369825777 111.0
62.580103 29.805257 1389369827780 111.0
62.58009 29.805301 1389369829778 110.0
62.580077 29.805348 1389369831781 110.0
62.580066 29.805393 1389369833778 110.0
62.580053 29.805435 1389369835777 110.0
62.580036 29.805487 1389369837777 110.0
62.580024 29.805532 1389369839780 109.0
62.580008 29.805578 1389369841777 110.0
62.579991 29.805623 1389369843776 109.0
62.579975 29.80567 1389369845778 109.0
62.579959 29.805716 1389369847776 109.0
62.579944 29.805763 1389369849777 109.0
62.579929 29.805809 1389369851777 109.0
62.579915 29.805856 1389369853776 109.0
62.579905 29.805903 1389369855776 109.0
62.579891 29.805952 1389369857780 109.0
62.579876 29.806001 1389369859775 109.0
62.579861 29.806049 1389369861775 109.0
62.57985 29.806094 1389369863777 109.0
62.579839 29.80614 1389369865775 109.0
62.579826 29.806189 1389369867775 110.0
62.579815 29.806235 1389369869764 110.0
62.579802 29.80628 1389369871775 110.0
62.579789 29.806328 1389369873778 110.0
62.579775 29.806376 1389369875774 110.0
62.579758 29.806429 1389369877773 110.0
62.57974 29.806477 1389369879774 110.0
62.579727 29.80653 1389369881774 110.0
62.579715 29.806576 1389369883756 111.0
62.579702 29.806624 1389369885758 111.0
62.579689 29.80667 1389369887762 111.0
62.579674 29.806717 1389369889775 111.0
62.57966 29.806761 1389369891769 111.0
62.579644 29.806809 1389369893791 111.0
62.57963 29.806853 1389369895785 111.0
62.579612 29.806898 1389369897784 111.0
62.579584 29.806956 1389369900781 111.0
62.579574 29.806974 1389369901783 111.0
62.579556 29.807007 1389369903773 111.0
62.57954 29.807043 1389369905776 111.0
62.579524 29.807074 1389369907776 111.0
62.579496 29.807121 1389369910777 111.0
62.579489 29.807135 1389369911779 111.0
62.579473 29.807164 1389369913786 111.0
62.579457 29.807186 1389369915781 111.0
62.579443 29.807204 1389369917792 111.0
62.579424 29.807236 1389369919787 112.0
62.579406 29.807265 1389369921790 112.0
62.579388 29.807295 1389369923794 112.0
62.579366 29.807326 1389369925790 112.0
62.579345 29.807353 1389369927790 112.0
62.579323 29.80738 1389369929791 112.0
62.579302 29.807411 1389369931791 112.0
62.579281 29.807443 1389369933792 112.0
62.579262 29.807477 1389369935794 112.0
62.579243 29.807504 1389369937791 112.0
62.579223 29.807532 1389369939789 112.0
62.579203 29.807563 1389369941793 112.0
62.57918 29.807591 1389369943791 112.0
62.579156 29.807628 1389369945790 111.0
62.579133 29.80766 1389369947796 111.0
62.57911 29.807694 1389369949792 111.0
62.579088 29.80772 1389369951789 111.0
62.579067 29.807751 1389369953792 111.0
62.579045 29.807787 1389369955787 111.0
62.579022 29.807819 1389369957789 111.0
62.579 29.807848 1389369959792 112.0
62.578977 29.807878 1389369961788 112.0
62.578955 29.807909 1389369963787 112.0
62.578932 29.807942 1389369965789 112.0
62.578913 29.807973 1389369967787 111.0
62.578893 29.808002 1389369969789 111.0
62.578873 29.808033 1389369971794 111.0
62.578851 29.808066 1389369973787 111.0
62.578828 29.808096 1389369975787 110.0
62.578806 29.808129 1389369977789 110.0
62.578781 29.808168 1389369979787 110.0
62.578762 29.808194 1389369981788 110.0
62.578744 29.808221 1389369983789 110.0
62.578726 29.808247 1389369985787 109.0
62.578708 29.808271 1389369987789 109.0
62.578691 29.808301 1389369989787 109.0
62.578677 29.808324 1389369991784 109.0
62.578661 29.808345 1389369993788 109.0
62.578642 29.808369 1389369995789 108.0
62.578623 29.808402 1389369997785 108.0
62.5786 29.808431 1389369999786 108.0
62.578575 29.808457 1389370001786 109.0
62.578553 29.808486 1389370003784 109.0
62.578533 29.808514 1389370005789 109.0
62.57851 29.808544 1389370007785 109.0
62.57849 29.808573 1389370009783 109.0
62.578471 29.808595 1389370011785 109.0
62.578451 29.808621 1389370013788 109.0
62.578429 29.808649 1389370015788 109.0
62.578405 29.808679 1389370017789 109.0
62.578387 29.808703 1389370019789 109.0
62.578367 29.808726 1389370021783 110.0
62.578344 29.808754 1389370023783 109.0
62.57832 29.808781 1389370025793 110.0
62.578317 29.808805 1389370027771 112.0
62.578309 29.808812 1389370029782 112.0
62.57828 29.808827 1389370031780 113.0
62.578257 29.808829 1389370033782 113.0
62.578224 29.808831 1389370035784 113.0
62.578205 29.808811 1389370037785 112.0
62.578183 29.808791 1389370039782 111.0
62.578167 29.808772 1389370041777 109.0
62.578153 29.808761 1389370043784 107.0
62.578137 29.808757 1389370045780 106.0
62.578118 29.80875 1389370047782 105.0
62.578093 29.808742 1389370049786 103.0
62.578082 29.808718 1389370051786 102.0
62.578079 29.808692 1389370053783 101.0
62.57807 29.808679 1389370055781 101.0
62.578062 29.808675 1389370057781 101.0
62.57805 29.808655 1389370059781 101.0
62.578046 29.808617 1389370061781 100.0
62.578046 29.808588 1389370063779 99.0
62.578049 29.808584 1389370065780 99.0
62.578048 29.808507 1389370067774 95.0
62.578045 29.808582 1389370069777 95.0
62.578045 29.808405 1389370071775 93.0
62.577921 29.808426 1389370073773 92.0
62.577873 29.808375 1389370075775 91.0
62.577866 29.808279 1389370077771 90.0
62.577859 29.808234 1389370079791 86.0
62.577828 29.808191 1389370081777 84.0
62.577826 29.808065 1389370083781 87.0
62.577792 29.808003 1389370085772 91.0
62.577811 29.807942 1389370087772 94.0
62.577847 29.807899 1389370089774 96.0
62.577859 29.807881 1389370091777 97.0
62.577863 29.807856 1389370093778 98.0
62.577832 29.807876 1389370095780 98.0
62.577823 29.807851 1389370097770 100.0
62.57785 29.807892 1389370099774 100.0
62.577863 29.807921 1389370101766 101.0
62.577829 29.808022 1389370103762 100.0
62.577842 29.808049 1389370105764 100.0
62.577855 29.808077 1389370107762 100.0
62.577861 29.808027 1389370109769 100.0
62.577879 29.807973 1389370111761 100.0
62.577876 29.807923 1389370113766 100.0
62.577921 29.807849 1389370115768 100.0
62.57794 29.807836 1389370117766 100.0
62.577947 29.807828 1389370119756 100.0
62.577949 29.807825 1389370121756 100.0
62.578 29.807799 1389370123761 100.0
62.578014 29.807699 1389370125763 100.0
62.57805 29.807727 1389370127765 100.0
62.578047 29.807684 1389370129771 100.0
62.578043 29.807652 1389370131767 100.0
62.57804 29.807632 1389370133771 100.0
62.578042 29.80763 1389370135770 100.0
62.578043 29.807629 1389370137764 100.0
62.578045 29.807633 1389370139783 100.0
62.57805 29.807643 1389370141764 100.0
62.578043 29.80763 1389370143765 100.0
62.578042 29.807622 1389370145774 100.0
62.578041 29.807615 1389370147758 100.0
62.578067 29.807593 1389370149759 100.0
62.578059 29.80759 1389370151760 100.0
62.578057 29.807616 1389370153766 100.0
62.578004 29.807632 1389370155761 100.0
62.577964 29.807694 1389370157764 100.0
62.577948 29.807691 1389370159768 100.0
62.577947 29.807731 1389370161751 100.0
62.577937 29.807716 1389370163773 100.0
62.577892 29.807694 1389370165756 100.0
62.577887 29.807704 1389370167757 100.0
62.577882 29.807704 1389370169765 100.0
62.577879 29.807701 1389370171758 100.0
62.577872 29.807699 1389370173760 100.0
62.577858 29.807692 1389370175758 100.0
62.577864 29.807696 1389370177758 100.0
62.577825 29.807679 1389370179761 100.0
62.577825 29.807699 1389370181766 100.0
62.577835 29.807705 1389370183761 100.0
62.577837 29.807718 1389370185765 100.0
62.577835 29.807726 1389370187766 100.0
62.577825 29.807731 1389370189766 99.0
62.577818 29.807736 1389370191768 99.0
62.577806 29.807748 1389370193771 100.0
62.57781 29.807752 1389370195770 100.0
62.577803 29.807759 1389370197766 100.0
62.577807 29.807766 1389370199770 100.0
62.577811 29.807774 1389370201766 101.0
62.577825 29.807773 1389370203766 101.0
62.577834 29.807769 1389370205765 101.0
62.577862 29.807759 1389370207763 101.0
62.577849 29.807766 1389370209765 102.0
62.577875 29.807762 1389370211765 102.0
62.577878 29.807772 1389370213765 101.0
62.577863 29.807782 1389370215759 101.0
62.577859 29.807774 1389370217767 101.0
62.577839 29.807763 1389370219761 101.0
62.577824 29.807765 1389370221764 101.0
62.577821 29.80777 1389370223761 102.0
62.577833 29.807771 1389370225764 102.0
62.57782 29.807768 1389370227758 102.0
62.577813 29.807752 1389370229759 102.0
62.577817 29.807741 1389370231760 101.0
62.577806 29.80773 1389370233759 104.0
62.577808 29.807729 1389370235760 105.0
62.577817 29.807733 1389370237757 106.0
62.577833 29.807764 1389370239751 108.0
62.577851 29.807811 1389370241755 107.0
62.577848 29.807826 1389370243750 107.0
62.577828 29.807836 1389370245755 108.0
62.577838 29.807869 1389370247764 108.0
62.577845 29.80789 1389370249763 108.0
62.577826 29.807897 1389370251757 109.0
62.577838 29.80789 1389370253760 109.0
62.577838 29.807864 1389370255757 108.0
62.577786 29.807884 1389370257758 108.0
62.577758 29.807888 1389370259764 108.0
62.577734 29.807889 1389370261757 108.0
62.57772 29.807872 1389370263755 108.0
62.577712 29.807851 1389370265759 106.0
62.577732 29.807844 1389370267756 106.0
62.577734 29.807841 1389370269754 105.0
62.577738 29.807838 1389370271768 104.0
62.577761 29.80783 1389370273758 103.0
62.577766 29.807821 1389370275763 100.0
62.577792 29.807815 1389370277770 99.0
62.577828 29.807807 1389370279769 100.0
62.577838 29.8078 1389370281762 98.0
62.577844 29.807801 1389370283769 98.0
62.577823 29.807742 1389370285765 97.0
62.577826 29.807734 1389370287764 97.0
62.577834 29.807732 1389370289760 97.0
62.577847 29.807732 1389370291766 97.0
62.57786 29.807733 1389370293761 97.0
62.577889 29.807731 1389370295763 96.0
62.577893 29.807733 1389370297766 95.0
62.577899 29.807733 1389370299763 94.0
62.577907 29.807735 1389370301769 94.0
62.577917 29.807736 1389370303763 94.0
62.577919 29.807737 1389370305764 94.0
62.577924 29.807753 1389370307768 95.0
62.577923 29.807756 1389370309762 95.0
62.577922 29.807758 1389370311766 96.0
62.577926 29.807759 1389370313763 96.0
62.577935 29.807763 1389370315759 96.0
62.577947 29.807763 1389370317758 96.0
62.577952 29.807764 1389370319765 96.0
62.577959 29.807767 1389370321764 97.0
62.577966 29.807764 1389370323762 97.0
62.577969 29.807764 1389370325760 97.0
62.577974 29.807763 1389370327761 97.0
62.57799 29.807757 1389370329763 97.0
62.578003 29.807757 1389370331764 97.0
62.578018 29.807753 1389370333764 97.0
62.57803 29.807753 1389370335767 97.0
62.578052 29.80775 1389370337763 97.0
62.578072 29.807746 1389370339765 96.0
62.578088 29.807737 1389370341764 96.0
62.578095 29.807735 1389370343752 96.0
62.578101 29.807732 1389370345754 95.0
62.57811 29.807726 1389370347755 95.0
62.578111 29.807726 1389370349758 95.0
62.578111 29.807725 1389370351754 94.0
62.578117 29.80772 1389370353757 94.0
62.578133 29.807708 1389370355766 93.0
62.578132 29.807709 1389370357759 93.0
62.578127 29.80771 1389370359758 92.0
62.57812 29.807713 1389370361760 92.0
62.578107 29.807716 1389370363759 92.0
62.578097 29.807722 1389370365762 92.0
62.578086 29.80773 1389370367761 92.0
62.578078 29.807735 1389370369746 92.0
62.57807 29.80774 1389370371760 92.0
62.578066 29.807743 1389370373758 92.0
62.57806 29.807745 1389370375760 92.0
62.578053 29.80775 1389370377759 92.0
62.578047 29.807754 1389370379766 92.0
62.578038 29.807761 1389370381760 92.0
62.578029 29.807769 1389370383757 92.0
62.57802 29.807775 1389370385760 92.0
62.57801 29.807779 1389370387761 92.0
62.578002 29.807784 1389370389758 93.0
62.577996 29.807787 1389370391758 93.0
62.577989 29.807793 1389370393760 93.0
62.577976 29.807796 1389370396753 93.0
62.577961 29.807805 1389370397746 93.0
62.577947 29.807815 1389370399751 93.0