62.577232 29.808727 1390041466000 97.51513671875
62.577232 29.808727 1390041468000 98.113220214844
62.577232 29.808727 1390041470000 95.1943359375
62.577293 29.808766 1390041472000 95.3994140625
62.577293 29.808766 1390041474000 97.783752441406
62.577293 29.808766 1390041476000 99.841552734375
62.577293 29.808766 1390041478000 102.38543701172
62.577357 29.808425 1390041484000 102.8232421875
62.577298 29.808426 1390041486000 97.319274902344
62.577289 29.808453 1390041488000 100.04608154297
62.57728 29.808543 1390041490000 97.777648925781
62.577294 29.808642 1390041492000 101.30725097656
62.577312 29.808656 1390041494000 97.537658691406
62.577306 29.808586 1390041496000 97.137451171875
62.577305 29.808532 1390041498000 97.459533691406
62.577283 29.808518 1390041500000 94.610534667969
62.577257 29.808494 1390041502000 95.652282714844
62.577238 29.80843 1390041504000 95.527587890625
62.577228 29.808364 1390041506000 92.160034179688
62.577223 29.808307 1390041508000 92.207763671875
62.577216 29.808239 1390041510000 91.9266357421875
62.577204 29.808173 1390041512000 92.0664672851563
62.577183 29.808135 1390041514000 91.895751953125
62.577163 29.808138 1390041516000 89.0633544921875
62.577145 29.808139 1390041518000 88.9037475585937
62.577132 29.808175 1390041520000 88.2398681640625
62.577126 29.80825 1390041522000 84.7560424804688
62.577126 29.808349 1390041524000 78.4976806640625
62.577123 29.808408 1390041526000 77.2850341796875
62.577118 29.808463 1390041528000 75.5225830078125
62.577114 29.808515 1390041530000 75.368103027344
62.577108 29.808558 1390041532000 74.750671386719
62.577105 29.808592 1390041534000 76.097961425781
62.577116 29.80864 1390041536000 76.62451171875
62.577114 29.808697 1390041538000 79.018005371094
62.577103 29.808763 1390041540000 79.21484375
62.577095 29.808831 1390041542000 80.18359375
62.577095 29.808894 1390041544000 81.1298828125
62.577103 29.808944 1390041546000 81.523986816406
62.577112 29.80899 1390041548000 80.323974609375
62.577126 29.809047 1390041550000 82.312377929688
62.577137 29.809102 1390041552000 83.806518554688
62.577147 29.80916 1390041554000 85.203063964844
62.577154 29.809213 1390041556000 85.823852539062
62.577155 29.809278 1390041558000 84.331726074219
62.577159 29.809341 1390041560000 84.614685058594
62.577163 29.809397 1390041562000 84.768859863281
62.577153 29.809452 1390041564000 84.130065917969
62.577141 29.809502 1390041566000 84.067626953125
62.577127 29.809551 1390041568000 85.380981445312
62.577121 29.809598 1390041570000 86.346740722656
62.577116 29.809648 1390041572000 87.410400390625
62.577118 29.8097 1390041574000 87.630004882812
62.577119 29.809745 1390041576000 86.730102539062
62.577122 29.809788 1390041578000 85.426147460938
62.577118 29.809833 1390041580000 85.706176757812
62.577108 29.80989 1390041582000 86.288940429688
62.577092 29.809954 1390041584000 86.282958984375
62.577071 29.810014 1390041586000 85.939575195312
62.577048 29.810064 1390041588000 85.788146972656
62.577032 29.810108 1390041590000 85.47802734375
62.577019 29.810157 1390041592000 86.141357421875
62.57702 29.810207 1390041594000 85.721252441406
62.577033 29.81026 1390041596000 86.482238769531
62.577047 29.810308 1390041598000 86.250366210938
62.577057 29.810359 1390041600000 87.226989746094
62.577064 29.810418 1390041602000 86.782104492188
62.57707 29.810476 1390041604000 88.0673828125
62.577075 29.810525 1390041606000 86.621948242188
62.577081 29.810574 1390041608000 86.571899414062
62.577088 29.81062 1390041610000 87.590454101562
62.577098 29.81067 1390041612000 86.350341796875
62.577104 29.810724 1390041614000 85.935119628906
62.577109 29.810827 1390041618000 84.652893066406
62.577113 29.810873 1390041620000 83.904663085938
62.577114 29.810914 1390041622000 84.911315917969
62.577119 29.810964 1390041624000 85.887390136719
62.577125 29.811025 1390041626000 86.436340332031
62.577132 29.81109 1390041628000 86.200500488281
62.577141 29.811154 1390041630000 87.01318359375
62.577155 29.811227 1390041632000 85.572204589844
62.577159 29.811283 1390041634000 83.669372558594
62.577161 29.811342 1390041636000 83.077453613281
62.577163 29.811404 1390041638000 82.859191894531
62.577166 29.811462 1390041640000 83.180419921875
62.57717 29.81152 1390041642000 83.283325195312
62.577174 29.811585 1390041644000 81.852905273438
62.577182 29.811642 1390041646000 82.007202148438
62.577187 29.8117 1390041648000 82.026916503906
62.577196 29.811758 1390041650000 82.607421875
62.577207 29.811813 1390041652000 83.086669921875
62.57722 29.81187 1390041654000 82.433166503906
62.577229 29.811926 1390041656000 80.880493164062
62.57723 29.811989 1390041658000 78.904113769531
62.577233 29.812057 1390041660000 79.205017089844
62.577236 29.812122 1390041662000 79.293579101562
62.57724 29.812195 1390041664000 80.447570800781
62.577249 29.812256 1390041666000 82.84375
62.577257 29.812307 1390041668000 82.981384277344
62.577261 29.812358 1390041670000 82.901611328125
62.577268 29.812405 1390041672000 82.854309082031
62.577274 29.812445 1390041674000 81.98291015625
62.577276 29.812496 1390041676000 80.650512695312
62.577286 29.812549 1390041678000 84.055297851562
62.577304 29.812598 1390041680000 85.091247558594
62.577322 29.812641 1390041682000 85.560913085938
62.577335 29.812684 1390041684000 85.962951660156
62.577347 29.812721 1390041687000 86.460632324219
62.577359 29.812762 1390041688000 87.585693359375
62.577368 29.812809 1390041690000 87.316162109375
62.577376 29.812851 1390041692000 86.161743164062
62.577379 29.812892 1390041694000 85.074340820312
62.57738 29.812934 1390041696000 84.4814453125
62.57738 29.81298 1390041698000 84.626403808594
62.57738 29.813028 1390041700000 83.786254882812
62.577383 29.813073 1390041702000 84.29638671875
62.57739 29.813114 1390041704000 83.235595703125
62.577397 29.813154 1390041706000 81.617309570312
62.577403 29.813198 1390041708000 82.366455078125
62.57741 29.813245 1390041710000 81.402954101562
62.577413 29.813296 1390041712000 80.488952636719
62.577415 29.813342 1390041714000 80.693603515625
62.577417 29.813383 1390041716000 81.33154296875
62.577421 29.813426 1390041718000 81.002990722656
62.577426 29.813476 1390041720000 81.485412597656
62.577431 29.813526 1390041722000 82.779113769531
62.577434 29.813584 1390041724000 84.099609375
62.577439 29.813634 1390041726000 84.307983398438
62.577445 29.813686 1390041728000 82.649780273438
62.577445 29.813742 1390041730000 80.802124023438
62.577449 29.813791 1390041732000 81.463500976562
62.577453 29.813834 1390041734000 80.811645507812
62.57746 29.813874 1390041736000 79.457397460938
62.577472 29.81391 1390041738000 79.02392578125
62.57748 29.81395 1390041740000 79.029052734375
62.57748 29.813961 1390041742000 79.528991699219
62.577479 29.813985 1390041744000 79.996887207031
62.577479 29.814008 1390041746000 78.455078125
62.577479 29.814035 1390041748000 77.603576660156
62.57748 29.814062 1390041750000 77.215454101562
62.577488 29.814092 1390041752000 78.607849121094
62.577493 29.814133 1390041754000 77.848510742188
62.577506 29.814177 1390041756000 79.359069824219
62.577516 29.814225 1390041758000 80.341369628906
62.577522 29.814271 1390041760000 80.359558105469
62.577534 29.81431 1390041762000 78.918090820312
62.577553 29.814338 1390041764000 80.068237304688
62.577566 29.814376 1390041766000 80.205444335938
62.577579 29.814427 1390041768000 81.188781738281
62.577591 29.814475 1390041770000 80.049682617188
62.577606 29.814525 1390041772000 79.203063964844
62.577623 29.814576 1390041774000 80.730834960938
62.577637 29.814639 1390041776000 80.685852050781
62.577649 29.814691 1390041778000 80.371459960938
62.577655 29.814766 1390041780000 80.689575195312
62.577659 29.814836 1390041782000 78.595886230469
62.577663 29.81492 1390041784000 79.00537109375
62.577672 29.814982 1390041786000 78.514221191406
62.577679 29.815049 1390041788000 79.530822753906
62.577682 29.815119 1390041790000 78.925048828125
62.577684 29.81518 1390041792000 79.757019042969
62.577685 29.815232 1390041794000 78.273559570312
62.577687 29.815279 1390041796000 78.124145507812
62.57769 29.815344 1390041798000 77.640808105469
62.577696 29.815407 1390041800000 79.298522949219
62.577706 29.815465 1390041802000 79.704162597656
62.577713 29.815519 1390041804000 79.321899414062
62.577724 29.815574 1390041806000 79.802490234375
62.577735 29.815627 1390041808000 81.541625976562
62.577743 29.815683 1390041810000 82.989990234375
62.577752 29.815746 1390041812000 81.631896972656
62.577758 29.815806 1390041814000 82.236694335938
62.577761 29.815869 1390041816000 82.226806640625
62.577766 29.815934 1390041818000 82.359497070312
62.57777 29.815999 1390041820000 82.455932617188
62.577775 29.816066 1390041822000 83.008666992188
62.577782 29.816122 1390041824000 82.431396484375
62.57779 29.81617 1390041826000 83.909545898438
62.577798 29.816197 1390041828000 83.404663085938
62.577801 29.81621 1390041830000 82.028503417969
62.577797 29.816226 1390041832000 81.404296875
62.577795 29.816262 1390041834000 80.698120117188
62.577794 29.816281 1390041836000 81.448669433594
62.577803 29.816315 1390041838000 81.443054199219
62.577804 29.81636 1390041840000 82.455505371094
62.577807 29.816412 1390041842000 83.008544921875
62.577818 29.816455 1390041844000 81.586120605469
62.577828 29.81651 1390041846000 80.887451171875
62.577837 29.816559 1390041848000 80.41357421875
62.577844 29.816605 1390041850000 83.522766113281
62.577845 29.816644 1390041852000 84.513916015625
62.577842 29.81668 1390041854000 86.971313476562
62.577835 29.816715 1390041856000 86.116333007812
62.577824 29.816751 1390041858000 84.662231445312
62.577808 29.816771 1390041860000 85.5205078125
62.577789 29.816764 1390041862000 82.850830078125
62.57777 29.816759 1390041864000 83.679016113281
62.57775 29.816768 1390041866000 84.814086914062
62.577732 29.816779 1390041868000 84.708251953125
62.577716 29.816801 1390041870000 83.794067382812
62.577704 29.816818 1390041872000 82.171569824219
62.577698 29.816826 1390041874000 81.495727539062
62.577696 29.816825 1390041876000 82.135620117188
62.577696 29.816825 1390041878000 82.238037109375
62.577696 29.816825 1390041880000 83.116577148438
62.577696 29.816825 1390041882000 82.424438476562
62.577696 29.816825 1390041884000 83.156066894531
62.577726 29.816778 1390041886000 83.902587890625
62.577737 29.81676 1390041889000 82.983276367188
62.577749 29.816743 1390041891000 83.311706542969
62.577777 29.81672 1390041894000 81.49072265625
62.577785 29.81671 1390041895000 81.126892089844
62.577804 29.816701 1390041897000 79.421142578125
62.57782 29.816688 1390041899000 79.328918457031
62.577834 29.816672 1390041901000 79.824523925781
62.577834 29.816672 1390041903000 80.003540039062
62.577834 29.816672 1390041905000 80.255554199219
62.577828 29.81669 1390041907000 79.1142578125
62.577836 29.816701 1390041909000 79.162719726562
62.577841 29.816712 1390041911000 78.314697265625
62.577844 29.816722 1390041913000 78.754333496094
62.577847 29.816741 1390041915000 77.658630371094
62.577849 29.816767 1390041917000 78.128662109375
62.577859 29.816812 1390041919000 79.433349609375
62.577875 29.816838 1390041921000 78.248046875
62.577897 29.816856 1390041923000 81.086120605469
62.577912 29.816884 1390041925000 81.36767578125
62.57792 29.816935 1390041927000 82.142517089844
62.577932 29.817003 1390041929000 82.502563476562
62.577946 29.817069 1390041931000 82.704833984375
62.57796 29.817137 1390041933000 82.298461914062
62.577971 29.817199 1390041935000 83.295043945312
62.57798 29.817265 1390041937000 84.726501464844
62.577984 29.817336 1390041939000 85.282104492188
62.577992 29.817387 1390041941000 85.511108398438
62.578009 29.817406 1390041943000 83.45361328125
62.578037 29.817349 1390041945000 84.409301757812
62.578061 29.817309 1390041947000 85.715881347656
62.578078 29.817276 1390041949000 85.990356445312
62.578086 29.817245 1390041951000 87.488891601562
62.578099 29.817214 1390041953000 87.287902832031
62.578111 29.817168 1390041955000 84.062744140625
62.578128 29.817124 1390041957000 84.621398925781
62.578145 29.817097 1390041959000 84.756713867188
62.57816 29.817079 1390041961000 84.784729003906
62.57818 29.817057 1390041963000 86.340270996094
62.578195 29.817026 1390041965000 85.677124023438
62.578209 29.816998 1390041967000 85.171203613281
62.578226 29.816977 1390041969000 84.117004394531
62.578243 29.816964 1390041971000 84.694641113281
62.578263 29.81696 1390041973000 85.182373046875
62.578283 29.816956 1390041975000 84.422973632812
62.578306 29.816933 1390041977000 83.613891601562
62.578327 29.816902 1390041979000 83.379150390625
62.578345 29.816878 1390041981000 83.884460449219
62.578365 29.816862 1390041983000 85.247619628906
62.57839 29.816844 1390041985000 86.644592285156
62.578421 29.816826 1390041987000 88.281677246094
62.578451 29.816804 1390041989000 87.006591796875
62.578487 29.816789 1390041991000 91.25732421875
62.578518 29.81677 1390041993000 89.525146484375
62.578538 29.816746 1390041995000 89.556396484375
62.578557 29.816726 1390041997000 91.944885253906
62.578578 29.816707 1390041999000 91.501892089844
62.578599 29.816689 1390042001000 92.790283203125
62.578617 29.816675 1390042003000 91.821044921875
62.578634 29.816658 1390042005000 89.578857421875
62.578655 29.816642 1390042007000 90.888061523438
62.578676 29.816634 1390042009000 89.815795898438
62.578697 29.816624 1390042011000 88.047973632812
62.578718 29.816605 1390042013000 88.235778808594
62.57874 29.816579 1390042015000 90.460693359375
62.578765 29.816556 1390042017000 88.710205078125
62.578791 29.816541 1390042019000 90.658508300781
62.578814 29.816529 1390042021000 91.052856445312
62.578831 29.816505 1390042023000 89.417541503906
62.578851 29.816493 1390042025000 88.427856445312
62.578873 29.816482 1390042027000 85.579650878906
62.578896 29.816466 1390042029000 84.581970214844
62.578918 29.816448 1390042031000 84.143188476562
62.578948 29.816441 1390042033000 84.684875488281
62.578973 29.816437 1390042035000 83.356079101562
62.579007 29.816432 1390042037000 88.068481445312
62.57904 29.816425 1390042039000 86.644287109375
62.579073 29.816417 1390042041000 89.086364746094
62.579106 29.816412 1390042043000 89.029724121094
62.579136 29.816408 1390042045000 88.949340820312
62.57917 29.816408 1390042047000 90.768493652344
62.579196 29.816405 1390042049000 90.017517089844
62.579224 29.816414 1390042051000 90.095825195312
62.57925 29.816423 1390042053000 89.244323730469
62.579279 29.816421 1390042055000 89.757995605469
62.579303 29.816419 1390042057000 88.506408691406
62.579335 29.816403 1390042059000 87.725769042969
62.579362 29.816401 1390042061000 86.181335449219
62.579388 29.816402 1390042063000 84.578796386719
62.579414 29.816398 1390042065000 85.2021484375
62.579441 29.81639 1390042067000 85.582214355469
62.579467 29.816365 1390042069000 87.4462890625
62.579489 29.816347 1390042071000 86.133178710938
62.579512 29.816331 1390042073000 88.351867675781
62.579536 29.816319 1390042075000 88.634460449219
62.579566 29.816308 1390042077000 89.509338378906
62.579591 29.816294 1390042079000 89.113403320312
62.579616 29.81628 1390042081000 87.883056640625
62.579638 29.816263 1390042083000 85.343322753906
62.579658 29.81624 1390042085000 86.541198730469
62.57968 29.816217 1390042087000 87.746032714844
62.579704 29.816189 1390042089000 86.491271972656
62.57973 29.816163 1390042091000 88.292175292969
62.579755 29.816136 1390042093000 88.318542480469
62.579778 29.816116 1390042095000 87.236206054688
62.579799 29.81608 1390042097000 88.428833007812
62.579819 29.81605 1390042099000 87.175415039062
62.579838 29.816015 1390042101000 86.064575195312
62.579856 29.815981 1390042103000 83.601196289062
62.579869 29.815947 1390042105000 82.780944824219
62.579882 29.815914 1390042107000 81.080688476562
62.579897 29.815879 1390042109000 79.15625
62.579913 29.81585 1390042111000 79.494384765625
62.579934 29.815822 1390042113000 79.294189453125
62.579957 29.81579 1390042115000 78.22900390625
62.579977 29.815756 1390042117000 77.569091796875
62.579997 29.815721 1390042119000 75.84521484375
62.580013 29.815686 1390042121000 76.0068359375
62.580028 29.815651 1390042123000 76.092834472656
62.580039 29.815608 1390042125000 81.356689453125
62.580061 29.81559 1390042127000 81.39892578125
62.580075 29.815576 1390042129000 78.947937011719
62.580078 29.815571 1390042131000 78.213500976562
62.580073 29.815575 1390042133000 78.619445800781
62.580079 29.815568 1390042135000 79.060913085938
62.580093 29.815554 1390042137000 78.189086914062
62.58011 29.815546 1390042139000 79.990539550781
62.580132 29.815528 1390042141000 78.738159179688
62.580152 29.815515 1390042143000 78.876586914062
62.580175 29.815501 1390042145000 78.1513671875
62.580199 29.815492 1390042147000 78.813720703125
62.580222 29.815487 1390042149000 79.691345214844
62.580247 29.81547 1390042151000 82.92333984375
62.580257 29.815466 1390042153000 84.375244140625
62.580257 29.815466 1390042155000 84.754577636719
62.580257 29.815466 1390042157000 85.176391601562
62.580257 29.815466 1390042159000 85.135498046875
62.580257 29.815466 1390042161000 84.940368652344
62.580257 29.815466 1390042163000 85.16357421875
62.580257 29.815466 1390042165000 85.318725585938
62.580257 29.815466 1390042167000 85.327819824219
62.580257 29.815466 1390042169000 85.321411132812
62.580257 29.815466 1390042171000 84.9853515625
62.580257 29.815466 1390042173000 84.901977539062
62.580257 29.815466 1390042175000 84.88671875
62.580257 29.815466 1390042177000 84.896728515625
62.580257 29.815466 1390042179000 84.900329589844
62.580264 29.815475 1390042181000 84.226501464844
62.580271 29.815487 1390042183000 83.242858886719
62.58028 29.815492 1390042185000 83.88330078125
62.580298 29.815501 1390042187000 83.386291503906
62.580319 29.815517 1390042189000 85.285949707031
62.580341 29.815517 1390042191000 84.800415039062
62.580361 29.815515 1390042193000 83.242431640625
62.580384 29.815511 1390042195000 84.795349121094
62.580403 29.815508 1390042197000 81.708618164062
62.580426 29.815499 1390042199000 83.210021972656
62.580445 29.815493 1390042201000 82.680786132812
62.580461 29.815482 1390042203000 82.182861328125
62.580477 29.815493 1390042205000 83.601379394531
62.580496 29.815495 1390042207000 83.098327636719
62.580522 29.815479 1390042209000 83.579406738281
62.580546 29.815467 1390042211000 83.130737304688
62.580569 29.815445 1390042213000 79.893371582031
62.580589 29.815424 1390042215000 78.62353515625
62.580605 29.815399 1390042217000 78.36669921875
62.580624 29.815381 1390042219000 79.4482421875
62.580646 29.81537 1390042221000 81.084228515625
62.580669 29.815368 1390042223000 80.04248046875
62.580692 29.815373 1390042225000 79.861755371094
62.580712 29.81537 1390042227000 77.736755371094
62.580732 29.815365 1390042229000 75.877685546875
62.580754 29.81535 1390042231000 77.36669921875
62.580775 29.815325 1390042233000 78.294555664062
62.580804 29.815314 1390042235000 79.19482421875
62.580831 29.815304 1390042237000 78.476196289062
62.580854 29.81528 1390042239000 77.103393554688
62.580876 29.815258 1390042241000 76.522705078125
62.580895 29.815238 1390042243000 75.865295410156
62.580913 29.815218 1390042245000 74.036926269531
62.580934 29.8152 1390042247000 75.864196777344
62.580959 29.815186 1390042249000 76.136962890625
62.580987 29.815174 1390042251000 76.695617675781
62.581013 29.815161 1390042253000 76.118286132812
62.581038 29.815152 1390042255000 76.114562988281
62.581061 29.81513 1390042257000 74.915588378906
62.581082 29.815099 1390042259000 75.679016113281
62.581105 29.815083 1390042261000 75.462707519531
62.581128 29.815065 1390042263000 73.994384765625
62.581149 29.815049 1390042265000 74.911865234375
62.581171 29.815043 1390042267000 77.868957519531
62.581202 29.81505 1390042269000 79.730590820312
62.581233 29.815051 1390042271000 79.435302734375
62.58126 29.815044 1390042273000 80.292114257812
62.581286 29.815036 1390042275000 79.368286132812
62.581307 29.815027 1390042277000 78.915771484375
62.581327 29.815014 1390042279000 76.623596191406
62.581348 29.815002 1390042281000 77.079162597656
62.581369 29.814991 1390042283000 75.164184570312
62.581387 29.814976 1390042285000 74.085327148438
62.581407 29.814963 1390042287000 74.393127441406
62.581427 29.814937 1390042289000 74.500549316406
62.581455 29.814928 1390042291000 74.664672851562
62.581481 29.814922 1390042293000 74.653869628906
62.581506 29.814906 1390042295000 74.788940429688
62.581536 29.814898 1390042297000 73.560424804688
62.581571 29.814899 1390042299000 78.030639648438
62.581608 29.814903 1390042301000 78.484497070312
62.581643 29.81489 1390042303000 77.852661132812
62.581678 29.814864 1390042305000 81.253234863281
62.581704 29.814832 1390042307000 80.726257324219
62.581728 29.814799 1390042309000 82.305603027344
62.581742 29.814771 1390042311000 81.672607421875
62.581749 29.814747 1390042313000 80.619323730469
62.58176 29.81471 1390042315000 80.394653320312
62.58177 29.814679 1390042317000 79.381713867188
62.58178 29.814649 1390042319000 79.0869140625
62.581789 29.81462 1390042321000 78.820373535156
62.581806 29.814596 1390042323000 77.598937988281
62.58183 29.814575 1390042325000 79.380615234375
62.581851 29.814555 1390042327000 79.175109863281
62.581871 29.814531 1390042329000 80.505187988281
62.581899 29.814506 1390042331000 81.568725585938
62.581922 29.814464 1390042333000 82.495666503906
62.581948 29.814426 1390042335000 80.831604003906
62.581975 29.814401 1390042337000 79.798217773438
62.582001 29.814374 1390042339000 80.910583496094
62.582024 29.81435 1390042341000 84.822143554688
62.582047 29.814329 1390042343000 83.481140136719
62.582069 29.814308 1390042345000 83.523498535156
62.582094 29.81429 1390042347000 83.952392578125
62.582117 29.814267 1390042349000 84.339233398438
62.582138 29.814234 1390042351000 82.703063964844
62.582152 29.814198 1390042353000 79.139038085938
62.582163 29.814159 1390042355000 78.165100097656
62.582171 29.814125 1390042357000 75.929504394531
62.582186 29.814093 1390042359000 77.048767089844
62.582205 29.814065 1390042361000 77.820068359375
62.582224 29.814032 1390042363000 76.7724609375
62.582253 29.813983 1390042365000 74.737731933594
62.58228 29.813932 1390042367000 77.958374023438
62.582303 29.813888 1390042369000 78.163330078125
62.582325 29.813849 1390042371000 77.739990234375
62.582349 29.813811 1390042373000 77.996887207031
62.582372 29.813772 1390042375000 78.369018554688
62.582393 29.813737 1390042377000 81.005554199219
62.582413 29.813702 1390042379000 80.33251953125
62.58243 29.813663 1390042381000 79.677368164062
62.582449 29.813626 1390042383000 78.995544433594
62.582469 29.813592 1390042385000 77.303955078125
62.582491 29.81355 1390042387000 78.545288085938
62.582513 29.813509 1390042389000 77.640686035156
62.582534 29.813479 1390042391000 77.931030273438
62.582556 29.813453 1390042393000 77.724365234375
62.582576 29.813427 1390042395000 78.272033691406
62.582593 29.813405 1390042397000 79.026062011719
62.582615 29.813379 1390042399000 78.445251464844
62.582636 29.813359 1390042401000 78.384948730469
62.582666 29.813326 1390042403000 82.819152832031
62.582689 29.813289 1390042405000 83.056213378906
62.582711 29.813258 1390042407000 89.118469238281
62.582731 29.813228 1390042409000 88.679260253906
62.582752 29.813209 1390042411000 89.226928710938
62.582772 29.813193 1390042413000 88.977355957031
62.582797 29.813161 1390042415000 88.011108398438
62.582831 29.813115 1390042417000 88.117553710938
62.582857 29.813077 1390042419000 87.339050292969
62.582882 29.813045 1390042421000 87.748229980469
62.582912 29.813023 1390042423000 87.096313476562
62.582936 29.813009 1390042425000 86.857238769531
62.582958 29.813001 1390042427000 85.591064453125
62.582982 29.812993 1390042429000 87.35400390625
62.583009 29.812973 1390042431000 91.46484375
62.583032 29.81296 1390042433000 89.630187988281
62.583052 29.812944 1390042435000 88.836303710938
62.583074 29.812935 1390042437000 89.884216308594
62.583101 29.81294 1390042439000 88.187133789062
62.583131 29.812943 1390042441000 88.265380859375
62.583163 29.812937 1390042443000 89.252990722656
62.583184 29.81294 1390042445000 88.167602539062
62.583204 29.812936 1390042447000 90.954528808594
62.583223 29.812955 1390042449000 91.277221679688
62.58325 29.812966 1390042451000 93.706420898438
62.583283 29.812975 1390042453000 96.063293457031
62.583311 29.812979 1390042455000 96.668151855469
62.583335 29.812984 1390042457000 96.472106933594
62.583356 29.812992 1390042459000 95.072937011719
62.583378 29.813008 1390042461000 95.340881347656
62.583399 29.81304 1390042463000 94.424133300781
62.58342 29.813072 1390042465000 92.891540527344
62.583441 29.813097 1390042467000 92.844909667969
62.583461 29.813133 1390042469000 90.785949707031
62.583481 29.813167 1390042471000 90.762512207031
62.583502 29.813202 1390042473000 90.25390625
62.583524 29.81323 1390042475000 89.162963867188
62.583543 29.813263 1390042477000 87.287231445312
62.583563 29.813292 1390042479000 87.192687988281
62.583591 29.813309 1390042481000 88.176574707031
62.583615 29.813323 1390042483000 87.274291992188
62.583638 29.81334 1390042485000 88.140869140625
62.583661 29.81336 1390042487000 88.38916015625
62.583683 29.81338 1390042489000 86.465270996094
62.583707 29.813394 1390042491000 87.350952148438
62.583727 29.813404 1390042493000 86.099731445312
62.583748 29.81341 1390042495000 87.501953125
62.583767 29.813418 1390042497000 87.212890625
62.583788 29.813431 1390042499000 89.254028320312
62.583811 29.813443 1390042501000 89.359313964844
62.583836 29.813454 1390042503000 89.143127441406
62.583858 29.813467 1390042505000 89.68310546875
62.583873 29.813473 1390042507000 92.180847167969
62.58389 29.81348 1390042509000 94.449401855469
62.58389 29.81348 1390042511000 93.610229492188
62.58389 29.81348 1390042514000 95.767333984375
62.58389 29.81348 1390042515000 94.876159667969
62.58389 29.81348 1390042517000 93.497009277344
62.58389 29.81348 1390042519000 93.057495117188
62.58389 29.81348 1390042521000 93.404724121094
62.58389 29.81348 1390042523000 92.780212402344
62.583875 29.813434 1390042525000 92.702758789062
62.583877 29.813433 1390042527000 92.333435058594
62.583886 29.813438 1390042529000 92.5390625
62.583902 29.813447 1390042531000 94.057067871094
62.583918 29.813458 1390042533000 90.344177246094
62.583918 29.813458 1390042535000 90.236694335938
62.583918 29.813458 1390042537000 90.603454589844
62.583918 29.813458 1390042539000 90.612487792969
62.583918 29.813458 1390042541000 90.693054199219
62.583918 29.813458 1390042543000 90.4609375
62.583917 29.813502 1390042545000 90.755554199219
62.583917 29.813502 1390042547000 90.841979980469
62.583917 29.813502 1390042549000 90.926513671875
62.58393 29.813509 1390042551000 91.001892089844
62.583954 29.813512 1390042553000 90.238464355469
62.583979 29.813523 1390042555000 89.9365234375
62.584005 29.813524 1390042557000 90.907531738281
62.584033 29.813527 1390042559000 89.815063476562
62.584058 29.813527 1390042561000 90.827819824219
62.584084 29.813534 1390042563000 90.68603515625
62.584108 29.813534 1390042565000 91.632934570312
62.584132 29.813538 1390042567000 91.103271484375
62.584149 29.813556 1390042569000 90.934326171875
62.584167 29.813565 1390042571000 92.033630371094
62.584178 29.813556 1390042573000 93.382629394531
62.584217 29.813562 1390042577000 92.455810546875
62.584229 29.813562 1390042578000 92.367980957031
62.584253 29.813555 1390042580000 94.559509277344
62.584275 29.813555 1390042582000 93.65283203125
62.584294 29.813557 1390042584000 94.1416015625
62.584307 29.813558 1390042586000 93.816589355469
62.584322 29.81356 1390042588000 92.619812011719
62.584339 29.813567 1390042590000 91.255676269531
62.584358 29.813576 1390042592000 91.273986816406
62.58438 29.813586 1390042594000 91.632019042969
62.584405 29.813584 1390042596000 92.749816894531
62.584429 29.813591 1390042598000 91.262817382812
62.584461 29.813615 1390042600000 92.983825683594
62.584492 29.813625 1390042602000 95.141296386719
62.584522 29.813629 1390042604000 95.477294921875
62.58455 29.813638 1390042606000 94.492248535156
62.584576 29.813647 1390042608000 92.957458496094
62.584591 29.81363 1390042610000 92.023742675781
62.584604 29.813603 1390042612000 93.77294921875
62.58462 29.813614 1390042614000 97.833740234375
62.584638 29.813615 1390042616000 97.266296386719
62.58466 29.813612 1390042618000 97.936340332031
62.584681 29.813609 1390042620000 97.069641113281
62.5847 29.813608 1390042622000 95.325866699219
62.584718 29.813604 1390042624000 93.134094238281
62.584736 29.813599 1390042626000 92.9228515625
62.584752 29.81359 1390042628000 91.72802734375
62.58477 29.813578 1390042630000 90.692565917969
62.584789 29.813567 1390042632000 90.946899414062
62.584809 29.813549 1390042634000 90.332153320312
62.584831 29.813549 1390042636000 89.521911621094
62.584852 29.813539 1390042638000 89.686889648438
62.584883 29.813544 1390042640000 93.25634765625
62.58492 29.813574 1390042642000 95.185791015625
62.584952 29.813612 1390042644000 96.450866699219
62.584979 29.813644 1390042646000 95.758666992188
62.585 29.81365 1390042648000 98.40966796875
62.58502 29.813643 1390042650000 97.624206542969
62.585039 29.813657 1390042652000 98.098510742188
62.585061 29.813669 1390042654000 97.190368652344
62.58508 29.813675 1390042656000 94.140197753906
62.5851 29.81369 1390042658000 93.818969726562
62.585123 29.813702 1390042660000 96.032531738281
62.585147 29.813714 1390042662000 97.973876953125
62.585169 29.81373 1390042664000 96.183715820312
62.585189 29.813731 1390042666000 96.798034667969
62.585213 29.813744 1390042668000 97.176330566406
62.585236 29.813756 1390042670000 98.349975585938
62.585265 29.813772 1390042672000 98.663330078125
62.585291 29.813751 1390042674000 98.450439453125
62.58531 29.813731 1390042676000 97.160888671875
62.585331 29.81372 1390042678000 96.948486328125
62.585351 29.813716 1390042680000 97.288269042969
62.585376 29.81371 1390042682000 99.872924804688
62.585402 29.813705 1390042684000 97.640808105469
62.585426 29.813689 1390042686000 97.583251953125
62.585447 29.813672 1390042688000 97.291564941406
62.585479 29.81365 1390042690000 97.43017578125
62.585509 29.813635 1390042692000 101.08551025391
62.585544 29.813627 1390042694000 102.78143310547
62.585573 29.813611 1390042696000 101.37469482422
62.585599 29.81359 1390042698000 98.77880859375
62.585622 29.813567 1390042700000 99.184509277344
62.585642 29.813548 1390042702000 99.787902832031
62.585665 29.813535 1390042704000 102.95684814453
62.585685 29.813514 1390042706000 103.50671386719
62.585702 29.813492 1390042708000 103.11315917969
62.585722 29.813473 1390042710000 104.0498046875
62.585751 29.81346 1390042712000 102.41467285156
62.585784 29.813444 1390042714000 103.91015625
62.58582 29.813429 1390042716000 104.98010253906
62.585851 29.813412 1390042718000 104.98803710938
62.585874 29.813398 1390042720000 102.33270263672
62.585894 29.813383 1390042722000 101.16876220703
62.58591 29.813361 1390042724000 101.86364746094
62.585927 29.813342 1390042726000 102.44738769531
62.585944 29.813328 1390042728000 100.2353515625
62.58596 29.813312 1390042730000 99.647277832031
62.585962 29.813333 1390042732000 100.70025634766
62.585968 29.813329 1390042734000 101.40307617188
62.585981 29.813298 1390042736000 101.65435791016
62.585997 29.813274 1390042738000 102.39807128906
62.586016 29.813248 1390042740000 103.01770019531
62.586037 29.813219 1390042742000 103.83929443359
62.586057 29.813199 1390042744000 104.57269287109
62.586074 29.813173 1390042746000 103.63525390625
62.586091 29.81313 1390042748000 101.22186279297
62.58611 29.813086 1390042750000 100.74914550781
62.586125 29.813038 1390042752000 99.800476074219
62.586139 29.812996 1390042754000 99.809020996094
62.586164 29.812942 1390042756000 100.06604003906
62.586184 29.812895 1390042758000 100.49169921875
62.586203 29.812852 1390042760000 101.16888427734
62.586222 29.812811 1390042762000 100.66802978516
62.586241 29.812766 1390042764000 99.504638671875
62.586255 29.812715 1390042766000 98.281677246094
62.586266 29.812675 1390042768000 98.318481445312
62.586275 29.812643 1390042770000 98.616760253906
62.586287 29.812601 1390042772000 98.745910644531
62.586299 29.812557 1390042774000 98.912963867188
62.586312 29.812512 1390042776000 98.114868164062
62.586327 29.812466 1390042778000 97.915954589844
62.586342 29.812429 1390042780000 96.936584472656
62.586357 29.812395 1390042782000 97.516662597656
62.586369 29.812355 1390042784000 99.558715820312
62.586376 29.812313 1390042786000 99.834655761719
62.586387 29.81227 1390042788000 100.31787109375
62.5864 29.812227 1390042790000 99.875183105469
62.586417 29.812179 1390042792000 97.943969726562
62.586432 29.812137 1390042794000 98.733703613281
62.586456 29.812091 1390042796000 97.805114746094
62.586476 29.812054 1390042798000 98.387451171875
62.586491 29.812022 1390042800000 96.940063476562
62.586508 29.811987 1390042802000 100.30682373047
62.586526 29.811953 1390042804000 96.9453125
62.586548 29.811926 1390042806000 101.43017578125
62.586568 29.811903 1390042808000 101.37719726562
62.586585 29.811876 1390042810000 100.98992919922
62.5866 29.811851 1390042812000 102.79968261719
62.586621 29.811857 1390042814000 106.79742431641
62.586638 29.811836 1390042816000 107.30023193359
62.586653 29.811805 1390042818000 106.44482421875
62.586668 29.81177 1390042820000 105.50598144531
62.586681 29.81173 1390042822000 103.9541015625
62.586694 29.811688 1390042824000 102.63647460938
62.586709 29.811643 1390042826000 103.15106201172
62.586726 29.811596 1390042828000 103.59320068359
62.586748 29.811547 1390042830000 103.70593261719
62.586771 29.811493 1390042832000 105.19006347656
62.586797 29.811438 1390042834000 106.72607421875
62.586818 29.811388 1390042836000 105.58489990234
62.586833 29.811336 1390042838000 105.97344970703
62.586851 29.811285 1390042840000 105.86138916016
62.586872 29.811236 1390042842000 108.53002929688
62.586894 29.811191 1390042844000 109.52587890625
62.586914 29.811152 1390042846000 107.84875488281
62.586933 29.811102 1390042848000 106.98303222656
62.586949 29.811065 1390042850000 105.27557373047
62.586961 29.811029 1390042852000 105.82415771484
62.586975 29.810999 1390042854000 101.70294189453
62.586984 29.81097 1390042856000 97.308654785156
62.586998 29.810943 1390042858000 99.514953613281
62.587009 29.81093 1390042860000 101.8388671875
62.587004 29.810935 1390042862000 94.744384765625
62.587004 29.810914 1390042864000 95.144714355469
62.587012 29.810881 1390042866000 94.849060058594
62.587019 29.810848 1390042868000 93.400451660156
62.587035 29.810814 1390042870000 96.947998046875
62.587051 29.810786 1390042872000 95.959533691406
62.58707 29.810754 1390042874000 96.136657714844
62.587085 29.810721 1390042876000 96.1884765625
62.587103 29.810686 1390042878000 96.716979980469
62.587123 29.810647 1390042880000 96.35205078125
62.587142 29.810613 1390042882000 95.708068847656
62.587165 29.810554 1390042884000 95.288513183594
62.587185 29.810501 1390042886000 95.759582519531
62.587201 29.81045 1390042888000 94.885864257812
62.587215 29.810408 1390042890000 94.980041503906
62.587232 29.810364 1390042892000 92.102416992188
62.587245 29.810321 1390042894000 89.423522949219
62.587252 29.810276 1390042896000 87.505554199219
62.58726 29.810234 1390042898000 87.7177734375
62.587272 29.810194 1390042900000 87.839416503906
62.587281 29.810158 1390042902000 88.578552246094
62.587294 29.810119 1390042904000 87.082702636719
62.58731 29.810081 1390042906000 86.628601074219
62.587324 29.810048 1390042908000 86.067504882812
62.587331 29.810004 1390042910000 85.0078125
62.587341 29.809964 1390042912000 83.575988769531
62.587353 29.809921 1390042914000 83.588989257812
62.587366 29.809891 1390042916000 83.021911621094
62.587379 29.809855 1390042918000 82.818786621094
62.587393 29.809818 1390042920000 91.1123046875
62.587412 29.809782 1390042922000 91.43359375
62.587427 29.809743 1390042924000 89.124267578125
62.587446 29.80971 1390042926000 89.691467285156
62.587464 29.809676 1390042928000 89.630554199219
62.587486 29.809645 1390042930000 90.379333496094
62.587515 29.809607 1390042932000 95.52490234375
62.587539 29.80957 1390042934000 94.774353027344
62.58756 29.809534 1390042936000 94.130920410156
62.587584 29.809499 1390042938000 94.195556640625
62.587609 29.809461 1390042940000 95.84716796875
62.58763 29.809421 1390042942000 96.322387695312
62.587646 29.809375 1390042944000 97.421081542969
62.587669 29.809323 1390042946000 104.71380615234
62.587692 29.809276 1390042948000 103.78369140625
62.587713 29.80924 1390042950000 104.89813232422
62.58773 29.809207 1390042952000 104.77856445312
62.587746 29.809167 1390042954000 104.44213867188
62.58777 29.809125 1390042956000 103.46588134766
62.587801 29.809063 1390042958000 103.43707275391
62.587825 29.808998 1390042960000 104.232421875
62.58784 29.808941 1390042962000 103.78698730469
62.587852 29.808886 1390042964000 100.49011230469
62.587867 29.808835 1390042966000 101.34185791016
62.587883 29.808784 1390042968000 101.55474853516
62.5879 29.808731 1390042970000 103.14971923828
62.587913 29.808676 1390042972000 103.87316894531
62.587918 29.808622 1390042974000 101.99444580078
62.587918 29.808567 1390042976000 101.95458984375
62.58792 29.808517 1390042978000 100.31304931641
62.587919 29.808476 1390042980000 98.158081054688
62.587922 29.808434 1390042982000 98.236083984375
62.587933 29.808395 1390042984000 97.629272460938
62.587946 29.808367 1390042986000 95.974914550781
62.587961 29.808335 1390042988000 96.174255371094
62.587978 29.808297 1390042990000 96.078491210938
62.587998 29.808258 1390042992000 96.420654296875
62.588016 29.808224 1390042994000 95.895263671875
62.588033 29.808199 1390042996000 97.298461914062
62.588047 29.808176 1390042998000 97.060791015625
62.588062 29.808144 1390043000000 96.988464355469
62.588079 29.808115 1390043002000 96.986572265625
62.5881 29.808092 1390043004000 95.381469726562
62.58812 29.80807 1390043006000 95.592590332031
62.588136 29.808058 1390043008000 95.583129882812
62.588151 29.808047 1390043010000 94.959228515625
62.588167 29.808028 1390043012000 96.106994628906
62.588186 29.808 1390043014000 95.067016601562
62.588205 29.807967 1390043016000 94.920837402344
62.588223 29.807931 1390043018000 95.440307617188
62.588241 29.807891 1390043020000 94.950744628906
62.588256 29.807847 1390043022000 95.146118164062
62.588269 29.807803 1390043024000 93.260803222656
62.588283 29.807759 1390043026000 92.118041992188
62.588301 29.807716 1390043028000 91.504516601562
62.588317 29.80768 1390043030000 90.09716796875
62.588336 29.807642 1390043032000 89.034912109375
62.588355 29.807605 1390043034000 88.472351074219
62.588371 29.807567 1390043036000 87.2998046875
62.588387 29.807533 1390043038000 88.723022460938
62.588404 29.807497 1390043040000 88.665344238281
62.588423 29.80746 1390043042000 88.317199707031
62.588441 29.807423 1390043044000 89.795715332031
62.588463 29.807387 1390043046000 89.353454589844
62.588488 29.807355 1390043048000 90.39013671875
62.588512 29.807326 1390043050000 88.701477050781
62.588539 29.807299 1390043052000 88.799926757812
62.588564 29.807271 1390043054000 86.520202636719
62.588587 29.807243 1390043056000 85.153503417969
62.58861 29.807218 1390043058000 85.670471191406
62.588632 29.807192 1390043060000 84.054504394531
62.588655 29.807164 1390043062000 84.791381835938
62.588679 29.807138 1390043064000 84.77978515625
62.588708 29.807117 1390043066000 85.494567871094
62.588732 29.807095 1390043068000 84.281677246094
62.588753 29.807075 1390043070000 84.793029785156
62.588773 29.807055 1390043072000 84.429626464844
62.58879 29.807035 1390043074000 82.951110839844
62.588809 29.80701 1390043076000 81.226684570312
62.58883 29.806985 1390043078000 82.195983886719
62.588851 29.80696 1390043080000 81.593566894531
62.588872 29.80693 1390043082000 80.085205078125
62.588896 29.806899 1390043084000 78.897155761719
62.588921 29.806871 1390043086000 79.211486816406
62.588947 29.806844 1390043088000 79.73046875
62.588974 29.806815 1390043090000 78.91455078125
62.588999 29.80679 1390043092000 78.510986328125
62.589024 29.80676 1390043094000 77.323974609375
62.589052 29.806724 1390043096000 76.181884765625
62.589077 29.806699 1390043098000 75.337341308594
62.589099 29.806669 1390043100000 74.594116210938
62.589123 29.806644 1390043102000 75.986450195312
62.589149 29.806619 1390043104000 76.506469726562
62.589174 29.8066 1390043106000 77.263488769531
62.589203 29.806579 1390043108000 80.270874023438
62.589235 29.806556 1390043110000 80.655578613281
62.589259 29.80654 1390043112000 81.11474609375
62.589287 29.806522 1390043114000 85.007141113281
62.58931 29.806504 1390043116000 84.57373046875
62.589333 29.806487 1390043118000 84.141479492188
62.589355 29.806464 1390043120000 83.886413574219
62.589378 29.806435 1390043122000 85.535278320312
62.589402 29.806414 1390043124000 85.371826171875
62.589425 29.806396 1390043126000 84.6845703125
62.589449 29.806384 1390043128000 87.939086914062
62.589473 29.806368 1390043130000 87.653930664062
62.5895 29.806346 1390043132000 91.130004882812
62.589529 29.806326 1390043134000 92.361206054688
62.589559 29.80631 1390043136000 92.827270507812
62.589584 29.806293 1390043138000 90.046936035156
62.589607 29.806281 1390043140000 89.222595214844
62.589629 29.80627 1390043142000 89.394104003906
62.589646 29.806251 1390043144000 86.893981933594
62.589669 29.80623 1390043146000 89.354858398438
62.589697 29.806225 1390043148000 90.888610839844
62.589723 29.806217 1390043150000 90.611206054688
62.589748 29.806208 1390043152000 90.533325195312
62.589768 29.806191 1390043154000 89.218078613281
62.589793 29.806177 1390043156000 89.5927734375
62.589816 29.806165 1390043158000 88.855895996094
62.589839 29.806154 1390043160000 88.346557617188
62.589862 29.806136 1390043162000 87.885192871094
62.589883 29.806116 1390043164000 85.919128417969
62.589899 29.806096 1390043166000 85.513854980469
62.589914 29.80607 1390043168000 84.137756347656
62.589933 29.806038 1390043170000 85.324645996094
62.589958 29.806007 1390043172000 84.599548339844
62.589982 29.805986 1390043174000 85.088317871094
62.590013 29.80597 1390043176000 87.530029296875
62.590046 29.80595 1390043178000 86.3662109375
62.590071 29.805934 1390043180000 87.726440429688
62.590094 29.805913 1390043182000 88.8740234375
62.590118 29.805897 1390043184000 89.709411621094
62.590142 29.805884 1390043186000 91.346801757812
62.590162 29.805874 1390043188000 90.498718261719
62.590183 29.805865 1390043190000 90.981018066406
62.590201 29.805835 1390043192000 91.257568359375
62.590215 29.805789 1390043194000 91.436096191406
62.59022 29.805732 1390043196000 91.811157226562
62.590222 29.80567 1390043198000 92.113708496094
62.590223 29.805614 1390043200000 93.346313476562
62.59022 29.805558 1390043202000 93.303588867188
62.590221 29.805501 1390043204000 95.887878417969
62.590223 29.805444 1390043206000 95.2265625
62.590224 29.805385 1390043208000 92.876098632812
62.590217 29.805327 1390043210000 90.151245117188
62.590214 29.805255 1390043212000 91.390014648438
62.590212 29.805172 1390043214000 89.504760742188
62.590211 29.805101 1390043216000 89.103393554688
62.590208 29.805038 1390043218000 88.835327148438
62.590202 29.804979 1390043220000 87.407104492188
62.590191 29.804922 1390043222000 87.077758789062
62.590179 29.804876 1390043224000 86.219665527344
62.590167 29.804833 1390043226000 86.659790039062
62.590155 29.804784 1390043228000 87.169616699219
62.590144 29.804732 1390043230000 87.971313476562
62.590137 29.804686 1390043232000 88.576049804688
62.59013 29.80464 1390043234000 88.535583496094
62.590124 29.80459 1390043236000 87.990051269531
62.590117 29.804542 1390043238000 88.156372070312
62.590108 29.804483 1390043240000 89.034973144531
62.590101 29.804425 1390043242000 88.835021972656
62.590092 29.804358 1390043244000 87.835083007812
62.59008 29.80429 1390043246000 87.628479003906
62.59007 29.804231 1390043248000 88.767211914062
62.590061 29.804174 1390043250000 91.941955566406
62.590051 29.804124 1390043252000 93.397766113281
62.590038 29.804085 1390043254000 93.359375
62.590024 29.804047 1390043256000 93.227783203125
62.590009 29.804006 1390043258000 94.093627929688
62.589998 29.803968 1390043260000 95.014953613281
62.589988 29.803926 1390043262000 93.925048828125
62.589985 29.803873 1390043264000 93.631713867188
62.589981 29.803817 1390043266000 92.755615234375
62.589978 29.803761 1390043268000 92.493225097656
62.589976 29.803692 1390043270000 89.970581054688
62.58997 29.803631 1390043272000 88.997131347656
62.589964 29.803578 1390043274000 88.052734375
62.589956 29.803526 1390043276000 88.333923339844
62.589945 29.803467 1390043278000 87.576110839844
62.589939 29.803417 1390043280000 86.169128417969
62.589937 29.803348 1390043282000 89.551574707031
62.589939 29.803279 1390043284000 91.097045898438
62.589938 29.803219 1390043286000 90.044006347656
62.589935 29.803168 1390043288000 89.6171875
62.589928 29.80312 1390043290000 89.183288574219
62.589922 29.803065 1390043292000 89.5048828125
62.589917 29.803007 1390043294000 88.137451171875
62.589911 29.802949 1390043296000 87.189147949219
62.589908 29.802895 1390043298000 86.8115234375
62.5899 29.802837 1390043300000 90.049560546875
62.589896 29.802778 1390043302000 88.259704589844
62.589894 29.802715 1390043304000 88.738098144531
62.589895 29.802648 1390043306000 91.230224609375
62.589897 29.80258 1390043308000 93.555419921875
62.589898 29.80252 1390043310000 92.97509765625
62.589902 29.802461 1390043312000 90.820434570312
62.589901 29.8024 1390043314000 90.9384765625
62.589895 29.802345 1390043316000 91.392944335938
62.58989 29.802293 1390043318000 91.065307617188
62.589883 29.802241 1390043320000 91.396118164062
62.589876 29.802191 1390043322000 91.240600585938
62.589866 29.802139 1390043324000 92.592712402344
62.589861 29.802082 1390043326000 92.306945800781
62.589857 29.802023 1390043328000 92.619018554688
62.589851 29.801961 1390043330000 90.997619628906
62.589845 29.801903 1390043332000 91.105590820312
62.589839 29.801853 1390043334000 94.284606933594
62.589835 29.801815 1390043336000 94.514099121094
62.589831 29.801765 1390043338000 93.531494140625
62.589825 29.801706 1390043340000 90.910888671875
62.58982 29.801649 1390043342000 90.021362304688
62.589813 29.801591 1390043344000 90.135009765625
62.589797 29.801528 1390043346000 91.988647460938
62.589786 29.801476 1390043348000 91.274047851562
62.589771 29.801416 1390043350000 89.802612304688
62.589762 29.801373 1390043352000 89.611083984375
62.589754 29.801323 1390043354000 88.545532226562
62.589743 29.801266 1390043356000 88.054748535156
62.589727 29.801201 1390043358000 87.172058105469
62.589716 29.80115 1390043360000 86.494750976562
62.589705 29.801103 1390043362000 86.47802734375
62.589696 29.80105 1390043364000 90.508361816406
62.589684 29.801006 1390043366000 89.949584960938
62.589671 29.800962 1390043368000 87.733276367188
62.589658 29.800918 1390043370000 87.385559082031
62.589648 29.80088 1390043372000 89.057006835938
62.589636 29.800835 1390043374000 90.145080566406
62.589626 29.800784 1390043376000 90.969665527344
62.589615 29.800738 1390043378000 89.758178710938
62.589604 29.800691 1390043380000 92.196411132812
62.589594 29.800642 1390043382000 92.622436523438
62.589587 29.800592 1390043384000 92.461669921875
62.589581 29.800544 1390043386000 93.481811523438
62.589569 29.8005 1390043388000 93.134155273438
62.589555 29.800456 1390043390000 91.541442871094
62.589546 29.80041 1390043392000 91.379516601562
62.589534 29.800358 1390043394000 91.095336914062
62.589522 29.800307 1390043396000 90.200805664062
62.589511 29.800265 1390043398000 89.806579589844
62.589498 29.800221 1390043400000 90.315002441406
62.589481 29.800175 1390043402000 88.930847167969
62.589463 29.80014 1390043404000 88.146423339844
62.589448 29.800094 1390043406000 89.60791015625
62.589431 29.800028 1390043408000 89.765686035156
62.589419 29.799969 1390043410000 88.909484863281
62.589405 29.79991 1390043412000 88.826599121094
62.589388 29.799848 1390043414000 88.349731445312
62.589371 29.799789 1390043416000 86.742797851562
62.589361 29.79973 1390043418000 87.414733886719
62.589352 29.799678 1390043420000 89.326232910156
62.589343 29.79964 1390043422000 89.907592773438
62.589331 29.799596 1390043424000 88.407653808594
62.58932 29.79955 1390043426000 89.16259765625
62.58931 29.799502 1390043428000 89.887145996094
62.589303 29.799451 1390043430000 92.763854980469
62.589294 29.799401 1390043432000 93.735961914062
62.58929 29.79934 1390043434000 96.071228027344
62.589282 29.79929 1390043436000 94.726745605469
62.589271 29.799237 1390043438000 92.577209472656
62.589259 29.799185 1390043440000 92.023864746094
62.589245 29.799127 1390043442000 91.531066894531
62.589233 29.799085 1390043444000 90.598266601562
62.589218 29.799038 1390043446000 89.9296875
62.589203 29.798978 1390043448000 88.846435546875
62.589195 29.798919 1390043450000 88.484313964844
62.589186 29.79886 1390043452000 89.6826171875
62.589178 29.798805 1390043454000 89.087036132812
62.589169 29.798758 1390043456000 91.646240234375
62.589162 29.798716 1390043458000 94.815795898438
62.589153 29.798675 1390043460000 95.383178710938
62.589142 29.798632 1390043462000 93.749267578125
62.589128 29.798583 1390043464000 90.6318359375
62.589115 29.79853 1390043466000 90.019897460938
62.589099 29.798462 1390043468000 89.82763671875
62.589088 29.798411 1390043470000 90.036376953125
62.589074 29.798353 1390043472000 88.431640625
62.589064 29.798305 1390043474000 88.798583984375
62.589056 29.798253 1390043476000 88.644287109375
62.58905 29.798197 1390043478000 88.330139160156
62.58904 29.798141 1390043480000 88.031433105469
62.589022 29.798102 1390043482000 91.21337890625
62.589004 29.798071 1390043484000 92.991516113281
62.588993 29.798035 1390043486000 95.440124511719
62.588982 29.797993 1390043488000 97.451049804688
62.588972 29.797952 1390043490000 97.39892578125
62.58896 29.797906 1390043492000 97.037109375
62.588952 29.797864 1390043494000 95.813354492188
62.588944 29.797816 1390043496000 95.871520996094
62.588935 29.797767 1390043498000 96.2197265625
62.588924 29.797722 1390043500000 96.375366210938
62.588916 29.797682 1390043502000 96.686950683594
62.588907 29.797631 1390043504000 96.87548828125
62.588895 29.797573 1390043506000 94.674560546875
62.588882 29.797517 1390043508000 94.249389648438
62.588868 29.79746 1390043510000 92.071166992188
62.588857 29.797405 1390043512000 93.099792480469
62.58884 29.797336 1390043514000 90.4267578125
62.588828 29.797283 1390043516000 91.432800292969
62.588813 29.797229 1390043518000 92.006225585938
62.5888 29.797181 1390043520000 92.296020507812
62.588782 29.797128 1390043522000 93.778076171875
62.588765 29.797072 1390043524000 89.789489746094
62.588752 29.797017 1390043526000 90.022216796875
62.58874 29.796959 1390043528000 91.517883300781
62.588726 29.796904 1390043530000 92.411254882812
62.588713 29.796853 1390043532000 91.41259765625
62.588699 29.796803 1390043534000 91.358825683594
62.588688 29.796747 1390043536000 92.005737304688
62.588677 29.796692 1390043538000 90.965881347656
62.588667 29.796643 1390043540000 91.044555664062
62.588657 29.796594 1390043542000 89.739929199219
62.588646 29.796549 1390043544000 89.9765625
62.588636 29.79649 1390043546000 90.476013183594
62.588625 29.796433 1390043548000 89.677185058594
62.588615 29.796366 1390043550000 90.533569335938
62.588605 29.796301 1390043552000 88.579711914062
62.588597 29.796242 1390043554000 87.988342285156
62.588588 29.796168 1390043556000 87.428649902344
62.588581 29.796101 1390043558000 86.699157714844
62.588573 29.796039 1390043560000 87.446899414062
62.588565 29.795979 1390043562000 85.45654296875
62.588556 29.795916 1390043564000 85.501342773438
62.588546 29.795843 1390043566000 85.319519042969
62.588538 29.795785 1390043568000 85.955017089844
62.58853 29.795724 1390043570000 84.221252441406
62.58852 29.795665 1390043572000 84.059814453125
62.588514 29.795607 1390043574000 83.781127929688
62.588509 29.795548 1390043576000 83.672485351562
62.588511 29.795493 1390043578000 83.12744140625
62.588518 29.795442 1390043580000 83.655517578125
62.588528 29.795395 1390043582000 84.710632324219
62.588549 29.795366 1390043584000 86.423828125
62.58857 29.795337 1390043586000 88.352111816406
62.588592 29.795307 1390043588000 87.823913574219
62.588615 29.795284 1390043590000 93.149963378906
62.588639 29.795265 1390043592000 96.671936035156
62.588666 29.795249 1390043594000 97.583923339844
62.588691 29.795231 1390043596000 97.306457519531
62.588716 29.795209 1390043598000 96.829711914062
62.588744 29.79519 1390043600000 96.324951171875
62.588767 29.795164 1390043602000 96.519592285156
62.588787 29.795138 1390043604000 97.716613769531
62.588802 29.795103 1390043606000 99.005004882812
62.588819 29.795069 1390043608000 100.98760986328
62.588837 29.795032 1390043610000 100.38708496094
62.588859 29.794997 1390043612000 98.668212890625
62.588881 29.794967 1390043614000 99.489440917969
62.588906 29.794934 1390043616000 98.411987304688
62.588929 29.794898 1390043618000 97.987976074219
62.588949 29.794859 1390043620000 98.335144042969
62.588964 29.794815 1390043622000 98.918579101562
62.588971 29.794764 1390043624000 98.342041015625
62.588975 29.794707 1390043626000 99.3994140625
62.588975 29.79465 1390043628000 98.110046386719
62.588974 29.794594 1390043630000 98.499389648438
62.588965 29.794549 1390043632000 99.044677734375
62.588955 29.794504 1390043634000 98.903137207031
62.588943 29.794459 1390043636000 97.562438964844
62.588932 29.794411 1390043638000 97.519165039062
62.588924 29.79435 1390043640000 98.876098632812
62.588913 29.794302 1390043642000 101.02905273438
62.588906 29.794249 1390043644000 101.05316162109
62.588897 29.794196 1390043646000 99.785339355469
62.588888 29.79414 1390043648000 99.288452148438
62.588878 29.794089 1390043650000 99.4296875
62.588867 29.794025 1390043652000 99.945922851562
62.588856 29.793974 1390043654000 100.10424804688
62.588848 29.793906 1390043656000 101.47521972656
62.588843 29.793848 1390043658000 104.19201660156
62.588828 29.793773 1390043660000 103.54516601562
62.588815 29.793716 1390043662000 100.72821044922
62.588802 29.793658 1390043664000 101.21429443359
62.588789 29.7936 1390043666000 98.947875976562
62.588775 29.793546 1390043668000 98.947143554688
62.588758 29.793502 1390043670000 99.547546386719
62.588741 29.793461 1390043672000 98.546447753906
62.588726 29.793418 1390043674000 97.758911132812
62.588715 29.793368 1390043676000 98.488220214844
62.588704 29.793317 1390043678000 97.049255371094
62.588691 29.79326 1390043680000 97.606018066406
62.58868 29.793198 1390043682000 98.184020996094
62.588666 29.793123 1390043684000 97.545959472656
62.588654 29.793054 1390043686000 97.3876953125
62.588638 29.792995 1390043688000 96.968627929688
62.588623 29.792949 1390043690000 96.971862792969
62.588609 29.7929 1390043692000 97.092590332031
62.5886 29.792851 1390043694000 98.22265625
62.58859 29.792805 1390043696000 98.182861328125
62.588577 29.792751 1390043698000 95.744995117188
62.588564 29.792704 1390043700000 93.361450195312
62.588548 29.792667 1390043702000 92.121154785156
62.588534 29.792616 1390043704000 93.059020996094
62.588521 29.792559 1390043706000 94.039428710938
62.588505 29.792503 1390043708000 91.528991699219
62.588489 29.792452 1390043710000 91.934875488281
62.588472 29.792404 1390043712000 95.526428222656
62.588461 29.792357 1390043714000 94.908752441406
62.58845 29.792298 1390043716000 95.298400878906
62.588437 29.792241 1390043718000 94.711181640625
62.588422 29.792184 1390043720000 95.702514648438
62.588406 29.792125 1390043722000 96.13330078125
62.588394 29.792065 1390043724000 95.363586425781
62.58839 29.792028 1390043726000 95.413757324219
62.58838 29.791974 1390043728000 95.422973632812
62.588369 29.791919 1390043730000 95.688171386719
62.58836 29.791852 1390043732000 95.343933105469
62.588352 29.791787 1390043734000 96.011474609375
62.588343 29.791738 1390043736000 95.477783203125
62.588327 29.791704 1390043738000 96.147583007812
62.588304 29.791679 1390043740000 95.616943359375
62.588281 29.791654 1390043742000 96.065734863281
62.588258 29.791625 1390043744000 96.181030273438
62.588237 29.791593 1390043746000 95.48583984375
62.588226 29.791546 1390043748000 95.127807617188
62.588225 29.791501 1390043750000 95.730407714844
62.588223 29.791454 1390043752000 96.741149902344
62.588237 29.791411 1390043754000 96.669189453125
62.588254 29.791367 1390043756000 97.118591308594
62.588269 29.791327 1390043758000 100.30261230469
62.588297 29.79131 1390043760000 99.195861816406
62.588319 29.791281 1390043762000 100.09918212891
62.588347 29.791269 1390043764000 98.339965820312
62.588371 29.791247 1390043766000 98.066650390625
62.588399 29.79122 1390043768000 99.538146972656
62.588428 29.791192 1390043770000 100.69458007812
62.588455 29.791174 1390043772000 99.638305664062
62.588481 29.791158 1390043774000 100.37817382812
62.588507 29.791144 1390043776000 101.25817871094
62.58853 29.791136 1390043778000 100.57452392578
62.588553 29.791124 1390043780000 101.74017333984
62.588578 29.791111 1390043782000 102.59643554688
62.588603 29.791094 1390043784000 103.18481445312
62.588629 29.791082 1390043786000 102.01965332031
62.588655 29.79107 1390043788000 102.02496337891
62.58868 29.791056 1390043790000 101.41467285156
62.588705 29.791044 1390043792000 102.8271484375
62.588732 29.791036 1390043794000 103.79138183594
62.588759 29.791026 1390043796000 103.89141845703
62.588787 29.791015 1390043798000 104.05462646484
62.588814 29.791002 1390043800000 103.69378662109
62.588839 29.790988 1390043802000 106.78411865234
62.588862 29.790975 1390043804000 106.0126953125
62.588883 29.79095 1390043806000 104.43701171875
62.588904 29.790931 1390043808000 106.58135986328
62.58893 29.790921 1390043810000 107.10595703125
62.588956 29.790919 1390043812000 106.23748779297
62.58898 29.790914 1390043814000 106.18438720703
62.589004 29.790904 1390043816000 106.54748535156
62.589032 29.790893 1390043818000 106.43542480469
62.589062 29.790881 1390043820000 106.21960449219
62.589093 29.790863 1390043822000 106.74395751953
62.589123 29.790839 1390043824000 108.04064941406
62.589151 29.79081 1390043826000 107.79187011719
62.589178 29.790788 1390043828000 108.33270263672
62.589203 29.790766 1390043830000 106.81042480469
62.589229 29.790748 1390043832000 107.24536132812
62.589257 29.79073 1390043834000 108.3349609375
62.589287 29.790711 1390043836000 109.74908447266
62.589317 29.790691 1390043838000 111.74536132812
62.589346 29.790673 1390043840000 111.26831054688
62.589378 29.790651 1390043842000 112.24096679688
62.58941 29.790628 1390043844000 113.59118652344
62.589441 29.790606 1390043846000 112.36547851562
62.589466 29.790589 1390043848000 110.49749755859
62.58949 29.790563 1390043850000 110.88360595703
62.589515 29.790533 1390043852000 111.01062011719
62.589542 29.790501 1390043854000 110.7041015625
62.589568 29.79047 1390043856000 109.76373291016
62.589595 29.790442 1390043858000 109.16326904297
62.58962 29.790412 1390043860000 108.84594726562
62.589645 29.790382 1390043862000 108.26312255859
62.58967 29.790357 1390043864000 110.41918945312
62.589695 29.790334 1390043866000 110.94451904297
62.589717 29.790308 1390043868000 111.04138183594
62.589739 29.79028 1390043870000 110.56213378906
62.589749 29.790215 1390043872000 108.78674316406
62.589746 29.790152 1390043874000 108.81652832031
62.589732 29.790093 1390043876000 108.87249755859
62.58972 29.790036 1390043878000 107.84436035156
62.589707 29.789988 1390043880000 108.15582275391
62.589692 29.789954 1390043882000 108.26263427734
62.589678 29.789918 1390043884000 107.88421630859
62.589656 29.789895 1390043886000 104.0322265625
62.589639 29.789854 1390043888000 104.32904052734
62.589616 29.789826 1390043890000 104.56579589844
62.589592 29.789799 1390043892000 105.31872558594
62.589579 29.789742 1390043894000 107.32232666016
62.589567 29.789681 1390043896000 107.88305664062
62.589559 29.789624 1390043898000 108.56793212891
62.589565 29.789538 1390043900000 108.82037353516
62.589563 29.789463 1390043902000 109.35656738281
62.589558 29.789398 1390043904000 111.19122314453
62.58955 29.789338 1390043906000 110.74389648438
62.589541 29.789279 1390043908000 112.62121582031
62.589533 29.789215 1390043910000 112.466796875
62.589524 29.78915 1390043912000 111.61285400391
62.589505 29.789106 1390043914000 107.9521484375
62.589488 29.789063 1390043916000 107.12097167969
62.589482 29.789 1390043918000 107.81475830078
62.589477 29.788933 1390043920000 107.69555664062
62.589463 29.788876 1390043922000 103.76110839844
62.589449 29.788822 1390043924000 102.15924072266
62.589429 29.788778 1390043926000 100.77911376953
62.589407 29.788748 1390043928000 100.16613769531
62.589384 29.788718 1390043930000 99.136901855469
62.58936 29.7887 1390043932000 99.810852050781
62.589338 29.788692 1390043934000 100.82482910156
62.589319 29.788709 1390043936000 102.01293945312
62.589302 29.78874 1390043938000 102.90948486328
62.589306 29.788753 1390043940000 102.82342529297
62.589304 29.788755 1390043942000 101.55017089844
62.589303 29.788781 1390043944000 101.33984375
62.589308 29.788825 1390043946000 100.94775390625
62.589312 29.788884 1390043948000 100.89440917969