62.588749 29.789218 1390045541000 101.35870361328
62.588718 29.789229 1390045543000 102.29211425781
62.588689 29.789252 1390045545000 103.9765625
62.588665 29.789277 1390045547000 103.25018310547
62.588642 29.789293 1390045549000 103.19934082031
62.588621 29.789306 1390045551000 102.78637695312
62.588601 29.789326 1390045553000 102.44171142578
62.588584 29.789365 1390045555000 103.84936523438
62.588569 29.789391 1390045557000 102.15362548828
62.58855 29.789418 1390045559000 101.09069824219
62.588527 29.789443 1390045561000 101.81286621094
62.588501 29.789478 1390045563000 100.95324707031
62.588488 29.789519 1390045565000 100.64312744141
62.588464 29.78955 1390045567000 100.95404052734
62.588438 29.789575 1390045569000 100.14318847656
62.588415 29.789605 1390045571000 100.8203125
62.588388 29.789625 1390045573000 100.79382324219
62.588362 29.789643 1390045575000 101.13269042969
62.588336 29.789664 1390045577000 101.21472167969
62.588307 29.789685 1390045579000 101.02923583984
62.588282 29.789705 1390045581000 100.72674560547
62.58826 29.789736 1390045583000 100.59063720703
62.58824 29.789761 1390045585000 101.86785888672
62.588214 29.789784 1390045587000 102.87634277344
62.588185 29.789787 1390045589000 102.94592285156
62.58816 29.789786 1390045591000 103.17108154297
62.588137 29.78977 1390045593000 100.38525390625
62.588118 29.789735 1390045595000 100.24346923828
62.588105 29.78967 1390045597000 101.77172851562
62.588094 29.789577 1390045599000 100.26049804688
62.588083 29.789483 1390045601000 100.76129150391
62.588074 29.789409 1390045603000 101.55126953125
62.588064 29.789322 1390045605000 102.55621337891
62.588053 29.789256 1390045607000 102.25848388672
62.58804 29.789196 1390045609000 103.29614257812
62.58803 29.789134 1390045611000 103.08123779297
62.588019 29.789079 1390045613000 103.82263183594
62.588011 29.789012 1390045615000 103.97760009766
62.588004 29.788954 1390045617000 105.71240234375
62.587995 29.788903 1390045619000 107.12805175781
62.587986 29.788854 1390045621000 108.08087158203
62.587978 29.788804 1390045623000 107.62957763672
62.587973 29.788761 1390045625000 107.37091064453
62.587966 29.788714 1390045627000 107.68280029297
62.587956 29.788662 1390045629000 108.14385986328
62.587945 29.788607 1390045631000 109.07556152344
62.587931 29.788555 1390045633000 108.14831542969
62.587916 29.7885 1390045635000 107.44720458984
62.5879 29.788455 1390045637000 107.10388183594
62.58789 29.788405 1390045639000 107.66558837891
62.587881 29.788351 1390045641000 107.62396240234
62.587873 29.788297 1390045643000 106.87066650391
62.587863 29.788242 1390045645000 106.80682373047
62.587852 29.788197 1390045647000 107.12683105469
62.587842 29.788147 1390045649000 106.04901123047
62.58783 29.788092 1390045651000 109.21557617188
62.587811 29.788025 1390045653000 108.76611328125
62.58779 29.787981 1390045655000 109.54638671875
62.587767 29.787944 1390045657000 109.40966796875
62.587741 29.78792 1390045659000 107.31555175781
62.587718 29.787918 1390045661000 105.20703125
62.58769 29.787916 1390045663000 102.94287109375
62.587659 29.787915 1390045665000 100.50622558594
62.587628 29.787906 1390045667000 101.60900878906
62.587597 29.787885 1390045669000 101.49487304688
62.587568 29.787859 1390045671000 101.02215576172
62.587533 29.787819 1390045673000 101.70007324219
62.587505 29.787788 1390045675000 102.22308349609
62.587478 29.787761 1390045677000 100.99969482422
62.587453 29.787735 1390045679000 100.27844238281
62.587429 29.787701 1390045681000 101.23413085938
62.587402 29.787674 1390045683000 102.99841308594
62.587373 29.787634 1390045685000 102.39697265625
62.587356 29.787624 1390045687000 99.817077636719
62.587135 29.787485 1390045705000 95.85888671875
62.587113 29.787473 1390045707000 96.824584960938
62.587091 29.787448 1390045709000 98.143798828125
62.587069 29.787413 1390045711000 99.050170898438
62.587043 29.78738 1390045713000 100.72711181641
62.58702 29.787362 1390045715000 101.70306396484
62.586996 29.787333 1390045717000 101.12945556641
62.58697 29.787298 1390045719000 100.04272460938
62.586944 29.787262 1390045721000 100.78112792969
62.58692 29.787237 1390045723000 99.349182128906
62.586898 29.787214 1390045725000 98.788696289062
62.586877 29.787184 1390045727000 97.4052734375
62.586857 29.78716 1390045729000 97.543090820312
62.586841 29.787132 1390045731000 97.46240234375
62.586826 29.787117 1390045733000 96.820617675781
62.586808 29.787112 1390045735000 95.459716796875
62.586786 29.787093 1390045737000 96.333435058594
62.586753 29.787071 1390045739000 96.505920410156
62.58672 29.787039 1390045741000 97.257080078125
62.586687 29.787 1390045743000 97.910705566406
62.586653 29.786968 1390045745000 99.083923339844
62.586622 29.786949 1390045747000 97.797973632812
62.586593 29.786932 1390045749000 98.701477050781
62.586561 29.786915 1390045751000 98.594177246094
62.586529 29.786902 1390045753000 100.35693359375
62.586499 29.786898 1390045755000 100.96075439453
62.586469 29.786889 1390045757000 101.09948730469
62.586441 29.786881 1390045759000 101.26977539062
62.586415 29.786874 1390045761000 101.14739990234
62.586384 29.786857 1390045763000 101.54803466797
62.586359 29.786845 1390045765000 100.33404541016
62.586336 29.786841 1390045767000 100.79809570312
62.586316 29.78684 1390045769000 100.68078613281
62.58629 29.786819 1390045771000 101.41125488281
62.586265 29.786825 1390045773000 100.37908935547
62.586242 29.786833 1390045775000 99.643432617188
62.586216 29.786835 1390045777000 99.337646484375
62.586188 29.786834 1390045779000 98.687316894531
62.586158 29.786835 1390045781000 98.895812988281
62.586134 29.786854 1390045783000 97.655029296875
62.586111 29.786869 1390045785000 97.628295898438
62.586099 29.786874 1390045786000 97.540832519531
62.586067 29.786899 1390045789000 95.790893554688
62.586042 29.78691 1390045791000 96.571472167969
62.586016 29.786913 1390045793000 95.1708984375
62.585987 29.786912 1390045795000 94.89111328125
62.585953 29.7869 1390045797000 94.042175292969
62.585917 29.786893 1390045799000 94.310241699219
62.585884 29.786885 1390045801000 94.712341308594
62.585853 29.78688 1390045803000 94.91845703125
62.585823 29.786881 1390045805000 96.183837890625
62.585789 29.786874 1390045807000 97.738342285156
62.585756 29.786848 1390045809000 98.56494140625
62.585728 29.786825 1390045811000 98.245361328125
62.585699 29.786828 1390045813000 99.713439941406
62.585672 29.786845 1390045815000 100.77587890625
62.585646 29.786875 1390045817000 99.058349609375
62.585627 29.786896 1390045819000 98.359985351562
62.585604 29.786913 1390045821000 97.2275390625
62.58558 29.786926 1390045823000 98.059631347656
62.585555 29.78694 1390045825000 94.640380859375
62.585533 29.78697 1390045827000 93.239868164062
62.585512 29.787012 1390045829000 94.737976074219
62.585497 29.787048 1390045831000 94.610778808594
62.585472 29.787059 1390045833000 94.34619140625
62.585443 29.787067 1390045835000 93.685302734375
62.585414 29.787078 1390045837000 92.583190917969
62.585386 29.787085 1390045839000 92.562316894531
62.585356 29.787098 1390045841000 91.45068359375
62.585328 29.787112 1390045843000 91.145751953125
62.585302 29.787124 1390045845000 91.202575683594
62.585273 29.787118 1390045847000 92.375610351562
62.585249 29.787114 1390045849000 94.104797363281
62.585226 29.787114 1390045851000 93.204772949219
62.585204 29.787122 1390045853000 95.952392578125
62.58518 29.787133 1390045855000 95.803283691406
62.585153 29.787152 1390045857000 94.617736816406
62.585123 29.787176 1390045859000 94.769714355469
62.585085 29.787205 1390045861000 94.744750976562
62.585045 29.787238 1390045863000 95.213623046875
62.585007 29.787272 1390045865000 94.087280273438
62.584976 29.787304 1390045867000 92.167358398438
62.584951 29.78734 1390045869000 92.875915527344
62.584926 29.787364 1390045871000 91.862976074219
62.584902 29.787389 1390045873000 92.545959472656
62.584883 29.787417 1390045875000 88.918884277344
62.584861 29.78744 1390045877000 89.682189941406
62.584838 29.787463 1390045879000 90.448669433594
62.584813 29.787485 1390045881000 91.405517578125
62.584788 29.787513 1390045883000 90.418823242188
62.584767 29.787543 1390045885000 88.023559570312
62.584742 29.787578 1390045887000 89.892944335938
62.584718 29.787623 1390045889000 91.153564453125
62.584703 29.787671 1390045891000 91.2705078125
62.584687 29.787726 1390045893000 91.233276367188
62.584669 29.787773 1390045895000 91.052612304688
62.584652 29.787818 1390045897000 90.031799316406
62.584624 29.787856 1390045899000 90.510681152344
62.584598 29.787887 1390045901000 89.096435546875
62.584574 29.787916 1390045903000 86.681030273438
62.584552 29.787943 1390045905000 87.504150390625
62.584531 29.78797 1390045907000 88.111206054688
62.58451 29.787998 1390045909000 85.675048828125
62.584496 29.788032 1390045911000 85.612915039062
62.584478 29.788062 1390045913000 86.60107421875
62.584454 29.788087 1390045915000 87.227783203125
62.584426 29.788115 1390045917000 87.506164550781
62.584404 29.788151 1390045919000 87.267272949219
62.584367 29.788196 1390045921000 89.3330078125
62.584339 29.788237 1390045923000 91.287109375
62.584304 29.788283 1390045925000 89.483825683594
62.584281 29.788332 1390045927000 90.976379394531
62.584257 29.788406 1390045929000 91.175720214844
62.58424 29.788465 1390045931000 92.71875
62.584217 29.788519 1390045933000 94.142211914062
62.584197 29.788573 1390045935000 94.701110839844
62.584177 29.788619 1390045937000 95.924560546875
62.584159 29.788656 1390045939000 94.426818847656
62.58414 29.788688 1390045941000 93.586791992188
62.584121 29.788717 1390045943000 93.641296386719
62.584102 29.78875 1390045945000 92.509521484375
62.58408 29.788798 1390045947000 92.214782714844
62.584059 29.788853 1390045949000 91.525329589844
62.584041 29.788901 1390045951000 91.326416015625
62.584027 29.788948 1390045953000 89.732788085938
62.584017 29.788992 1390045955000 89.437927246094
62.584004 29.789037 1390045957000 89.537780761719
62.583988 29.789081 1390045959000 90.738464355469
62.583967 29.789131 1390045961000 90.423645019531
62.583942 29.789181 1390045963000 90.839538574219
62.583915 29.789223 1390045965000 92.322875976562
62.583892 29.789254 1390045967000 93.761535644531
62.583864 29.789286 1390045969000 95.330200195312
62.583835 29.789313 1390045971000 97.442932128906
62.583784 29.789324 1390045973000 98.5986328125
62.583751 29.789346 1390045975000 98.553466796875
62.583724 29.789368 1390045977000 97.974426269531
62.583701 29.789399 1390045979000 97.3134765625
62.583681 29.78942 1390045981000 93.916687011719
62.58366 29.789432 1390045983000 94.063232421875
62.58364 29.789437 1390045985000 92.603149414062
62.583621 29.78945 1390045987000 92.065734863281
62.5836 29.789456 1390045989000 91.9375
62.583578 29.789462 1390045991000 90.672607421875
62.583562 29.789474 1390045993000 90.271789550781
62.583542 29.789495 1390045995000 89.364562988281
62.583522 29.789522 1390045997000 88.579528808594
62.5835 29.78954 1390045999000 86.77734375
62.583472 29.789549 1390046001000 87.105651855469
62.583449 29.789564 1390046003000 86.317077636719
62.583426 29.78957 1390046005000 85.672546386719
62.583401 29.789565 1390046007000 87.215942382812
62.583382 29.78956 1390046009000 86.669616699219
62.583358 29.789571 1390046011000 85.648132324219
62.583334 29.789592 1390046013000 84.729919433594
62.583313 29.789618 1390046015000 83.786743164062
62.58329 29.789642 1390046017000 84.19140625
62.58326 29.789658 1390046019000 84.683044433594
62.583228 29.789657 1390046021000 85.371765136719
62.583197 29.789651 1390046023000 86.906372070312
62.583168 29.789643 1390046025000 87.375854492188
62.583141 29.789643 1390046027000 87.493103027344
62.583113 29.789649 1390046029000 87.597473144531
62.583087 29.789661 1390046031000 87.083923339844
62.58306 29.789675 1390046033000 86.135681152344
62.583033 29.789687 1390046035000 86.770751953125
62.583005 29.789703 1390046037000 86.646362304688
62.582982 29.789722 1390046039000 86.379028320312
62.582959 29.789739 1390046041000 87.165344238281
62.582935 29.789755 1390046043000 89.609680175781
62.582909 29.789757 1390046045000 90.249267578125
62.582885 29.789766 1390046047000 92.71484375
62.582858 29.789777 1390046049000 92.058715820312
62.582828 29.789789 1390046051000 92.217163085938
62.582795 29.789797 1390046053000 93.969055175781
62.582765 29.789798 1390046055000 93.834655761719
62.582737 29.789812 1390046057000 92.773559570312
62.582713 29.789832 1390046059000 92.334167480469
62.582688 29.78985 1390046061000 91.48291015625
62.582664 29.789869 1390046063000 91.843139648438
62.582641 29.789881 1390046065000 91.140563964844
62.582615 29.7899 1390046067000 91.049255371094
62.582584 29.789914 1390046069000 91.392639160156
62.582559 29.789932 1390046071000 89.909362792969
62.582533 29.789942 1390046073000 91.692077636719
62.582507 29.789951 1390046075000 91.799194335938
62.582483 29.789964 1390046077000 91.679504394531
62.582464 29.789992 1390046079000 89.211547851562
62.582444 29.79002 1390046081000 89.577819824219
62.582422 29.790047 1390046083000 91.370849609375
62.582401 29.790072 1390046085000 89.769409179688
62.582385 29.790094 1390046087000 90.224182128906
62.582369 29.79011 1390046089000 90.526977539062
62.58235 29.790121 1390046091000 88.865173339844
62.582333 29.790137 1390046093000 88.725402832031
62.582334 29.790102 1390046095000 88.997680664062
62.582333 29.79007 1390046097000 88.717407226562
62.582333 29.79007 1390046099000 89.363037109375
62.582333 29.79007 1390046101000 89.375610351562
62.582333 29.79007 1390046103000 89.148742675781
62.582333 29.79007 1390046105000 89.722290039062
62.582347 29.790115 1390046107000 89.455932617188
62.582347 29.790115 1390046109000 90.173156738281
62.58235 29.790119 1390046111000 90.584655761719
62.58235 29.790119 1390046113000 89.863403320312
62.58235 29.790119 1390046115000 89.677612304688
62.58235 29.790119 1390046117000 90.124877929688
62.58235 29.790119 1390046119000 89.44384765625
62.58235 29.790119 1390046121000 89.266479492188
62.58235 29.790119 1390046123000 88.14892578125
62.58235 29.790119 1390046125000 87.589477539062
62.58235 29.790119 1390046127000 86.96044921875
62.58235 29.790119 1390046129000 87.609619140625
62.58235 29.790119 1390046131000 87.609313964844
62.58235 29.790119 1390046133000 87.595947265625
62.58235 29.790119 1390046135000 87.786804199219
62.58235 29.790119 1390046137000 87.830139160156
62.58235 29.790119 1390046139000 87.84423828125
62.58235 29.790119 1390046141000 87.85546875
62.58235 29.790119 1390046143000 87.936462402344
62.58235 29.790119 1390046145000 87.909545898438
62.58235 29.790119 1390046147000 87.90478515625
62.58235 29.790119 1390046149000 88.018310546875
62.582339 29.790114 1390046151000 88.482727050781
62.58233 29.790153 1390046153000 88.943725585938
62.582316 29.790202 1390046155000 89.825927734375
62.582301 29.790245 1390046157000 90.757690429688
62.582276 29.790285 1390046159000 89.205322265625
62.582251 29.790319 1390046161000 89.567565917969
62.582233 29.790351 1390046163000 89.125854492188
62.582218 29.790384 1390046165000 89.983276367188
62.582201 29.790409 1390046167000 89.399291992188
62.582169 29.790454 1390046170000 90.380920410156
62.582149 29.790497 1390046172000 90.730102539062
62.582116 29.790529 1390046174000 87.337097167969
62.582089 29.790559 1390046176000 87.919189453125
62.582065 29.790593 1390046178000 88.108276367188
62.582041 29.790637 1390046180000 88.92919921875
62.582022 29.790669 1390046182000 88.83154296875
62.581998 29.790696 1390046184000 91.811096191406
62.581969 29.790727 1390046186000 92.261657714844
62.581942 29.79076 1390046188000 92.009887695312
62.581929 29.790788 1390046190000 89.249267578125
62.581908 29.790812 1390046192000 89.856079101562
62.581888 29.790836 1390046194000 89.217712402344
62.581865 29.790864 1390046196000 90.072998046875
62.581843 29.790889 1390046198000 88.672607421875
62.581821 29.790915 1390046200000 89.600830078125
62.581793 29.790944 1390046202000 90.20849609375
62.581771 29.790983 1390046204000 89.166320800781
62.581753 29.791022 1390046206000 89.436828613281
62.581744 29.791056 1390046208000 87.758605957031
62.581727 29.791093 1390046210000 87.222045898438
62.581706 29.791124 1390046212000 86.878723144531
62.581682 29.79116 1390046214000 87.993469238281
62.581659 29.791196 1390046216000 86.897033691406
62.581636 29.791229 1390046218000 87.193359375
62.58161 29.791256 1390046220000 88.4005126953125
62.581591 29.791293 1390046222000 88.462158203125
62.581572 29.791332 1390046224000 87.7109375
62.581551 29.791362 1390046226000 89.112060546875
62.58153 29.791383 1390046228000 88.5338134765625
62.58151 29.791404 1390046230000 88.033447265625
62.58149 29.79143 1390046232000 88.7413940429687
62.58147 29.791458 1390046234000 88.9847412109375
62.58145 29.791495 1390046236000 88.000732421875
62.58143 29.791534 1390046238000 88.2357788085938
62.581409 29.791578 1390046240000 88.043701171875
62.581388 29.791621 1390046242000 88.1393432617188
62.581366 29.79166 1390046244000 89.5994873046875
62.581344 29.791695 1390046246000 88.5717163085937
62.581315 29.791727 1390046248000 87.2623901367188
62.581294 29.791758 1390046250000 85.9151611328125
62.581277 29.791787 1390046252000 85.2811889648438
62.581262 29.79181 1390046254000 83.1910400390625
62.581243 29.791835 1390046256000 80.9911499023437
62.581226 29.791853 1390046258000 80.662963867188
62.581207 29.791864 1390046260000 80.596008300781
62.581185 29.791882 1390046262000 81.451843261719
62.581161 29.791902 1390046264000 81.405700683594
62.581135 29.791923 1390046266000 83.397583007812
62.581103 29.791947 1390046268000 86.49365234375
62.58108 29.79199 1390046270000 84.859924316406
62.581065 29.792031 1390046272000 86.074523925781
62.581053 29.792065 1390046274000 86.422790527344
62.581041 29.792085 1390046276000 86.211181640625
62.581035 29.792096 1390046278000 85.946899414062
62.581034 29.79208 1390046280000 85.34716796875
62.581038 29.792094 1390046282000 84.2255859375
62.581047 29.792119 1390046284000 85.31005859375
62.581044 29.792119 1390046286000 85.259582519531
62.581047 29.792118 1390046288000 83.491394042969
62.581047 29.792118 1390046290000 83.681091308594
62.581053 29.792103 1390046292000 83.82666015625
62.581053 29.792113 1390046294000 81.148803710938
62.581058 29.792111 1390046296000 81.06005859375
62.581058 29.792109 1390046298000 81.498901367188
62.581058 29.792109 1390046300000 81.673767089844
62.581058 29.792109 1390046302000 81.456420898438
62.581058 29.792109 1390046304000 81.559326171875
62.581058 29.792109 1390046306000 81.961669921875
62.581058 29.792109 1390046308000 81.889282226562
62.581058 29.792109 1390046310000 82.288818359375
62.581058 29.792109 1390046312000 81.976623535156
62.581058 29.792109 1390046314000 82.463562011719
62.581049 29.792061 1390046316000 82.592651367188
62.581048 29.792065 1390046318000 84.603942871094
62.581048 29.792065 1390046320000 84.218505859375
62.581048 29.792065 1390046322000 84.914245605469
62.581043 29.79205 1390046324000 84.436279296875
62.581043 29.79205 1390046326000 84.676208496094
62.581043 29.79205 1390046328000 84.972534179688
62.581043 29.79205 1390046330000 85.077331542969
62.581043 29.79205 1390046332000 85.873168945312
62.581043 29.79205 1390046334000 86.088806152344
62.581046 29.792056 1390046336000 86.203735351562
62.581046 29.792056 1390046338000 87.027099609375
62.581046 29.792056 1390046340000 87.709167480469
62.581046 29.792056 1390046342000 87.607666015625
62.581046 29.792056 1390046344000 87.472961425781
62.581046 29.792056 1390046346000 87.416259765625
62.581046 29.792056 1390046348000 87.458679199219
62.581046 29.792056 1390046350000 87.474792480469
62.581046 29.792056 1390046352000 87.596862792969
62.581046 29.792056 1390046354000 87.626647949219
62.581046 29.792056 1390046356000 87.621032714844
62.581046 29.792056 1390046358000 87.620910644531
62.581046 29.792056 1390046360000 87.65380859375
62.581046 29.792056 1390046362000 86.621398925781
62.581046 29.792056 1390046364000 86.333801269531
62.581046 29.792056 1390046365000 86.183898925781
62.581046 29.792056 1390046368000 85.853576660156
62.581046 29.792056 1390046370000 85.039916992188
62.581046 29.792056 1390046372000 84.526000976562
62.581046 29.792056 1390046374000 84.316772460938
62.581046 29.792056 1390046376000 84.425659179688
62.581046 29.792056 1390046378000 84.394165039062
62.581057 29.792071 1390046380000 83.576354980469
62.581057 29.792071 1390046382000 82.827880859375
62.581074 29.792023 1390046384000 83.859436035156
62.581074 29.792023 1390046386000 84.742736816406
62.581074 29.792023 1390046388000 85.249572753906
62.581074 29.792023 1390046390000 85.2734375
62.581074 29.792023 1390046392000 84.867370605469
62.581074 29.792023 1390046394000 86.648254394531
62.581074 29.792023 1390046396000 86.753540039062
62.581074 29.792023 1390046398000 86.518798828125
62.581074 29.792023 1390046400000 86.437316894531
62.581077 29.791998 1390046402000 86.413452148438
62.58108 29.792003 1390046404000 86.522644042969
62.581082 29.792015 1390046406000 84.672119140625
62.58108 29.792035 1390046408000 85.217041015625
62.58108 29.792035 1390046410000 84.81787109375
62.58108 29.792035 1390046412000 85.304809570312
62.58108 29.792035 1390046414000 85.899536132812
62.58108 29.792035 1390046416000 86.032409667969
62.58108 29.792035 1390046418000 85.778625488281
62.58108 29.792035 1390046420000 85.646240234375
62.58108 29.792035 1390046422000 85.519165039062
62.58108 29.792035 1390046424000 85.536560058594
62.58108 29.792035 1390046426000 85.537170410156
62.581057 29.792078 1390046428000 85.434814453125
62.581045 29.792087 1390046430000 85.070373535156
62.581021 29.792105 1390046432000 84.13232421875
62.581006 29.792136 1390046434000 83.66162109375
62.580984 29.792172 1390046436000 84.361999511719
62.580962 29.792204 1390046438000 83.77783203125
62.580939 29.792232 1390046440000 83.631958007812
62.580914 29.792262 1390046442000 83.775695800781
62.580887 29.79229 1390046444000 84.473449707031
62.580868 29.792315 1390046446000 81.731689453125
62.580855 29.792351 1390046448000 81.710205078125
62.580845 29.792385 1390046450000 82.114685058594
62.580837 29.792409 1390046452000 82.138427734375
62.580823 29.792433 1390046454000 80.537841796875
62.580799 29.792443 1390046456000 80.896118164062
62.580772 29.792458 1390046458000 81.190673828125
62.580744 29.792474 1390046460000 81.038696289062
62.580725 29.792492 1390046462000 79.028259277344
62.580704 29.79252 1390046464000 80.2783203125
62.580688 29.792545 1390046466000 80.657836914062
62.580654 29.792573 1390046468000 80.682067871094
62.580632 29.792596 1390046470000 80.146728515625
62.580605 29.792621 1390046472000 79.450012207031
62.580576 29.792645 1390046474000 79.392456054688
62.580557 29.792663 1390046476000 80.044128417969
62.580534 29.792678 1390046478000 81.51611328125
62.58051 29.792697 1390046480000 80.953002929688
62.580491 29.792719 1390046482000 81.127868652344
62.580465 29.792754 1390046484000 80.674072265625
62.580444 29.792791 1390046486000 80.985107421875
62.580425 29.792837 1390046488000 82.711303710938
62.58041 29.792875 1390046490000 84.38232421875
62.580399 29.792916 1390046492000 84.469543457031
62.580411 29.792928 1390046494000 84.907287597656
62.580399 29.792957 1390046496000 84.849365234375
62.580385 29.792977 1390046498000 84.946044921875
62.580367 29.792994 1390046500000 84.971130371094
62.580336 29.792997 1390046502000 83.709716796875
62.58031 29.793066 1390046504000 84.929443359375
62.580293 29.793177 1390046506000 85.178833007812
62.580269 29.793284 1390046508000 87.203308105469
62.580251 29.793375 1390046510000 87.620239257812
62.580233 29.793438 1390046512000 85.587219238281
62.580212 29.793483 1390046514000 85.7802734375
62.580191 29.793525 1390046516000 85.494018554688
62.580172 29.793557 1390046518000 84.5830078125
62.580151 29.79358 1390046520000 84.299926757812
62.580136 29.793607 1390046522000 84.265686035156
62.580119 29.793635 1390046524000 83.473266601562
62.580105 29.793665 1390046526000 81.236450195312
62.580087 29.793687 1390046528000 80.467529296875
62.580068 29.793703 1390046530000 79.702575683594
62.58004 29.793726 1390046532000 80.195556640625
62.580021 29.793747 1390046534000 80.142883300781
62.58 29.793765 1390046536000 80.266479492188
62.579976 29.79378 1390046538000 81.149536132812
62.57995 29.793794 1390046540000 82.199279785156
62.579922 29.793806 1390046542000 82.348999023438
62.579898 29.793813 1390046544000 81.881103515625
62.579873 29.793821 1390046546000 81.301513671875
62.579842 29.793827 1390046548000 83.12841796875
62.57981 29.793833 1390046550000 85.857421875
62.579778 29.793849 1390046552000 85.62646484375
62.579753 29.793856 1390046554000 86.803466796875
62.579731 29.793856 1390046556000 88.151062011719
62.579714 29.793848 1390046558000 88.370300292969
62.579695 29.793845 1390046560000 88.476379394531
62.579675 29.793844 1390046562000 88.984313964844
62.579652 29.793852 1390046564000 88.058837890625
62.579629 29.793868 1390046566000 87.606079101562
62.579597 29.79388 1390046568000 88.449157714844
62.579567 29.793877 1390046570000 87.7021484375
62.579541 29.793875 1390046572000 87.657531738281
62.579516 29.793878 1390046574000 87.947082519531
62.579487 29.793887 1390046576000 90.676696777344
62.579459 29.793893 1390046578000 91.126831054688
62.579427 29.793902 1390046580000 89.8994140625
62.579396 29.79391 1390046582000 88.577880859375
62.579371 29.793911 1390046584000 90.565246582031
62.579347 29.793908 1390046586000 90.671630859375
62.579326 29.793894 1390046588000 90.032531738281
62.579307 29.793879 1390046590000 89.961853027344
62.57929 29.793869 1390046592000 89.753967285156
62.579273 29.793856 1390046594000 87.481201171875
62.579253 29.793839 1390046596000 86.905517578125
62.579232 29.793827 1390046598000 86.667114257812
62.57921 29.79382 1390046600000 85.612854003906
62.579188 29.793817 1390046602000 85.435180664062
62.57917 29.793823 1390046604000 85.024230957031
62.579151 29.793831 1390046606000 85.258422851562
62.579128 29.793845 1390046608000 84.949035644531
62.579105 29.79386 1390046610000 84.728454589844
62.579081 29.793881 1390046612000 84.803344726562
62.579057 29.793891 1390046614000 84.582885742188
62.579036 29.793907 1390046616000 82.85986328125
62.579018 29.793919 1390046618000 82.732666015625
62.578999 29.793929 1390046620000 81.734985351562
62.57898 29.793937 1390046622000 82.282775878906
62.578959 29.793951 1390046624000 81.824523925781
62.578937 29.793968 1390046626000 80.716369628906
62.578913 29.793988 1390046628000 81.782409667969
62.578889 29.794018 1390046630000 83.220458984375
62.578875 29.794066 1390046632000 82.392944335938
62.578859 29.794114 1390046634000 83.194091796875
62.578843 29.79416 1390046636000 83.255432128906
62.578824 29.794201 1390046638000 83.117065429688
62.578802 29.794234 1390046640000 83.345397949219
62.57878 29.794258 1390046642000 83.609069824219
62.578758 29.794277 1390046644000 83.223266601562
62.578737 29.794297 1390046646000 81.663146972656
62.57872 29.794323 1390046648000 81.269409179688
62.578703 29.794361 1390046650000 82.359619140625
62.578686 29.794399 1390046652000 82.644958496094
62.578672 29.794436 1390046654000 83.667907714844
62.578651 29.794482 1390046656000 83.807189941406
62.578628 29.794521 1390046658000 83.532897949219
62.578613 29.794552 1390046660000 84.438415527344
62.578593 29.794589 1390046662000 85.025634765625
62.578581 29.794627 1390046664000 86.139770507812
62.578571 29.794672 1390046666000 85.691833496094
62.578567 29.794716 1390046668000 84.505859375
62.57857 29.794752 1390046670000 83.823913574219
62.578569 29.79479 1390046672000 84.114440917969
62.578565 29.79483 1390046674000 84.021118164062
62.578552 29.79488 1390046676000 83.795043945312
62.578543 29.794922 1390046678000 84.381591796875
62.578529 29.794973 1390046680000 85.130676269531
62.578519 29.795019 1390046682000 84.495727539062
62.578505 29.795071 1390046684000 85.16943359375
62.578491 29.795119 1390046686000 85.537475585938
62.578476 29.795173 1390046688000 87.913024902344
62.578461 29.795227 1390046690000 87.968017578125
62.578452 29.79527 1390046692000 86.972351074219
62.578437 29.795312 1390046694000 86.074340820312
62.578424 29.795344 1390046696000 87.134948730469
62.578401 29.795383 1390046698000 89.362243652344
62.578383 29.79542 1390046700000 86.903137207031
62.57836 29.795471 1390046702000 86.716125488281
62.578343 29.795515 1390046704000 85.768188476562
62.578325 29.795552 1390046706000 86.553588867188
62.578298 29.795612 1390046708000 86.512329101562
62.57828 29.795649 1390046710000 86.489135742188
62.578257 29.795709 1390046712000 86.91357421875
62.578237 29.795757 1390046714000 87.600952148438
62.578218 29.795792 1390046716000 85.719848632812
62.578199 29.79582 1390046718000 86.464416503906
62.57818 29.795844 1390046720000 86.306030273438
62.578159 29.795867 1390046722000 86.345886230469
62.578137 29.795892 1390046724000 85.789794921875
62.578117 29.795914 1390046726000 85.400390625
62.578089 29.795949 1390046728000 85.759521484375
62.578064 29.79598 1390046730000 85.838989257812
62.578044 29.796007 1390046732000 85.825256347656
62.578023 29.796027 1390046734000 85.646118164062
62.578004 29.796051 1390046736000 85.164611816406
62.577987 29.796079 1390046738000 85.9248046875
62.577974 29.79611 1390046740000 86.820068359375
62.577955 29.796131 1390046742000 86.959045410156
62.577928 29.796151 1390046744000 87.266906738281
62.577901 29.796178 1390046746000 87.511352539062
62.57788 29.796208 1390046748000 87.325561523438
62.577856 29.796247 1390046750000 84.882507324219
62.577837 29.796286 1390046752000 83.485473632812
62.57782 29.796315 1390046754000 83.19873046875
62.577799 29.796363 1390046756000 81.008422851562
62.577779 29.796399 1390046758000 81.775817871094
62.577761 29.796429 1390046760000 80.635986328125
62.577749 29.796467 1390046762000 80.610229492188
62.577734 29.796498 1390046764000 82.929443359375
62.577715 29.796521 1390046766000 81.79638671875
62.577693 29.796542 1390046768000 82.043029785156
62.577672 29.79656 1390046770000 81.062927246094
62.577652 29.796582 1390046772000 82.190124511719
62.577619 29.796602 1390046774000 84.003967285156
62.577592 29.796621 1390046776000 83.211181640625
62.577546 29.796643 1390046778000 86.794006347656
62.577512 29.79666 1390046780000 88.727478027344
62.577486 29.796676 1390046782000 87.759399414062
62.577465 29.796685 1390046784000 86.269836425781
62.577448 29.796697 1390046786000 87.080139160156
62.577438 29.796708 1390046788000 88.10009765625
62.577426 29.79673 1390046790000 88.553649902344
62.577436 29.796712 1390046792000 88.8369140625
62.577436 29.796712 1390046794000 89.057739257812
62.577436 29.796712 1390046796000 88.413269042969
62.577436 29.796712 1390046798000 88.41015625
62.577436 29.796712 1390046800000 88.683166503906
62.577436 29.796712 1390046802000 89.473266601562
62.577436 29.796712 1390046804000 89.808044433594
62.577436 29.796712 1390046806000 89.887390136719
62.577458 29.796735 1390046808000 89.858154296875
62.577451 29.796732 1390046810000 89.474365234375
62.57744 29.796734 1390046812000 86.821411132812
62.577425 29.796753 1390046814000 86.49365234375
62.577415 29.796767 1390046816000 88.366394042969
62.577404 29.796759 1390046818000 89.805541992188
62.577407 29.79677 1390046820000 90.0048828125
62.577407 29.79677 1390046822000 89.547912597656
62.577407 29.79677 1390046824000 89.710632324219
62.57743 29.796795 1390046826000 89.692016601562
62.577417 29.796809 1390046828000 88.603942871094
62.577393 29.796829 1390046830000 88.324096679688
62.577374 29.796853 1390046832000 88.59423828125
62.577359 29.796881 1390046834000 87.292602539062
62.577348 29.796901 1390046836000 88.242736816406
62.57733 29.796913 1390046838000 88.064086914062
62.577312 29.796928 1390046840000 87.447937011719
62.577295 29.796947 1390046842000 87.721496582031
62.577271 29.796962 1390046844000 87.892822265625
62.577256 29.796984 1390046846000 85.877258300781
62.577243 29.797005 1390046848000 85.90625
62.577219 29.797028 1390046850000 86.018127441406
62.577197 29.797043 1390046852000 86.609802246094
62.577178 29.79706 1390046854000 85.3017578125
62.577143 29.797071 1390046856000 84.266296386719
62.577117 29.797085 1390046858000 84.150024414062
62.577091 29.797105 1390046860000 83.351806640625
62.577071 29.797124 1390046862000 83.111877441406
62.577035 29.79714 1390046864000 83.409118652344
62.577012 29.797155 1390046866000 83.570434570312
62.576998 29.797168 1390046868000 82.3037109375
62.57698 29.79715 1390046870000 85.484985351562
62.576964 29.797142 1390046872000 87.375183105469
62.576954 29.797138 1390046874000 83.982299804688
62.576949 29.797152 1390046876000 83.669006347656
62.576941 29.797168 1390046878000 83.024658203125
62.576926 29.79718 1390046880000 82.078857421875
62.57691 29.797199 1390046882000 80.972534179688
62.576896 29.797207 1390046884000 81.793151855469
62.576884 29.797206 1390046886000 83.845092773438
62.576877 29.797214 1390046888000 83.322937011719
62.576877 29.797214 1390046890000 83.430480957031
62.576872 29.797215 1390046892000 83.81201171875
62.576865 29.797214 1390046894000 83.722045898438
62.576857 29.797219 1390046896000 83.768127441406
62.576841 29.797226 1390046898000 85.390197753906
62.576829 29.797234 1390046900000 83.576904296875
62.576804 29.797252 1390046902000 83.316650390625
62.576794 29.797263 1390046904000 82.924560546875
62.576794 29.797263 1390046906000 82.611938476562
62.576794 29.797263 1390046908000 81.957824707031
62.576794 29.797263 1390046910000 80.728271484375
62.576794 29.797263 1390046912000 80.483825683594
62.576794 29.797263 1390046914000 79.532165527344
62.576794 29.797263 1390046916000 79.62841796875
62.576794 29.797263 1390046918000 79.443542480469
62.576794 29.797263 1390046920000 80.700500488281
62.576794 29.797287 1390046922000 80.625183105469
62.576779 29.797298 1390046924000 81.576721191406
62.576764 29.797318 1390046926000 82.204956054688
62.576746 29.797336 1390046928000 83.781494140625
62.57673 29.797354 1390046930000 83.86181640625
62.576722 29.797361 1390046932000 84.565612792969
62.576722 29.797361 1390046934000 84.031799316406
62.576722 29.797361 1390046936000 84.207946777344
62.576722 29.797361 1390046938000 84.192810058594
62.576702 29.797367 1390046940000 84.885681152344
62.576684 29.797376 1390046942000 84.3828125
62.576676 29.797394 1390046944000 83.324829101562
62.576665 29.797404 1390046946000 83.375732421875
62.576649 29.797414 1390046948000 83.1435546875
62.576629 29.797416 1390046950000 84.635070800781
62.576607 29.797426 1390046952000 84.061767578125
62.576588 29.797448 1390046954000 84.475830078125
62.576564 29.797474 1390046956000 84.23779296875
62.57654 29.797502 1390046958000 84.023498535156
62.576517 29.797528 1390046960000 85.072326660156
62.576495 29.797557 1390046962000 84.922302246094
62.576471 29.797589 1390046964000 84.453247070312
62.57645 29.797623 1390046966000 84.293701171875
62.576429 29.797657 1390046968000 84.120910644531
62.576411 29.797698 1390046970000 83.645690917969
62.576402 29.797723 1390046972000 83.587707519531
62.576393 29.79775 1390046974000 85.483520507812
62.576382 29.797774 1390046976000 86.129821777344
62.576362 29.797798 1390046978000 86.446899414062
62.576342 29.797826 1390046980000 84.704833984375
62.576318 29.797855 1390046982000 83.875610351562
62.576297 29.797886 1390046984000 83.753601074219
62.576281 29.797915 1390046986000 83.659545898438
62.576262 29.79795 1390046988000 82.8330078125
62.576246 29.797989 1390046990000 80.844421386719
62.576225 29.798033 1390046992000 80.422607421875
62.576206 29.798074 1390046994000 80.819519042969
62.576187 29.798129 1390046996000 81.421203613281
62.576167 29.798191 1390046998000 81.70654296875
62.576155 29.798235 1390047000000 81.234924316406
62.576145 29.798287 1390047002000 81.260498046875
62.576127 29.798342 1390047004000 83.042541503906
62.576108 29.798388 1390047006000 85.131225585938
62.576094 29.798431 1390047008000 85.11767578125
62.576089 29.79848 1390047010000 83.68017578125
62.576082 29.798531 1390047012000 84.780151367188
62.576082 29.798579 1390047014000 82.675659179688
62.576079 29.798635 1390047016000 83.041564941406
62.576077 29.79869 1390047018000 82.371765136719
62.576075 29.798743 1390047020000 83.419494628906
62.576072 29.798793 1390047022000 82.51220703125
62.576071 29.798838 1390047024000 82.831604003906
62.576067 29.798886 1390047026000 83.041320800781
62.576059 29.798938 1390047028000 84.626098632812
62.576052 29.798994 1390047030000 85.540100097656
62.576048 29.799054 1390047032000 86.288391113281
62.576049 29.799107 1390047034000 85.951843261719
62.576049 29.799154 1390047036000 84.977478027344
62.576051 29.799195 1390047038000 83.922485351562
62.576051 29.799243 1390047040000 83.288940429688
62.576053 29.799296 1390047042000 82.757690429688
62.576053 29.79935 1390047044000 81.720825195312
62.576055 29.799401 1390047046000 82.580383300781
62.576052 29.79946 1390047048000 83.697631835938
62.57605 29.799516 1390047050000 82.774719238281
62.576045 29.79957 1390047052000 83.087341308594
62.576041 29.799622 1390047054000 82.805541992188
62.576042 29.799674 1390047056000 83.016235351562
62.576047 29.79973 1390047058000 83.184143066406
62.576052 29.799789 1390047060000 83.423278808594
62.576056 29.799842 1390047062000 83.358337402344
62.576061 29.79989 1390047064000 84.180114746094
62.576065 29.79994 1390047066000 84.190856933594
62.576067 29.799988 1390047068000 84.844482421875
62.57607 29.800038 1390047070000 84.759460449219
62.576074 29.80009 1390047072000 85.94921875
62.576077 29.800145 1390047074000 86.333557128906
62.576081 29.800197 1390047076000 86.892883300781
62.576084 29.800252 1390047078000 88.386962890625
62.576088 29.800309 1390047080000 89.253784179688
62.576093 29.800364 1390047082000 90.092041015625
62.576094 29.800417 1390047084000 90.599670410156
62.576102 29.800461 1390047086000 88.9130859375
62.576109 29.800515 1390047088000 90.343322753906
62.576112 29.800562 1390047090000 90.334533691406
62.576113 29.800611 1390047092000 90.860961914062
62.576113 29.800666 1390047094000 91.495483398438
62.576117 29.800713 1390047096000 90.611572265625
62.576127 29.800753 1390047098000 92.127807617188
62.576139 29.80079 1390047100000 92.560852050781
62.576155 29.800819 1390047102000 92.114074707031
62.576174 29.800832 1390047104000 92.618103027344
62.576195 29.800824 1390047106000 92.602966308594
62.576217 29.800805 1390047108000 92.57666015625
62.57624 29.800789 1390047110000 91.417785644531
62.576262 29.800777 1390047112000 90.840209960938
62.576287 29.800772 1390047114000 90.915710449219
62.576312 29.800767 1390047116000 89.086303710938
62.576336 29.800766 1390047118000 88.223083496094
62.576359 29.800756 1390047120000 89.500671386719
62.576383 29.800739 1390047122000 92.007873535156
62.576407 29.800721 1390047124000 92.164855957031
62.57643 29.800705 1390047126000 90.104370117188
62.576453 29.800694 1390047128000 88.737976074219
62.576475 29.800684 1390047130000 88.252197265625
62.576499 29.80068 1390047132000 88.3349609375
62.576532 29.800685 1390047134000 90.858154296875
62.57656 29.800687 1390047136000 90.271728515625
62.576587 29.80068 1390047138000 91.138916015625
62.576611 29.800674 1390047140000 90.952087402344
62.576634 29.800667 1390047142000 90.228576660156
62.576661 29.800665 1390047144000 91.071716308594
62.576687 29.800682 1390047146000 91.757568359375
62.576709 29.800707 1390047148000 93.033447265625
62.576731 29.800732 1390047150000 93.803100585938
62.576748 29.800763 1390047152000 97.257690429688
62.576759 29.800803 1390047154000 97.681701660156
62.57677 29.800846 1390047156000 98.886657714844
62.576788 29.800892 1390047158000 100.34350585938
62.57681 29.800936 1390047160000 101.87182617188
62.576836 29.800949 1390047162000 101.15417480469
62.576862 29.800955 1390047164000 101.19842529297
62.576886 29.800965 1390047166000 101.88037109375
62.57691 29.800971 1390047168000 102.07037353516
62.576936 29.800963 1390047170000 97.27392578125
62.57696 29.800951 1390047172000 95.619323730469
62.576985 29.800932 1390047174000 95.585083007812
62.57701 29.800914 1390047176000 97.395690917969
62.577035 29.800907 1390047178000 94.525390625
62.577058 29.800906 1390047180000 92.5966796875
62.577081 29.800902 1390047182000 90.912475585938
62.577103 29.80089 1390047184000 91.3779296875
62.577115 29.800902 1390047186000 92.083129882812
62.577126 29.800909 1390047188000 94.338012695312
62.577138 29.800947 1390047190000 96.147216796875
62.577141 29.801006 1390047192000 95.1943359375
62.577142 29.801063 1390047194000 95.369018554688
62.577142 29.80112 1390047196000 96.005615234375
62.57714 29.80118 1390047198000 97.748901367188
62.577135 29.801256 1390047200000 97.61328125
62.577133 29.801337 1390047202000 96.528564453125
62.577136 29.80139 1390047204000 95.35986328125
62.577139 29.801451 1390047206000 95.433654785156
62.577136 29.801503 1390047208000 96.176330566406
62.577135 29.801555 1390047210000 94.086303710938
62.577137 29.801603 1390047212000 94.226013183594
62.577136 29.801645 1390047214000 94.341186523438
62.577131 29.801689 1390047216000 93.8408203125
62.57712 29.801733 1390047218000 93.5625
62.577113 29.801776 1390047220000 93.397277832031
62.577103 29.801827 1390047222000 94.642456054688
62.577095 29.801875 1390047224000 93.461669921875
62.577089 29.801915 1390047226000 91.775695800781
62.577088 29.801954 1390047228000 93.480163574219
62.577083 29.801999 1390047230000 93.118103027344
62.577072 29.80204 1390047232000 92.782348632812
62.577042 29.802091 1390047234000 95.4765625
62.577019 29.802131 1390047236000 95.481811523438
62.577 29.802169 1390047238000 96.66650390625
62.576985 29.802206 1390047240000 96.124816894531
62.576965 29.802252 1390047242000 96.253662109375
62.576948 29.802299 1390047244000 96.859069824219
62.576934 29.802347 1390047246000 97.416198730469
62.576924 29.802396 1390047248000 96.698791503906
62.576919 29.802454 1390047250000 96.368225097656
62.57692 29.802503 1390047252000 94.431213378906
62.576922 29.802556 1390047254000 95.227661132812
62.576921 29.802614 1390047256000 95.263305664062
62.576916 29.802673 1390047258000 95.200927734375
62.576908 29.802736 1390047260000 94.864135742188
62.576904 29.802798 1390047262000 94.800231933594
62.576909 29.802857 1390047264000 94.385009765625
62.576914 29.802913 1390047266000 94.751586914062
62.576921 29.802964 1390047268000 94.72021484375
62.576924 29.803016 1390047270000 95.93994140625
62.576924 29.803065 1390047272000 95.603271484375
62.57693 29.803107 1390047274000 94.678771972656
62.576932 29.803149 1390047276000 93.7275390625
62.576936 29.803191 1390047278000 92.348388671875
62.576936 29.803237 1390047280000 92.478332519531
62.576935 29.803287 1390047282000 92.368041992188
62.576928 29.80334 1390047284000 92.412414550781
62.576934 29.803379 1390047286000 90.530700683594
62.576948 29.80341 1390047288000 90.550598144531
62.57696 29.803444 1390047290000 91.494384765625
62.576964 29.803488 1390047292000 91.3583984375
62.576966 29.803537 1390047294000 91.634399414062
62.576975 29.803583 1390047296000 91.073120117188
62.576982 29.803632 1390047298000 91.246459960938
62.576987 29.803683 1390047300000 91.344482421875
62.576986 29.803741 1390047302000 91.760864257812
62.576984 29.803798 1390047304000 91.135192871094
62.576985 29.803853 1390047306000 91.613891601562
62.576986 29.803906 1390047308000 91.543090820312
62.57699 29.803954 1390047310000 91.128540039062
62.576994 29.804 1390047312000 90.250061035156
62.577002 29.804047 1390047314000 89.656494140625
62.57701 29.80409 1390047316000 90.344909667969
62.577023 29.804134 1390047318000 91.066162109375
62.577036 29.804181 1390047320000 92.570007324219
62.57705 29.804225 1390047322000 93.050415039062
62.577063 29.804267 1390047324000 93.965454101562
62.577075 29.804312 1390047326000 95.513305664062
62.577086 29.804361 1390047328000 96.947814941406
62.577099 29.804405 1390047330000 99.673400878906
62.577112 29.804443 1390047332000 99.693237304688
62.577122 29.804482 1390047334000 98.811767578125
62.577131 29.804528 1390047336000 99.370727539062
62.577137 29.80457 1390047338000 98.784240722656
62.577139 29.804614 1390047340000 97.993835449219
62.577143 29.804661 1390047342000 97.569458007812
62.577148 29.804715 1390047344000 98.148803710938
62.57715 29.804771 1390047346000 98.071411132812
62.577152 29.804824 1390047348000 97.526611328125
62.577156 29.804883 1390047350000 98.315307617188
62.577158 29.804942 1390047352000 97.922119140625
62.577162 29.805001 1390047354000 97.903381347656
62.577177 29.805054 1390047356000 97.3681640625
62.577193 29.805101 1390047358000 96.373962402344
62.577202 29.805151 1390047360000 95.656860351562
62.577211 29.805193 1390047362000 95.394897460938
62.577223 29.805223 1390047364000 96.250793457031
62.577237 29.805259 1390047366000 97.809387207031
62.577244 29.805312 1390047368000 98.732849121094
62.577253 29.805367 1390047370000 98.647644042969
62.577255 29.805406 1390047372000 97.891357421875
62.577257 29.805444 1390047374000 98.053466796875
62.577263 29.805484 1390047376000 96.705688476562
62.577271 29.80553 1390047378000 95.781066894531
62.577281 29.805576 1390047380000 95.477966308594
62.577292 29.805618 1390047382000 94.948486328125
62.577301 29.805662 1390047384000 93.683837890625
62.577309 29.805707 1390047386000 93.907531738281
62.577316 29.805759 1390047388000 93.214294433594
62.577325 29.805804 1390047390000 94.775390625
62.577334 29.805846 1390047392000 95.859680175781
62.57734 29.805916 1390047394000 99.814758300781
62.577348 29.805977 1390047396000 99.537231445312
62.577356 29.806035 1390047398000 98.27880859375
62.57736 29.806078 1390047400000 96.871337890625
62.577365 29.806125 1390047402000 97.196472167969
62.577373 29.806168 1390047404000 96.589965820312
62.577386 29.806216 1390047406000 99.090759277344
62.577399 29.80627 1390047408000 97.658569335938
62.577407 29.806342 1390047410000 98.829833984375
62.577418 29.806396 1390047412000 96.619873046875
62.577426 29.806453 1390047414000 96.844909667969
62.577433 29.806508 1390047416000 97.919494628906
62.577437 29.806563 1390047418000 99.417175292969
62.577444 29.806614 1390047420000 99.171142578125
62.577443 29.806658 1390047422000 98.0732421875
62.57744 29.806706 1390047424000 97.384643554688
62.577441 29.806758 1390047426000 97.771728515625
62.577445 29.806775 1390047428000 92.5498046875
62.57744 29.806809 1390047430000 93.688903808594
62.577437 29.806829 1390047432000 92.451843261719
62.57743 29.806852 1390047434000 92.304138183594
62.57742 29.806879 1390047436000 92.289611816406
62.577418 29.806921 1390047438000 91.937744140625
62.577418 29.806987 1390047440000 92.810913085938
62.577421 29.807038 1390047442000 93.52099609375
62.577427 29.807097 1390047444000 94.64208984375
62.577429 29.807166 1390047446000 96.219055175781
62.57743 29.807241 1390047448000 99.259765625
62.577435 29.807294 1390047450000 96.803283691406
62.577439 29.807346 1390047452000 97.025085449219
62.577448 29.8074 1390047454000 97.581909179688
62.577456 29.807451 1390047456000 96.049560546875
62.577462 29.807511 1390047458000 96.92236328125
62.577469 29.80757 1390047460000 96.611022949219
62.577475 29.807633 1390047462000 97.902648925781
62.577486 29.807683 1390047464000 96.6201171875
62.577493 29.807725 1390047466000 96.208435058594
62.577502 29.807776 1390047468000 99.365112304688
62.577509 29.807829 1390047470000 96.212951660156
62.577528 29.807853 1390047472000 93.866821289062
62.577552 29.807871 1390047474000 94.731140136719
62.577576 29.807895 1390047476000 95.268310546875
62.5776 29.807879 1390047478000 97.066345214844
62.577626 29.807863 1390047480000 94.881958007812
62.577652 29.80787 1390047482000 94.236511230469
62.577669 29.807847 1390047484000 93.416015625
62.577678 29.807791 1390047486000 96.429077148438
62.57769 29.80775 1390047488000 98.1279296875
62.577705 29.807739 1390047490000 99.347778320312
62.577723 29.807767 1390047492000 101.13708496094
62.577742 29.807794 1390047494000 102.80413818359
62.577762 29.807814 1390047496000 103.41003417969
62.577783 29.807848 1390047498000 104.169921875
62.577802 29.807869 1390047500000 103.04498291016
62.577816 29.807896 1390047502000 104.35217285156
62.577829 29.807911 1390047504000 103.15454101562
62.577834 29.807913 1390047506000 99.264953613281
62.577808 29.807929 1390047508000 100.55114746094
62.577786 29.80796 1390047510000 100.66448974609
62.57777 29.808 1390047512000 100.48419189453
62.57777 29.80803 1390047514000 99.673156738281
62.577801 29.808019 1390047516000 96.441772460938
62.577833 29.808005 1390047518000 97.015563964844
62.577853 29.807989 1390047520000 94.747863769531
62.577836 29.807925 1390047522000 96.483947753906
62.577828 29.807899 1390047524000 95.973022460938
62.577837 29.80794 1390047526000 96.339660644531
62.577845 29.80792 1390047528000 95.425964355469
62.577844 29.807899 1390047530000 94.755126953125
62.577841 29.807901 1390047532000 95.625061035156
62.577852 29.807907 1390047534000 97.722412109375
62.57786 29.807908 1390047536000 95.235229492188
62.577865 29.80793 1390047538000 95.42529296875
62.577887 29.807945 1390047540000 94.252868652344
62.577916 29.807862 1390047542000 90.565307617188
62.577939 29.807743 1390047544000 90.256652832031
62.577937 29.807685 1390047546000 87.104064941406
62.57792 29.807681 1390047548000 85.661254882812
62.577912 29.807696 1390047550000 89.213562011719
62.577906 29.807698 1390047552000 89.435119628906
62.577899 29.807707 1390047554000 88.703979492188
62.577892 29.807718 1390047556000 87.909545898438
62.577891 29.80773 1390047558000 87.14794921875
62.577888 29.807719 1390047560000 86.582214355469
62.577892 29.80771 1390047562000 87.697082519531
62.577895 29.807729 1390047564000 87.961669921875
62.577896 29.807744 1390047566000 91.355651855469
62.577897 29.807768 1390047568000 91.869567871094
62.5779 29.807798 1390047570000 91.355285644531
62.577908 29.807809 1390047572000 91.685791015625
62.5779 29.80783 1390047574000 89.350341796875
62.5779 29.80783 1390047576000 91.725341796875
62.5779 29.80783 1390047578000 92.320617675781
62.5779 29.80783 1390047580000 91.008361816406
62.5779 29.80783 1390047582000 90.466674804688
62.5779 29.80783 1390047584000 89.468322753906
62.5779 29.80783 1390047585000 89.8505859375
62.5779 29.80783 1390047588000 89.974304199219
62.5779 29.80783 1390047590000 89.425598144531
62.5779 29.80783 1390047592000 89.518371582031
62.5779 29.80783 1390047594000 89.160705566406
62.5779 29.80783 1390047596000 89.436889648438
62.5779 29.80783 1390047598000 89.168273925781
62.5779 29.80783 1390047600000 88.950012207031
62.5779 29.80783 1390047602000 88.885192871094
62.5779 29.80783 1390047604000 88.818725585938
62.5779 29.80783 1390047606000 88.758605957031
62.5779 29.80783 1390047608000 88.714233398438
62.5779 29.80783 1390047610000 89.50732421875
62.577865 29.807891 1390047612000 89.343872070312
62.577865 29.807891 1390047614000 89.077575683594
62.577865 29.807891 1390047616000 88.916625976562
62.577865 29.807891 1390047618000 88.8525390625
62.577865 29.807891 1390047620000 88.801208496094
62.577865 29.807891 1390047622000 88.745849609375
62.577865 29.807891 1390047624000 88.734619140625
62.577865 29.807891 1390047626000 89.518737792969
62.577865 29.807891 1390047628000 89.351013183594
62.577865 29.807891 1390047630000 89.132263183594
62.577865 29.807891 1390047632000 88.983703613281
62.577865 29.807891 1390047634000 88.914794921875
62.577865 29.807891 1390047636000 88.803527832031
62.577865 29.807891 1390047638000 88.766479492188
62.577865 29.807891 1390047640000 88.941345214844
62.577865 29.807891 1390047642000 89.32666015625
62.577865 29.807891 1390047644000 89.147766113281
62.577865 29.807891 1390047646000 89.027099609375
62.577865 29.807891 1390047648000 88.914001464844
62.577865 29.807891 1390047650000 88.782592773438
62.577865 29.807891 1390047652000 88.749938964844
62.577865 29.807891 1390047654000 88.73193359375
62.577865 29.807891 1390047656000 89.605834960938
62.577865 29.807891 1390047657000 89.455017089844
62.577865 29.807891 1390047660000 89.023559570312
62.577865 29.807891 1390047662000 88.899963378906
62.577865 29.807891 1390047664000 88.861999511719
62.577865 29.807891 1390047666000 88.791564941406
62.577865 29.807891 1390047667000 88.778442382812
62.577865 29.807891 1390047670000 88.939636230469
62.577865 29.807891 1390047672000 89.197326660156
62.577865 29.807891 1390047674000 89.0751953125
62.577865 29.807891 1390047676000 88.943420410156
62.577865 29.807891 1390047677000 88.900634765625
62.577865 29.807891 1390047680000 88.83740234375
62.577865 29.807891 1390047681000 88.821960449219
62.577865 29.807891 1390047684000 88.789306640625
62.577865 29.807891 1390047686000 89.853149414062
62.577865 29.807891 1390047688000 90.128723144531
62.577865 29.807891 1390047690000 89.615844726562
62.577865 29.807891 1390047692000 89.260192871094
62.577865 29.807891 1390047694000 89.1240234375
62.577865 29.807891 1390047696000 88.943420410156
62.577865 29.807891 1390047697000 88.893005371094
62.577865 29.807891 1390047700000 89.069885253906
62.577865 29.807891 1390047702000 89.249572753906
62.577834 29.807963 1390047704000 89.089965820312
62.577834 29.807963 1390047706000 88.943725585938
62.577834 29.807963 1390047708000 88.895446777344
62.577834 29.807963 1390047709000 88.875305175781
62.577834 29.807963 1390047712000 88.815551757812
62.577834 29.807963 1390047714000 88.763488769531
62.577834 29.807963 1390047716000 89.984619140625
62.577834 29.807963 1390047718000 89.319885253906
62.577834 29.807963 1390047720000 89.045837402344
62.577834 29.807963 1390047722000 88.890014648438
62.577834 29.807963 1390047724000 88.816223144531
62.577834 29.807963 1390047726000 88.752746582031
62.577834 29.807963 1390047728000 88.6982421875
62.577834 29.807963 1390047730000 89.385375976562
62.577834 29.807963 1390047732000 89.300720214844
62.577834 29.807963 1390047734000 89.0693359375
62.577834 29.807963 1390047736000 88.935668945312
62.577834 29.807963 1390047738000 88.818481445312
62.577834 29.807963 1390047740000 88.765319824219
62.577834 29.807963 1390047742000 88.751831054688
62.577834 29.807963 1390047744000 88.743103027344
62.577834 29.807963 1390047745000 88.747741699219
62.577834 29.807963 1390047748000 89.049438476562
62.577834 29.807963 1390047750000 88.924987792969
62.577834 29.807963 1390047752000 88.868591308594
62.577834 29.807963 1390047754000 89.987365722656
62.577834 29.807963 1390047756000 89.555908203125