62.570823 29.793357 1393678248000 101.79150390625
62.570823 29.793357 1393678250000 101.62902832031
62.570823 29.793357 1393678252000 101.62066650391
62.570823 29.793357 1393678254000 102.09173583984
62.570823 29.793357 1393678256000 102.18762207031
62.570829 29.793353 1393678258000 101.98663330078
62.570832 29.793334 1393678260000 99.873168945312
62.570843 29.793308 1393678262000 96.533752441406
62.570857 29.793295 1393678264000 96.541625976562
62.570873 29.793285 1393678266000 94.380859375
62.570882 29.79327 1393678267000 93.274597167969
62.570925 29.793199 1393678270000 92.069580078125
62.570953 29.793174 1393678272000 91.809875488281
62.57098 29.793155 1393678274000 92.093811035156
62.570987 29.793146 1393678276000 92.387573242188
62.570987 29.793146 1393678277000 92.428894042969
62.570991 29.793109 1393678280000 88.718017578125
62.571012 29.79307 1393678282000 88.217468261719
62.571034 29.793035 1393678284000 87.486633300781
62.571045 29.793021 1393678285000 87.307373046875
62.571079 29.792986 1393678288000 85.759643554688
62.571101 29.792958 1393678290000 84.364379882812
62.571128 29.792944 1393678292000 82.238342285156
62.571157 29.792938 1393678294000 81.365661621094
62.571171 29.792936 1393678295000 80.534790039062
62.571196 29.792928 1393678297000 78.723510742188
62.571232 29.792909 1393678300000 79.474426269531
62.571251 29.792883 1393678302000 82.560791015625
62.571271 29.792833 1393678304000 85.751037597656
62.571293 29.792791 1393678306000 85.50390625
62.571318 29.792748 1393678308000 87.013793945312
62.571346 29.792738 1393678310000 86.853332519531
62.571369 29.792717 1393678312000 88.044677734375
62.571379 29.792706 1393678313000 88.832580566406
62.571544 29.792466 1393678328000 85.428100585938
62.571572 29.792431 1393678330000 85.199584960938
62.571599 29.792396 1393678332000 84.678466796875
62.571624 29.79236 1393678334000 85.353698730469
62.571649 29.79233 1393678336000 84.420349121094
62.571674 29.792299 1393678338000 82.998474121094
62.571699 29.792273 1393678340000 84.006225585938
62.571726 29.792251 1393678342000 83.318298339844
62.571751 29.792229 1393678344000 83.007385253906
62.571775 29.792202 1393678346000 83.169921875
62.571787 29.792178 1393678347000 84.52197265625
62.571819 29.792117 1393678350000 87.282836914062
62.571836 29.792072 1393678352000 85.395446777344
62.571844 29.792053 1393678353000 85.154418945312
62.571874 29.791997 1393678356000 83.222839355469
62.571884 29.791973 1393678357000 84.173522949219
62.57193 29.791932 1393678360000 84.461791992188
62.571967 29.791923 1393678362000 82.771911621094
62.572003 29.791916 1393678364000 82.771179199219
62.572037 29.791891 1393678366000 82.624877929688
62.572067 29.791859 1393678368000 83.060302734375
62.572091 29.791812 1393678370000 78.559631347656
62.572111 29.791766 1393678372000 78.921203613281
62.572132 29.791724 1393678374000 80.750610351562
62.572154 29.791685 1393678376000 81.846740722656
62.572165 29.791665 1393678377000 82.393859863281
62.5722 29.791619 1393678380000 81.652893066406
62.572228 29.791601 1393678382000 81.827880859375
62.57226 29.791574 1393678384000 83.39306640625
62.572294 29.791553 1393678386000 83.228454589844
62.572325 29.791534 1393678388000 86.782470703125
62.572358 29.791518 1393678390000 87.316284179688
62.572378 29.791508 1393678391000 86.592895507812
62.572411 29.791473 1393678393000 82.459350585938
62.572449 29.791412 1393678396000 76.827087402344
62.57247 29.791373 1393678398000 74.450805664062
62.572486 29.791345 1393678400000 74.17529296875
62.572499 29.791326 1393678402000 76.502197265625
62.572514 29.79131 1393678404000 78.483642578125
62.572534 29.791297 1393678406000 79.403869628906
62.572558 29.791284 1393678408000 79.908386230469
62.572572 29.791279 1393678409000 79.866638183594
62.572596 29.791252 1393678411000 82.764282226562
62.572641 29.791199 1393678414000 81.69189453125
62.572672 29.791151 1393678416000 83.166870117188
62.572705 29.791106 1393678418000 84.619506835938
62.572742 29.791068 1393678420000 83.915222167969
62.572782 29.791039 1393678422000 83.276794433594
62.572818 29.791015 1393678424000 84.520202636719
62.57285 29.790997 1393678426000 84.950317382812
62.572867 29.790993 1393678427000 83.421020507812
62.57291 29.790968 1393678430000 83.886657714844
62.572923 29.790956 1393678431000 83.907104492188
62.572955 29.790895 1393678434000 84.6455078125
62.572963 29.790878 1393678435000 84.607604980469
62.572984 29.790835 1393678438000 83.782653808594
62.573003 29.790818 1393678440000 81.995849609375
62.573023 29.790812 1393678442000 81.001647949219
62.573044 29.790805 1393678444000 79.999694824219
62.573064 29.790787 1393678446000 78.666687011719
62.573075 29.790774 1393678447000 79.008544921875
62.573102 29.790751 1393678449000 77.606018066406
62.573141 29.790725 1393678452000 79.5693359375
62.573163 29.790706 1393678454000 79.462341308594
62.573183 29.790676 1393678456000 79.521301269531
62.573204 29.790641 1393678458000 80.260131835938
62.573235 29.790614 1393678460000 80.259338378906
62.573271 29.790604 1393678462000 78.216613769531
62.573302 29.790592 1393678464000 78.757080078125
62.573329 29.790562 1393678466000 78.902221679688
62.573354 29.790532 1393678468000 78.3330078125
62.573366 29.790514 1393678469000 78.673828125
62.573393 29.79049 1393678471000 78.121276855469
62.573445 29.79044 1393678474000 80.433532714844
62.573465 29.790425 1393678475000 81.258117675781
62.573503 29.790394 1393678477000 82.309997558594
62.573554 29.790354 1393678480000 80.845825195312
62.573583 29.790314 1393678482000 79.960632324219
62.57361 29.79028 1393678484000 78.276611328125
62.573635 29.790238 1393678486000 77.656982421875
62.57365 29.79022 1393678487000 76.120727539062
62.573693 29.790158 1393678490000 76.021179199219
62.573724 29.790117 1393678492000 76.995971679688
62.573752 29.790072 1393678494000 78.274169921875
62.573764 29.790045 1393678495000 78.072998046875
62.573783 29.790004 1393678497000 77.534790039062
62.5738 29.78993 1393678500000 77.607116699219
62.57381 29.789884 1393678502000 76.529357910156
62.573829 29.789842 1393678504000 78.683654785156
62.573856 29.789808 1393678506000 78.732482910156
62.573892 29.789789 1393678508000 79.313415527344
62.573912 29.789781 1393678509000 79.082153320312
62.573951 29.789758 1393678511000 80.441467285156
62.573984 29.789724 1393678513000 81.384948730469
62.574021 29.789659 1393678516000 80.627197265625
62.574037 29.789612 1393678518000 81.589965820312
62.574051 29.789571 1393678520000 82.10791015625
62.574063 29.789531 1393678522000 83.487426757812
62.574085 29.789509 1393678524000 82.647644042969
62.574112 29.789482 1393678526000 82.1943359375
62.574141 29.789463 1393678528000 82.714294433594
62.574155 29.789452 1393678529000 82.4599609375
62.574175 29.789388 1393678531000 85.903869628906
62.574204 29.789304 1393678534000 87.171936035156
62.574224 29.789266 1393678536000 86.557556152344
62.574243 29.789233 1393678538000 85.70751953125
62.574261 29.789195 1393678540000 85.808837890625
62.574276 29.789165 1393678542000 86.281921386719
62.574294 29.789131 1393678544000 86.46826171875
62.574318 29.789103 1393678546000 86.489074707031
62.574344 29.789073 1393678548000 86.377258300781
62.574355 29.789054 1393678549000 86.375244140625
62.574386 29.788992 1393678552000 84.707153320312
62.574404 29.788942 1393678554000 83.302734375
62.574426 29.788912 1393678556000 82.74609375
62.574447 29.788882 1393678558000 81.515075683594
62.574465 29.788843 1393678560000 82.683349609375
62.574483 29.788798 1393678562000 82.397583007812
62.574496 29.78874 1393678564000 84.127807617188
62.574511 29.78872 1393678566000 81.697814941406
62.574519 29.788701 1393678568000 82.2275390625
62.574519 29.788709 1393678570000 82.416625976562
62.574517 29.788702 1393678572000 82.5732421875
62.574512 29.788686 1393678574000 81.32666015625
62.574511 29.788671 1393678576000 80.301086425781
62.574512 29.788694 1393678578000 81.312866210938
62.574512 29.788694 1393678580000 81.747009277344
62.574512 29.788694 1393678582000 81.987121582031
62.574487 29.788708 1393678584000 82.139404296875
62.57448 29.788747 1393678586000 82.574035644531
62.574472 29.788784 1393678588000 81.44384765625
62.57445 29.788808 1393678590000 80.867248535156
62.574429 29.788837 1393678592000 81.743774414062
62.574418 29.78885 1393678593000 81.11962890625
62.574389 29.788901 1393678596000 81.344604492188
62.574373 29.788927 1393678598000 79.858215332031
62.574354 29.788953 1393678600000 79.531188964844
62.574341 29.789001 1393678602000 81.527404785156
62.574333 29.789051 1393678604000 81.800354003906
62.574311 29.789084 1393678606000 81.990661621094
62.574284 29.789108 1393678608000 81.576721191406
62.574258 29.789148 1393678610000 81.824035644531
62.574235 29.789183 1393678612000 81.504028320312
62.574215 29.789217 1393678614000 82.18505859375
62.574195 29.789248 1393678616000 82.472045898438
62.574173 29.78928 1393678618000 82.067199707031
62.57415 29.789315 1393678620000 81.343811035156
62.574131 29.789345 1393678622000 80.804626464844
62.574115 29.789375 1393678624000 80.546264648438
62.57411 29.789393 1393678625000 81.099853515625
62.574094 29.789448 1393678628000 80.467590332031
62.57407 29.789488 1393678630000 79.823486328125
62.574042 29.789527 1393678632000 79.699768066406
62.574012 29.789569 1393678634000 80.020874023438
62.573978 29.789622 1393678636000 79.699157714844
62.573941 29.789677 1393678638000 79.821228027344
62.573905 29.789725 1393678640000 81.20556640625
62.57387 29.789761 1393678642000 80.097778320312
62.573841 29.78979 1393678644000 80.971313476562
62.573818 29.789812 1393678646000 81.530090332031
62.573798 29.789841 1393678648000 79.364013671875
62.573791 29.789856 1393678649000 80.090270996094
62.573783 29.789894 1393678651000 78.608276367188
62.573777 29.789946 1393678653000 78.092529296875
62.573769 29.790002 1393678655000 78.0087890625
62.57374 29.790061 1393678658000 78.629455566406
62.57373 29.79008 1393678659000 79.841552734375
62.573699 29.790125 1393678662000 78.185546875
62.573681 29.790151 1393678664000 79.411926269531
62.57367 29.790163 1393678665000 78.146789550781
62.573655 29.790199 1393678667000 79.684387207031
62.573634 29.790228 1393678669000 81.018798828125
62.573599 29.790263 1393678672000 79.551635742188
62.57357 29.790285 1393678674000 80.562622070312
62.573538 29.7903 1393678676000 81.4765625
62.57351 29.790323 1393678678000 81.976318359375
62.573481 29.790351 1393678680000 82.746032714844
62.573452 29.790379 1393678682000 81.1767578125
62.573424 29.790408 1393678684000 80.896240234375
62.573393 29.79043 1393678686000 81.974304199219
62.573377 29.790437 1393678687000 82.486877441406
62.573346 29.790466 1393678689000 80.766296386719
62.573311 29.790518 1393678692000 80.5166015625
62.573302 29.790555 1393678693000 79.536193847656
62.573255 29.790621 1393678696000 81.010498046875
62.573227 29.790654 1393678698000 80.553649902344
62.573186 29.790677 1393678700000 80.066650390625
62.573156 29.7907 1393678702000 78.4033203125
62.573123 29.790728 1393678704000 79.618774414062
62.573092 29.790756 1393678706000 77.243896484375
62.57306 29.790781 1393678708000 76.321228027344
62.573031 29.790805 1393678710000 76.433837890625
62.573007 29.790824 1393678712000 76.380554199219
62.572996 29.790838 1393678713000 76.106811523438
62.572975 29.790879 1393678715000 74.1357421875
62.572943 29.79093 1393678718000 72.672485351562
62.572918 29.790954 1393678720000 73.379516601562
62.572891 29.790971 1393678722000 74.582153320312
62.572873 29.790994 1393678724000 72.436889648438
62.572853 29.791018 1393678726000 71.670532226562
62.572824 29.791045 1393678728000 72.139038085938
62.572808 29.791051 1393678729000 73.569946289062
62.572745 29.791076 1393678732000 78.009399414062
62.572705 29.791103 1393678734000 76.341186523438
62.57268 29.791124 1393678736000 75.292846679688
62.572664 29.791129 1393678738000 76.539672851562
62.572641 29.791142 1393678740000 75.477111816406
62.572617 29.791159 1393678742000 74.85693359375
62.572592 29.791213 1393678744000 77.55224609375
62.572573 29.791254 1393678746000 78.057556152344
62.572554 29.791271 1393678748000 79.304626464844
62.572536 29.791295 1393678750000 79.776306152344
62.57252 29.791329 1393678752000 79.651733398438
62.572509 29.791348 1393678753000 79.3447265625
62.572478 29.791409 1393678756000 78.423461914062
62.572458 29.791442 1393678758000 77.053955078125
62.572441 29.791464 1393678760000 76.187744140625
62.572422 29.791489 1393678762000 75.777038574219
62.5724 29.791512 1393678764000 75.59033203125
62.572376 29.791535 1393678766000 76.165649414062
62.572348 29.791559 1393678768000 76.7294921875
62.572318 29.791572 1393678770000 77.138977050781
62.572301 29.791568 1393678772000 77.052917480469
62.572263 29.791569 1393678773000 79.039794921875
62.572207 29.791597 1393678776000 77.37109375
62.572189 29.791615 1393678777000 76.113464355469
62.572145 29.791676 1393678780000 76.389709472656
62.572117 29.791721 1393678782000 76.724731445312
62.572097 29.791759 1393678784000 75.445068359375
62.572078 29.791796 1393678786000 74.736572265625
62.572067 29.791795 1393678787000 75.055358886719
62.572033 29.791818 1393678790000 80.784973144531
62.572028 29.791827 1393678791000 80.064819335938
62.572033 29.79183 1393678793000 78.55126953125
62.572038 29.791831 1393678795000 78.741394042969
62.572057 29.791822 1393678797000 79.623229980469
62.572076 29.791789 1393678799000 79.410400390625
62.572101 29.791755 1393678802000 78.413696289062
62.572131 29.79172 1393678803000 77.474609375
62.572158 29.791684 1393678805000 79.175537109375
62.572178 29.791644 1393678807000 79.034790039062
62.572201 29.791597 1393678810000 79.507019042969
62.572216 29.791568 1393678812000 80.048828125
62.572233 29.791536 1393678814000 80.250732421875
62.572248 29.7915 1393678816000 81.809143066406
62.572257 29.791487 1393678817000 83.319580078125
62.572276 29.791437 1393678820000 81.453002929688
62.572299 29.791413 1393678822000 82.133666992188
62.572318 29.791385 1393678824000 81.427368164062
62.572338 29.791368 1393678826000 81.894897460938
62.572359 29.791354 1393678828000 82.433898925781
62.572381 29.791347 1393678830000 82.129028320312
62.572399 29.791343 1393678832000 80.935546875
62.572408 29.791356 1393678833000 80.953552246094
62.572431 29.791378 1393678836000 81.405334472656
62.572435 29.791382 1393678838000 81.082092285156
62.572435 29.791382 1393678839000 80.56201171875
62.572435 29.791382 1393678841000 81.291687011719
62.572435 29.791382 1393678843000 82.087524414062
62.572435 29.791382 1393678845000 81.882446289062
62.57241 29.791409 1393678848000 81.647888183594
62.57241 29.791409 1393678850000 80.444580078125
62.57241 29.791409 1393678852000 79.797790527344
62.57241 29.791409 1393678854000 79.619689941406
62.57241 29.791409 1393678856000 79.958374023438
62.57241 29.791409 1393678857000 79.924377441406
62.57241 29.791409 1393678860000 79.465393066406
62.57241 29.791409 1393678862000 79.739440917969
62.57241 29.791409 1393678864000 79.60791015625
62.57241 29.791409 1393678866000 80.022216796875
62.57241 29.791409 1393678868000 80.266723632812
62.57241 29.791409 1393678870000 80.235595703125
62.57241 29.791409 1393678871000 80.3291015625
62.57241 29.791409 1393678873000 80.328857421875
62.57241 29.791409 1393678875000 80.387390136719
62.57241 29.791409 1393678877000 80.376770019531
62.57241 29.791409 1393678880000 80.495910644531
62.57241 29.791409 1393678882000 80.602844238281
62.57241 29.791409 1393678883000 80.602844238281
62.57241 29.791409 1393678886000 80.745483398438
62.57241 29.791409 1393678888000 80.752075195312
62.57241 29.791409 1393678890000 80.753784179688
62.57241 29.791409 1393678892000 80.758117675781
62.57244 29.791423 1393678894000 80.770385742188
62.57244 29.791423 1393678896000 81.768249511719
62.57244 29.791423 1393678897000 81.729858398438
62.572452 29.791461 1393678899000 83.727600097656
62.572453 29.79149 1393678902000 85.405334472656
62.572453 29.791497 1393678903000 84.571350097656
62.572453 29.791517 1393678905000 83.810729980469
62.572454 29.791552 1393678907000 86.4189453125
62.572445 29.791617 1393678910000 86.632934570312
62.572435 29.791651 1393678912000 85.793823242188
62.572432 29.791663 1393678913000 85.403564453125
62.572422 29.791682 1393678915000 85.730529785156
62.572408 29.791694 1393678917000 87.153869628906
62.572399 29.791706 1393678919000 86.828430175781
62.572389 29.791749 1393678922000 87.132751464844
62.572388 29.791771 1393678923000 87.028747558594
62.572394 29.791807 1393678925000 87.153076171875
62.572392 29.791849 1393678928000 88.969421386719
62.572392 29.791849 1393678929000 86.909729003906
62.572392 29.791849 1393678932000 87.051513671875
62.572392 29.791849 1393678933000 86.376159667969
62.572392 29.791849 1393678936000 85.745788574219
62.572392 29.791849 1393678938000 85.523376464844
62.572392 29.791849 1393678940000 85.562438964844
62.572392 29.791849 1393678942000 85.205322265625
62.572392 29.791849 1393678944000 85.425170898438
62.572392 29.791849 1393678946000 85.383728027344
62.572392 29.791849 1393678947000 85.3115234375
62.572392 29.791849 1393678950000 85.453857421875
62.57242 29.791855 1393678952000 84.813537597656
62.572422 29.791869 1393678954000 85.630126953125
62.572423 29.79189 1393678956000 85.48974609375
62.572424 29.791902 1393678957000 86.0322265625
62.57242 29.791936 1393678960000 85.040405273438
62.572419 29.791945 1393678961000 85.351928710938
62.572413 29.791974 1393678964000 84.714111328125
62.572411 29.791988 1393678965000 84.2275390625
62.572408 29.79205 1393678967000 84.040771484375
62.572411 29.792095 1393678969000 84.559448242188
62.572435 29.79215 1393678972000 81.636840820312
62.572442 29.792163 1393678973000 81.869384765625
62.572458 29.792179 1393678975000 79.932006835938
62.572479 29.792183 1393678978000 82.350708007812
62.572486 29.792179 1393678979000 82.410522460938
62.572496 29.792157 1393678981000 82.382629394531
62.572498 29.792147 1393678984000 80.321899414062
62.572498 29.792147 1393678986000 80.816467285156
62.572498 29.792147 1393678988000 81.690673828125
62.572498 29.792147 1393678989000 80.828247070312
62.572464 29.792081 1393678992000 80.766357421875
62.572464 29.792081 1393678994000 81.325744628906
62.572464 29.792081 1393678996000 81.494812011719
62.572468 29.792084 1393678998000 82.0615234375
62.572468 29.792084 1393679000000 82.418701171875
62.572468 29.792084 1393679002000 80.288757324219
62.572468 29.792084 1393679004000 80.283203125
62.572468 29.792084 1393679006000 80.31005859375
62.572468 29.792084 1393679007000 80.02294921875
62.572494 29.792166 1393679010000 80.171020507812
62.57249 29.792229 1393679012000 79.104125976562
62.572488 29.792295 1393679014000 80.515197753906
62.572487 29.792376 1393679016000 82.028442382812
62.572484 29.792437 1393679018000 79.700805664062
62.572482 29.792507 1393679020000 77.286987304688
62.572481 29.792574 1393679022000 76.499755859375
62.572477 29.792621 1393679024000 75.616821289062
62.572473 29.792665 1393679026000 76.185546875
62.572465 29.792714 1393679028000 76.529846191406
62.572462 29.792766 1393679030000 78.538024902344
62.572462 29.792816 1393679032000 77.708068847656
62.57246 29.792871 1393679034000 78.893615722656
62.572453 29.792917 1393679036000 77.251342773438
62.572443 29.79296 1393679038000 78.781616210938
62.572424 29.793011 1393679040000 80.184326171875
62.572407 29.793065 1393679042000 80.064575195312
62.572392 29.793127 1393679044000 80.947814941406
62.572382 29.793194 1393679046000 82.293090820312
62.572377 29.793256 1393679048000 82.288818359375
62.572374 29.793314 1393679050000 82.494140625
62.572373 29.79337 1393679052000 83.543090820312
62.572364 29.793442 1393679054000 87.019714355469
62.572359 29.793473 1393679055000 86.905029296875
62.572347 29.793548 1393679057000 90.595336914062
62.572336 29.79362 1393679059000 87.759521484375
62.572326 29.793734 1393679062000 91.110534667969
62.572327 29.793775 1393679063000 91.394836425781
62.572334 29.793889 1393679066000 85.631225585938
62.572328 29.793939 1393679068000 83.41259765625
62.572323 29.793995 1393679070000 85.284545898438
62.572327 29.794056 1393679072000 84.642944335938
62.57233 29.794087 1393679073000 85.044677734375
62.572343 29.79414 1393679075000 84.960632324219
62.572347 29.794194 1393679077000 86.535278320312
62.572346 29.794259 1393679079000 88.077514648438
62.572352 29.794335 1393679081000 87.676879882812
62.572338 29.794414 1393679084000 84.812194824219
62.57234 29.794459 1393679086000 81.946838378906
62.572336 29.794482 1393679087000 82.15673828125
62.572321 29.794566 1393679090000 82.967834472656
62.572313 29.794631 1393679092000 84.0576171875
62.572313 29.794665 1393679093000 85.846313476562
62.572312 29.79472 1393679095000 85.879333496094
62.572305 29.794773 1393679097000 86.298034667969
62.572316 29.794829 1393679100000 84.378234863281
62.572328 29.794909 1393679102000 84.416809082031
62.572333 29.794963 1393679104000 82.675598144531
62.572334 29.79499 1393679105000 81.541625976562
62.572345 29.795038 1393679107000 82.888671875
62.572354 29.795084 1393679109000 83.560302734375
62.572357 29.795139 1393679111000 82.401733398438
62.572356 29.795189 1393679113000 81.744934082031
62.57236 29.795247 1393679115000 81.98095703125
62.57237 29.795345 1393679118000 81.69677734375
62.572376 29.795373 1393679119000 81.212890625
62.572388 29.795457 1393679122000 81.257019042969
62.572404 29.795497 1393679124000 80.272827148438
62.572426 29.795546 1393679126000 81.601379394531
62.572449 29.795594 1393679128000 82.201110839844
62.57246 29.795617 1393679130000 82.380615234375
62.57249 29.795686 1393679132000 82.482360839844
62.572499 29.795708 1393679133000 83.337097167969
62.572521 29.795787 1393679136000 83.512939453125
62.572535 29.795834 1393679138000 82.154541015625
62.572541 29.795858 1393679139000 82.245788574219
62.572554 29.795907 1393679141000 82.462524414062
62.572571 29.795962 1393679143000 82.527587890625
62.572597 29.796038 1393679146000 80.483947753906
62.572621 29.796057 1393679148000 79.69921875
62.572632 29.796065 1393679149000 80.083679199219
62.57265 29.796073 1393679151000 80.874938964844
62.57266 29.796091 1393679153000 83.08935546875
62.572679 29.796129 1393679156000 88.074096679688
62.572698 29.796155 1393679158000 88.3603515625
62.572706 29.796173 1393679160000 88.18017578125
62.572728 29.796236 1393679162000 87.809509277344
62.572738 29.796274 1393679164000 87.772216796875
62.572755 29.796305 1393679166000 85.168823242188
62.572761 29.796321 1393679167000 84.934387207031
62.572787 29.796368 1393679170000 88.821594238281
62.572796 29.796382 1393679171000 88.39111328125
62.572831 29.796419 1393679174000 94.7373046875
62.572853 29.796467 1393679176000 94.13818359375
62.57287 29.796509 1393679178000 94.503723144531
62.57288 29.79652 1393679179000 94.532409667969
62.572896 29.796542 1393679181000 93.933959960938
62.572909 29.796573 1393679183000 93.48779296875
62.57292 29.796602 1393679185000 92.372985839844
62.572936 29.796637 1393679188000 90.795837402344
62.572936 29.796637 1393679189000 90.328247070312
62.572936 29.796637 1393679192000 91.149719238281
62.572936 29.796637 1393679194000 90.653930664062
62.572936 29.796637 1393679196000 90.311096191406
62.572936 29.796637 1393679198000 90.405456542969
62.572936 29.796637 1393679199000 91.159606933594
62.572936 29.796637 1393679202000 90.86572265625
62.572936 29.796637 1393679204000 91.621032714844
62.572936 29.796637 1393679206000 91.770812988281
62.572936 29.796637 1393679208000 91.8115234375
62.572936 29.796637 1393679209000 91.841064453125
62.572946 29.796641 1393679212000 92.21875
62.572949 29.796651 1393679213000 91.934997558594
62.572965 29.7967 1393679216000 89.772277832031
62.572975 29.796739 1393679218000 88.707275390625
62.572981 29.796767 1393679220000 90.189025878906
62.572992 29.796778 1393679221000 91.026916503906
62.573012 29.796823 1393679223000 91.276245117188
62.573069 29.79695 1393679226000 92.377746582031
62.573105 29.797056 1393679228000 92.111145019531
62.573115 29.797091 1393679229000 92.017211914062
62.573126 29.797166 1393679231000 89.830505371094
62.573138 29.797261 1393679233000 87.865417480469
62.573158 29.797349 1393679235000 88.31689453125
62.573189 29.797397 1393679238000 85.189208984375
62.57319 29.797414 1393679239000 83.480285644531
62.573186 29.797488 1393679241000 84.426025390625
62.573185 29.797578 1393679243000 85.355346679688
62.573193 29.797665 1393679245000 87.565490722656
62.573199 29.79774 1393679247000 83.48095703125
62.573206 29.797784 1393679249000 84.166564941406
62.573213 29.797817 1393679251000 82.06591796875
62.573198 29.797833 1393679254000 81.379272460938
62.573176 29.797774 1393679256000 83.353271484375
62.57317 29.797708 1393679257000 84.295532226562
62.57316 29.79766 1393679260000 84.692810058594
62.573159 29.797651 1393679262000 83.7392578125
62.573159 29.797651 1393679263000 83.844909667969
62.573159 29.797651 1393679265000 83.636291503906
62.573159 29.797651 1393679267000 84.08251953125
62.573159 29.797651 1393679269000 85.145080566406
62.573159 29.797651 1393679272000 85.039001464844
62.573159 29.797651 1393679273000 84.996765136719
62.573167 29.797627 1393679275000 85.623229980469
62.573177 29.797621 1393679277000 87.37353515625
62.573177 29.797666 1393679280000 88.584106445312
62.573179 29.797699 1393679282000 89.065490722656
62.573185 29.797732 1393679284000 87.082092285156
62.57319 29.79776 1393679286000 90.08056640625
62.573181 29.797833 1393679290000 87.509399414062
62.573182 29.797865 1393679292000 87.005432128906
62.57318 29.797889 1393679293000 88.519409179688
62.573183 29.797926 1393679295000 86.939453125
62.573184 29.797967 1393679297000 84.6552734375
62.573185 29.798013 1393679299000 83.446716308594
62.573183 29.798067 1393679301000 83.618103027344
62.573181 29.798122 1393679303000 83.478759765625
62.573179 29.798184 1393679305000 84.6728515625
62.573175 29.798248 1393679307000 84.339233398438
62.573174 29.798313 1393679309000 86.569580078125
62.573176 29.798375 1393679312000 86.647216796875
62.573177 29.798431 1393679313000 86.793029785156
62.57318 29.798486 1393679315000 87.5634765625
62.573182 29.798535 1393679317000 88.025512695312
62.573186 29.798586 1393679319000 85.561767578125
62.573198 29.798675 1393679322000 88.212280273438
62.573203 29.798706 1393679323000 87.600402832031
62.573207 29.798772 1393679325000 88.020751953125
62.57321 29.798868 1393679328000 86.914733886719
62.573206 29.798926 1393679330000 86.588439941406
62.573204 29.798954 1393679331000 86.787048339844
62.573196 29.799048 1393679334000 87.957458496094
62.573197 29.799072 1393679335000 87.457336425781
62.573205 29.799124 1393679337000 85.637023925781
62.573213 29.799181 1393679339000 86.6328125
62.573218 29.799241 1393679342000 87.59619140625
62.573218 29.799329 1393679344000 85.785827636719
62.573219 29.799354 1393679345000 86.094604492188
62.573226 29.799397 1393679347000 85.331298828125
62.57323 29.799437 1393679349000 86.811279296875
62.573228 29.79949 1393679351000 86.652160644531
62.573223 29.79958 1393679354000 88.513000488281
62.573222 29.799615 1393679355000 88.569580078125
62.57322 29.799686 1393679357000 88.950805664062
62.573219 29.799755 1393679359000 88.9453125
62.573216 29.799826 1393679361000 89.642150878906
62.573216 29.799885 1393679363000 89.962036132812
62.573216 29.799932 1393679365000 87.887390136719
62.573216 29.799976 1393679367000 88.397216796875
62.573215 29.800026 1393679369000 87.001525878906
62.573211 29.800075 1393679372000 85.955993652344
62.57321 29.800145 1393679374000 85.589111328125
62.573215 29.800169 1393679375000 85.986328125
62.573229 29.800218 1393679377000 88.306823730469
62.573236 29.800292 1393679379000 88.749694824219
62.573234 29.800359 1393679381000 87.858276367188
62.573228 29.800414 1393679383000 88.969299316406
62.57323 29.800465 1393679385000 89.493591308594
62.573232 29.800526 1393679387000 90.76025390625
62.573225 29.800618 1393679390000 89.798461914062
62.573229 29.800652 1393679391000 89.224914550781
62.573244 29.800741 1393679394000 89.184387207031
62.573249 29.800769 1393679395000 88.701171875
62.573259 29.800848 1393679398000 90.126953125
62.573258 29.800875 1393679399000 88.72412109375
62.573258 29.80093 1393679402000 88.031433105469
62.573255 29.800983 1393679403000 87.23974609375
62.573254 29.801037 1393679405000 89.214111328125
62.573254 29.801096 1393679407000 89.152099609375
62.573255 29.801151 1393679409000 87.130187988281
62.573258 29.801199 1393679411000 87.577575683594
62.573257 29.801249 1393679413000 88.211730957031
62.573255 29.801297 1393679415000 87.610961914062
62.57325 29.801346 1393679417000 88.0673828125
62.573243 29.80141 1393679419000 89.873901367188
62.573234 29.801478 1393679421000 89.523803710938
62.573227 29.801537 1393679423000 89.4599609375
62.573223 29.801585 1393679425000 88.928100585938
62.573213 29.801619 1393679427000 88.360046386719
62.573207 29.801655 1393679429000 87.247680664062
62.57321 29.801698 1393679432000 87.10302734375
62.573211 29.801741 1393679433000 86.015625
62.573201 29.801784 1393679435000 84.8359375
62.573201 29.801836 1393679437000 84.68310546875
62.57321 29.801884 1393679439000 84.859985351562
62.573217 29.801927 1393679441000 83.762268066406
62.573218 29.801973 1393679443000 83.541015625
62.573222 29.80202 1393679445000 83.064636230469
62.57323 29.802063 1393679447000 82.318115234375
62.573238 29.802101 1393679449000 81.630065917969
62.573246 29.802149 1393679451000 82.390747070312
62.573256 29.802195 1393679453000 81.583801269531
62.573263 29.802239 1393679455000 82.409973144531
62.573274 29.802283 1393679457000 83.010620117188
62.573282 29.802334 1393679459000 84.330078125
62.573292 29.802396 1393679462000 84.208251953125
62.573297 29.802401 1393679463000 84.1083984375
62.573311 29.802418 1393679465000 83.661437988281
62.573331 29.802431 1393679467000 84.689453125
62.573355 29.802423 1393679469000 84.613159179688
62.57338 29.802405 1393679471000 83.180236816406
62.573404 29.802384 1393679473000 82.970581054688
62.573427 29.802356 1393679475000 83.591552734375
62.573453 29.802332 1393679477000 84.1943359375
62.573481 29.802319 1393679479000 83.537292480469
62.57351 29.802303 1393679481000 83.661437988281
62.573537 29.802272 1393679483000 83.873962402344
62.573564 29.802244 1393679485000 84.334716796875
62.57359 29.802215 1393679487000 85.70361328125
62.573613 29.802188 1393679489000 84.521545410156
62.573634 29.802163 1393679492000 83.472900390625
62.573654 29.802136 1393679493000 83.592651367188
62.573672 29.802114 1393679495000 82.791625976562
62.573688 29.802093 1393679497000 81.226257324219
62.573706 29.802077 1393679499000 80.922546386719
62.573729 29.802069 1393679501000 80.090942382812
62.573767 29.802051 1393679504000 79.837707519531
62.573791 29.802037 1393679506000 77.961181640625
62.573809 29.802049 1393679507000 81.185668945312
62.573838 29.802042 1393679509000 80.596008300781
62.573869 29.802032 1393679511000 81.453063964844
62.573901 29.802016 1393679513000 82.583251953125
62.573933 29.802003 1393679515000 82.13720703125
62.573961 29.80199 1393679517000 79.8330078125
62.573998 29.801984 1393679520000 79.765258789062
62.574007 29.801971 1393679522000 79.515625
62.574025 29.801949 1393679523000 79.32763671875
62.574045 29.801935 1393679525000 80.759216308594
62.574079 29.801916 1393679528000 79.508850097656
62.574104 29.801902 1393679530000 77.255493164062
62.574115 29.801893 1393679531000 76.084289550781
62.574136 29.801871 1393679533000 76.696044921875
62.574154 29.801847 1393679535000 75.946044921875
62.574182 29.801806 1393679538000 73.933837890625
62.574193 29.801798 1393679539000 74.057861328125
62.574218 29.801785 1393679541000 74.684387207031
62.574258 29.801783 1393679544000 73.900390625
62.574272 29.80179 1393679545000 72.773071289062
62.574299 29.801801 1393679547000 73.965209960938
62.574323 29.801812 1393679549000 74.03076171875
62.574342 29.801805 1393679552000 74.898864746094
62.574349 29.801808 1393679553000 76.493225097656
62.574359 29.801793 1393679555000 79.002075195312
62.574364 29.801769 1393679557000 78.472717285156
62.574368 29.801707 1393679560000 79.475219726562
62.574372 29.801653 1393679562000 80.204467773438
62.574373 29.801588 1393679564000 78.035522460938
62.574372 29.801521 1393679566000 78.676147460938
62.574373 29.801491 1393679567000 78.274597167969
62.574375 29.801428 1393679569000 78.977844238281
62.574379 29.801357 1393679571000 78.305786132812
62.574388 29.801305 1393679573000 79.389709472656
62.5744 29.801253 1393679575000 76.664123535156
62.57441 29.801169 1393679578000 76.918640136719
62.574412 29.801116 1393679580000 78.732971191406
62.574415 29.801091 1393679581000 79.640502929688
62.574418 29.800997 1393679584000 80.046081542969
62.574415 29.800938 1393679586000 76.967590332031
62.574413 29.800887 1393679588000 76.624694824219
62.574412 29.80086 1393679589000 76.49072265625
62.574404 29.800807 1393679591000 77.281677246094
62.574397 29.800754 1393679593000 75.716918945312
62.574398 29.8007 1393679595000 76.221557617188
62.574403 29.800645 1393679597000 77.854675292969
62.574409 29.800589 1393679599000 78.117309570312
62.574416 29.800501 1393679602000 79.831115722656
62.574418 29.800464 1393679603000 81.639038085938
62.574419 29.800393 1393679605000 81.938537597656
62.574415 29.800324 1393679607000 83.513000488281
62.574415 29.800257 1393679609000 84.504577636719
62.574413 29.800185 1393679611000 84.132385253906
62.574411 29.800107 1393679613000 85.146850585938
62.574414 29.800032 1393679615000 85.305969238281
62.574419 29.79996 1393679617000 85.902282714844
62.574423 29.799886 1393679619000 86.687622070312
62.574426 29.799819 1393679621000 87.278015136719
62.574426 29.799757 1393679623000 87.195434570312
62.574428 29.799698 1393679625000 87.281066894531
62.574431 29.799639 1393679627000 87.801818847656
62.574435 29.79958 1393679629000 87.639587402344
62.574437 29.799522 1393679631000 87.855895996094
62.574439 29.799461 1393679633000 87.759338378906
62.574442 29.799404 1393679635000 88.8349609375
62.574445 29.799338 1393679637000 88.836608886719
62.574447 29.799271 1393679639000 88.807373046875
62.574449 29.799203 1393679641000 89.081115722656
62.574451 29.799137 1393679643000 88.883911132812
62.574456 29.799084 1393679645000 87.821716308594
62.574457 29.799029 1393679647000 88.463806152344
62.574456 29.798976 1393679649000 88.713073730469
62.574456 29.798924 1393679651000 88.5947265625
62.574458 29.798871 1393679653000 89.279113769531
62.574457 29.798813 1393679655000 89.678649902344
62.574456 29.798748 1393679657000 90.496398925781
62.574464 29.798691 1393679659000 91.603698730469
62.574476 29.798641 1393679661000 90.475952148438
62.574489 29.798556 1393679664000 90.966857910156
62.574496 29.798497 1393679666000 91.367370605469
62.5745 29.798468 1393679667000 91.483032226562
62.574507 29.79841 1393679669000 91.934692382812
62.574517 29.798359 1393679671000 91.466674804688
62.574529 29.798321 1393679674000 91.058166503906
62.574545 29.798298 1393679675000 89.531616210938
62.574564 29.798267 1393679677000 88.483764648438
62.574586 29.798232 1393679679000 87.05615234375
62.574614 29.798192 1393679681000 87.56640625
62.574658 29.798122 1393679684000 88.028442382812
62.574671 29.798091 1393679685000 88.580627441406
62.574694 29.798025 1393679687000 89.161193847656
62.574715 29.797968 1393679689000 91.243530273438
62.574732 29.797923 1393679691000 91.007080078125
62.574744 29.797882 1393679693000 89.78125
62.574753 29.797856 1393679695000 89.736572265625
62.574754 29.797843 1393679697000 91.262634277344
62.574753 29.797847 1393679699000 91.876770019531
62.574753 29.797847 1393679701000 91.3388671875
62.574756 29.797928 1393679703000 90.243774414062
62.574768 29.79791 1393679705000 92.409545898438
62.574782 29.797883 1393679707000 91.704711914062
62.574811 29.797802 1393679710000 92.803344726562
62.574824 29.79776 1393679711000 93.05859375
62.574877 29.79765 1393679714000 91.033142089844
62.574901 29.797599 1393679716000 91.540283203125
62.574913 29.797572 1393679717000 91.567810058594
62.574895 29.797558 1393679719000 90.814331054688
62.574869 29.797552 1393679721000 90.197448730469
62.574869 29.797552 1393679723000 90.038757324219
62.574869 29.797552 1393679725000 90.684326171875
62.574869 29.797552 1393679727000 89.766967773438
62.574826 29.797524 1393679729000 89.716857910156
62.574812 29.797572 1393679731000 90.138427734375
62.574799 29.7976 1393679733000 87.375244140625
62.574769 29.797608 1393679735000 85.512329101562
62.574731 29.797627 1393679738000 85.258544921875
62.57472 29.797651 1393679739000 85.088684082031
62.574702 29.797706 1393679741000 84.405151367188
62.574683 29.797768 1393679743000 85.474792480469
62.574669 29.797829 1393679745000 85.753173828125
62.574663 29.797883 1393679747000 84.324768066406
62.574654 29.79794 1393679749000 84.373413085938
62.574641 29.797983 1393679751000 84.636413574219
62.574617 29.79803 1393679754000 85.049560546875
62.574611 29.798045 1393679755000 85.46875
62.574595 29.798089 1393679758000 87.905334472656
62.574591 29.798128 1393679760000 88.853576660156
62.574586 29.798146 1393679761000 89.606384277344
62.574572 29.798189 1393679763000 91.739440917969
62.574555 29.798226 1393679765000 91.695983886719
62.57454 29.798272 1393679767000 91.911499023438
62.574519 29.798319 1393679769000 88.447692871094
62.574504 29.798371 1393679771000 88.9521484375
62.574493 29.798426 1393679773000 87.502990722656
62.574487 29.798479 1393679775000 85.070861816406
62.574482 29.798532 1393679777000 83.960144042969
62.574478 29.798592 1393679779000 82.167419433594
62.574478 29.798646 1393679781000 80.916748046875
62.574477 29.798704 1393679783000 80.150512695312
62.574474 29.798761 1393679785000 78.621459960938
62.574471 29.798813 1393679787000 77.424865722656
62.574468 29.798869 1393679789000 77.513549804688
62.574464 29.798923 1393679791000 76.5888671875
62.574453 29.798974 1393679793000 77.062683105469
62.574438 29.799028 1393679795000 79.827758789062
62.574428 29.799089 1393679797000 79.721008300781
62.574423 29.79915 1393679799000 79.236450195312
62.574421 29.799205 1393679801000 77.595642089844
62.574419 29.799257 1393679803000 76.850952148438
62.574419 29.799312 1393679805000 76.844177246094
62.574416 29.799379 1393679807000 77.873901367188
62.574413 29.799437 1393679809000 77.554504394531
62.574405 29.799507 1393679811000 76.693176269531
62.574398 29.79957 1393679813000 75.286254882812
62.574393 29.799631 1393679815000 74.748413085938
62.574391 29.799702 1393679817000 75.556823730469
62.574385 29.799761 1393679819000 74.579650878906
62.574378 29.799819 1393679821000 74.252685546875
62.574371 29.799881 1393679823000 75.175720214844
62.57437 29.799951 1393679825000 76.359008789062
62.574373 29.800054 1393679828000 77.820190429688
62.574375 29.800086 1393679829000 78.118469238281
62.574378 29.800152 1393679831000 80.628784179688
62.574379 29.800218 1393679833000 80.442077636719
62.574378 29.800283 1393679835000 80.24609375
62.574377 29.800353 1393679837000 81.167114257812
62.574379 29.800427 1393679839000 82.888732910156
62.574381 29.800504 1393679841000 84.325256347656
62.57438 29.800579 1393679843000 84.643432617188
62.574382 29.800643 1393679845000 84.435241699219
62.574381 29.800701 1393679847000 82.797058105469
62.574384 29.800757 1393679849000 83.7353515625
62.574389 29.800809 1393679851000 83.412231445312
62.574385 29.800857 1393679853000 79.537536621094
62.574376 29.800906 1393679855000 79.874938964844
62.57437 29.800961 1393679857000 78.546203613281
62.574368 29.801015 1393679859000 77.660461425781
62.574366 29.8011 1393679862000 79.142883300781
62.574365 29.801138 1393679863000 79.212768554688
62.574362 29.801204 1393679865000 78.94873046875
62.57436 29.801267 1393679867000 77.8359375
62.574351 29.801297 1393679869000 75.582153320312
62.574345 29.801346 1393679871000 77.659729003906
62.574339 29.8014 1393679873000 78.620483398438
62.574335 29.801441 1393679875000 78.342590332031
62.57433 29.801482 1393679877000 78.130493164062
62.574326 29.80152 1393679879000 77.500671386719
62.574331 29.801557 1393679881000 77.304260253906
62.574339 29.801596 1393679883000 76.821350097656
62.574341 29.801646 1393679885000 77.544738769531
62.574337 29.801697 1393679887000 77.786376953125
62.574332 29.801767 1393679890000 76.696044921875
62.574332 29.801794 1393679891000 78.283142089844
62.574334 29.801839 1393679893000 79.157470703125
62.574339 29.801881 1393679895000 79.259826660156
62.574342 29.801872 1393679897000 79.838684082031
62.574345 29.801861 1393679899000 79.436889648438
62.574357 29.801838 1393679901000 82.6666259765625
62.574366 29.801819 1393679903000 81.7503662109375
62.574393 29.801813 1393679905000 81.2950439453125
62.574424 29.801828 1393679907000 81.7315673828125
62.57446 29.801839 1393679909000 84.911376953125
62.574492 29.801847 1393679911000 86.3824462890625
62.574523 29.801853 1393679913000 86.0841064453125
62.574556 29.801847 1393679915000 84.3719482421875
62.574587 29.80184 1393679917000 81.2617797851563
62.574621 29.801834 1393679919000 81.3082275390625
62.574653 29.801817 1393679921000 78.789672851562
62.574682 29.801797 1393679923000 79.875122070312
62.57471 29.801775 1393679925000 81.605102539062
62.574738 29.801748 1393679927000 81.588806152344
62.574764 29.801741 1393679929000 80.695129394531
62.574788 29.80173 1393679931000 77.791259765625
62.57481 29.801709 1393679933000 77.202941894531
62.574837 29.801688 1393679935000 76.950500488281
62.574862 29.801679 1393679937000 76.57080078125
62.574884 29.80168 1393679939000 76.151000976562
62.574905 29.801683 1393679941000 78.0408325195313
62.574927 29.801673 1393679943000 78.6060791015625
62.574947 29.801671 1393679945000 78.4864501953125
62.57497 29.801665 1393679947000 79.6171875
62.574993 29.801653 1393679949000 80.1563720703125
62.575022 29.801636 1393679951000 81.436279296875
62.575048 29.801612 1393679953000 79.2886962890625
62.575073 29.80159 1393679955000 80.7543334960937
62.5751 29.801569 1393679957000 82.040283203125
62.575126 29.801548 1393679959000 82.951416015625
62.575152 29.801536 1393679961000 83.0732421875
62.57518 29.801519 1393679964000 84.0234375
62.575211 29.801502 1393679965000 84.932861328125
62.575242 29.801478 1393679967000 85.773254394531
62.575269 29.801461 1393679969000 88.086120605469
62.575293 29.801446 1393679971000 88.587097167969
62.575319 29.801435 1393679973000 88.215576171875
62.575344 29.801427 1393679975000 91.101196289062
62.57537 29.801413 1393679977000 92.236572265625
62.575395 29.801395 1393679979000 92.170776367188
62.575417 29.801375 1393679981000 90.915588378906
62.575442 29.801356 1393679983000 93.186645507812
62.575467 29.801343 1393679985000 93.597045898438
62.575489 29.801336 1393679987000 92.451110839844
62.57551 29.801322 1393679989000 92.087585449219
62.575531 29.801304 1393679991000 94.21435546875
62.575551 29.80129 1393679994000 91.999633789062
62.57557 29.801274 1393679995000 94.12744140625
62.575591 29.801267 1393679997000 94.565551757812
62.57561 29.801257 1393679999000 94.533142089844
62.575625 29.80125 1393680001000 94.41650390625
62.575641 29.801252 1393680003000 93.177612304688
62.575656 29.801249 1393680005000 91.739868164062
62.575671 29.801238 1393680007000 91.202697753906
62.575673 29.801225 1393680009000 90.03466796875
62.575675 29.801217 1393680011000 88.890380859375
62.575675 29.801217 1393680013000 89.330322265625
62.575675 29.801217 1393680015000 90.120300292969
62.575654 29.801232 1393680017000 90.231262207031
62.575654 29.801232 1393680019000 89.598510742188
62.575654 29.801232 1393680022000 89.681213378906
62.575658 29.80124 1393680024000 89.615417480469
62.575662 29.801243 1393680025000 89.733642578125
62.575676 29.801246 1393680027000 90.267395019531
62.575696 29.801236 1393680029000 91.975769042969
62.575714 29.80125 1393680031000 91.772644042969
62.575724 29.801296 1393680033000 91.037353515625
62.57573 29.801351 1393680035000 88.66943359375
62.57573 29.801397 1393680037000 88.298522949219
62.575728 29.801439 1393680039000 87.554992675781
62.575728 29.801439 1393680041000 87.947631835938
62.575728 29.801439 1393680043000 88.626831054688
62.575728 29.801439 1393680045000 88.948303222656
62.575728 29.801439 1393680047000 88.344055175781
62.575727 29.801485 1393680049000 89.805541992188
62.575734 29.801474 1393680052000 92.177429199219
62.575748 29.801456 1393680053000 92.848876953125
62.575784 29.801442 1393680055000 92.830749511719
62.57581 29.80142 1393680057000 94.243591308594
62.575836 29.801408 1393680059000 94.709594726562
62.575857 29.8014 1393680061000 91.821411132812
62.57588 29.801393 1393680063000 91.998413085938
62.575904 29.801387 1393680065000 91.330200195312
62.57593 29.801381 1393680067000 91.913146972656
62.575957 29.801367 1393680069000 92.05517578125
62.575985 29.80135 1393680071000 91.864624023438
62.576013 29.801334 1393680073000 92.740783691406
62.57604 29.801314 1393680075000 94.735473632812
62.576071 29.801298 1393680077000 95.475952148438
62.576098 29.801284 1393680079000 95.163696289062
62.576124 29.801283 1393680082000 94.575073242188
62.576147 29.801289 1393680083000 93.91259765625
62.576169 29.801307 1393680085000 94.325439453125
62.57619 29.801309 1393680087000 93.84326171875
62.576215 29.801298 1393680089000 93.355407714844
62.576253 29.801294 1393680092000 93.380004882812
62.576265 29.801282 1393680093000 94.033020019531
62.576293 29.801265 1393680095000 96.421203613281
62.576319 29.801253 1393680097000 97.819580078125
62.576342 29.801239 1393680099000 96.138305664062
62.57636 29.80122 1393680101000 95.26611328125
62.57638 29.801203 1393680103000 94.145446777344
62.576401 29.801215 1393680105000 94.907043457031
62.57642 29.801214 1393680107000 93.899536132812
62.576435 29.801203 1393680109000 93.197082519531
62.576453 29.801186 1393680112000 91.555053710938
62.576472 29.801173 1393680113000 93.013427734375
62.576493 29.801158 1393680115000 92.545288085938
62.576512 29.801144 1393680117000 91.9482421875
62.576525 29.801135 1393680119000 90.667358398438
62.576536 29.80111 1393680121000 90.363403320312
62.576537 29.801081 1393680123000 91.392517089844
62.576549 29.801107 1393680125000 91.599182128906
62.576549 29.801107 1393680127000 89.931091308594
62.576549 29.801107 1393680129000 90.009460449219
62.576559 29.801117 1393680131000 87.059143066406
62.576581 29.801103 1393680133000 85.54296875
62.576601 29.801086 1393680135000 89.197143554688
62.57663 29.801058 1393680137000 89.017761230469
62.576661 29.80103 1393680139000 89.006408691406
62.576693 29.801017 1393680142000 89.23388671875
62.576719 29.801006 1393680143000 89.086059570312
62.576746 29.801007 1393680145000 89.821533203125
62.576787 29.801032 1393680147000 90.273681640625
62.57682 29.801039 1393680149000 92.374938964844
62.576851 29.801048 1393680151000 92.276611328125
62.576874 29.801032 1393680153000 91.558898925781
62.5769 29.801 1393680155000 91.176940917969
62.576926 29.800972 1393680157000 90.796569824219
62.576951 29.800961 1393680159000 91.935424804688
62.576973 29.80096 1393680161000 90.5849609375
62.576991 29.800954 1393680163000 89.545959472656
62.577015 29.800929 1393680165000 89.528503417969
62.577043 29.800898 1393680167000 90.544921875
62.577067 29.800885 1393680169000 88.671875
62.577089 29.800882 1393680172000 89.233459472656
62.577109 29.800889 1393680173000 88.638244628906
62.577127 29.800918 1393680175000 89.766174316406
62.577139 29.800955 1393680177000 89.558349609375
62.577139 29.801004 1393680179000 89.450439453125
62.577141 29.80106 1393680181000 90.43017578125
62.577146 29.801124 1393680183000 89.106079101562
62.577149 29.801184 1393680185000 88.070678710938
62.577145 29.801245 1393680187000 90.08935546875
62.57715 29.801308 1393680189000 89.091064453125
62.577153 29.801371 1393680191000 90.921020507812
62.577156 29.801422 1393680193000 90.1171875
62.577156 29.801483 1393680195000 91.589111328125
62.577152 29.801561 1393680197000 92.551452636719
62.577149 29.801627 1393680199000 91.166809082031
62.57714 29.801682 1393680202000 89.666259765625
62.577132 29.801732 1393680203000 89.458984375
62.577122 29.801782 1393680205000 88.143798828125
62.577113 29.801833 1393680207000 87.874816894531
62.577104 29.80188 1393680209000 88.091674804688
62.577093 29.801922 1393680211000 88.630737304688
62.577083 29.801963 1393680213000 88.93798828125
62.577068 29.802015 1393680215000 91.073486328125
62.577052 29.802066 1393680217000 90.931091308594
62.577035 29.802109 1393680219000 90.395690917969
62.577017 29.802151 1393680221000 89.993896484375
62.576998 29.802202 1393680223000 90.957397460938
62.576978 29.802249 1393680225000 91.941711425781
62.576967 29.80229 1393680227000 93.169555664062
62.576958 29.802332 1393680229000 92.738891601562
62.576954 29.80238 1393680232000 90.915100097656
62.57695 29.802421 1393680233000 90.336975097656
62.576948 29.802462 1393680235000 88.893127441406
62.576947 29.802497 1393680237000 86.47314453125
62.576946 29.802538 1393680239000 86.330932617188
62.576949 29.802585 1393680241000 86.105346679688
62.576953 29.802633 1393680243000 86.107116699219
62.576955 29.802686 1393680245000 85.992370605469
62.576956 29.802738 1393680247000 85.733764648438
62.576958 29.802791 1393680249000 85.529174804688
62.576962 29.802847 1393680251000 86.12060546875
62.576958 29.802905 1393680253000 85.778869628906
62.576961 29.802958 1393680255000 84.693176269531
62.576967 29.803007 1393680257000 84.355041503906
62.57697 29.803063 1393680259000 84.639343261719
62.57697 29.803125 1393680262000 84.576477050781
62.57697 29.803183 1393680263000 84.222961425781
62.576973 29.803246 1393680265000 84.227722167969
62.576977 29.803305 1393680267000 83.532470703125
62.576981 29.803363 1393680269000 84.294677734375
62.576984 29.803425 1393680271000 85.195678710938
62.576985 29.803488 1393680273000 85.736755371094
62.576992 29.803547 1393680275000 85.437316894531
62.576997 29.803611 1393680277000 86.619689941406
62.577 29.80367 1393680279000 86.329833984375
62.577002 29.803723 1393680281000 85.744750976562
62.577001 29.803781 1393680283000 85.607971191406
62.577001 29.803837 1393680285000 85.624694824219
62.577 29.803894 1393680287000 85.248107910156
62.577003 29.803955 1393680289000 86.756225585938
62.577007 29.804019 1393680292000 88.715393066406
62.577014 29.804075 1393680293000 90.725219726562
62.577023 29.804129 1393680295000 91.618286132812
62.577033 29.804187 1393680297000 90.569274902344
62.577047 29.80424 1393680299000 92.231323242188
62.577064 29.804283 1393680301000 91.558776855469
62.57708 29.80432 1393680303000 88.980224609375
62.577095 29.804357 1393680305000 90.037658691406
62.577109 29.804399 1393680307000 89.799987792969
62.577124 29.804445 1393680309000 90.3154296875
62.577144 29.80449 1393680311000 90.523559570312
62.577163 29.804541 1393680313000 92.247680664062
62.577179 29.804598 1393680315000 92.321411132812
62.577184 29.804655 1393680317000 92.864990234375
62.577185 29.804708 1393680319000 93.669799804688
62.577193 29.804759 1393680322000 93.176025390625
62.577199 29.804813 1393680323000 91.840026855469
62.577199 29.804873 1393680325000 91.693420410156
62.577198 29.804926 1393680327000 92.381103515625
62.577204 29.804968 1393680329000 92.14501953125
62.577211 29.805011 1393680331000 92.097961425781
62.577225 29.805048 1393680333000 92.506958007812
62.577226 29.805095 1393680335000 93.845031738281
62.577239 29.805141 1393680337000 92.808532714844
62.577255 29.805186 1393680339000 93.371948242188
62.577271 29.805237 1393680341000 92.254211425781
62.577288 29.80529 1393680343000 93.299194335938
62.577297 29.805339 1393680345000 95.0986328125
62.577301 29.805374 1393680347000 93.281127929688
62.577302 29.805396 1393680349000 93.135375976562
62.577298 29.805424 1393680352000 94.17431640625
62.577297 29.805454 1393680353000 93.492797851562
62.577301 29.805482 1393680355000 92.662841796875
62.577305 29.805514 1393680357000 92.405395507812
62.577313 29.805547 1393680359000 94.143127441406
62.577317 29.80558 1393680361000 94.542785644531
62.577319 29.805623 1393680363000 93.708862304688
62.57732 29.80568 1393680365000 92.764404296875
62.577323 29.805726 1393680367000 91.525207519531
62.577331 29.805781 1393680369000 90.308410644531
62.577337 29.805832 1393680371000 93.215209960938
62.577355 29.805874 1393680373000 94.525939941406
62.577377 29.805929 1393680375000 97.618408203125
62.577382 29.805977 1393680377000 94.263793945312
62.57738 29.806027 1393680379000 94.710998535156
62.577383 29.806079 1393680382000 94.872375488281
62.577395 29.806127 1393680383000 94.665100097656
62.577404 29.806173 1393680385000 93.1376953125
62.577413 29.806218 1393680387000 93.419555664062
62.57742 29.806269 1393680389000 94.739135742188
62.577429 29.806319 1393680391000 96.041137695312
62.577438 29.806351 1393680393000 96.667297363281
62.577449 29.806383 1393680395000 94.5908203125
62.577454 29.806413 1393680397000 94.37451171875
62.577465 29.806464 1393680399000 93.980224609375
62.577493 29.806544 1393680401000 93.51220703125
62.577515 29.806603 1393680403000 93.911987304688
62.577511 29.80664 1393680405000 93.153930664062
62.577503 29.806676 1393680407000 93.338134765625
62.577508 29.806718 1393680409000 92.749389648438
62.577509 29.806765 1393680412000 92.554992675781
62.577509 29.806823 1393680413000 94.121459960938
62.577504 29.806913 1393680415000 96.518371582031
62.577482 29.806981 1393680417000 97.744506835938
62.577464 29.807028 1393680419000 99.739990234375
62.577456 29.807048 1393680421000 98.653259277344
62.577456 29.807081 1393680423000 98.243835449219
62.577451 29.807108 1393680425000 97.102478027344
62.577446 29.807144 1393680427000 97.364990234375
62.577452 29.807171 1393680429000 97.173828125
62.577467 29.807193 1393680431000 97.837768554688
62.57747 29.807221 1393680433000 94.823364257812
62.577471 29.807265 1393680435000 98.169738769531
62.577474 29.807319 1393680437000 98.286010742188
62.577476 29.80737 1393680439000 97.131896972656
62.577482 29.80739 1393680442000 94.935241699219
62.577487 29.807418 1393680443000 96.13720703125
62.577492 29.807443 1393680445000 96.373962402344
62.577491 29.807486 1393680447000 96.996032714844
62.577492 29.807545 1393680449000 98.1787109375
62.577497 29.807579 1393680451000 96.995239257812
62.577506 29.807625 1393680453000 96.58251953125
62.577513 29.807673 1393680455000 96.476501464844
62.577514 29.807724 1393680457000 95.792724609375
62.577517 29.807774 1393680459000 96.224731445312
62.577523 29.807803 1393680461000 94.930969238281
62.577531 29.807819 1393680463000 94.380126953125
62.577538 29.807833 1393680465000 93.697631835938
62.577532 29.807837 1393680467000 93.673889160156
62.577518 29.807855 1393680469000 93.578369140625
62.577508 29.807885 1393680472000 92.172058105469
62.577505 29.807926 1393680473000 92.940185546875
62.577504 29.807975 1393680475000 93.689086914062
62.577508 29.80803 1393680477000 93.584777832031
62.577511 29.808091 1393680479000 93.352783203125
62.577516 29.808152 1393680481000 93.36572265625
62.577523 29.808203 1393680483000 93.304565429688
62.577533 29.808248 1393680485000 92.9453125
62.577543 29.808292 1393680487000 92.214660644531
62.577548 29.80833 1393680489000 91.103637695312
62.577551 29.808375 1393680491000 91.406921386719
62.577553 29.808418 1393680493000 91.124328613281
62.577551 29.808465 1393680495000 91.024536132812
62.577552 29.808511 1393680497000 90.57861328125
62.577557 29.808559 1393680499000 90.003173828125
62.577565 29.808605 1393680502000 89.964416503906
62.577579 29.808644 1393680503000 89.820617675781
62.577595 29.808671 1393680505000 89.747314453125
62.57761 29.808669 1393680507000 88.760559082031
62.57762 29.808658 1393680509000 89.075805664062
62.577626 29.808661 1393680511000 90.113952636719
62.577631 29.80865 1393680513000 90.839599609375
62.577632 29.808614 1393680515000 90.7880859375
62.577631 29.808588 1393680517000 89.024963378906
62.577631 29.808588 1393680519000 88.540466308594
62.57761 29.808549 1393680521000 88.392944335938
62.57762 29.808553 1393680523000 89.314880371094
62.577626 29.808558 1393680525000 88.924438476562
62.577623 29.808591 1393680527000 90.01318359375
62.577619 29.808634 1393680529000 91.2705078125
62.577614 29.808653 1393680532000 91.052124023438
62.577614 29.808656 1393680533000 91.501037597656
62.577638 29.808663 1393680535000 92.406555175781
62.577655 29.80865 1393680537000 90.754638671875
62.577678 29.808635 1393680539000 90.090393066406
62.577702 29.808614 1393680541000 92.4970703125
62.577725 29.808601 1393680543000 91.109985351562
62.577748 29.808604 1393680545000 90.394226074219
62.577768 29.80859 1393680547000 91.026245117188
62.577787 29.808572 1393680549000 91.594360351562
62.577809 29.808559 1393680551000 90.889465332031
62.577831 29.808538 1393680553000 90.515502929688
62.577855 29.808519 1393680555000 92.635375976562
62.577875 29.808501 1393680557000 93.341735839844
62.577893 29.808487 1393680559000 92.875732421875
62.577908 29.808467 1393680562000 91.693420410156
62.577909 29.808434 1393680563000 92.878662109375
62.577907 29.808411 1393680565000 92.970275878906
62.577911 29.808371 1393680567000 93.558349609375
62.577905 29.80833 1393680569000 93.837768554688
62.577896 29.8083 1393680571000 95.955261230469
62.577876 29.808279 1393680573000 95.212585449219
62.577858 29.808253 1393680575000 95.515502929688
62.577848 29.808219 1393680577000 96.474487304688
62.577841 29.808184 1393680579000 96.231506347656
62.577837 29.808149 1393680581000 97.316345214844
62.57782 29.808091 1393680583000 97.0126953125
62.577806 29.808043 1393680585000 98.927795410156
62.577787 29.808006 1393680587000 101.0751953125
62.577766 29.807989 1393680589000 101.12591552734
62.577769 29.80799 1393680592000 101.01110839844
62.577773 29.807974 1393680593000 99.491394042969
62.577771 29.807962 1393680594000 100.07354736328
62.577808 29.807912 1393680601000 97.314392089844
62.577827 29.807915 1393680603000 97.472839355469
62.577858 29.807901 1393680605000 99.400146484375
62.577884 29.807869 1393680607000 97.055847167969
62.577908 29.807834 1393680609000 98.850158691406
62.577932 29.807801 1393680611000 100.0185546875
62.577952 29.807797 1393680613000 98.319702148438
62.577977 29.807819 1393680615000 99.803405761719
62.57799 29.807852 1393680617000 100.30627441406
62.577959 29.807894 1393680619000 97.07373046875
62.577919 29.807951 1393680622000 97.289184570312
62.577857 29.808022 1393680623000 96.017761230469
62.577818 29.80802 1393680625000 96.986206054688
62.577801 29.807979 1393680627000 97.831970214844
62.577785 29.807984 1393680629000 96.487548828125
62.577782 29.808023 1393680631000 97.462524414062
62.577772 29.808069 1393680633000 95.606079101562
62.577785 29.808079 1393680635000 97.3681640625
62.577794 29.808022 1393680637000 98.918579101562
62.577809 29.807979 1393680639000 99.222595214844
62.577828 29.807951 1393680641000 102.68157958984
62.577836 29.807929 1393680643000 106.27612304688
62.577817 29.807914 1393680645000 99.512451171875
62.577797 29.807891 1393680647000 100.3125
62.577794 29.807886 1393680649000 97.96630859375
62.577794 29.807886 1393680653000 102.61041259766
62.577794 29.807886 1393680654000 101.04736328125
62.577794 29.807886 1393680656000 100.41955566406
62.577794 29.807886 1393680658000 102.74157714844
62.577794 29.807886 1393680660000 104.08679199219
62.577794 29.807886 1393680662000 104.71697998047
62.577794 29.807886 1393680664000 105.14868164062
62.577794 29.807886 1393680667000 105.37933349609
62.577794 29.807886 1393680668000 100.69592285156
62.577794 29.807886 1393680670000 102.75695800781
62.577794 29.807886 1393680672000 104.53332519531
62.577794 29.807886 1393680674000 105.79553222656
62.577794 29.807886 1393680676000 106.23846435547
62.577794 29.807886 1393680678000 106.61791992188
62.577794 29.807886 1393680680000 106.66351318359
62.577794 29.807886 1393680682000 106.81909179688
62.577794 29.807886 1393680684000 106.87780761719
62.577794 29.807886 1393680686000 103.56207275391
62.577794 29.807886 1393680688000 104.79028320312
62.577794 29.807886 1393680690000 105.91748046875
62.577794 29.807886 1393680692000 106.54498291016
62.577794 29.807886 1393680694000 106.86083984375
62.577794 29.807886 1393680697000 107.09906005859
62.577794 29.807886 1393680698000 102.79614257812
62.577794 29.807886 1393680700000 104.72241210938
62.577794 29.807886 1393680702000 106.89654541016
62.577794 29.807886 1393680704000 107.79437255859
62.577794 29.807886 1393680706000 108.17498779297
62.577794 29.807886 1393680708000 108.40594482422
62.577794 29.807886 1393680710000 108.44909667969
62.577794 29.807886 1393680712000 108.56463623047
62.577794 29.807886 1393680714000 105.61614990234
62.577794 29.807886 1393680716000 106.68725585938
62.577794 29.807886 1393680718000 107.65979003906
62.577794 29.807886 1393680720000 108.65637207031
62.577794 29.807886 1393680722000 105.80523681641
62.577794 29.807886 1393680724000 108.25280761719
62.577794 29.807886 1393680727000 109.02478027344
62.577794 29.807886 1393680728000 106.91137695312
62.577794 29.807886 1393680730000 108.74810791016
62.577794 29.807886 1393680732000 109.48754882812
62.577794 29.807886 1393680734000 109.94177246094
62.577794 29.807886 1393680736000 110.2841796875
62.577794 29.807886 1393680738000 110.57397460938
62.577794 29.807886 1393680740000 110.66687011719
62.577794 29.807886 1393680742000 110.79034423828
62.577794 29.807886 1393680744000 108.83435058594
62.577794 29.807886 1393680746000 109.61627197266
62.577771 29.80797 1393680748000 110.33428955078
62.577771 29.80797 1393680750000 110.81103515625
62.577771 29.80797 1393680752000 111.08666992188
62.577771 29.80797 1393680754000 111.25158691406
62.577771 29.80797 1393680757000 111.32409667969
62.577771 29.80797 1393680758000 107.96765136719
62.577771 29.80797 1393680760000 109.18676757812
62.577771 29.80797 1393680762000 110.34161376953
62.577771 29.80797 1393680764000 110.96411132812
62.577771 29.80797 1393680766000 111.44635009766
62.577771 29.80797 1393680768000 111.61364746094
62.577771 29.80797 1393680770000 111.71142578125
62.577771 29.80797 1393680772000 111.79663085938
62.577771 29.80797 1393680774000 108.86315917969
62.577771 29.80797 1393680776000 110.25085449219
62.577771 29.80797 1393680778000 111.54577636719
62.577771 29.80797 1393680780000 112.13659667969
62.577771 29.80797 1393680782000 112.41369628906
62.577771 29.80797 1393680784000 112.57250976562
62.577771 29.80797 1393680787000 112.7197265625
62.577771 29.80797 1393680788000 112.796875
62.577771 29.80797 1393680790000 112.79449462891
62.577771 29.80797 1393680792000 112.80737304688
62.577771 29.80797 1393680794000 112.81457519531
62.577771 29.80797 1393680796000 112.82067871094
62.577771 29.80797 1393680798000 112.83935546875
62.577771 29.80797 1393680800000 112.84490966797
62.577771 29.80797 1393680802000 112.80523681641
62.577771 29.80797 1393680804000 106.03643798828
62.577771 29.80797 1393680806000 107.20617675781
62.577771 29.80797 1393680808000 109.40380859375
62.577771 29.80797 1393680810000 110.78747558594
62.577771 29.80797 1393680812000 111.46771240234
62.577771 29.80797 1393680814000 112.26611328125
62.577771 29.80797 1393680817000 112.62670898438
62.577771 29.80797 1393680818000 108.94488525391
62.577771 29.80797 1393680820000 110.54547119141
62.577771 29.80797 1393680822000 111.4384765625
62.577771 29.80797 1393680824000 111.96789550781
62.577771 29.80797 1393680826000 112.1640625
62.577771 29.80797 1393680828000 112.48937988281
62.577771 29.80797 1393680830000 112.61163330078
62.577771 29.80797 1393680832000 112.80700683594
62.577771 29.80797 1393680834000 112.84631347656
62.577771 29.80797 1393680836000 107.56323242188
62.577771 29.80797 1393680838000 110.07141113281
62.577771 29.80797 1393680840000 110.68133544922
62.577771 29.80797 1393680842000 111.23498535156
62.577771 29.80797 1393680844000 111.64886474609
62.577771 29.80797 1393680847000 105.93798828125
62.577771 29.80797 1393680848000 104.97033691406
62.577771 29.80797 1393680850000 108.67065429688
62.577771 29.80797 1393680852000 110.05981445312
62.577771 29.80797 1393680854000 110.96228027344
62.577771 29.80797 1393680856000 111.97259521484
62.577771 29.80797 1393680858000 112.77026367188
62.577771 29.80797 1393680860000 113.52758789062
62.577771 29.80797 1393680862000 113.85717773438
62.577771 29.80797 1393680864000 107.95043945312
62.577771 29.80797 1393680866000 110.61151123047
62.577771 29.80797 1393680868000 111.84893798828
62.577771 29.80797 1393680870000 112.89660644531
62.577771 29.80797 1393680872000 113.50189208984
62.577771 29.80797 1393680874000 113.88201904297
62.577771 29.80797 1393680877000 114.177734375
62.577771 29.80797 1393680878000 109.04504394531
62.577771 29.80797 1393680880000 111.70520019531
62.577771 29.80797 1393680882000 113.13946533203
62.577771 29.80797 1393680884000 113.91760253906
62.577771 29.80797 1393680886000 114.32495117188
62.577771 29.80797 1393680888000 114.55969238281
62.577771 29.80797 1393680890000 114.69476318359
62.577771 29.80797 1393680892000 114.71081542969
62.577771 29.80797 1393680894000 114.89599609375
62.577771 29.80797 1393680896000 110.56512451172
62.577771 29.80797 1393680898000 112.21209716797
62.577771 29.80797 1393680900000 113.40057373047
62.577771 29.80797 1393680902000 114.00268554688
62.577771 29.80797 1393680904000 114.27850341797
62.577771 29.80797 1393680907000 114.45867919922
62.577771 29.80797 1393680908000 109.65228271484
62.577771 29.80797 1393680910000 112.17852783203
62.577771 29.80797 1393680912000 113.22680664062
62.577771 29.80797 1393680914000 113.81567382812
62.577771 29.80797 1393680916000 114.27209472656
62.577771 29.80797 1393680918000 114.38586425781
62.577771 29.80797 1393680920000 114.66918945312
62.577771 29.80797 1393680922000 114.845703125
62.577771 29.80797 1393680924000 114.82421875
62.577771 29.80797 1393680926000 108.49542236328
62.577771 29.80797 1393680928000 110.23132324219
62.577771 29.80797 1393680930000 111.8095703125
62.577771 29.80797 1393680932000 112.83843994141
62.577771 29.80797 1393680934000 113.47790527344
62.577771 29.80797 1393680937000 113.97863769531
62.577771 29.80797 1393680938000 108.57946777344
62.577771 29.80797 1393680940000 110.71862792969
62.577771 29.80797 1393680942000 112.119140625
62.577771 29.80797 1393680944000 113.05670166016
62.577771 29.80797 1393680946000 113.61431884766
62.577771 29.80797 1393680948000 114.3427734375
62.577771 29.80797 1393680950000 114.48016357422
62.577771 29.80797 1393680952000 114.78070068359
62.577771 29.80797 1393680954000 105.04669189453
62.577771 29.80797 1393680956000 107.31005859375
62.577771 29.80797 1393680958000 110.32122802734
62.577771 29.80797 1393680960000 112.08612060547
62.577771 29.80797 1393680962000 113.35888671875
62.577771 29.80797 1393680964000 113.89508056641
62.577771 29.80797 1393680967000 114.33435058594
62.577771 29.80797 1393680968000 106.30377197266
62.577771 29.80797 1393680970000 109.6611328125
62.577771 29.80797 1393680972000 111.91442871094
62.577771 29.80797 1393680974000 113.43395996094
62.577771 29.80797 1393680976000 114.48919677734
62.577771 29.80797 1393680978000 114.61248779297
62.577771 29.80797 1393680980000 115.05316162109
62.577771 29.80797 1393680982000 115.32135009766
62.577771 29.80797 1393680984000 108.36315917969
62.577771 29.80797 1393680986000 110.93920898438
62.577771 29.80797 1393680988000 112.95776367188
62.577771 29.80797 1393680990000 114.17065429688
62.577771 29.80797 1393680992000 114.81567382812
62.577771 29.80797 1393680994000 114.99768066406
62.577771 29.80797 1393680997000 115.10467529297
62.577771 29.80797 1393680998000 109.42681884766
62.577771 29.80797 1393681000000 112.08825683594
62.577771 29.80797 1393681002000 113.45349121094
62.577771 29.80797 1393681004000 114.03533935547
62.577771 29.80797 1393681006000 114.44604492188
62.577771 29.80797 1393681008000 114.51171875
62.577771 29.80797 1393681010000 114.80975341797
62.577771 29.80797 1393681012000 115.04541015625
62.577771 29.80797 1393681014000 107.69213867188
62.577771 29.80797 1393681016000 111.03033447266
62.577771 29.80797 1393681018000 112.95245361328
62.577771 29.80797 1393681020000 114.0009765625
62.577771 29.80797 1393681022000 114.64270019531
62.577771 29.80797 1393681024000 114.80627441406
62.577735 29.80803 1393681026000 108.89703369141
62.577735 29.80803 1393681028000 109.03723144531
62.577735 29.80803 1393681030000 111.50598144531
62.577735 29.80803 1393681032000 112.81970214844
62.577735 29.80803 1393681034000 113.87078857422
62.577735 29.80803 1393681036000 114.55346679688
62.577735 29.80803 1393681038000 114.86706542969
62.577735 29.80803 1393681040000 115.05841064453
62.577735 29.80803 1393681042000 115.22021484375
62.577735 29.80803 1393681044000 107.01025390625
62.577735 29.80803 1393681046000 109.91485595703
62.577735 29.80803 1393681048000 111.70458984375
62.577735 29.80803 1393681050000 113.18139648438
62.577735 29.80803 1393681052000 114.51098632812
62.577735 29.80803 1393681054000 115.01196289062
62.577735 29.80803 1393681056000 115.47644042969
62.577735 29.80803 1393681058000 109.55773925781
62.577735 29.80803 1393681060000 111.60577392578
62.577735 29.80803 1393681062000 113.16436767578
62.577735 29.80803 1393681064000 114.40167236328
62.577735 29.80803 1393681066000 115.05749511719
62.577735 29.80803 1393681068000 115.57287597656
62.577735 29.80803 1393681070000 115.61480712891
62.577735 29.80803 1393681072000 115.76049804688
62.577735 29.80803 1393681074000 108.03192138672
62.577735 29.80803 1393681076000 110.69067382812
62.577735 29.80803 1393681078000 113.00793457031
62.577735 29.80803 1393681080000 114.25836181641
62.577735 29.80803 1393681082000 114.64306640625
62.577735 29.80803 1393681084000 115.13470458984
62.577735 29.80803 1393681086000 115.38189697266
62.577735 29.80803 1393681088000 106.91528320312
62.577735 29.80803 1393681090000 109.78759765625
62.577735 29.80803 1393681092000 112.30487060547
62.577735 29.80803 1393681094000 113.66107177734
62.577735 29.80803 1393681096000 114.44702148438
62.577735 29.80803 1393681098000 114.89044189453
62.577735 29.80803 1393681100000 115.39099121094
62.577735 29.80803 1393681102000 115.71838378906
62.577735 29.80803 1393681104000 106.76763916016
62.577735 29.80803 1393681106000 111.06408691406
62.577735 29.80803 1393681108000 113.53247070312
62.577735 29.80803 1393681110000 115.04339599609
62.577735 29.80803 1393681112000 115.55444335938
62.577735 29.80803 1393681114000 116.09832763672
62.577735 29.80803 1393681116000 116.43493652344
62.577735 29.80803 1393681118000 110.42327880859
62.577735 29.80803 1393681120000 113.31713867188
62.577735 29.80803 1393681122000 114.64050292969
62.577735 29.80803 1393681124000 115.70587158203
62.577735 29.80803 1393681126000 116.16198730469
62.577735 29.80803 1393681128000 116.57641601562
62.577735 29.80803 1393681130000 116.77795410156
62.577735 29.80803 1393681132000 116.93176269531
62.577735 29.80803 1393681134000 113.34216308594
62.577735 29.80803 1393681136000 114.24975585938
62.577735 29.80803 1393681138000 115.44793701172
62.577735 29.80803 1393681140000 116.28265380859
62.577735 29.80803 1393681142000 116.4091796875
62.577735 29.80803 1393681144000 116.74371337891
62.577735 29.80803 1393681146000 116.91656494141
62.577735 29.80803 1393681148000 111.96142578125
62.577735 29.80803 1393681150000 114.04248046875
62.577735 29.80803 1393681152000 115.21087646484
62.577735 29.80803 1393681154000 115.91088867188
62.577735 29.80803 1393681156000 116.31451416016
62.577735 29.80803 1393681158000 116.59307861328
62.577735 29.80803 1393681160000 116.77136230469
62.577735 29.80803 1393681162000 116.92163085938
62.577735 29.80803 1393681164000 111.92614746094
62.577735 29.80803 1393681166000 112.11444091797
62.577735 29.80803 1393681168000 114.17492675781
62.577735 29.80803 1393681170000 115.73297119141
62.577735 29.80803 1393681172000 116.22485351562
62.577735 29.80803 1393681174000 116.59643554688
62.577735 29.80803 1393681176000 116.78405761719
62.577735 29.80803 1393681178000 111.44476318359
62.577735 29.80803 1393681180000 111.89660644531
62.577735 29.80803 1393681182000 113.60540771484
62.577735 29.80803 1393681184000 114.74462890625
62.577735 29.80803 1393681186000 115.31372070312
62.577735 29.80803 1393681188000 115.9365234375
62.577735 29.80803 1393681190000 116.58850097656
62.577735 29.80803 1393681192000 116.8525390625
62.577735 29.80803 1393681194000 111.51806640625
62.577735 29.80803 1393681196000 113.79766845703
62.577735 29.80803 1393681198000 115.48107910156
62.577735 29.80803 1393681200000 116.42449951172
62.577735 29.80803 1393681202000 116.89978027344
62.577735 29.80803 1393681204000 117.10711669922
62.577735 29.80803 1393681206000 117.25506591797
62.577735 29.80803 1393681208000 112.5126953125
62.577735 29.80803 1393681210000 112.60131835938
62.577735 29.80803 1393681212000 114.65093994141
62.577735 29.80803 1393681214000 115.65155029297
62.577735 29.80803 1393681216000 116.33135986328
62.577735 29.80803 1393681218000 116.75457763672
62.577735 29.80803 1393681220000 117.10601806641
62.577735 29.80803 1393681222000 117.39361572266
62.577735 29.80803 1393681224000 110.95477294922
62.577735 29.80803 1393681226000 113.73791503906
62.577735 29.80803 1393681228000 115.35168457031
62.577735 29.80803 1393681230000 116.04833984375
62.577735 29.80803 1393681232000 116.35382080078
62.577735 29.80803 1393681234000 116.55615234375
62.577735 29.80803 1393681236000 116.79193115234
62.577735 29.80803 1393681238000 109.77612304688
62.577735 29.80803 1393681240000 111.35595703125
62.577735 29.80803 1393681242000 113.56872558594
62.577735 29.80803 1393681244000 115.4677734375
62.577735 29.80803 1393681246000 116.33898925781
62.577735 29.80803 1393681248000 116.45294189453
62.577735 29.80803 1393681250000 116.84429931641
62.577735 29.80803 1393681252000 117.09973144531
62.577735 29.80803 1393681254000 108.54382324219
62.577735 29.80803 1393681256000 112.88989257812
62.577735 29.80803 1393681258000 115.02575683594
62.577735 29.80803 1393681260000 116.03747558594
62.577735 29.80803 1393681262000 116.70336914062
62.577735 29.80803 1393681264000 117.06683349609
62.577735 29.80803 1393681266000 117.27990722656
62.577735 29.80803 1393681268000 111.40014648438
62.577735 29.80803 1393681270000 113.4931640625
62.577735 29.80803 1393681272000 114.72473144531
62.577735 29.80803 1393681274000 115.15789794922
62.577735 29.80803 1393681276000 116.0986328125
62.577735 29.80803 1393681278000 116.62121582031
62.577735 29.80803 1393681280000 117.19201660156
62.577735 29.80803 1393681282000 117.39471435547
62.577735 29.80803 1393681284000 113.41656494141
62.577735 29.80803 1393681286000 113.83251953125
62.577735 29.80803 1393681288000 115.55737304688
62.577735 29.80803 1393681290000 116.52203369141
62.577735 29.80803 1393681292000 116.94091796875
62.577735 29.80803 1393681294000 117.00531005859
62.577735 29.80803 1393681296000 117.38348388672
62.577735 29.80803 1393681298000 111.14129638672
62.577735 29.80803 1393681300000 113.73474121094
62.577735 29.80803 1393681302000 115.41528320312
62.577735 29.80803 1393681304000 116.19830322266
62.577735 29.80803 1393681306000 116.64025878906
62.577735 29.80803 1393681308000 116.97204589844
62.577735 29.80803 1393681310000 117.09387207031
62.577735 29.80803 1393681312000 117.14611816406
62.577735 29.80803 1393681314000 111.25567626953
62.577735 29.80803 1393681316000 112.07012939453
62.577735 29.80803 1393681318000 114.22912597656
62.577735 29.80803 1393681320000 115.544921875
62.577735 29.80803 1393681322000 116.16143798828
62.577735 29.80803 1393681324000 116.68365478516
62.577735 29.80803 1393681326000 117.09704589844
62.577735 29.80803 1393681328000 112.48876953125
62.577735 29.80803 1393681330000 113.60687255859
62.577735 29.80803 1393681332000 114.77661132812
62.577735 29.80803 1393681334000 115.99169921875
62.577735 29.80803 1393681336000 116.44970703125
62.577735 29.80803 1393681338000 116.94299316406
62.577735 29.80803 1393681340000 117.13110351562
62.577735 29.80803 1393681342000 117.26849365234
62.577735 29.80803 1393681344000 117.30725097656
62.577735 29.80803 1393681346000 111.14672851562
62.577735 29.80803 1393681348000 114.17199707031
62.577735 29.80803 1393681350000 115.43359375
62.577735 29.80803 1393681352000 115.90014648438
62.577735 29.80803 1393681354000 116.2138671875
62.577735 29.80803 1393681356000 116.54968261719
62.577735 29.80803 1393681358000 108.7734375
62.577735 29.80803 1393681360000 109.85595703125
62.577735 29.80803 1393681362000 112.53442382812
62.577735 29.80803 1393681364000 113.6591796875
62.577735 29.80803 1393681366000 114.68231201172
62.577735 29.80803 1393681368000 115.54962158203
62.577735 29.80803 1393681370000 116.48388671875
62.577735 29.80803 1393681372000 116.82800292969
62.577735 29.80803 1393681374000 107.99389648438
62.577735 29.80803 1393681376000 110.67474365234
62.577735 29.80803 1393681378000 113.62219238281
62.577735 29.80803 1393681380000 115.28759765625
62.577735 29.80803 1393681382000 116.19122314453
62.577735 29.80803 1393681384000 116.80053710938
62.577735 29.80803 1393681386000 117.01373291016
62.577735 29.80803 1393681388000 117.06091308594
62.577735 29.80803 1393681390000 111.50231933594
62.577735 29.80803 1393681392000 114.49456787109
62.577735 29.80803 1393681394000 115.861328125
62.577735 29.80803 1393681396000 116.60510253906
62.577735 29.80803 1393681398000 117.00610351562
62.577735 29.80803 1393681400000 117.30853271484
62.577735 29.80803 1393681402000 117.44348144531
62.577735 29.80803 1393681404000 117.59313964844
62.577735 29.80803 1393681406000 113.09741210938
62.577735 29.80803 1393681408000 114.84075927734
62.577735 29.80803 1393681410000 116.26458740234
62.577735 29.80803 1393681412000 116.97094726562
62.577735 29.80803 1393681414000 117.11657714844
62.577735 29.80803 1393681416000 117.12713623047
62.577735 29.80803 1393681418000 113.3837890625
62.577735 29.80803 1393681420000 114.33575439453
62.577735 29.80803 1393681422000 115.50988769531
62.577735 29.80803 1393681424000 116.10070800781
62.577735 29.80803 1393681426000 116.65338134766
62.577735 29.80803 1393681428000 117.05688476562
62.577735 29.80803 1393681430000 117.2978515625
62.577735 29.80803 1393681432000 117.51196289062
62.577735 29.80803 1393681434000 117.67852783203
62.577735 29.80803 1393681436000 114.25622558594
62.577735 29.80803 1393681438000 115.60327148438
62.577735 29.80803 1393681440000 116.62280273438
62.577735 29.80803 1393681442000 117.06176757812
62.577735 29.80803 1393681444000 117.23754882812
62.577735 29.80803 1393681446000 117.47692871094
62.577735 29.80803 1393681448000 112.03234863281
62.577735 29.80803 1393681450000 114.52465820312
62.577735 29.80803 1393681452000 115.57458496094
62.577735 29.80803 1393681454000 115.705078125
62.577735 29.80803 1393681456000 116.14306640625
62.577735 29.80803 1393681458000 116.62249755859
62.577735 29.80803 1393681460000 117.08093261719
62.577735 29.80803 1393681462000 117.24957275391
62.577735 29.80803 1393681464000 117.25177001953
62.577735 29.80803 1393681466000 111.66766357422
62.577735 29.80803 1393681468000 114.17309570312
62.577735 29.80803 1393681470000 114.50439453125
62.577735 29.80803 1393681472000 114.99084472656
62.577735 29.80803 1393681474000 115.49169921875
62.577735 29.80803 1393681476000 115.65155029297
62.577735 29.80803 1393681478000 105.12292480469
62.577735 29.80803 1393681480000 108.20025634766
62.577735 29.80803 1393681482000 111.03387451172
62.577735 29.80803 1393681484000 113.25866699219
62.577735 29.80803 1393681486000 114.58612060547
62.577735 29.80803 1393681488000 115.50286865234
62.577735 29.80803 1393681490000 116.33074951172
62.577735 29.80803 1393681492000 116.80444335938
62.577735 29.80803 1393681494000 117.03259277344
62.577735 29.80803 1393681496000 111.45556640625
62.577735 29.80803 1393681498000 113.50244140625
62.577735 29.80803 1393681500000 115.07116699219
62.577735 29.80803 1393681502000 116.30950927734
62.577735 29.80803 1393681504000 116.94360351562
62.577735 29.80803 1393681506000 116.73822021484
62.577735 29.80803 1393681508000 110.259765625
62.577735 29.80803 1393681510000 112.33947753906
62.577735 29.80803 1393681512000 115.03521728516
62.577735 29.80803 1393681514000 115.18621826172
62.577735 29.80803 1393681516000 115.69982910156
62.577735 29.80803 1393681518000 116.48504638672
62.577735 29.80803 1393681520000 116.81762695312
62.577735 29.80803 1393681522000 117.08428955078
62.577735 29.80803 1393681524000 117.20977783203
62.577735 29.80803 1393681526000 112.16796875
62.577735 29.80803 1393681528000 113.84356689453
62.577735 29.80803 1393681530000 114.63885498047
62.577735 29.80803 1393681532000 115.22784423828
62.577735 29.80803 1393681534000 115.69897460938
62.577735 29.80803 1393681536000 115.96850585938
62.577735 29.80803 1393681538000 108.47912597656
62.577735 29.80803 1393681540000 109.46038818359
62.577735 29.80803 1393681542000 112.48992919922
62.577735 29.80803 1393681544000 114.10089111328
62.577735 29.80803 1393681546000 115.14758300781
62.577735 29.80803 1393681548000 116.03973388672
62.577735 29.80803 1393681550000 116.30908203125
62.577735 29.80803 1393681552000 116.71484375
62.577735 29.80803 1393681554000 116.90594482422
62.577735 29.80803 1393681556000 110.12536621094
62.577735 29.80803 1393681558000 113.96984863281
62.577735 29.80803 1393681560000 115.55450439453
62.577735 29.80803 1393681562000 116.33337402344
62.577735 29.80803 1393681564000 116.66137695312
62.577735 29.80803 1393681566000 116.99926757812
62.577735 29.80803 1393681568000 112.04614257812
62.577735 29.80803 1393681570000 112.67614746094
62.577735 29.80803 1393681572000 115.00183105469
62.577735 29.80803 1393681574000 115.86987304688
62.577735 29.80803 1393681576000 116.65142822266
62.577735 29.80803 1393681578000 117.01702880859
62.577735 29.80803 1393681580000 117.24908447266
62.577735 29.80803 1393681582000 117.41748046875
62.577735 29.80803 1393681584000 117.64831542969
62.577735 29.80803 1393681586000 113.99578857422
62.577735 29.80803 1393681588000 115.74462890625
62.577735 29.80803 1393681590000 116.38519287109
62.577735 29.80803 1393681592000 116.71215820312
62.577735 29.80803 1393681594000 117.041015625
62.577735 29.80803 1393681596000 117.20056152344
62.577735 29.80803 1393681598000 113.39288330078
62.577735 29.80803 1393681600000 114.62390136719
62.577735 29.80803 1393681602000 115.73004150391
62.577735 29.80803 1393681604000 116.37481689453
62.577735 29.80803 1393681606000 117.01031494141
62.577735 29.80803 1393681608000 117.34765625
62.577735 29.80803 1393681610000 117.55120849609
62.577735 29.80803 1393681612000 117.60144042969
62.577735 29.80803 1393681614000 117.63232421875
62.577735 29.80803 1393681616000 114.67486572266
62.577735 29.80803 1393681618000 115.48803710938
62.577735 29.80803 1393681620000 115.98669433594
62.577735 29.80803 1393681622000 116.52551269531
62.577735 29.80803 1393681624000 116.65234375
62.577735 29.80803 1393681626000 117.03576660156
62.577735 29.80803 1393681628000 113.56903076172
62.577735 29.80803 1393681630000 114.18676757812
62.577735 29.80803 1393681632000 114.62237548828
62.577735 29.80803 1393681634000 115.45178222656
62.577735 29.80803 1393681636000 115.90191650391
62.577735 29.80803 1393681638000 116.1982421875
62.577735 29.80803 1393681640000 116.23785400391
62.577735 29.80803 1393681642000 116.59411621094
62.577735 29.80803 1393681644000 116.99145507812
62.577735 29.80803 1393681646000 111.12091064453
62.577735 29.80803 1393681648000 113.44104003906
62.577735 29.80803 1393681650000 114.89739990234
62.577735 29.80803 1393681652000 115.41351318359
62.577735 29.80803 1393681654000 115.96630859375
62.577735 29.80803 1393681656000 116.55059814453
62.577735 29.80803 1393681658000 108.53344726562
62.577735 29.80803 1393681660000 111.73028564453
62.577735 29.80803 1393681662000 113.923828125
62.577735 29.80803 1393681664000 115.13702392578