62.581373 29.797237 1394002473000 117.90000152588
62.581788 29.79694 1394002476000 117.90000152588
62.582184 29.79661 1394002479000 119.5
62.582541 29.796349 1394002482000 120.69999694824
62.582855 29.796098 1394002485000 123.40000152588
62.583054 29.795943 1394002488000 123.40000152588
62.583174 29.795961 1394002491000 122.80000305176
62.583212 29.795932 1394002493000 123.19999694824
62.583223 29.795929 1394002497000 123.90000152588
62.583225 29.79592 1394002500000 125.0
62.583245 29.795909 1394002503000 125.5
62.583413 29.795784 1394002506000 126.09999847412
62.583637 29.795563 1394002509000 126.0
62.583884 29.795389 1394002512000 125.59999847412
62.58408 29.795284 1394002515000 126.59999847412
62.584242 29.795217 1394002518000 126.30000305176
62.584367 29.795141 1394002521000 127.09999847412
62.584515 29.795088 1394002524000 126.59999847412
62.584633 29.794928 1394002527000 126.59999847412
62.584821 29.794912 1394002530000 126.90000152588
62.58509 29.794709 1394002533000 127.19999694824
62.585335 29.794435 1394002536000 127.30000305176
62.585594 29.79413 1394002539000 127.09999847412
62.585892 29.793994 1394002542000 127.19999694824
62.586182 29.793629 1394002545000 127.30000305176
62.586499 29.793435 1394002548000 127.5
62.586809 29.793146 1394002551000 127.59999847412
62.587144 29.792926 1394002554000 127.40000152588
62.587496 29.7925 1394002557000 127.80000305176
62.587788 29.792456 1394002560000 128.0
62.588078 29.792175 1394002563000 128.10000610352
62.588354 29.791721 1394002566000 129.69999694824
62.588664 29.791395 1394002569000 129.80000305176
62.589007 29.791173 1394002572000 129.60000610352
62.589315 29.791011 1394002575000 130.0
62.589483 29.790968 1394002578000 131.10000610352
62.589566 29.790853 1394002581000 131.19999694824
62.589609 29.790761 1394002584000 131.10000610352
62.589732 29.790685 1394002587000 131.30000305176
62.58984 29.790555 1394002590000 131.10000610352
62.589866 29.790485 1394002593000 131.19999694824
62.589894 29.790451 1394002596000 131.39999389648
62.5898 29.790272 1394002599000 131.69999694824
62.589641 29.789532 1394002602000 130.89999389648
62.589579 29.78909 1394002605000 130.60000610352
62.589529 29.788385 1394002608000 128.69999694824
62.589657 29.78783 1394002611000 129.19999694824
62.589683 29.787408 1394002614000 128.60000610352
62.589721 29.787153 1394002617000 129.19999694824
62.589764 29.787086 1394002620000 128.60000610352
62.589755 29.787073 1394002623000 128.60000610352
62.589697 29.786993 1394002626000 129.60000610352
62.5897 29.787016 1394002629000 128.19999694824
62.589691 29.78702 1394002632000 129.10000610352
62.589747 29.786809 1394002635000 127.80000305176
62.589765 29.786204 1394002638000 127.5
62.589877 29.785906 1394002641000 125.5
62.589984 29.785339 1394002644000 125.69999694824
62.590221 29.784748 1394002647000 126.90000152588
62.59044 29.784108 1394002650000 124.09999847412
62.590643 29.78357 1394002653000 125.09999847412
62.590915 29.782963 1394002656000 125.40000152588
62.591189 29.782599 1394002659000 127.0
62.591508 29.782607 1394002662000 127.40000152588
62.591754 29.782443 1394002665000 128.0
62.59202 29.782058 1394002668000 128.30000305176
62.592247 29.781819 1394002671000 128.0
62.592492 29.781524 1394002674000 128.0
62.592736 29.78133 1394002677000 128.0
62.59295 29.781245 1394002680000 128.10000610352
62.592723 29.78051 1394002683000 128.19999694824
62.592701 29.780173 1394002686000 129.89999389648
62.592865 29.779898 1394002689000 130.69999694824
62.592974 29.779435 1394002692000 134.69999694824
62.59311 29.779137 1394002695000 134.30000305176
62.593308 29.778655 1394002698000 133.0
62.593481 29.778227 1394002701000 134.39999389648
62.593657 29.777748 1394002704000 133.5
62.593887 29.777241 1394002707000 131.39999389648
62.59406 29.776718 1394002710000 128.80000305176
62.594299 29.776287 1394002713000 131.0
62.594541 29.775963 1394002716000 130.69999694824
62.594806 29.775891 1394002719000 128.69999694824
62.595022 29.775815 1394002722000 126.0
62.59517 29.775743 1394002725000 122.5
62.595291 29.775677 1394002728000 122.5
62.595413 29.775679 1394002731000 119.5
62.595469 29.7757 1394002734000 119.30000305176
62.595461 29.775758 1394002737000 118.90000152588
62.595467 29.775773 1394002740000 118.69999694824
62.595471 29.7758 1394002743000 117.59999847412
62.595475 29.775762 1394002746000 117.30000305176
62.595558 29.775677 1394002749000 116.90000152588
62.595743 29.775577 1394002752000 116.0
62.595896 29.775288 1394002755000 114.30000305176
62.596015 29.775007 1394002758000 113.80000305176
62.596017 29.77454 1394002761000 114.80000305176
62.596005 29.774021 1394002764000 112.40000152588
62.596008 29.773725 1394002767000 111.30000305176
62.596074 29.77338 1394002770000 112.80000305176
62.596199 29.773045 1394002773000 113.09999847412
62.596356 29.772758 1394002776000 112.80000305176
62.596547 29.77258 1394002779000 112.40000152588
62.596761 29.772737 1394002782000 111.30000305176
62.596998 29.773074 1394002785000 109.90000152588
62.597271 29.773501 1394002788000 111.19999694824
62.597517 29.773929 1394002791000 111.5
62.597719 29.774306 1394002794000 110.30000305176
62.597892 29.77443 1394002797000 110.0
62.598029 29.774305 1394002800000 110.19999694824
62.598117 29.774057 1394002803000 105.90000152588
62.598261 29.774055 1394002806000 103.59999847412
62.598443 29.774193 1394002809000 104.30000305176
62.598685 29.774423 1394002812000 104.40000152588
62.598882 29.774628 1394002815000 104.59999847412
62.599012 29.7748 1394002818000 105.09999847412
62.599089 29.774839 1394002821000 106.0
62.599087 29.77483 1394002824000 105.30000305176
62.599086 29.774783 1394002827000 105.19999694824
62.599155 29.774787 1394002830000 106.59999847412
62.599249 29.774767 1394002832000 105.19999694824
62.599432 29.774795 1394002836000 104.90000152588
62.599509 29.774784 1394002839000 104.09999847412
62.599551 29.774782 1394002842000 104.40000152588
62.599547 29.774764 1394002845000 103.59999847412
62.599556 29.774751 1394002848000 102.90000152588
62.599568 29.774746 1394002851000 104.30000305176
62.599597 29.774744 1394002854000 103.5
62.599741 29.774779 1394002857000 103.90000152588
62.59987 29.774726 1394002860000 104.90000152588
62.599934 29.774588 1394002862000 103.0
62.599939 29.774047 1394002866000 105.19999694824
62.599922 29.773601 1394002869000 107.40000152588
62.599889 29.772924 1394002872000 108.80000305176
62.599872 29.77243 1394002874000 106.59999847412
62.599838 29.771379 1394002878000 106.19999694824
62.599867 29.770592 1394002881000 104.0
62.599963 29.769818 1394002884000 104.80000305176
62.600071 29.769152 1394002887000 105.40000152588
62.600165 29.768465 1394002890000 105.90000152588
62.600267 29.767876 1394002893000 105.59999847412
62.600306 29.767369 1394002896000 104.59999847412
62.600345 29.767192 1394002898000 104.80000305176
62.600467 29.76689 1394002902000 104.40000152588
62.600522 29.766685 1394002905000 104.59999847412
62.600516 29.766676 1394002908000 104.5
62.600537 29.766668 1394002911000 104.40000152588
62.600537 29.766665 1394002914000 104.69999694824
62.600538 29.766659 1394002917000 104.69999694824
62.600542 29.766617 1394002920000 104.80000305176
62.600625 29.76626 1394002923000 105.19999694824
62.600735 29.7657 1394002926000 102.09999847412
62.600804 29.765124 1394002929000 102.80000305176
62.600869 29.76459 1394002932000 103.09999847412
62.600967 29.764095 1394002935000 103.30000305176
62.601046 29.763883 1394002938000 103.19999694824
62.601027 29.763599 1394002941000 103.30000305176
62.600913 29.763369 1394002944000 104.19999694824
62.600711 29.763168 1394002947000 104.19999694824
62.600468 29.762947 1394002950000 105.19999694824
62.600251 29.762721 1394002953000 107.19999694824
62.600083 29.762569 1394002956000 107.30000305176
62.599958 29.762461 1394002959000 105.90000152588
62.599859 29.762269 1394002962000 106.69999694824
62.59993 29.761946 1394002965000 106.30000305176
62.599992 29.761624 1394002968000 106.69999694824
62.60006 29.761138 1394002971000 107.0
62.600125 29.760719 1394002974000 107.09999847412
62.600205 29.760409 1394002977000 106.80000305176
62.600262 29.760158 1394002980000 106.90000152588
62.600322 29.759918 1394002983000 106.80000305176
62.60038 29.75962 1394002986000 104.69999694824
62.60048 29.75929 1394002989000 105.19999694824
62.600519 29.758903 1394002992000 105.69999694824
62.600553 29.758682 1394002995000 106.09999847412
62.600627 29.758462 1394002998000 105.80000305176
62.600719 29.758484 1394003001000 105.90000152588
62.600795 29.758593 1394003004000 104.30000305176
62.60088 29.758688 1394003007000 103.80000305176
62.600965 29.758778 1394003010000 102.09999847412
62.601005 29.758826 1394003013000 101.5
62.600989 29.758843 1394003016000 100.40000152588
62.600979 29.758869 1394003019000 102.40000152588
62.600996 29.758906 1394003022000 103.59999847412
62.60103 29.758949 1394003025000 103.0
62.601068 29.758969 1394003028000 104.0
62.601112 29.758979 1394003031000 104.09999847412
62.601155 29.759002 1394003034000 105.40000152588
62.601184 29.758978 1394003037000 105.0
62.601218 29.758933 1394003040000 105.80000305176
62.601252 29.758899 1394003043000 103.69999694824
62.601286 29.758889 1394003046000 102.19999694824
62.601315 29.758898 1394003048000 102.0
62.601362 29.758942 1394003052000 101.5
62.601399 29.758975 1394003055000 101.0
62.601432 29.758974 1394003058000 100.80000305176
62.601457 29.758977 1394003060000 100.5
62.601488 29.759021 1394003064000 97.400001525879
62.601521 29.759034 1394003067000 96.5
62.601552 29.759059 1394003070000 96.199996948242
62.601583 29.759047 1394003073000 93.5
62.601599 29.759025 1394003076000 91.900001525879
62.601628 29.759006 1394003079000 93.900001525879
62.601662 29.758986 1394003082000 93.599998474121
62.601695 29.758951 1394003085000 93.400001525879
62.601724 29.758911 1394003088000 93.400001525879
62.601753 29.758857 1394003091000 97.5
62.601779 29.758797 1394003094000 100.59999847412
62.601807 29.758727 1394003097000 102.0
62.601833 29.758648 1394003100000 102.09999847412
62.601852 29.758602 1394003102000 102.30000305176
62.601871 29.75852 1394003105000 103.59999847412
62.601891 29.758418 1394003109000 103.90000152588
62.601911 29.758339 1394003112000 104.5
62.601931 29.758283 1394003115000 103.09999847412
62.601954 29.758181 1394003118000 102.69999694824
62.601976 29.758108 1394003121000 101.59999847412
62.601993 29.758032 1394003124000 102.40000152588
62.602005 29.757934 1394003127000 102.19999694824
62.602017 29.757839 1394003130000 102.40000152588
62.602029 29.757731 1394003133000 101.5
62.602039 29.757633 1394003135000 100.5
62.602063 29.757519 1394003139000 101.30000305176
62.602075 29.757437 1394003142000 101.30000305176
62.602098 29.75736 1394003145000 100.90000152588
62.602123 29.757284 1394003148000 101.69999694824
62.602146 29.757195 1394003151000 103.09999847412
62.602172 29.757114 1394003154000 104.19999694824
62.602196 29.75703 1394003157000 104.19999694824
62.602217 29.756948 1394003160000 103.80000305176
62.602232 29.756888 1394003163000 103.80000305176
62.602249 29.756808 1394003166000 103.59999847412
62.602267 29.756729 1394003169000 104.09999847412
62.602291 29.756662 1394003172000 104.40000152588
62.602314 29.756583 1394003175000 104.90000152588
62.602333 29.756489 1394003178000 106.0
62.602346 29.756376 1394003181000 106.40000152588
62.602362 29.75627 1394003184000 108.09999847412
62.602367 29.756178 1394003187000 109.5
62.60238 29.756072 1394003190000 110.80000305176
62.602395 29.755975 1394003193000 109.40000152588
62.60241 29.755905 1394003196000 107.80000305176
62.602422 29.755812 1394003199000 107.90000152588
62.602427 29.755711 1394003202000 107.80000305176
62.602434 29.755595 1394003205000 108.0
62.602452 29.755526 1394003208000 105.5
62.602473 29.755463 1394003211000 104.30000305176
62.602495 29.755396 1394003214000 103.59999847412
62.602513 29.75532 1394003217000 103.5
62.602531 29.755237 1394003220000 104.09999847412
62.602544 29.755187 1394003222000 103.90000152588
62.602571 29.755085 1394003226000 104.80000305176
62.602589 29.75502 1394003229000 106.19999694824
62.602603 29.754949 1394003232000 107.19999694824
62.602614 29.754867 1394003235000 107.59999847412
62.602624 29.754763 1394003238000 107.19999694824
62.602636 29.75467 1394003241000 107.90000152588
62.602648 29.7546 1394003244000 108.5
62.602661 29.75452 1394003247000 107.59999847412
62.602679 29.754428 1394003250000 108.40000152588
62.6027 29.754353 1394003253000 107.30000305176
62.602718 29.754264 1394003256000 108.69999694824
62.602735 29.754181 1394003259000 108.09999847412
62.602756 29.754101 1394003262000 109.40000152588
62.602772 29.754022 1394003265000 110.5
62.602792 29.753929 1394003268000 109.80000305176
62.602808 29.753853 1394003271000 110.40000152588
62.602824 29.753767 1394003274000 111.30000305176
62.602842 29.75367 1394003277000 110.40000152588
62.602861 29.753579 1394003280000 109.19999694824
62.602879 29.753503 1394003283000 108.90000152588
62.602893 29.75343 1394003286000 107.5
62.602907 29.753361 1394003289000 107.80000305176
62.60293 29.753294 1394003292000 107.5
62.602948 29.753212 1394003295000 108.40000152588
62.602964 29.753122 1394003298000 107.59999847412
62.602974 29.753072 1394003300000 107.69999694824
62.603 29.752973 1394003304000 108.59999847412
62.603016 29.75289 1394003307000 108.80000305176
62.603036 29.752808 1394003310000 110.30000305176
62.603053 29.752717 1394003313000 110.5
62.603075 29.752624 1394003316000 111.09999847412
62.603095 29.752536 1394003319000 112.0
62.603113 29.752454 1394003322000 112.0
62.603131 29.752363 1394003325000 111.30000305176
62.603139 29.752271 1394003328000 111.19999694824
62.60315 29.752198 1394003331000 110.40000152588
62.603161 29.752114 1394003334000 110.19999694824
62.603176 29.752026 1394003337000 108.69999694824
62.603193 29.751937 1394003340000 108.19999694824
62.603198 29.751843 1394003343000 108.40000152588
62.603208 29.75177 1394003346000 108.30000305176
62.603212 29.751727 1394003348000 108.0
62.603194 29.751642 1394003352000 106.19999694824
62.60318 29.751564 1394003355000 106.30000305176
62.603153 29.751444 1394003358000 108.5
62.603131 29.751337 1394003361000 107.40000152588
62.603107 29.751246 1394003364000 106.90000152588
62.603082 29.751164 1394003367000 106.69999694824
62.603061 29.751082 1394003370000 105.40000152588
62.603039 29.751004 1394003373000 104.5
62.603023 29.75093 1394003376000 104.19999694824
62.603003 29.750861 1394003379000 104.5
62.603005 29.750857 1394003382000 104.19999694824
62.603003 29.750847 1394003385000 103.80000305176
62.602987 29.750778 1394003388000 104.80000305176
62.60296 29.750671 1394003391000 105.30000305176
62.602936 29.750562 1394003394000 104.90000152588
62.602911 29.75047 1394003397000 103.90000152588
62.602888 29.75038 1394003400000 104.09999847412
62.602866 29.750279 1394003403000 104.19999694824
62.602853 29.750214 1394003405000 103.30000305176
62.602827 29.750105 1394003409000 101.40000152588
62.602803 29.750052 1394003412000 101.69999694824
62.602784 29.749957 1394003415000 101.30000305176
62.602764 29.749863 1394003418000 100.80000305176
62.602743 29.74978 1394003421000 100.90000152588
62.602728 29.74972 1394003424000 100.80000305176
62.602706 29.749622 1394003427000 101.19999694824
62.602687 29.74951 1394003430000 101.0
62.602659 29.749431 1394003433000 100.5
62.602643 29.749378 1394003435000 100.59999847412
62.602628 29.74927 1394003439000 100.0
62.602618 29.74918 1394003442000 100.59999847412
62.602614 29.749115 1394003444000 99.699996948242
62.602623 29.748985 1394003448000 99.5
62.602632 29.74888 1394003451000 99.199996948242
62.602645 29.748776 1394003454000 99.5
62.602669 29.748669 1394003457000 99.0
62.602687 29.748564 1394003460000 97.5
62.602675 29.748467 1394003463000 98.400001525879
62.602663 29.748465 1394003466000 98.5
62.602638 29.748472 1394003469000 99.5
62.602595 29.748447 1394003472000 99.800003051758
62.602566 29.748424 1394003474000 99.599998474121
62.602509 29.748377 1394003478000 100.0
62.602458 29.748355 1394003481000 102.40000152588
62.602412 29.748338 1394003484000 104.09999847412
62.602367 29.74831 1394003487000 104.5
62.602321 29.748282 1394003490000 103.09999847412
62.602278 29.748248 1394003493000 103.40000152588
62.60224 29.748218 1394003496000 102.59999847412
62.602202 29.748189 1394003499000 103.59999847412
62.602168 29.748156 1394003502000 103.0
62.602132 29.748117 1394003505000 103.59999847412
62.602093 29.748072 1394003508000 102.5
62.60205 29.748042 1394003511000 102.40000152588
62.602009 29.748003 1394003514000 103.5
62.601974 29.747972 1394003517000 101.09999847412
62.601938 29.747954 1394003520000 100.59999847412
62.601901 29.747935 1394003523000 100.69999694824
62.601865 29.747901 1394003526000 101.30000305176
62.601827 29.747858 1394003529000 101.19999694824
62.601791 29.747815 1394003532000 101.40000152588
62.601756 29.747784 1394003535000 101.59999847412
62.601718 29.747746 1394003538000 102.5
62.601682 29.747706 1394003541000 101.90000152588
62.601645 29.747665 1394003544000 102.0
62.601606 29.74763 1394003547000 102.59999847412
62.601564 29.747592 1394003550000 104.0
62.601525 29.747566 1394003553000 103.09999847412
62.6015 29.747542 1394003555000 103.0
62.601452 29.747508 1394003559000 103.19999694824
62.601419 29.74748 1394003562000 103.30000305176
62.601384 29.747449 1394003565000 103.09999847412
62.601347 29.747424 1394003568000 102.90000152588
62.601312 29.747395 1394003571000 103.69999694824
62.601274 29.747367 1394003574000 102.5
62.601238 29.747331 1394003577000 102.40000152588
62.601201 29.747289 1394003580000 102.40000152588
62.601167 29.747245 1394003583000 103.0
62.601132 29.747206 1394003586000 102.5
62.601095 29.74717 1394003589000 103.09999847412
62.601051 29.747137 1394003592000 103.30000305176
62.601006 29.7471 1394003595000 104.09999847412
62.600964 29.747063 1394003598000 104.30000305176
62.60092 29.747028 1394003601000 104.19999694824
62.600882 29.746998 1394003604000 104.0
62.600847 29.746963 1394003607000 103.90000152588
62.600808 29.74694 1394003610000 103.0
62.600772 29.746914 1394003613000 104.19999694824
62.600748 29.746887 1394003615000 104.30000305176
62.60069 29.746833 1394003619000 105.80000305176
62.600646 29.746793 1394003622000 105.69999694824
62.600604 29.746755 1394003625000 106.09999847412
62.600582 29.74673 1394003627000 105.69999694824
62.600543 29.746678 1394003631000 105.0
62.60051 29.746649 1394003634000 104.5
62.600476 29.746619 1394003637000 103.19999694824
62.600444 29.746578 1394003640000 102.69999694824
62.600402 29.746559 1394003643000 102.30000305176
62.600361 29.746526 1394003646000 101.40000152588
62.600313 29.746489 1394003649000 103.5
62.60027 29.746454 1394003652000 103.40000152588
62.600229 29.746422 1394003655000 104.0
62.600194 29.74639 1394003658000 104.19999694824
62.600156 29.746364 1394003661000 105.5
62.600118 29.746336 1394003664000 105.40000152588
62.600081 29.7463 1394003667000 105.69999694824
62.600045 29.746262 1394003670000 105.19999694824
62.600006 29.746222 1394003673000 104.69999694824
62.599964 29.746182 1394003676000 105.19999694824
62.599919 29.746141 1394003679000 104.0
62.599879 29.74611 1394003682000 103.90000152588
62.599844 29.746071 1394003685000 103.19999694824
62.599822 29.746047 1394003687000 102.59999847412
62.599774 29.746014 1394003691000 102.19999694824
62.599738 29.745982 1394003694000 102.59999847412
62.599701 29.745954 1394003697000 102.90000152588
62.599662 29.74593 1394003700000 102.80000305176
62.599625 29.745911 1394003703000 102.09999847412
62.599594 29.745871 1394003706000 101.09999847412
62.599564 29.745826 1394003709000 101.09999847412
62.599535 29.745792 1394003712000 101.40000152588
62.599512 29.745772 1394003714000 102.09999847412
62.599469 29.74574 1394003718000 100.19999694824
62.599437 29.745709 1394003721000 99.699996948242
62.599398 29.745673 1394003724000 99.699996948242
62.599361 29.74563 1394003727000 98.0
62.599321 29.745593 1394003730000 99.5
62.599275 29.745565 1394003733000 100.30000305176
62.599233 29.745524 1394003736000 101.0
62.599194 29.745485 1394003739000 100.69999694824
62.599161 29.745442 1394003742000 99.099998474121
62.599126 29.745405 1394003745000 98.400001525879
62.599092 29.745375 1394003748000 97.400001525879
62.599057 29.74534 1394003751000 97.300003051758
62.599033 29.745317 1394003753000 97.099998474121
62.598981 29.745268 1394003757000 97.800003051758
62.598954 29.745247 1394003760000 95.800003051758
62.598935 29.745208 1394003763000 93.300003051758
62.598911 29.745164 1394003766000 92.400001525879
62.598885 29.745118 1394003769000 93.599998474121
62.598854 29.745094 1394003771000 96.400001525879
62.59881 29.745052 1394003775000 95.400001525879
62.59878 29.745042 1394003778000 95.699996948242
62.598753 29.745006 1394003781000 95.199996948242
62.598726 29.744974 1394003784000 94.599998474121
62.598707 29.744938 1394003787000 94.400001525879
62.598696 29.7449 1394003790000 94.199996948242
62.598694 29.744859 1394003793000 94.300003051758
62.598698 29.744807 1394003796000 95.800003051758
62.598708 29.744757 1394003799000 100.0
62.598721 29.744726 1394003802000 103.09999847412
62.598728 29.744686 1394003805000 101.80000305176
62.598692 29.74463 1394003808000 97.599998474121
62.598657 29.744589 1394003811000 93.400001525879
62.59864 29.744534 1394003814000 91.599998474121
62.598613 29.744434 1394003817000 86.300003051758
62.598585 29.744357 1394003820000 83.400001525879
62.598561 29.744298 1394003823000 81.599998474121
62.598547 29.744247 1394003826000 80.900001525879
62.598531 29.744212 1394003829000 81.599998474121
62.59852 29.744197 1394003832000 83.699996948242
62.59852 29.744165 1394003835000 85.699996948242
62.598522 29.744116 1394003838000 89.099998474121
62.598538 29.744071 1394003841000 90.900001525879
62.598549 29.744008 1394003844000 92.0
62.598555 29.743937 1394003847000 90.900001525879
62.598571 29.743875 1394003850000 94.199996948242
62.598591 29.743845 1394003853000 97.699996948242
62.5986 29.743767 1394003856000 98.699996948242
62.598598 29.743709 1394003859000 100.09999847412
62.598583 29.743672 1394003862000 101.30000305176
62.598568 29.74366 1394003865000 102.80000305176
62.598552 29.743687 1394003868000 102.80000305176
62.598546 29.743637 1394003871000 102.59999847412
62.598545 29.743629 1394003874000 102.59999847412
62.598544 29.743629 1394003877000 102.80000305176
62.598546 29.743616 1394003880000 102.69999694824
62.598546 29.743586 1394003883000 102.90000152588
62.598541 29.74356 1394003886000 103.30000305176
62.59854 29.743553 1394003889000 103.30000305176
62.598539 29.743551 1394003892000 103.30000305176
62.59854 29.74354 1394003895000 103.5
62.598541 29.74353 1394003898000 103.5
62.59853 29.743539 1394003901000 103.19999694824
62.598525 29.743568 1394003904000 102.90000152588
62.598524 29.74358 1394003907000 103.5
62.601222 29.747349 1394003968297 0.0