62.577799 29.815545 1394123491000 67.559692382812
62.577822 29.815511 1394123492000 68.463256835938
62.577822 29.815511 1394123494000 69.692077636719
62.577822 29.815511 1394123496000 71.382446289062
62.577822 29.815511 1394123498000 72.204284667969
62.577822 29.815511 1394123500000 73.485717773438
62.577822 29.815511 1394123502000 74.472473144531
62.577822 29.815511 1394123504000 74.637634277344
62.577822 29.815511 1394123506000 74.609985351562
62.577822 29.815511 1394123508000 74.619384765625
62.577822 29.815511 1394123510000 74.625854492188
62.57783 29.815511 1394123512000 74.641967773438
62.57783 29.815511 1394123514000 74.644470214844
62.57783 29.815511 1394123516000 74.638305664062
62.57783 29.815519 1394123518000 74.646606445312
62.577831 29.815572 1394123520000 76.464294433594
62.577815 29.815586 1394123522000 76.36572265625
62.577811 29.815647 1394123525000 76.1796875
62.577808 29.815682 1394123526000 77.362670898438
62.577807 29.815723 1394123528000 77.775085449219
62.577811 29.815769 1394123530000 77.907958984375
62.577815 29.81582 1394123532000 78.514587402344
62.577821 29.815877 1394123534000 79.503601074219
62.577829 29.815938 1394123536000 79.885375976562
62.577833 29.815999 1394123539000 80.988586425781
62.57784 29.816057 1394123540000 81.882995605469
62.577849 29.816116 1394123542000 81.340087890625
62.577851 29.816179 1394123545000 79.697021484375
62.577862 29.816234 1394123546000 80.116638183594
62.577872 29.816285 1394123548000 78.251403808594
62.577879 29.816367 1394123550000 81.619140625
62.577889 29.816437 1394123552000 83.025146484375
62.577897 29.816496 1394123554000 83.688720703125
62.577912 29.816543 1394123556000 83.697021484375
62.577923 29.816597 1394123559000 83.525268554688
62.57794 29.816635 1394123560000 82.463928222656
62.577934 29.816677 1394123562000 82.321960449219
62.577933 29.816723 1394123565000 83.187561035156
62.577931 29.816775 1394123567000 83.533447265625
62.577909 29.816884 1394123568000 87.971313476562
62.577908 29.816915 1394123570000 88.484802246094
62.577911 29.816957 1394123572000 91.096618652344
62.577917 29.816985 1394123575000 92.35986328125
62.577922 29.817012 1394123576000 93.618225097656
62.577931 29.817045 1394123578000 93.828979492188
62.577939 29.817077 1394123580000 93.370666503906
62.577946 29.817124 1394123582000 92.923461914062
62.577953 29.817159 1394123584000 95.090942382812
62.577963 29.817198 1394123587000 94.487915039062
62.577973 29.817234 1394123589000 96.048828125
62.577981 29.81728 1394123590000 96.818786621094
62.577986 29.81733 1394123592000 94.099304199219
62.577985 29.817377 1394123594000 92.495849609375
62.577987 29.817406 1394123596000 92.902465820312
62.577994 29.817447 1394123599000 92.8125
62.577993 29.817475 1394123600000 91.560974121094
62.577997 29.817512 1394123602000 90.407653808594
62.578002 29.817538 1394123604000 89.698059082031
62.577994 29.817588 1394123606000 90.062438964844
62.577986 29.817626 1394123608000 88.703674316406
62.57798 29.817668 1394123611000 88.701721191406
62.577973 29.817717 1394123613000 87.285034179688
62.577961 29.817772 1394123614000 88.994262695312
62.577942 29.817827 1394123616000 89.495788574219
62.577921 29.81788 1394123618000 89.174621582031
62.577905 29.817942 1394123620000 88.131530761719
62.577894 29.818013 1394123622000 87.977844238281
62.577882 29.818083 1394123624000 87.949768066406
62.577868 29.818157 1394123626000 88.399047851562
62.57786 29.818216 1394123629000 87.155517578125
62.577859 29.818295 1394123630000 88.158752441406
62.57786 29.818348 1394123632000 86.891967773438
62.577846 29.818403 1394123634000 87.765319824219
62.577822 29.818485 1394123636000 91.824462890625
62.577804 29.818559 1394123638000 93.262329101562
62.577797 29.818617 1394123640000 92.03125
62.577782 29.818677 1394123643000 91.580200195312
62.57777 29.818734 1394123645000 91.586242675781
62.577752 29.818805 1394123647000 96.952941894531
62.577732 29.818906 1394123648000 98.212646484375
62.577714 29.818995 1394123651000 98.216796875
62.577693 29.819072 1394123652000 98.04296875
62.577681 29.819139 1394123655000 97.341796875
62.577677 29.819193 1394123656000 91.08740234375
62.577691 29.819206 1394123658000 89.642761230469
62.577689 29.819236 1394123660000 89.674987792969
62.577668 29.81927 1394123662000 87.446533203125
62.577657 29.819304 1394123665000 86.878295898438
62.577644 29.819336 1394123666000 85.923950195312
62.577631 29.819385 1394123668000 87.023864746094
62.577615 29.819444 1394123671000 88.282348632812
62.577597 29.819498 1394123672000 88.756286621094
62.57758 29.81954 1394123674000 88.230224609375
62.577535 29.819665 1394123677000 96.547302246094
62.577496 29.819791 1394123678000 100.27740478516
62.577476 29.819888 1394123680000 101.41461181641
62.577468 29.819968 1394123682000 103.74725341797
62.577457 29.820033 1394123685000 103.86853027344
62.577448 29.820099 1394123687000 104.84857177734
62.57744 29.820167 1394123689000 104.35919189453
62.577437 29.820223 1394123690000 102.65747070312
62.577425 29.820282 1394123692000 101.84735107422
62.577421 29.820333 1394123694000 102.27813720703
62.577416 29.82038 1394123696000 102.05316162109
62.577408 29.82043 1394123698000 102.75628662109
62.5774 29.820478 1394123701000 101.44403076172
62.577394 29.820532 1394123703000 100.85656738281
62.577386 29.820578 1394123705000 101.84088134766
62.577371 29.820617 1394123706000 102.0126953125
62.577348 29.820657 1394123708000 102.95666503906
62.577327 29.820694 1394123710000 103.19934082031
62.577306 29.820733 1394123712000 101.85559082031
62.577289 29.820769 1394123715000 104.17144775391
62.577272 29.820801 1394123717000 102.16748046875
62.577246 29.820802 1394123718000 101.32849121094
62.577215 29.820823 1394123720000 102.02038574219
62.577191 29.820845 1394123722000 98.632385253906
62.577172 29.820883 1394123724000 99.285766601562
62.577144 29.820952 1394123726000 100.85986328125
62.577114 29.821042 1394123728000 100.24627685547
62.577083 29.821126 1394123731000 102.96630859375
62.577051 29.821211 1394123732000 107.91723632812
62.577027 29.821295 1394123734000 108.22479248047
62.577008 29.821372 1394123736000 107.16162109375
62.576998 29.821443 1394123739000 104.35064697266
62.576999 29.82151 1394123741000 101.24920654297
62.576999 29.821578 1394123743000 96.848999023438
62.577002 29.821635 1394123744000 95.573425292969
62.577006 29.821707 1394123747000 95.016174316406
62.57702 29.821826 1394123748000 94.358032226562
62.577026 29.821949 1394123750000 91.333984375
62.577031 29.822048 1394123752000 88.23974609375
62.577043 29.822155 1394123755000 88.268127441406
62.57706 29.822257 1394123756000 89.368225097656
62.577082 29.822356 1394123758000 88.864379882812
62.577109 29.82247 1394123761000 88.433715820312
62.577138 29.822613 1394123762000 90.430053710938
62.577163 29.822762 1394123765000 89.9091796875
62.577181 29.822936 1394123767000 93.720275878906
62.577204 29.823128 1394123768000 95.457336425781
62.577226 29.823263 1394123770000 94.850280761719
62.57725 29.823357 1394123772000 95.874572753906
62.577277 29.823468 1394123774000 98.055114746094
62.5773 29.82359 1394123776000 98.168884277344
62.57732 29.823692 1394123778000 98.204467773438
62.57734 29.823776 1394123781000 97.367858886719
62.577358 29.823844 1394123783000 97.346801757812
62.577379 29.823896 1394123785000 99.135192871094
62.577399 29.823941 1394123786000 98.971801757812
62.577416 29.823994 1394123788000 98.279663085938
62.577434 29.82405 1394123791000 101.14837646484
62.577451 29.824101 1394123792000 103.02972412109
62.577465 29.824152 1394123794000 104.49517822266
62.577479 29.824204 1394123796000 102.75305175781
62.577492 29.824254 1394123799000 99.254821777344
62.577512 29.824297 1394123800000 97.275756835938
62.577531 29.824326 1394123803000 94.489013671875
62.577549 29.824388 1394123804000 97.202026367188
62.577571 29.824448 1394123807000 97.362182617188
62.577604 29.824534 1394123808000 96.561218261719
62.57766 29.824667 1394123810000 95.218933105469
62.57771 29.824799 1394123813000 93.103271484375
62.577756 29.82492 1394123815000 92.143188476562
62.577797 29.825035 1394123817000 92.437072753906
62.577826 29.825157 1394123818000 92.14111328125
62.577847 29.825261 1394123821000 90.097412109375
62.577858 29.825299 1394123822000 93.61474609375
62.577872 29.825341 1394123824000 93.2080078125
62.577882 29.825392 1394123826000 92.112060546875
62.577892 29.825448 1394123829000 91.44091796875
62.577903 29.825545 1394123830000 92.499572753906
62.577917 29.825627 1394123832000 92.270935058594
62.577939 29.825695 1394123834000 94.570739746094
62.577957 29.825773 1394123837000 95.04052734375
62.57797 29.825842 1394123839000 93.585998535156
62.577974 29.825919 1394123840000 94.044616699219
62.577986 29.825994 1394123843000 94.432678222656
62.578004 29.826039 1394123844000 92.876586914062
62.578015 29.826097 1394123847000 92.500122070312
62.578021 29.826169 1394123848000 93.551147460938
62.578033 29.82624 1394123851000 95.805786132812
62.578045 29.826294 1394123852000 95.890808105469
62.57806 29.82635 1394123855000 95.040954589844
62.578076 29.82645 1394123856000 96.254272460938
62.5781 29.826554 1394123859000 97.404846191406
62.578116 29.826642 1394123861000 98.2265625
62.578131 29.826719 1394123862000 97.912170410156
62.578149 29.826796 1394123864000 97.890258789062
62.57817 29.826863 1394123866000 98.992492675781
62.578191 29.826919 1394123868000 96.272827148438
62.578209 29.826984 1394123870000 100.29461669922
62.578226 29.827029 1394123872000 99.751708984375
62.578243 29.827074 1394123874000 100.26519775391
62.578259 29.827125 1394123876000 100.43438720703
62.578276 29.82717 1394123878000 99.761352539062
62.578292 29.82721 1394123881000 98.992797851562
62.578302 29.827274 1394123883000 97.995300292969
62.57831 29.827341 1394123885000 98.792419433594
62.578313 29.827405 1394123887000 101.18096923828
62.578317 29.827459 1394123889000 99.692016601562
62.578324 29.827502 1394123890000 98.08837890625
62.57833 29.827552 1394123892000 98.517578125
62.578329 29.827601 1394123894000 97.367004394531
62.578331 29.827647 1394123896000 96.932739257812
62.578329 29.827689 1394123898000 97.531066894531
62.578324 29.827738 1394123901000 97.995788574219
62.578323 29.827782 1394123903000 97.403686523438
62.578322 29.827817 1394123905000 96.735168457031
62.57832 29.827831 1394123906000 97.909973144531
62.57832 29.827831 1394123908000 98.329528808594
62.57832 29.827831 1394123911000 99.096435546875
62.57832 29.827831 1394123912000 99.573303222656
62.57832 29.827831 1394123914000 100.32043457031
62.57832 29.827831 1394123916000 101.00122070312
62.57832 29.827831 1394123918000 101.04876708984
62.57832 29.827831 1394123920000 101.14855957031
62.57832 29.827831 1394123923000 101.25164794922
62.57832 29.827831 1394123925000 101.26763916016
62.57832 29.827831 1394123927000 101.35687255859
62.57832 29.827831 1394123929000 101.41363525391
62.57832 29.827831 1394123931000 101.43530273438
62.57832 29.827831 1394123932000 101.44219970703
62.57832 29.827831 1394123934000 101.44067382812
62.578295 29.827922 1394123936000 100.77667236328
62.578286 29.827973 1394123939000 104.07495117188
62.578275 29.828074 1394123941000 107.54754638672
62.578265 29.828177 1394123943000 108.0517578125
62.578256 29.828257 1394123945000 107.22290039062
62.578242 29.828329 1394123947000 107.16558837891
62.578233 29.828373 1394123949000 107.18115234375
62.578216 29.828457 1394123951000 107.11395263672
62.578208 29.828529 1394123952000 105.11938476562
62.578206 29.828603 1394123954000 105.76904296875
62.578208 29.828676 1394123956000 103.04913330078
62.578209 29.828729 1394123958000 103.75262451172
62.578201 29.828796 1394123961000 105.69702148438
62.578195 29.828848 1394123963000 105.64849853516
62.578195 29.828887 1394123964000 105.77825927734
62.578188 29.828893 1394123966000 106.88159179688
62.578186 29.828927 1394123968000 106.03564453125
62.578179 29.828966 1394123971000 105.13513183594
62.578172 29.829023 1394123972000 102.97235107422
62.578168 29.829083 1394123975000 104.7080078125
62.578165 29.829159 1394123977000 104.80145263672
62.57816 29.829235 1394123979000 103.41900634766
62.578142 29.829305 1394123981000 105.39886474609
62.578142 29.829305 1394123982000 105.61633300781
62.578138 29.829402 1394123985000 105.6171875
62.578144 29.82941 1394123987000 105.36010742188
62.578152 29.829439 1394123988000 105.99591064453
62.578157 29.82946 1394123990000 106.58776855469
62.578148 29.829526 1394123992000 108.79431152344
62.578145 29.829568 1394123994000 110.17407226562
62.578141 29.829653 1394123996000 108.46850585938
62.578124 29.829741 1394123998000 107.58758544922
62.578113 29.829808 1394124001000 106.390625
62.578113 29.829856 1394124002000 105.38922119141
62.578093 29.829934 1394124004000 106.09954833984
62.578069 29.830037 1394124006000 107.50567626953
62.578044 29.830127 1394124008000 105.91235351562
62.578025 29.83022 1394124010000 108.31170654297
62.578 29.830313 1394124012000 107.41448974609
62.577968 29.830425 1394124015000 107.41149902344
62.57793 29.830499 1394124016000 107.15991210938
62.577888 29.830543 1394124018000 106.00140380859
62.577849 29.830575 1394124020000 104.591796875
62.577813 29.830598 1394124023000 102.67956542969
62.577769 29.830611 1394124024000 102.16271972656
62.577703 29.830613 1394124027000 101.59582519531
62.577641 29.830624 1394124028000 102.41467285156
62.577577 29.83064 1394124031000 99.358520507812
62.577525 29.830661 1394124032000 98.840393066406
62.577472 29.830675 1394124035000 98.507385253906
62.577416 29.83069 1394124037000 99.303405761719
62.577357 29.830717 1394124039000 98.501098632812
62.577307 29.830747 1394124041000 97.822021484375
62.577259 29.830791 1394124043000 96.96240234375
62.57722 29.830852 1394124045000 96.404296875
62.577185 29.830913 1394124047000 95.399719238281
62.577151 29.830975 1394124048000 93.695617675781
62.577114 29.831041 1394124050000 92.695190429688
62.577077 29.831107 1394124052000 91.706237792969
62.57704 29.831175 1394124055000 92.647155761719
62.577006 29.831233 1394124056000 91.51953125
62.576976 29.831285 1394124058000 90.711791992188
62.57695 29.831342 1394124061000 90.596374511719
62.57692 29.83141 1394124063000 91.111083984375
62.576886 29.831469 1394124064000 93.902770996094
62.576849 29.831509 1394124067000 94.648254394531
62.576808 29.831524 1394124068000 93.748352050781
62.576768 29.831539 1394124070000 93.306945800781
62.576728 29.831556 1394124072000 93.156860351562
62.576691 29.831554 1394124074000 91.06591796875
62.57665 29.831535 1394124077000 90.075561523438
62.576607 29.83151 1394124079000 91.397583007812
62.57657 29.831494 1394124080000 92.043029785156
62.576535 29.831487 1394124083000 91.430480957031
62.5765 29.831474 1394124085000 90.456665039062
62.576465 29.831454 1394124086000 91.016540527344
62.576431 29.831455 1394124088000 92.666870117188
62.576402 29.831472 1394124091000 91.086730957031
62.576372 29.831502 1394124092000 91.302612304688
62.576327 29.831546 1394124095000 91.148376464844
62.576287 29.831578 1394124096000 91.569702148438
62.576245 29.831615 1394124099000 92.722412109375
62.576205 29.831648 1394124101000 91.5703125
62.576164 29.831677 1394124102000 91.714599609375
62.57612 29.831708 1394124105000 92.858947753906
62.576085 29.831741 1394124106000 93.803527832031
62.576041 29.831773 1394124109000 93.432983398438
62.576005 29.831825 1394124110000 94.966369628906
62.575978 29.831878 1394124112000 94.099243164062
62.57595 29.831929 1394124114000 95.3876953125
62.575935 29.831969 1394124116000 94.646118164062
62.575923 29.832003 1394124118000 94.575744628906
62.575913 29.832036 1394124121000 94.230346679688
62.5759 29.832074 1394124123000 95.347900390625
62.575891 29.832118 1394124124000 95.049865722656
62.57588 29.832167 1394124126000 96.595458984375
62.575866 29.832215 1394124129000 97.254516601562
62.575852 29.832268 1394124130000 97.741394042969
62.575837 29.832319 1394124132000 97.914184570312
62.575823 29.832369 1394124135000 98.367858886719
62.575815 29.832414 1394124137000 97.374267578125
62.575806 29.832451 1394124138000 97.380859375
62.575794 29.832481 1394124141000 97.787780761719
62.575778 29.832496 1394124143000 97.317749023438
62.57576 29.832507 1394124144000 97.371032714844
62.575739 29.832515 1394124146000 97.915893554688
62.575717 29.832509 1394124148000 97.646301269531
62.575697 29.832498 1394124151000 95.659423828125
62.575675 29.832462 1394124153000 92.376098632812
62.575645 29.832478 1394124155000 91.5859375
62.575627 29.83245 1394124157000 91.12890625
62.575605 29.832436 1394124158000 92.908813476562
62.575574 29.832475 1394124161000 91.781188964844
62.575532 29.832528 1394124163000 90.655700683594
62.575498 29.832587 1394124165000 90.924926757812
62.575471 29.832677 1394124166000 90.214477539062
62.575458 29.832761 1394124168000 89.388671875
62.575448 29.83285 1394124170000 90.089050292969
62.575438 29.832936 1394124172000 90.902160644531
62.575421 29.833017 1394124175000 91.361450195312
62.575409 29.833092 1394124176000 92.08544921875
62.575397 29.833169 1394124178000 91.230895996094
62.575389 29.833242 1394124181000 91.735595703125
62.575399 29.833289 1394124182000 92.754699707031
62.575401 29.833312 1394124184000 94.023498535156
62.57539 29.833334 1394124186000 94.961303710938
62.575368 29.833326 1394124188000 94.565490722656
62.575346 29.83335 1394124191000 95.488525390625
62.575351 29.833396 1394124193000 96.214477539062
62.575355 29.833459 1394124195000 95.419921875
62.575342 29.833519 1394124197000 94.484069824219
62.575315 29.83357 1394124199000 90.956909179688
62.575301 29.833608 1394124200000 88.288635253906
62.575328 29.83363 1394124203000 89.226501464844
62.575336 29.833665 1394124204000 87.222534179688
62.575333 29.833711 1394124206000 85.140930175781
62.575334 29.833753 1394124209000 84.239013671875
62.575338 29.833783 1394124211000 83.474365234375
62.575335 29.833822 1394124212000 84.588684082031
62.575334 29.833848 1394124215000 83.83154296875
62.575334 29.833878 1394124217000 83.970581054688
62.575337 29.833939 1394124219000 89.8603515625
62.575339 29.834006 1394124221000 89.763977050781
62.57534 29.834056 1394124223000 90.005676269531
62.575339 29.834106 1394124225000 90.163818359375
62.575341 29.83416 1394124227000 90.317016601562
62.575347 29.834221 1394124229000 91.63037109375
62.575361 29.834283 1394124230000 91.806457519531
62.575378 29.83431 1394124232000 92.657104492188
62.575399 29.834353 1394124235000 92.404418945312
62.575411 29.834379 1394124237000 90.863525390625
62.575412 29.834405 1394124238000 89.902587890625
62.575427 29.834373 1394124241000 88.595336914062
62.575436 29.834381 1394124242000 86.534606933594
62.57545 29.83436 1394124244000 86.595886230469
62.57547 29.83434 1394124247000 88.331726074219
62.575493 29.834325 1394124249000 87.971557617188
62.575511 29.834313 1394124250000 88.800598144531
62.575532 29.834291 1394124252000 88.3583984375
62.575562 29.83428 1394124254000 87.734741210938
62.575582 29.834277 1394124256000 84.320556640625
62.575611 29.834278 1394124259000 83.815612792969
62.575637 29.834281 1394124260000 83.603759765625
62.575659 29.834273 1394124262000 83.036865234375
62.575679 29.834269 1394124264000 82.732727050781
62.575698 29.834269 1394124266000 83.839050292969
62.575714 29.834271 1394124269000 84.075927734375
62.575727 29.834272 1394124271000 85.41796875
62.575727 29.834272 1394124272000 87.744873046875
62.575727 29.834272 1394124275000 88.744262695312
62.575727 29.834272 1394124277000 89.752136230469
62.575727 29.834272 1394124279000 90.833557128906
62.575727 29.834272 1394124281000 90.453857421875
62.575727 29.834272 1394124283000 90.760620117188
62.575727 29.834272 1394124285000 90.81494140625
62.575727 29.834272 1394124287000 91.755310058594
62.575727 29.834272 1394124288000 92.753967285156
62.575776 29.834276 1394124291000 93.147766113281
62.575776 29.834275 1394124292000 94.377563476562
62.575771 29.834283 1394124294000 95.298461914062
62.57575 29.834285 1394124296000 94.375671386719
62.57572 29.834285 1394124299000 94.315490722656
62.575687 29.834278 1394124301000 93.976013183594
62.575656 29.834267 1394124302000 95.172790527344
62.575629 29.834269 1394124305000 96.624450683594
62.575603 29.834278 1394124307000 96.059448242188
62.575578 29.834287 1394124309000 95.030151367188
62.575551 29.834305 1394124310000 94.33544921875
62.575517 29.834314 1394124312000 95.209228515625
62.575478 29.834311 1394124314000 95.645263671875
62.575444 29.834301 1394124317000 96.144897460938
62.575403 29.834258 1394124318000 98.324157714844
62.575378 29.834225 1394124320000 98.092529296875
62.575363 29.834172 1394124323000 99.055419921875
62.575353 29.834125 1394124325000 97.385925292969
62.575335 29.834096 1394124326000 97.284423828125
62.575334 29.834079 1394124329000 96.184692382812
62.575331 29.834048 1394124331000 97.307312011719
62.575337 29.83402 1394124332000 99.521850585938
62.575337 29.834003 1394124335000 97.594116210938
62.575337 29.833985 1394124337000 96.551086425781
62.57534 29.833961 1394124339000 96.401184082031
62.575357 29.833945 1394124341000 95.572814941406
62.575366 29.833938 1394124343000 93.794128417969
62.575353 29.833924 1394124345000 94.215209960938
62.575347 29.833898 1394124347000 93.391235351562
62.575343 29.833873 1394124348000 92.880310058594
62.575339 29.833862 1394124350000 95.593017578125
62.575348 29.833839 1394124353000 96.965454101562
62.575348 29.833835 1394124355000 96.322021484375
62.575355 29.833822 1394124356000 97.865844726562
62.575366 29.833815 1394124358000 95.866027832031
62.575372 29.833798 1394124361000 93.451171875
62.575368 29.833773 1394124362000 91.591552734375
62.575367 29.833753 1394124365000 94.248413085938
62.575362 29.83373 1394124367000 93.053771972656
62.575357 29.833696 1394124369000 92.573547363281
62.575353 29.833657 1394124371000 90.767333984375
62.575351 29.833599 1394124373000 91.432067871094
62.575353 29.833526 1394124375000 92.143676757812
62.575358 29.833439 1394124377000 92.319702148438
62.575364 29.833339 1394124379000 92.567321777344
62.575369 29.833246 1394124381000 90.983093261719
62.575374 29.83316 1394124383000 91.386779785156
62.575381 29.833075 1394124385000 91.64453125
62.575392 29.832991 1394124387000 90.66796875
62.575402 29.832905 1394124388000 92.229858398438
62.575411 29.83281 1394124391000 92.317749023438
62.575417 29.832726 1394124393000 91.437133789062
62.575431 29.832654 1394124395000 94.441040039062
62.575448 29.832595 1394124397000 92.140075683594
62.575469 29.832546 1394124399000 94.177795410156
62.575486 29.832495 1394124401000 94.260314941406
62.575486 29.832442 1394124402000 92.9140625
62.57549 29.832403 1394124404000 91.142822265625
62.575513 29.832379 1394124407000 89.787109375
62.575531 29.83236 1394124408000 88.123596191406
62.575547 29.832325 1394124410000 88.994079589844
62.575578 29.832322 1394124412000 88.038513183594
62.575614 29.832356 1394124414000 86.945129394531
62.575638 29.83237 1394124416000 88.555603027344
62.575666 29.832373 1394124418000 84.8193359375
62.575683 29.832362 1394124421000 83.208435058594
62.575686 29.832347 1394124423000 80.356628417969
62.575678 29.83233 1394124425000 78.888366699219
62.575682 29.832306 1394124427000 77.607177734375
62.575698 29.832283 1394124429000 79.164611816406
62.575708 29.832249 1394124430000 78.53076171875
62.575725 29.832214 1394124432000 88.233825683594
62.575734 29.832186 1394124435000 90.369934082031
62.575747 29.832161 1394124437000 91.583374023438
62.575772 29.832136 1394124439000 91.796081542969
62.575794 29.832104 1394124441000 92.302856445312
62.575812 29.832064 1394124443000 91.024108886719
62.575829 29.832025 1394124445000 92.842651367188
62.575854 29.831981 1394124447000 93.837097167969
62.575884 29.831935 1394124449000 95.192810058594
62.575912 29.831885 1394124451000 94.606628417969
62.575928 29.831844 1394124453000 96.12109375
62.575954 29.831804 1394124455000 95.478393554688
62.575985 29.831767 1394124457000 92.661926269531
62.576008 29.831735 1394124459000 89.640563964844
62.576037 29.831708 1394124461000 90.106323242188
62.576076 29.831695 1394124463000 91.033630371094
62.576117 29.831671 1394124465000 91.448974609375
62.57615 29.831643 1394124467000 92.262756347656
62.576179 29.831629 1394124469000 90.403015136719
62.576207 29.831605 1394124470000 91.269958496094
62.576226 29.83158 1394124472000 90.263854980469
62.576245 29.831553 1394124475000 87.709655761719
62.576276 29.831542 1394124477000 86.455871582031
62.576305 29.831533 1394124479000 85.845703125
62.576322 29.831511 1394124481000 83.575744628906
62.576339 29.831494 1394124483000 85.337829589844
62.576363 29.831489 1394124485000 87.1787109375
62.576389 29.831499 1394124487000 86.323120117188
62.576416 29.831507 1394124489000 86.078491210938
62.576441 29.831507 1394124491000 85.600524902344
62.576469 29.831509 1394124493000 85.043334960938
62.576506 29.831513 1394124495000 85.060852050781
62.576555 29.831524 1394124497000 84.658935546875
62.576599 29.831544 1394124499000 85.06640625
62.57663 29.831547 1394124501000 84.606750488281
62.576658 29.831545 1394124503000 83.939514160156
62.576683 29.831531 1394124505000 85.730224609375
62.576705 29.8315 1394124507000 89.456237792969
62.576732 29.831468 1394124509000 90.471069335938
62.576754 29.831429 1394124511000 91.723571777344
62.576779 29.831389 1394124513000 92.974426269531
62.576808 29.831351 1394124515000 95.629699707031
62.576834 29.831312 1394124517000 98.985229492188
62.576855 29.831279 1394124519000 97.914184570312
62.576871 29.831249 1394124521000 98.9912109375
62.576891 29.831225 1394124523000 98.685302734375
62.576904 29.831191 1394124525000 98.782897949219
62.576934 29.831145 1394124527000 100.05999755859
62.576973 29.831074 1394124529000 101.66906738281
62.577008 29.831007 1394124531000 106.36077880859
62.577025 29.830981 1394124533000 107.06652832031
62.577087 29.8309 1394124535000 108.93719482422
62.577125 29.830858 1394124537000 109.61468505859
62.57715 29.830838 1394124539000 108.93310546875
62.577171 29.830808 1394124541000 109.03576660156
62.577191 29.830779 1394124543000 108.16442871094
62.577218 29.830759 1394124545000 103.52819824219
62.577244 29.830744 1394124547000 102.00634765625
62.577271 29.830733 1394124549000 103.42321777344
62.577297 29.830721 1394124551000 100.89044189453
62.577318 29.83071 1394124553000 98.564392089844
62.577339 29.830703 1394124555000 98.073120117188
62.577359 29.830704 1394124557000 99.24267578125
62.577386 29.830724 1394124558000 98.048767089844
62.57741 29.830714 1394124561000 101.287109375
62.577431 29.83071 1394124563000 100.61639404297
62.577454 29.830715 1394124565000 99.60595703125
62.577476 29.830719 1394124567000 98.422180175781
62.577497 29.830722 1394124569000 96.891784667969
62.577517 29.830729 1394124571000 95.952270507812
62.577539 29.830724 1394124573000 97.419311523438
62.577561 29.830719 1394124575000 98.279846191406
62.577581 29.830712 1394124577000 96.898986816406
62.5776 29.830714 1394124579000 97.676635742188
62.577621 29.830718 1394124581000 98.159362792969
62.577639 29.830729 1394124583000 97.099792480469
62.577656 29.830733 1394124585000 97.032531738281
62.577677 29.830736 1394124587000 97.508483886719
62.577698 29.830734 1394124589000 98.986633300781
62.577717 29.830727 1394124591000 98.77587890625
62.577731 29.830711 1394124593000 98.074584960938
62.57775 29.830698 1394124595000 98.50830078125
62.577776 29.830688 1394124597000 100.1591796875
62.577804 29.830685 1394124599000 101.11791992188
62.577831 29.830681 1394124601000 100.7216796875
62.577867 29.830668 1394124603000 101.31848144531
62.577894 29.830655 1394124605000 102.62957763672
62.577914 29.830627 1394124607000 102.62493896484
62.577928 29.830597 1394124609000 101.62536621094
62.577935 29.830562 1394124611000 102.83435058594
62.577942 29.83053 1394124613000 101.54412841797
62.577946 29.830497 1394124615000 102.48205566406
62.577955 29.83046 1394124617000 103.16998291016
62.577964 29.830423 1394124619000 101.82745361328
62.577967 29.830384 1394124621000 101.23974609375
62.577973 29.830343 1394124623000 100.57940673828
62.577983 29.830309 1394124625000 100.93865966797
62.577998 29.830266 1394124627000 102.37768554688
62.578009 29.830216 1394124629000 103.52502441406
62.57802 29.830166 1394124631000 102.85589599609
62.578026 29.830109 1394124633000 102.12811279297
62.578034 29.830058 1394124635000 103.32843017578
62.578044 29.830004 1394124637000 104.21948242188
62.578055 29.829948 1394124639000 105.22778320312
62.578064 29.8299 1394124641000 105.12292480469
62.578073 29.829852 1394124643000 104.80712890625
62.57808 29.829802 1394124645000 104.60626220703
62.578086 29.829744 1394124647000 104.41717529297
62.578095 29.829689 1394124649000 104.78771972656
62.578101 29.829627 1394124651000 104.82141113281
62.578112 29.82956 1394124653000 104.20867919922
62.578118 29.8295 1394124655000 103.46020507812
62.578117 29.829455 1394124657000 103.66815185547
62.578125 29.829392 1394124659000 102.25646972656
62.578133 29.829329 1394124661000 100.51171875
62.578137 29.829263 1394124663000 100.3037109375
62.578132 29.829157 1394124665000 99.816589355469
62.578136 29.829035 1394124667000 99.172180175781
62.57815 29.828922 1394124669000 99.615600585938
62.578162 29.828829 1394124671000 98.691467285156
62.578176 29.828747 1394124673000 98.138366699219
62.578188 29.828666 1394124675000 97.899658203125
62.578201 29.828598 1394124677000 98.407897949219
62.578216 29.828525 1394124679000 99.113037109375
62.578233 29.828414 1394124681000 102.25659179688
62.578252 29.828309 1394124683000 102.73266601562
62.57827 29.82824 1394124685000 101.67291259766
62.578285 29.828176 1394124687000 102.23553466797
62.578298 29.828115 1394124689000 102.85711669922
62.57831 29.828075 1394124691000 102.60565185547
62.57832 29.828045 1394124693000 101.61749267578
62.578334 29.828028 1394124695000 100.92901611328
62.57835 29.828018 1394124697000 101.87835693359
62.57835 29.828018 1394124699000 101.97357177734
62.57835 29.828018 1394124701000 101.48834228516
62.57835 29.828018 1394124703000 101.97229003906
62.57835 29.828018 1394124705000 102.9892578125
62.57835 29.828018 1394124707000 103.06945800781
62.57835 29.828018 1394124709000 103.22521972656
62.57835 29.828018 1394124711000 103.58416748047
62.578395 29.828001 1394124713000 103.77288818359
62.578395 29.828001 1394124715000 104.30798339844
62.578395 29.828001 1394124717000 104.41259765625
62.578395 29.828001 1394124719000 104.47521972656
62.578395 29.828001 1394124721000 104.49719238281
62.578395 29.828001 1394124723000 104.61114501953
62.578395 29.828001 1394124725000 104.64788818359
62.578395 29.828001 1394124727000 104.65466308594
62.578395 29.828001 1394124728000 104.66528320312
62.578395 29.828001 1394124731000 104.67877197266
62.578403 29.828003 1394124733000 104.54669189453
62.578412 29.828025 1394124735000 105.84869384766
62.578424 29.828049 1394124737000 105.3056640625
62.57844 29.828084 1394124739000 106.60052490234
62.578457 29.828124 1394124741000 108.28784179688
62.578479 29.828159 1394124743000 108.79418945312
62.578503 29.828194 1394124745000 109.76599121094
62.578529 29.828244 1394124747000 107.68078613281
62.578553 29.828291 1394124749000 109.41027832031
62.578577 29.828332 1394124751000 109.62475585938
62.578587 29.828348 1394124753000 107.84075927734
62.578606 29.82838 1394124755000 106.81103515625
62.578625 29.828392 1394124757000 106.20324707031
62.578644 29.828394 1394124759000 105.04119873047
62.578666 29.828394 1394124761000 105.87255859375
62.578696 29.828387 1394124763000 107.20245361328
62.57872 29.828369 1394124765000 106.06317138672
62.57874 29.828343 1394124767000 103.51434326172
62.578764 29.82832 1394124769000 104.74243164062
62.578787 29.828297 1394124771000 103.12854003906
62.578808 29.828275 1394124773000 102.33203125
62.578826 29.828255 1394124775000 101.82482910156
62.578846 29.828241 1394124777000 101.27661132812
62.578865 29.828224 1394124779000 100.96887207031
62.578884 29.82821 1394124781000 102.22955322266
62.578902 29.828202 1394124783000 103.13500976562
62.578918 29.828198 1394124785000 103.74145507812
62.578933 29.828188 1394124787000 102.80004882812
62.57895 29.828171 1394124789000 104.55413818359
62.578974 29.828147 1394124791000 104.61614990234
62.579 29.828114 1394124793000 104.14794921875
62.579033 29.828074 1394124795000 104.28192138672
62.579073 29.828025 1394124797000 107.34631347656
62.579117 29.827965 1394124799000 109.80804443359
62.57915 29.827903 1394124801000 109.9892578125
62.579177 29.82784 1394124803000 109.74951171875
62.579198 29.827773 1394124805000 110.92016601562
62.579227 29.827688 1394124807000 111.71728515625
62.579258 29.82759 1394124809000 113.38488769531
62.579282 29.827497 1394124811000 115.18298339844
62.5793 29.8274 1394124813000 115.78173828125
62.579319 29.82731 1394124815000 115.02294921875
62.579333 29.827218 1394124817000 111.88000488281
62.579346 29.827079 1394124819000 111.22436523438
62.579372 29.826922 1394124821000 111.03955078125
62.579414 29.826776 1394124823000 112.92565917969
62.579454 29.826668 1394124825000 112.939453125
62.579492 29.826596 1394124827000 114.45758056641
62.57953 29.826536 1394124829000 118.17779541016
62.579569 29.826474 1394124831000 119.42645263672
62.579603 29.82641 1394124833000 120.98895263672
62.579632 29.826357 1394124835000 120.92803955078
62.579655 29.82633 1394124837000 119.41302490234
62.579674 29.826293 1394124839000 118.61669921875
62.579686 29.826261 1394124841000 114.62615966797
62.579709 29.826243 1394124843000 115.14471435547
62.579739 29.826233 1394124845000 118.08532714844
62.579771 29.826221 1394124847000 117.22882080078
62.579801 29.82621 1394124849000 114.6240234375
62.579829 29.826205 1394124851000 114.39031982422
62.579858 29.826218 1394124853000 114.71545410156
62.579891 29.826225 1394124855000 116.34222412109
62.579922 29.826227 1394124857000 116.12530517578
62.579963 29.826252 1394124859000 116.96746826172
62.580009 29.826287 1394124861000 121.18609619141
62.580053 29.826315 1394124863000 119.62780761719
62.580087 29.826345 1394124865000 116.82116699219
62.580122 29.826376 1394124867000 115.90716552734
62.580168 29.826401 1394124869000 114.02056884766
62.58022 29.826417 1394124871000 115.34466552734
62.580274 29.826426 1394124873000 115.52722167969
62.580335 29.826414 1394124875000 115.18920898438
62.580395 29.826381 1394124877000 114.03125
62.580461 29.826321 1394124879000 113.18853759766
62.580525 29.826258 1394124881000 113.58386230469
62.580593 29.826205 1394124883000 116.2900390625
62.580662 29.826182 1394124885000 119.18426513672
62.580724 29.826167 1394124887000 117.60461425781
62.58079 29.826167 1394124889000 117.5
62.580868 29.826201 1394124891000 116.43572998047
62.580959 29.826267 1394124893000 118.77838134766
62.581049 29.826346 1394124895000 119.86145019531
62.581124 29.826441 1394124897000 115.51446533203
62.581192 29.826571 1394124899000 113.75714111328
62.581259 29.826718 1394124901000 116.53436279297
62.58133 29.826851 1394124903000 121.41845703125
62.581402 29.826969 1394124905000 120.65954589844
62.581473 29.827085 1394124907000 119.52093505859
62.581538 29.827201 1394124909000 117.13140869141
62.581615 29.827292 1394124911000 113.02026367188
62.581692 29.827339 1394124913000 112.08190917969
62.581782 29.827377 1394124915000 115.86956787109
62.581947 29.827382 1394124917000 117.40740966797
62.582067 29.827333 1394124919000 118.51098632812
62.582198 29.827301 1394124921000 120.51910400391
62.582318 29.827302 1394124923000 119.39514160156
62.582445 29.827293 1394124925000 118.97991943359
62.582578 29.827283 1394124927000 119.9560546875
62.582677 29.827258 1394124929000 119.00170898438
62.582774 29.827237 1394124931000 116.44989013672
62.582827 29.827201 1394124933000 114.95489501953
62.582879 29.827158 1394124935000 112.88122558594
62.582929 29.827124 1394124937000 111.85766601562
62.582956 29.827105 1394124939000 113.78155517578
62.582971 29.827092 1394124941000 113.6552734375
62.582993 29.827075 1394124943000 112.92639160156
62.583012 29.827056 1394124945000 110.33020019531
62.583033 29.827032 1394124947000 110.27496337891
62.583056 29.827001 1394124949000 110.29821777344
62.583081 29.826972 1394124951000 110.95397949219
62.583099 29.826936 1394124953000 109.90991210938
62.583111 29.826887 1394124955000 109.80212402344
62.583126 29.82685 1394124957000 110.55004882812
62.583136 29.826805 1394124959000 109.5654296875
62.583139 29.826763 1394124961000 109.62866210938
62.583149 29.826727 1394124963000 111.94006347656
62.583157 29.826689 1394124965000 110.14990234375
62.583159 29.82667 1394124967000 109.25848388672
62.58317 29.826625 1394124969000 111.17956542969
62.583178 29.826624 1394124971000 109.37518310547
62.583181 29.826613 1394124973000 109.31970214844
62.583182 29.826585 1394124975000 109.68389892578
62.583193 29.826544 1394124977000 111.92028808594
62.58321 29.826507 1394124979000 113.45141601562
62.583227 29.826481 1394124981000 113.12139892578
62.583247 29.826441 1394124983000 115.63824462891
62.583263 29.826399 1394124985000 116.46801757812
62.583276 29.82636 1394124987000 116.46221923828
62.583291 29.82632 1394124989000 117.70037841797
62.583304 29.826285 1394124991000 116.00762939453
62.583314 29.826256 1394124993000 116.47241210938
62.583328 29.826227 1394124995000 115.35943603516
62.583342 29.826197 1394124997000 115.37811279297
62.583357 29.826158 1394124999000 114.03759765625
62.583371 29.826127 1394125001000 114.48754882812
62.583382 29.826091 1394125003000 114.80670166016
62.583391 29.826053 1394125005000 113.61676025391
62.583404 29.826024 1394125007000 115.03826904297
62.58342 29.825997 1394125009000 115.91552734375
62.583432 29.825969 1394125011000 116.25909423828
62.583446 29.825941 1394125013000 117.6552734375
62.583462 29.825903 1394125015000 115.880859375
62.583489 29.825808 1394125017000 115.29901123047
62.583529 29.825678 1394125019000 117.38513183594
62.583578 29.82553 1394125021000 116.54510498047
62.583618 29.825385 1394125023000 113.40795898438
62.583656 29.825219 1394125025000 112.44500732422
62.583687 29.825062 1394125027000 109.87036132812
62.583722 29.824918 1394125029000 109.22583007812
62.583757 29.824786 1394125031000 108.65716552734
62.583796 29.824644 1394125033000 109.14862060547
62.583824 29.824539 1394125035000 107.56860351562
62.583848 29.824441 1394125037000 107.56060791016
62.583867 29.824361 1394125039000 107.14147949219
62.583882 29.824285 1394125041000 107.84112548828
62.583895 29.824241 1394125043000 107.31378173828
62.583905 29.824196 1394125045000 106.0244140625
62.583915 29.824143 1394125047000 106.89025878906
62.583935 29.824083 1394125049000 106.91632080078
62.583987 29.82395 1394125051000 112.06970214844
62.584015 29.823858 1394125053000 108.53723144531
62.58403 29.823791 1394125055000 107.39422607422
62.584046 29.823719 1394125057000 107.87310791016
62.584061 29.823654 1394125059000 107.79998779297
62.584079 29.82359 1394125061000 107.57586669922
62.584101 29.823515 1394125063000 107.09692382812
62.584117 29.823457 1394125065000 104.61932373047
62.584128 29.823405 1394125067000 103.84826660156
62.584143 29.823346 1394125069000 103.22497558594
62.584158 29.823288 1394125071000 103.20666503906
62.584183 29.823206 1394125073000 106.03063964844
62.584208 29.823115 1394125075000 105.671875
62.584232 29.823038 1394125077000 105.80041503906
62.584264 29.822969 1394125079000 105.50372314453
62.584308 29.822894 1394125081000 105.638671875
62.584355 29.82284 1394125083000 105.57879638672
62.584392 29.822831 1394125085000 104.65191650391
62.584411 29.82284 1394125087000 101.65081787109
62.584427 29.822851 1394125089000 101.08123779297
62.584453 29.822866 1394125091000 100.43994140625
62.584491 29.822878 1394125093000 99.257873535156
62.584525 29.822891 1394125095000 100.10504150391
62.584554 29.822903 1394125097000 100.57800292969
62.58459 29.822908 1394125099000 100.6826171875
62.58463 29.822894 1394125101000 98.459594726562
62.584668 29.822892 1394125103000 96.961669921875
62.584712 29.822916 1394125105000 94.071044921875
62.584752 29.822931 1394125107000 91.567077636719
62.584789 29.822939 1394125109000 92.031860351562
62.584826 29.822956 1394125111000 93.805297851562
62.584865 29.822976 1394125113000 96.349182128906
62.584891 29.822989 1394125115000 95.240295410156
62.5849 29.822995 1394125117000 95.059387207031
62.5849 29.822995 1394125119000 95.460083007812
62.5849 29.822995 1394125121000 95.332153320312
62.5849 29.822995 1394125123000 96.124206542969
62.5849 29.822995 1394125125000 96.577758789062
62.584943 29.823024 1394125127000 97.716247558594
62.584955 29.823027 1394125129000 96.819763183594
62.584968 29.823029 1394125131000 98.742736816406
62.584988 29.823035 1394125133000 99.699523925781
62.585017 29.823036 1394125135000 99.135620117188
62.585043 29.823036 1394125137000 97.618103027344
62.58507 29.823034 1394125139000 99.360656738281
62.585102 29.823045 1394125141000 102.48907470703
62.585146 29.82305 1394125143000 102.69757080078
62.585226 29.82307 1394125145000 104.37286376953
62.585343 29.823042 1394125147000 105.62878417969
62.585525 29.822882 1394125149000 104.81860351562
62.585656 29.822703 1394125151000 104.26641845703
62.585761 29.822569 1394125153000 103.49426269531
62.585834 29.822432 1394125155000 103.85131835938
62.5859 29.822319 1394125157000 104.50311279297
62.585956 29.822219 1394125159000 105.54638671875
62.586002 29.82212 1394125161000 107.08892822266
62.586016 29.822048 1394125163000 108.04125976562
62.586022 29.82198 1394125165000 107.95324707031
62.586017 29.821947 1394125167000 103.31237792969
62.58601 29.821913 1394125169000 102.84881591797
62.586006 29.821871 1394125171000 101.01263427734
62.586006 29.821832 1394125173000 101.91821289062
62.586007 29.821798 1394125175000 101.90625
62.586003 29.821759 1394125177000 102.28247070312
62.586006 29.821711 1394125179000 103.02697753906
62.586011 29.821681 1394125181000 102.31274414062
62.586023 29.821614 1394125183000 105.77905273438
62.586035 29.821549 1394125185000 106.58135986328
62.586054 29.821477 1394125187000 107.6884765625
62.586071 29.821396 1394125189000 107.35607910156
62.586086 29.821333 1394125191000 107.11975097656
62.586104 29.821283 1394125193000 107.70306396484
62.586126 29.82122 1394125195000 107.40661621094
62.586153 29.821111 1394125197000 105.94299316406
62.586196 29.821007 1394125199000 105.09851074219
62.586247 29.820922 1394125201000 105.97973632812
62.586291 29.820846 1394125203000 105.21997070312
62.586336 29.82077 1394125205000 105.72894287109
62.586382 29.820695 1394125207000 104.40686035156
62.58643 29.820612 1394125209000 105.5869140625
62.586468 29.820527 1394125211000 104.97485351562
62.5865 29.820437 1394125213000 104.93395996094
62.58653 29.820335 1394125215000 103.55676269531
62.586581 29.820144 1394125217000 101.96728515625
62.586603 29.819972 1394125219000 101.93701171875
62.586607 29.819839 1394125221000 100.73669433594
62.586609 29.819725 1394125223000 100.82672119141
62.58662 29.81962 1394125225000 98.077819824219
62.586641 29.819525 1394125227000 97.17431640625
62.586661 29.819434 1394125229000 95.560791015625
62.586685 29.819347 1394125231000 96.098999023438
62.586714 29.819252 1394125233000 96.200012207031
62.58675 29.819143 1394125235000 96.752868652344
62.586785 29.819015 1394125237000 98.664367675781
62.58682 29.818895 1394125239000 100.12115478516
62.586856 29.818779 1394125241000 100.00994873047
62.586889 29.818682 1394125243000 100.7919921875
62.586911 29.8186 1394125245000 101.17834472656
62.586935 29.818509 1394125247000 103.35083007812
62.586964 29.818417 1394125249000 102.62768554688
62.587002 29.818316 1394125251000 104.57897949219
62.587042 29.818239 1394125253000 105.31427001953
62.587086 29.818191 1394125255000 105.89788818359
62.587132 29.818126 1394125257000 108.22009277344
62.58717 29.818048 1394125259000 110.98358154297
62.587177 29.817991 1394125261000 108.43328857422
62.587169 29.817963 1394125263000 103.68957519531
62.587156 29.817937 1394125265000 100.83654785156
62.587139 29.817907 1394125267000 99.503479003906
62.587118 29.817877 1394125269000 98.833557128906
62.587104 29.817839 1394125271000 97.813232421875
62.587088 29.81781 1394125273000 97.682861328125
62.587073 29.817778 1394125275000 98.981323242188
62.587061 29.817753 1394125277000 99.003662109375
62.587047 29.817716 1394125279000 99.343811035156
62.587037 29.817682 1394125281000 100.22326660156
62.587026 29.817658 1394125283000 100.3515625
62.587015 29.817634 1394125285000 100.25567626953
62.587 29.817554 1394125287000 101.48876953125
62.586984 29.817465 1394125289000 103.23687744141
62.58697 29.817407 1394125291000 103.66186523438
62.586953 29.817364 1394125293000 104.65832519531
62.586932 29.817326 1394125295000 104.96588134766
62.586911 29.817272 1394125297000 105.88006591797
62.586888 29.817219 1394125299000 107.74609375
62.58687 29.817172 1394125301000 106.41735839844
62.586854 29.817132 1394125303000 105.23498535156
62.586843 29.817108 1394125305000 104.64978027344
62.586844 29.817069 1394125307000 104.39794921875
62.586841 29.817031 1394125309000 104.31091308594
62.586833 29.816962 1394125311000 103.48638916016
62.58683 29.816917 1394125313000 103.88006591797
62.586822 29.816851 1394125315000 106.82598876953
62.586806 29.816738 1394125317000 107.88793945312
62.586789 29.816652 1394125319000 107.22082519531
62.586773 29.816578 1394125321000 106.15625
62.586756 29.816513 1394125323000 104.53234863281
62.586728 29.816415 1394125325000 105.47619628906
62.5867 29.816306 1394125327000 106.69122314453
62.586679 29.816236 1394125329000 110.22076416016
62.58667 29.816211 1394125331000 111.12567138672
62.586663 29.816166 1394125333000 110.81799316406
62.586656 29.816116 1394125335000 110.99908447266
62.586649 29.816072 1394125337000 111.43225097656
62.586644 29.816033 1394125339000 112.57885742188
62.586633 29.815996 1394125341000 112.44793701172
62.586625 29.815949 1394125343000 114.19183349609
62.586622 29.815901 1394125345000 114.40539550781
62.586617 29.815859 1394125347000 112.90698242188
62.586616 29.815819 1394125349000 112.15344238281
62.586613 29.815769 1394125351000 111.95190429688
62.58661 29.815712 1394125353000 110.67956542969
62.586606 29.81566 1394125355000 109.82427978516
62.586602 29.815595 1394125357000 109.84240722656
62.5866 29.815528 1394125359000 109.97326660156
62.586605 29.815455 1394125361000 111.71130371094
62.586613 29.815395 1394125363000 111.48046875
62.586623 29.815337 1394125365000 109.55169677734
62.586632 29.815272 1394125367000 109.85870361328
62.586636 29.815209 1394125369000 110.95129394531
62.586641 29.815146 1394125371000 110.53430175781
62.586648 29.815081 1394125373000 111.66271972656
62.586652 29.814995 1394125375000 112.72735595703
62.586653 29.814921 1394125377000 111.04052734375
62.586644 29.814867 1394125379000 110.40063476562
62.586647 29.814791 1394125381000 112.06018066406
62.586653 29.814732 1394125383000 111.59533691406
62.586656 29.814684 1394125385000 112.16760253906
62.586663 29.814638 1394125387000 113.45104980469
62.586669 29.814588 1394125389000 113.60168457031
62.586674 29.814535 1394125391000 112.4326171875
62.58668 29.81449 1394125393000 114.08312988281
62.586685 29.814441 1394125395000 113.53991699219
62.58669 29.814384 1394125397000 114.07971191406
62.586697 29.814313 1394125399000 114.28411865234
62.586707 29.814242 1394125401000 113.14318847656
62.586723 29.814168 1394125403000 115.95953369141
62.58674 29.814089 1394125405000 116.57214355469
62.586737 29.814043 1394125407000 111.61859130859
62.586731 29.813993 1394125409000 109.8173828125
62.586723 29.813934 1394125411000 111.36529541016
62.58671 29.813882 1394125413000 110.96405029297
62.586713 29.813787 1394125415000 115.52239990234
62.586712 29.813725 1394125417000 112.74487304688
62.586714 29.813689 1394125419000 112.00158691406
62.586718 29.813636 1394125421000 113.07238769531
62.586718 29.813602 1394125423000 111.16174316406
62.586722 29.813562 1394125425000 111.50750732422
62.586724 29.813524 1394125427000 110.42822265625
62.586724 29.813489 1394125429000 111.20703125
62.586723 29.813463 1394125431000 109.63726806641
62.58672 29.81343 1394125433000 108.68469238281
62.586714 29.813396 1394125435000 107.62322998047
62.586708 29.813363 1394125437000 107.65167236328
62.586701 29.813321 1394125439000 107.56286621094
62.58669 29.813264 1394125441000 108.08514404297
62.586668 29.81322 1394125443000 107.17724609375
62.586648 29.813188 1394125445000 108.64038085938
62.586623 29.813144 1394125447000 107.33935546875
62.586604 29.813069 1394125449000 107.91284179688
62.586588 29.813002 1394125451000 106.74035644531
62.586573 29.81295 1394125453000 107.05590820312
62.586549 29.812888 1394125455000 106.07336425781
62.586527 29.812819 1394125457000 107.45867919922
62.586505 29.812741 1394125459000 108.06781005859
62.586481 29.812678 1394125461000 106.2900390625
62.586455 29.812627 1394125463000 107.06982421875
62.586432 29.812582 1394125465000 106.783203125
62.586402 29.812502 1394125467000 107.70056152344
62.586375 29.812447 1394125469000 107.55908203125
62.586344 29.812418 1394125471000 106.94635009766
62.586319 29.812425 1394125473000 106.20751953125
62.586309 29.812444 1394125475000 104.86706542969
62.586304 29.812453 1394125477000 106.19561767578
62.58631 29.812494 1394125479000 105.14086914062
62.586321 29.81253 1394125481000 105.23974609375
62.586331 29.812543 1394125483000 106.08892822266
62.586329 29.812581 1394125485000 103.28924560547
62.586317 29.812618 1394125487000 102.16046142578
62.586307 29.812652 1394125489000 102.61706542969
62.586293 29.812685 1394125491000 102.89715576172
62.586282 29.812722 1394125493000 101.65496826172
62.586271 29.812761 1394125495000 101.29309082031
62.586249 29.812813 1394125497000 101.84405517578
62.586218 29.812867 1394125499000 102.17236328125
62.586177 29.812924 1394125501000 109.69299316406
62.586144 29.812972 1394125503000 110.00238037109
62.58612 29.813009 1394125505000 111.02667236328
62.586089 29.813049 1394125507000 113.36297607422
62.586068 29.813086 1394125509000 115.52075195312
62.58605 29.813113 1394125511000 114.63244628906
62.586024 29.813142 1394125513000 115.21984863281
62.585997 29.81317 1394125515000 114.18939208984
62.585974 29.8132 1394125517000 113.84613037109
62.58595 29.813247 1394125519000 113.70892333984
62.585853 29.813409 1394125521000 111.65905761719
62.585632 29.813515 1394125523000 109.71722412109
62.585456 29.813587 1394125525000 110.79260253906
62.585312 29.813645 1394125527000 110.29992675781
62.585238 29.813627 1394125529000 107.88220214844
62.585104 29.813612 1394125531000 109.65673828125
62.584986 29.813661 1394125533000 109.48138427734
62.58482 29.813655 1394125535000 109.91900634766
62.584685 29.813613 1394125537000 110.29614257812
62.584571 29.813567 1394125539000 108.09423828125
62.584472 29.813526 1394125541000 105.12658691406
62.584388 29.813501 1394125543000 101.98394775391
62.584288 29.813511 1394125545000 100.27777099609
62.584153 29.813501 1394125547000 102.56671142578
62.584067 29.813472 1394125549000 102.8115234375
62.584002 29.813449 1394125551000 103.03411865234
62.583943 29.813446 1394125553000 104.04309082031
62.583887 29.813437 1394125555000 104.39141845703
62.583823 29.813408 1394125557000 105.16564941406
62.58375 29.813379 1394125559000 107.29937744141
62.58366 29.813314 1394125561000 109.25543212891
62.583583 29.813229 1394125563000 109.22827148438
62.583519 29.81319 1394125565000 106.20678710938
62.58346 29.813112 1394125567000 106.55383300781
62.583408 29.813036 1394125569000 104.41314697266
62.583372 29.812989 1394125571000 99.08544921875
62.583338 29.812941 1394125573000 96.949401855469
62.583304 29.812918 1394125575000 97.443298339844
62.583268 29.812911 1394125577000 98.767150878906
62.583216 29.812898 1394125579000 103.84033203125
62.583174 29.812881 1394125581000 105.5068359375
62.583125 29.812867 1394125583000 107.95251464844
62.583078 29.812846 1394125585000 105.54174804688
62.583035 29.812825 1394125587000 105.48773193359
62.582998 29.812825 1394125589000 107.21917724609
62.582972 29.812843 1394125591000 106.96087646484
62.582944 29.812869 1394125593000 106.72448730469
62.58292 29.812902 1394125595000 107.04345703125
62.582897 29.812945 1394125597000 108.17980957031
62.582862 29.812998 1394125599000 105.7763671875
62.582816 29.813048 1394125601000 105.62969970703
62.582787 29.813093 1394125603000 108.72631835938
62.582753 29.813135 1394125605000 110.85858154297
62.582721 29.81317 1394125607000 107.64587402344
62.582697 29.813212 1394125609000 107.41015625
62.582674 29.813247 1394125611000 109.88610839844
62.582655 29.813271 1394125613000 111.87945556641
62.582638 29.813298 1394125615000 111.29711914062
62.582617 29.813332 1394125617000 107.75396728516
62.582591 29.813354 1394125619000 104.20141601562
62.582568 29.813371 1394125621000 105.61096191406
62.582559 29.813415 1394125623000 105.34588623047
62.582542 29.813457 1394125625000 106.01904296875
62.582517 29.813502 1394125627000 106.79162597656
62.582485 29.813566 1394125629000 106.00500488281
62.582451 29.813639 1394125631000 104.40911865234
62.582419 29.813715 1394125633000 103.98156738281
62.582395 29.813773 1394125635000 104.9912109375
62.582373 29.813818 1394125637000 106.8798828125
62.582346 29.813875 1394125639000 106.45172119141
62.58232 29.81394 1394125641000 105.92095947266
62.582293 29.813998 1394125643000 105.02166748047
62.582261 29.814057 1394125645000 104.18060302734
62.582221 29.814104 1394125647000 104.74353027344
62.582184 29.814155 1394125649000 103.23571777344
62.582146 29.814201 1394125651000 104.759765625
62.582105 29.81423 1394125653000 107.69915771484
62.582064 29.814258 1394125655000 109.48352050781
62.582023 29.814314 1394125657000 106.83203125
62.581979 29.814355 1394125659000 106.96014404297
62.581943 29.814407 1394125661000 106.32012939453
62.581895 29.814489 1394125663000 101.18890380859
62.58183 29.81458 1394125665000 96.707824707031
62.581763 29.814663 1394125667000 91.881469726562
62.581699 29.814717 1394125669000 89.3203125
62.581645 29.814762 1394125671000 86.689453125
62.581589 29.814809 1394125673000 88.743774414062
62.581521 29.814853 1394125675000 90.988037109375
62.581436 29.81492 1394125677000 95.041259765625
62.581324 29.815007 1394125679000 93.380065917969
62.581226 29.815084 1394125681000 93.499694824219
62.581118 29.815131 1394125683000 95.134033203125
62.581011 29.815169 1394125685000 93.600891113281
62.580919 29.81522 1394125687000 93.076293945312
62.58083 29.815269 1394125689000 97.3427734375
62.580736 29.815313 1394125691000 100.560546875
62.58066 29.815358 1394125693000 100.56030273438
62.580592 29.815385 1394125695000 98.917602539062
62.580533 29.815401 1394125697000 96.429443359375
62.580472 29.815414 1394125699000 96.018493652344
62.580412 29.815424 1394125701000 94.486267089844
62.580355 29.815434 1394125703000 94.6064453125
62.5803 29.815442 1394125705000 94.166259765625
62.580241 29.815448 1394125707000 93.309020996094
62.580179 29.815447 1394125709000 94.962524414062
62.580128 29.815465 1394125711000 96.310424804688
62.580084 29.815498 1394125713000 96.9091796875
62.580056 29.815542 1394125715000 96.64306640625
62.580021 29.815592 1394125717000 96.794677734375
62.579988 29.815634 1394125719000 97.822692871094
62.579957 29.81568 1394125721000 97.88427734375
62.579935 29.815714 1394125723000 99.236083984375
62.579918 29.815737 1394125725000 101.96105957031
62.579897 29.815763 1394125727000 100.47198486328
62.579876 29.81579 1394125729000 102.82379150391
62.579855 29.815821 1394125731000 105.24530029297
62.579831 29.815858 1394125733000 103.96887207031
62.579806 29.815896 1394125735000 104.24468994141
62.579781 29.815935 1394125737000 102.90246582031
62.579759 29.815969 1394125739000 104.23291015625
62.579738 29.815997 1394125741000 103.25665283203
62.579719 29.816035 1394125743000 104.20007324219
62.579696 29.816077 1394125745000 100.80426025391
62.57967 29.81611 1394125747000 100.39367675781
62.579645 29.816145 1394125749000 99.324523925781
62.579617 29.816178 1394125751000 99.445190429688
62.579592 29.816222 1394125753000 100.40612792969
62.579577 29.816259 1394125755000 99.752746582031
62.579559 29.816282 1394125757000 98.963684082031
62.579535 29.816288 1394125759000 98.935180664062
62.579515 29.816292 1394125761000 96.962036132812
62.579493 29.816297 1394125763000 97.490173339844
62.579468 29.816308 1394125765000 98.145202636719
62.579444 29.816318 1394125767000 99.8896484375
62.579422 29.816331 1394125769000 96.692138671875
62.579406 29.816344 1394125771000 94.753234863281
62.579389 29.816352 1394125773000 94.73388671875
62.579371 29.816355 1394125775000 94.572631835938
62.57934 29.816356 1394125777000 98.862243652344
62.579302 29.816356 1394125779000 101.34930419922
62.579266 29.816352 1394125781000 101.52362060547
62.579237 29.816349 1394125783000 101.18188476562
62.579211 29.816352 1394125785000 101.0654296875
62.579192 29.81635 1394125787000 98.812377929688
62.579173 29.816361 1394125789000 98.827697753906
62.579154 29.816365 1394125791000 99.504211425781
62.579137 29.816368 1394125793000 99.024291992188
62.579116 29.816376 1394125795000 102.09167480469
62.57908 29.816384 1394125797000 102.60845947266
62.579047 29.816394 1394125799000 103.685546875
62.579008 29.816408 1394125801000 104.40307617188
62.578973 29.816425 1394125803000 103.64605712891
62.578939 29.816448 1394125805000 103.10882568359
62.578903 29.816473 1394125807000 99.621459960938
62.578869 29.816507 1394125809000 100.23529052734
62.578829 29.816546 1394125811000 97.661315917969
62.578786 29.816594 1394125813000 95.851257324219
62.578733 29.816636 1394125815000 91.97900390625
62.578677 29.816683 1394125817000 87.863647460938
62.578602 29.816768 1394125819000 84.525024414062
62.578524 29.816855 1394125821000 84.027038574219
62.578478 29.816897 1394125823000 84.05029296875
62.57844 29.816914 1394125825000 82.678100585938
62.578397 29.816991 1394125827000 80.233154296875
62.578348 29.817122 1394125829000 81.059692382812
62.578292 29.817285 1394125831000 80.888427734375
62.578243 29.817459 1394125833000 80.885498046875
62.578196 29.817632 1394125835000 79.794616699219
62.578163 29.817762 1394125837000 79.804504394531
62.57814 29.817842 1394125839000 79.852416992188
62.578099 29.817954 1394125841000 80.334167480469
62.578031 29.818123 1394125843000 80.271423339844
62.577974 29.818271 1394125845000 81.466491699219
62.577925 29.818411 1394125847000 83.939025878906
62.577879 29.818542 1394125849000 86.875366210938
62.577835 29.818649 1394125851000 90.613464355469
62.577801 29.81874 1394125853000 90.9951171875
62.577764 29.818828 1394125855000 92.275146484375
62.577731 29.818897 1394125857000 93.289733886719
62.577705 29.818969 1394125859000 93.962158203125
62.577685 29.819047 1394125861000 94.049072265625
62.577676 29.819117 1394125863000 94.60595703125
62.577657 29.819185 1394125865000 94.784545898438
62.577632 29.819275 1394125867000 95.689880371094
62.57761 29.819377 1394125869000 95.960083007812
62.577594 29.819462 1394125871000 95.691284179688
62.577577 29.819554 1394125873000 93.757263183594
62.577561 29.819639 1394125875000 93.621337890625
62.577548 29.819708 1394125877000 94.356567382812
62.57754 29.819777 1394125879000 94.369323730469
62.577526 29.819869 1394125881000 95.358154296875
62.577508 29.81998 1394125883000 94.347717285156
62.577499 29.820055 1394125885000 94.430786132812
62.577492 29.820118 1394125887000 95.174133300781
62.577481 29.820183 1394125889000 94.716552734375
62.577468 29.820261 1394125891000 96.273803710938
62.577464 29.820292 1394125893000 97.820617675781
62.577453 29.820341 1394125895000 98.06396484375
62.57742 29.820432 1394125897000 99.042053222656
62.577391 29.820504 1394125899000 98.911804199219
62.577361 29.820567 1394125901000 101.01538085938
62.577335 29.820622 1394125903000 101.46905517578
62.577306 29.820668 1394125905000 102.78649902344
62.577275 29.820711 1394125907000 102.26654052734
62.577254 29.820752 1394125909000 102.45385742188
62.577233 29.820789 1394125911000 102.85375976562
62.577208 29.820828 1394125913000 103.49694824219
62.577188 29.820838 1394125915000 103.62127685547
62.577168 29.82087 1394125917000 101.56787109375
62.577153 29.820901 1394125919000 101.35174560547
62.577139 29.820942 1394125921000 102.29321289062
62.577118 29.820996 1394125923000 101.52716064453
62.577089 29.821064 1394125925000 100.90045166016
62.577057 29.821139 1394125927000 101.58801269531
62.577023 29.821236 1394125929000 103.19311523438
62.576997 29.82132 1394125931000 103.24383544922
62.576975 29.821401 1394125933000 104.02697753906
62.576971 29.821468 1394125935000 103.27001953125
62.576973 29.821536 1394125937000 101.0771484375
62.57697 29.821634 1394125939000 100.61572265625
62.576975 29.821742 1394125941000 99.902587890625
62.576984 29.821852 1394125943000 99.95654296875
62.576991 29.821974 1394125945000 99.291625976562
62.576998 29.822098 1394125947000 98.478332519531
62.577006 29.822226 1394125949000 98.609741210938
62.57701 29.822371 1394125951000 98.583129882812
62.577013 29.822516 1394125953000 97.739807128906
62.577018 29.822648 1394125955000 97.452026367188
62.577039 29.822758 1394125957000 99.8505859375
62.577067 29.822862 1394125959000 100.64196777344
62.577102 29.822972 1394125961000 101.35961914062
62.577141 29.823088 1394125963000 102.03460693359
62.577178 29.823198 1394125965000 106.70141601562
62.57721 29.823282 1394125967000 107.04632568359
62.577225 29.823327 1394125969000 107.76068115234
62.577237 29.823374 1394125971000 106.58746337891
62.577254 29.823442 1394125973000 104.10968017578
62.577277 29.823554 1394125975000 104.07019042969
62.577303 29.823642 1394125977000 105.48718261719
62.577329 29.82371 1394125979000 105.27508544922
62.577342 29.823782 1394125981000 102.2236328125
62.577349 29.823828 1394125983000 103.06579589844
62.577365 29.823884 1394125985000 105.61755371094
62.57738 29.823936 1394125987000 107.25378417969
62.5774 29.823982 1394125989000 107.6591796875
62.577417 29.824026 1394125991000 106.859375
62.577429 29.824073 1394125993000 105.98876953125
62.577439 29.824121 1394125995000 104.10363769531
62.577451 29.824183 1394125997000 103.73480224609
62.577466 29.824237 1394125999000 102.84210205078
62.577473 29.824278 1394126001000 100.51849365234
62.57748 29.824289 1394126003000 100.25927734375
62.577494 29.824312 1394126005000 99.825012207031
62.577509 29.824357 1394126007000 98.411376953125
62.577543 29.824459 1394126009000 97.032104492188
62.577583 29.824559 1394126011000 97.816650390625
62.577627 29.824663 1394126013000 97.750610351562
62.577675 29.824777 1394126015000 99.355529785156
62.577719 29.824879 1394126017000 96.9052734375
62.577756 29.824982 1394126019000 96.267272949219
62.577788 29.82509 1394126021000 96.007263183594
62.577814 29.82517 1394126023000 97.589965820312
62.577833 29.825229 1394126025000 97.073059082031
62.577853 29.825279 1394126027000 99.301147460938
62.577872 29.825332 1394126029000 99.854431152344
62.577884 29.825385 1394126031000 97.433959960938
62.577899 29.82542 1394126033000 98.34326171875
62.577909 29.825459 1394126035000 96.385803222656
62.577915 29.825513 1394126037000 95.267272949219
62.577921 29.825569 1394126039000 96.353515625
62.577935 29.825618 1394126041000 98.056213378906
62.577949 29.825692 1394126043000 99.936279296875
62.57796 29.825778 1394126045000 99.878723144531
62.577964 29.825891 1394126047000 97.813842773438
62.577964 29.826009 1394126049000 98.913940429688
62.577967 29.82612 1394126051000 99.385681152344
62.577972 29.826219 1394126053000 102.67736816406
62.577982 29.826316 1394126055000 101.95416259766
62.577988 29.826403 1394126057000 100.21478271484
62.577997 29.826472 1394126059000 102.33349609375
62.57801 29.826532 1394126061000 102.32562255859
62.578026 29.826587 1394126063000 104.46466064453
62.578037 29.826635 1394126065000 103.28186035156
62.578052 29.826677 1394126067000 105.02447509766
62.578071 29.826705 1394126069000 106.36993408203
62.578092 29.826723 1394126071000 104.43292236328
62.578112 29.82676 1394126073000 105.74835205078
62.578131 29.826813 1394126075000 106.7314453125
62.578153 29.826846 1394126077000 108.20819091797
62.578176 29.826872 1394126079000 108.45025634766
62.578198 29.826909 1394126081000 107.57482910156
62.578213 29.826959 1394126083000 105.86431884766
62.578226 29.827008 1394126085000 107.69470214844
62.578239 29.827053 1394126087000 108.12768554688
62.57825 29.827099 1394126089000 107.76220703125
62.578256 29.827115 1394126091000 105.81335449219
62.578256 29.827115 1394126093000 105.70239257812
62.578266 29.827127 1394126095000 105.88134765625
62.578268 29.827144 1394126097000 106.94128417969
62.57827 29.82718 1394126099000 106.69213867188
62.578274 29.827219 1394126101000 106.95056152344
62.578289 29.827265 1394126103000 109.16375732422
62.578309 29.827309 1394126105000 112.17663574219
62.578322 29.827362 1394126107000 111.92395019531
62.578326 29.82744 1394126109000 109.26965332031
62.578332 29.827543 1394126111000 110.26544189453
62.578336 29.82764 1394126113000 107.72064208984
62.57834 29.827713 1394126115000 108.42065429688
62.57834 29.82778 1394126117000 107.79498291016
62.578346 29.827849 1394126119000 110.76959228516
62.578352 29.827905 1394126121000 111.51672363281
62.578362 29.827955 1394126123000 114.40838623047
62.578367 29.828007 1394126125000 112.3701171875
62.578371 29.828077 1394126127000 111.69494628906
62.578383 29.828178 1394126129000 112.58599853516
62.578397 29.828274 1394126131000 113.1083984375
62.578417 29.828366 1394126133000 112.97113037109
62.578435 29.828434 1394126135000 113.4765625
62.578453 29.82849 1394126137000 112.77380371094
62.578472 29.828528 1394126139000 114.20153808594
62.578496 29.828541 1394126141000 115.02416992188
62.578518 29.828528 1394126143000 113.90155029297
62.578533 29.828497 1394126145000 114.16461181641
62.578562 29.828462 1394126147000 121.68908691406
62.578589 29.828434 1394126149000 121.58709716797
62.578609 29.828416 1394126151000 120.25238037109
62.578626 29.828386 1394126153000 121.15466308594
62.578645 29.82837 1394126155000 122.22454833984
62.578661 29.828344 1394126157000 122.81750488281
62.578677 29.828331 1394126159000 121.853515625
62.578689 29.828316 1394126161000 121.38201904297
62.578701 29.828301 1394126163000 122.61279296875
62.578718 29.828296 1394126165000 124.00378417969
62.578731 29.828281 1394126167000 122.48254394531
62.578751 29.828266 1394126169000 125.35180664062
62.578773 29.828251 1394126171000 125.248046875
62.578796 29.828235 1394126173000 126.19140625
62.578818 29.828223 1394126175000 124.92041015625
62.578844 29.828218 1394126177000 124.14904785156
62.578873 29.828205 1394126179000 128.50006103516
62.578898 29.828188 1394126181000 130.56188964844
62.578919 29.828181 1394126183000 130.939453125
62.578948 29.828172 1394126185000 132.35852050781
62.578973 29.828165 1394126187000 131.13537597656
62.578991 29.828154 1394126189000 130.05169677734
62.579024 29.828166 1394126191000 131.65734863281
62.57904 29.828162 1394126193000 132.46551513672
62.579057 29.828157 1394126195000 131.912109375
62.579074 29.828148 1394126197000 129.08001708984
62.579094 29.828134 1394126199000 127.08251953125
62.57912 29.828112 1394126201000 129.24884033203
62.579153 29.828082 1394126203000 128.65905761719
62.579186 29.828044 1394126205000 127.26000976562
62.579212 29.827994 1394126207000 126.65936279297
62.579231 29.827945 1394126209000 126.35607910156
62.579245 29.827899 1394126211000 126.32531738281
62.579241 29.827863 1394126213000 125.26806640625
62.579233 29.82783 1394126215000 123.70556640625
62.579237 29.827788 1394126217000 120.52868652344
62.579249 29.827727 1394126219000 120.95935058594
62.57926 29.827646 1394126221000 118.56799316406
62.579275 29.827524 1394126223000 117.61328125
62.579287 29.827375 1394126225000 116.4697265625
62.579307 29.827223 1394126227000 115.88751220703
62.579336 29.827088 1394126229000 113.42736816406
62.579372 29.826884 1394126231000 112.60968017578
62.57942 29.826665 1394126233000 117.63177490234
62.579456 29.826548 1394126235000 118.58239746094
62.579492 29.826488 1394126237000 120.16302490234
62.579523 29.826435 1394126239000 120.91760253906
62.579557 29.826396 1394126241000 120.23150634766
62.579587 29.826363 1394126243000 120.03570556641
62.579614 29.826338 1394126245000 118.36773681641
62.579638 29.826317 1394126247000 120.56225585938
62.579664 29.826303 1394126249000 120.39642333984
62.579698 29.826292 1394126251000 120.28088378906
62.579728 29.82628 1394126253000 120.76513671875
62.579759 29.826264 1394126255000 120.21081542969
62.579794 29.826245 1394126257000 119.00543212891
62.579823 29.826217 1394126259000 119.80151367188
62.579859 29.8262 1394126261000 120.33239746094
62.579897 29.826196 1394126263000 120.03479003906
62.579929 29.826203 1394126265000 117.77612304688
62.579955 29.826213 1394126267000 116.70343017578
62.579979 29.826229 1394126269000 115.87420654297
62.580008 29.826251 1394126271000 117.00897216797
62.580041 29.826274 1394126273000 119.22326660156
62.580072 29.826304 1394126275000 117.54248046875
62.580103 29.826327 1394126277000 117.85827636719
62.580136 29.826343 1394126279000 115.20129394531
62.580161 29.826351 1394126281000 113.61981201172
62.580201 29.826353 1394126283000 111.42523193359
62.580255 29.826345 1394126285000 110.44348144531
62.580312 29.826314 1394126287000 111.18688964844
62.58037 29.826277 1394126289000 111.21655273438
62.580437 29.82622 1394126291000 112.48608398438
62.580505 29.82615 1394126293000 113.42504882812
62.580568 29.826092 1394126295000 112.32550048828
62.580651 29.826075 1394126297000 111.16613769531
62.580743 29.826073 1394126299000 107.44458007812
62.580806 29.82608 1394126301000 102.38116455078
62.580862 29.826102 1394126303000 99.590209960938
62.580938 29.826164 1394126305000 98.478759765625
62.581035 29.826296 1394126307000 98.739868164062
62.581121 29.82645 1394126309000 103.07672119141
62.581175 29.826535 1394126311000 106.10369873047
62.581225 29.826612 1394126313000 106.32879638672
62.581278 29.826706 1394126315000 107.18914794922
62.581349 29.826835 1394126317000 105.52111816406
62.581422 29.826963 1394126319000 101.33203125
62.581495 29.827099 1394126321000 100.72961425781
62.581581 29.827187 1394126323000 103.59368896484
62.581672 29.827207 1394126325000 103.46508789062
62.581883 29.827295 1394126327000 104.76593017578
62.582047 29.827342 1394126329000 106.08410644531
62.582253 29.827368 1394126331000 106.19451904297
62.582449 29.827371 1394126333000 108.80010986328
62.582551 29.827365 1394126335000 109.74230957031
62.582668 29.8273 1394126337000 108.61657714844
62.582812 29.827303 1394126339000 109.21954345703
62.582945 29.827296 1394126341000 110.17596435547
62.583003 29.827233 1394126343000 109.72198486328
62.583022 29.827159 1394126345000 108.67736816406
62.583039 29.827128 1394126347000 108.84985351562
62.583078 29.82708 1394126349000 111.03198242188
62.583091 29.827052 1394126351000 112.13861083984
62.583101 29.827029 1394126353000 113.12249755859
62.583101 29.827029 1394126355000 112.68920898438
62.583101 29.827029 1394126357000 112.57580566406
62.583101 29.827029 1394126359000 111.00207519531
62.583101 29.827029 1394126361000 110.70251464844
62.583132 29.826947 1394126363000 110.875
62.583135 29.826875 1394126365000 109.34375
62.583146 29.826791 1394126367000 107.38690185547
62.583152 29.826707 1394126369000 107.69024658203
62.583161 29.826648 1394126371000 106.701171875
62.583173 29.8266 1394126373000 108.35498046875
62.583181 29.826552 1394126375000 108.16772460938
62.583193 29.826514 1394126377000 108.03991699219
62.583196 29.826495 1394126379000 109.04223632812
62.583196 29.826495 1394126381000 109.43835449219
62.583226 29.826419 1394126383000 110.14672851562
62.583226 29.826419 1394126385000 110.00671386719
62.583238 29.82638 1394126387000 113.30187988281
62.58325 29.826355 1394126389000 112.68786621094
62.583262 29.826326 1394126391000 110.64025878906
62.583269 29.826298 1394126393000 110.06384277344
62.583277 29.826274 1394126395000 108.58087158203
62.583289 29.826247 1394126397000 108.07543945312
62.583302 29.826216 1394126399000 108.85778808594
62.583315 29.826192 1394126401000 107.19891357422
62.583326 29.826165 1394126403000 106.94323730469
62.583339 29.826136 1394126405000 106.82177734375
62.583352 29.82611 1394126407000 107.65319824219
62.583368 29.826086 1394126409000 108.31341552734
62.583384 29.826056 1394126411000 110.3212890625
62.583403 29.826016 1394126413000 112.62805175781
62.583418 29.825977 1394126415000 111.59527587891
62.583432 29.825925 1394126417000 112.01373291016
62.583456 29.825844 1394126419000 112.40673828125
62.583484 29.825764 1394126421000 114.09851074219
62.58352 29.825621 1394126423000 113.47979736328
62.583565 29.825393 1394126425000 111.69549560547
62.583614 29.825165 1394126427000 111.90557861328
62.583669 29.824966 1394126429000 109.88159179688
62.583721 29.824772 1394126431000 112.80834960938
62.58377 29.824652 1394126433000 109.51708984375
62.5838 29.824523 1394126435000 108.27752685547
62.583812 29.824407 1394126437000 107.66827392578
62.583834 29.824313 1394126439000 108.46520996094
62.58386 29.824225 1394126441000 106.50927734375
62.583888 29.824149 1394126443000 107.01110839844
62.583909 29.824081 1394126445000 107.30706787109
62.583931 29.824002 1394126447000 108.61260986328
62.58395 29.823939 1394126449000 108.14758300781
62.583966 29.82389 1394126451000 106.09692382812
62.58398 29.823835 1394126453000 105.9208984375
62.583993 29.823787 1394126455000 105.84832763672
62.58401 29.823746 1394126457000 106.28643798828
62.584025 29.823693 1394126459000 107.29400634766
62.584042 29.823642 1394126461000 106.46264648438
62.584057 29.82359 1394126463000 106.15686035156
62.584077 29.823537 1394126465000 106.05401611328
62.584098 29.823456 1394126467000 105.63488769531
62.584121 29.823373 1394126469000 103.85980224609
62.584147 29.823306 1394126471000 101.45037841797
62.584173 29.823234 1394126473000 99.726684570312
62.584205 29.823135 1394126475000 98.742309570312
62.584246 29.823045 1394126477000 99.260437011719
62.584294 29.822998 1394126479000 99.978454589844
62.584358 29.822958 1394126481000 101.98016357422
62.584424 29.822941 1394126483000 103.10876464844
62.58447 29.822928 1394126485000 104.61419677734
62.584502 29.822929 1394126487000 107.15380859375
62.584541 29.822927 1394126489000 104.8876953125
62.584584 29.822913 1394126491000 106.24664306641
62.58464 29.822918 1394126493000 106.45135498047
62.584717 29.822953 1394126495000 107.23602294922
62.584789 29.822995 1394126497000 108.83514404297
62.58485 29.823019 1394126499000 108.42901611328
62.584872 29.82302 1394126501000 110.13293457031
62.584897 29.823011 1394126503000 109.55285644531
62.584933 29.823013 1394126505000 111.55889892578
62.584995 29.823026 1394126507000 111.14196777344
62.585058 29.823029 1394126509000 111.40466308594
62.585134 29.823045 1394126511000 109.79602050781
62.585213 29.823065 1394126513000 108.08416748047
62.58529 29.823052 1394126515000 105.98223876953
62.585479 29.822856 1394126517000 103.88214111328
62.585612 29.822698 1394126519000 100.13690185547
62.58569 29.822581 1394126521000 97.012756347656
62.585787 29.82243 1394126523000 96.905151367188
62.585863 29.822303 1394126525000 95.088134765625
62.585899 29.822193 1394126527000 95.390808105469
62.585881 29.822124 1394126529000 92.483276367188
62.585914 29.822064 1394126531000 93.077026367188
62.585927 29.822011 1394126533000 91.124450683594
62.585943 29.82196 1394126535000 92.234008789062
62.585944 29.82193 1394126537000 89.268798828125
62.585942 29.821897 1394126539000 86.827270507812
62.58594 29.821862 1394126541000 86.488891601562
62.585945 29.821828 1394126543000 86.504760742188
62.585959 29.821774 1394126545000 87.754638671875
62.585975 29.821724 1394126547000 88.526672363281
62.585991 29.821654 1394126549000 88.825256347656
62.586009 29.821581 1394126551000 87.8115234375
62.586028 29.82151 1394126553000 86.094360351562
62.586038 29.821447 1394126555000 85.480102539062
62.586054 29.821389 1394126557000 83.452575683594
62.586087 29.821315 1394126559000 83.1845703125
62.586126 29.821213 1394126561000 81.821594238281
62.586171 29.821068 1394126563000 86.821166992188
62.58621 29.82094 1394126565000 88.986083984375
62.586253 29.82083 1394126567000 90.116821289062
62.586302 29.820738 1394126569000 91.652160644531
62.586348 29.820662 1394126571000 88.526000976562
62.586395 29.820559 1394126573000 95.667541503906
62.586437 29.820447 1394126575000 98.66552734375
62.586494 29.820339 1394126577000 96.853637695312
62.586556 29.820228 1394126579000 94.172180175781
62.586587 29.820096 1394126581000 91.307861328125
62.586597 29.819939 1394126583000 90.459228515625
62.5866 29.819776 1394126585000 90.597778320312
62.586613 29.819603 1394126587000 93.227233886719
62.586622 29.819429 1394126589000 94.924682617188
62.586642 29.819324 1394126591000 93.708679199219
62.586674 29.819237 1394126593000 94.270751953125
62.586706 29.819149 1394126595000 94.578735351562
62.586731 29.81905 1394126597000 96.069763183594
62.58677 29.818959 1394126599000 99.481262207031
62.586818 29.818871 1394126601000 103.38775634766
62.586861 29.818797 1394126603000 102.79571533203
62.586889 29.818705 1394126605000 101.30352783203
62.586922 29.818595 1394126607000 106.25524902344
62.586951 29.818487 1394126609000 106.67407226562
62.586968 29.81842 1394126611000 104.84771728516
62.586984 29.818366 1394126613000 107.12835693359
62.587003 29.818324 1394126615000 106.50604248047
62.587025 29.818288 1394126617000 105.60314941406
62.587047 29.818243 1394126619000 104.34484863281
62.587068 29.818204 1394126621000 105.06665039062
62.58709 29.818166 1394126623000 101.67248535156
62.587093 29.818125 1394126625000 98.242553710938
62.587083 29.818077 1394126627000 96.781494140625
62.587076 29.818056 1394126629000 97.137878417969
62.587064 29.81803 1394126631000 95.589599609375
62.587053 29.818 1394126633000 93.958251953125
62.587041 29.817972 1394126635000 91.434387207031
62.587029 29.817942 1394126637000 90.319213867188
62.58702 29.81789 1394126639000 89.706176757812
62.587011 29.817827 1394126641000 89.526245117188
62.587002 29.817776 1394126643000 90.10888671875
62.586989 29.817733 1394126645000 89.535766601562
62.586978 29.817689 1394126647000 89.548583984375
62.58697 29.817641 1394126649000 90.05322265625
62.586958 29.81758 1394126651000 91.203491210938
62.586939 29.817512 1394126653000 90.864196777344
62.586921 29.817457 1394126655000 90.169616699219
62.586901 29.817388 1394126657000 91.573425292969
62.586885 29.817322 1394126659000 91.610107421875
62.586875 29.817257 1394126661000 91.369506835938
62.586859 29.817144 1394126663000 101.68255615234
62.586839 29.817022 1394126665000 102.06176757812
62.586826 29.816933 1394126667000 101.35516357422
62.586816 29.816859 1394126669000 102.99273681641
62.58681 29.816811 1394126671000 100.64410400391
62.586808 29.816732 1394126673000 104.31762695312
62.58681 29.816678 1394126675000 106.91809082031
62.586807 29.816642 1394126677000 106.26141357422
62.586804 29.816612 1394126679000 106.42736816406
62.586798 29.816585 1394126681000 106.34527587891
62.586789 29.81655 1394126683000 106.68780517578
62.586783 29.816502 1394126685000 106.78375244141
62.58677 29.816447 1394126687000 110.78643798828
62.586751 29.816422 1394126689000 110.6181640625
62.586733 29.816359 1394126691000 111.19982910156
62.586713 29.816303 1394126693000 112.20739746094
62.586696 29.816262 1394126695000 113.00012207031
62.586682 29.816201 1394126697000 114.54406738281
62.586671 29.816139 1394126699000 115.28076171875
62.586658 29.816082 1394126701000 116.84155273438
62.58665 29.816033 1394126703000 115.53076171875
62.586643 29.815985 1394126705000 114.90905761719
62.586638 29.815941 1394126707000 115.07360839844
62.586638 29.815915 1394126709000 113.29388427734
62.586639 29.81589 1394126711000 112.70642089844
62.586634 29.815847 1394126713000 112.50280761719
62.586623 29.815792 1394126715000 113.26397705078
62.586618 29.815732 1394126717000 112.74285888672
62.586614 29.815691 1394126719000 109.92816162109
62.58662 29.815646 1394126721000 112.10015869141
62.586631 29.815614 1394126723000 109.77960205078
62.58664 29.815573 1394126725000 111.04620361328
62.586634 29.815506 1394126727000 111.91784667969
62.586626 29.815416 1394126729000 113.81494140625
62.586627 29.815294 1394126731000 114.95922851562
62.586639 29.815205 1394126733000 115.5869140625
62.586651 29.815118 1394126735000 115.00378417969
62.586661 29.815023 1394126737000 115.10717773438
62.58667 29.814919 1394126739000 115.99658203125
62.586676 29.814824 1394126741000 115.69158935547
62.58668 29.814731 1394126743000 115.57312011719
62.586681 29.814641 1394126745000 116.05456542969
62.586673 29.814568 1394126747000 116.46783447266
62.586676 29.814514 1394126749000 119.81872558594
62.586684 29.814457 1394126751000 117.83947753906
62.586686 29.814405 1394126753000 115.51336669922
62.586685 29.814358 1394126755000 114.82507324219
62.586689 29.814314 1394126757000 115.38928222656
62.586696 29.814253 1394126759000 115.53759765625
62.586702 29.814185 1394126761000 115.15991210938
62.58671 29.81415 1394126763000 113.11309814453
62.586712 29.814135 1394126765000 111.51263427734
62.586708 29.814097 1394126767000 109.82806396484
62.586708 29.814063 1394126769000 108.95300292969
62.58671 29.814053 1394126771000 107.86419677734
62.586714 29.814023 1394126773000 108.00842285156
62.586714 29.813989 1394126775000 107.31463623047
62.586722 29.813915 1394126777000 111.74487304688
62.58672 29.813849 1394126779000 113.45343017578
62.586717 29.813789 1394126781000 111.87060546875
62.586715 29.813733 1394126783000 111.65692138672
62.586716 29.813685 1394126785000 112.27166748047
62.586722 29.813633 1394126787000 114.05200195312
62.586726 29.813586 1394126789000 113.53955078125
62.586732 29.813544 1394126791000 114.23156738281
62.586736 29.813507 1394126793000 112.18225097656
62.586734 29.813491 1394126795000 110.9580078125
62.586732 29.813456 1394126797000 110.36572265625
62.586727 29.81342 1394126799000 108.53802490234
62.586719 29.813379 1394126801000 106.75091552734
62.586713 29.813332 1394126803000 106.517578125
62.586704 29.813287 1394126805000 106.0087890625
62.586686 29.813225 1394126807000 106.55035400391
62.58667 29.813168 1394126809000 105.75091552734
62.586652 29.813105 1394126811000 107.19647216797
62.58664 29.813036 1394126813000 108.34063720703
62.586623 29.81297 1394126815000 108.72833251953
62.586608 29.812907 1394126817000 107.8837890625
62.586587 29.812822 1394126819000 108.36431884766
62.58656 29.812733 1394126821000 108.45599365234
62.586532 29.812653 1394126823000 108.77380371094
62.586503 29.812584 1394126825000 106.9541015625
62.586469 29.812528 1394126827000 106.60363769531
62.586434 29.812477 1394126829000 106.11303710938
62.586404 29.812439 1394126831000 106.81945800781
62.586387 29.812427 1394126833000 106.98699951172
62.586382 29.812431 1394126835000 107.97155761719
62.586378 29.812443 1394126837000 108.86370849609
62.586374 29.812464 1394126839000 109.47741699219
62.586373 29.812482 1394126841000 110.0439453125
62.586374 29.8125 1394126843000 110.18103027344
62.586367 29.8125 1394126845000 111.48620605469
62.586352 29.812526 1394126847000 109.83911132812
62.586329 29.812572 1394126849000 108.81402587891
62.586309 29.812622 1394126851000 109.85876464844
62.586288 29.812678 1394126853000 109.12121582031
62.586269 29.812739 1394126855000 107.73907470703
62.586254 29.81279 1394126857000 108.24993896484
62.586246 29.812825 1394126859000 107.08471679688
62.586251 29.812805 1394126861000 105.26898193359
62.586258 29.812838 1394126864000 107.68096923828
62.586258 29.812838 1394126866000 107.81488037109
62.586258 29.812838 1394126868000 108.18585205078
62.586258 29.812838 1394126870000 108.46752929688
62.586281 29.812851 1394126872000 108.66973876953
62.586276 29.812853 1394126874000 107.31896972656
62.58627 29.812856 1394126876000 107.9931640625
62.586267 29.812857 1394126878000 106.36462402344
62.586267 29.812857 1394126880000 105.03552246094
62.586267 29.812857 1394126882000 104.32183837891
62.586267 29.812857 1394126884000 103.17053222656
62.586223 29.812839 1394126886000 103.72918701172
62.586223 29.812839 1394126888000 105.73516845703
62.586223 29.812839 1394126890000 106.08892822266
62.586223 29.812839 1394126892000 106.06268310547
62.586223 29.812839 1394126894000 106.32214355469
62.586223 29.812839 1394126896000 106.43054199219
62.586223 29.812839 1394126897000 106.49298095703
62.586216 29.812822 1394126900000 106.48767089844
62.586218 29.812825 1394126902000 106.94763183594
62.586222 29.812831 1394126904000 106.5693359375
62.586222 29.812831 1394126906000 106.51776123047
62.586222 29.812831 1394126908000 106.31494140625
62.586222 29.812831 1394126910000 106.30908203125
62.586222 29.812831 1394126912000 105.76501464844
62.586222 29.812831 1394126914000 105.48889160156
62.586222 29.812831 1394126916000 105.55926513672
62.586222 29.812831 1394126918000 105.40747070312
62.586222 29.812831 1394126920000 106.26135253906
62.586222 29.812831 1394126922000 106.56408691406
62.586222 29.812831 1394126924000 106.13488769531
62.586222 29.812831 1394126926000 106.08142089844
62.586222 29.812831 1394126928000 105.80993652344
62.586222 29.812831 1394126930000 105.78485107422
62.586222 29.812831 1394126933000 105.68615722656
62.586222 29.812831 1394126934000 105.68310546875
62.586222 29.812831 1394126936000 105.6962890625
62.586232 29.812853 1394126938000 105.71142578125
62.586212 29.812889 1394126940000 105.70391845703
62.586194 29.812924 1394126942000 106.46484375
62.586179 29.81297 1394126944000 108.91485595703
62.586176 29.812997 1394126946000 108.56091308594
62.586163 29.813038 1394126948000 107.09710693359
62.586145 29.813072 1394126950000 107.84594726562
62.58612 29.813111 1394126952000 107.39788818359
62.586089 29.813149 1394126954000 109.09045410156
62.586059 29.813181 1394126956000 109.88684082031
62.586032 29.813216 1394126958000 109.34375
62.586 29.813257 1394126960000 106.51342773438
62.585947 29.81331 1394126962000 103.43139648438
62.585833 29.813402 1394126964000 97.543579101562
62.585589 29.81356 1394126966000 95.710083007812
62.585453 29.81362 1394126968000 95.328186035156
62.585301 29.813592 1394126970000 94.763427734375
62.585148 29.813574 1394126972000 93.221252441406
62.584961 29.81355 1394126974000 93.522399902344
62.584802 29.8136 1394126976000 93.932861328125
62.584679 29.813572 1394126978000 94.042724609375
62.584544 29.813559 1394126980000 93.984924316406
62.584387 29.813463 1394126982000 96.994323730469
62.584272 29.813465 1394126984000 101.11376953125
62.584162 29.813479 1394126986000 100.95861816406
62.584074 29.813472 1394126988000 100.65185546875
62.583995 29.813444 1394126990000 101.71484375
62.583963 29.813393 1394126992000 99.656860351562
62.583881 29.813348 1394126994000 98.246459960938
62.583824 29.813322 1394126996000 97.685791015625
62.583755 29.813276 1394126998000 98.299194335938
62.583671 29.813192 1394127000000 99.176391601562
62.583588 29.813101 1394127002000 99.099975585938
62.583516 29.813027 1394127004000 99.64208984375
62.583456 29.812943 1394127006000 101.76513671875
62.583402 29.81289 1394127008000 104.94256591797
62.58336 29.812865 1394127010000 104.73474121094
62.583333 29.812864 1394127012000 105.1416015625
62.583306 29.812873 1394127014000 105.17156982422
62.583274 29.812869 1394127016000 105.76342773438
62.583244 29.812852 1394127018000 106.02355957031
62.58321 29.812824 1394127020000 110.41101074219
62.583172 29.812813 1394127022000 109.14270019531
62.58313 29.812798 1394127024000 109.9189453125
62.583092 29.812799 1394127026000 109.40960693359
62.583068 29.812809 1394127028000 108.91168212891
62.583034 29.812836 1394127030000 108.78552246094
62.58299 29.812854 1394127032000 106.349609375
62.582945 29.812881 1394127034000 106.24987792969
62.582912 29.812924 1394127036000 106.86370849609
62.58288 29.812978 1394127038000 100.78076171875
62.582835 29.813044 1394127040000 101.33264160156
62.582778 29.813101 1394127042000 103.18688964844
62.582719 29.813163 1394127044000 104.28326416016
62.582658 29.813224 1394127046000 104.06146240234
62.582616 29.813289 1394127048000 102.32189941406
62.582594 29.813327 1394127050000 102.45208740234
62.582573 29.813362 1394127052000 102.69952392578
62.582553 29.813392 1394127054000 101.21276855469
62.582542 29.813429 1394127056000 100.10705566406
62.582534 29.813459 1394127058000 100.97308349609
62.582525 29.813481 1394127060000 101.59185791016
62.582517 29.813505 1394127062000 101.89514160156
62.582501 29.813542 1394127064000 99.887634277344
62.582481 29.813572 1394127066000 99.340881347656
62.582467 29.813608 1394127068000 101.17889404297
62.582453 29.81365 1394127070000 100.75439453125
62.582444 29.813696 1394127072000 99.320556640625
62.582426 29.813746 1394127074000 96.744567871094
62.582402 29.813782 1394127076000 96.000793457031
62.582391 29.813818 1394127078000 96.967590332031
62.582377 29.813853 1394127080000 99.365356445312
62.582355 29.813894 1394127082000 100.59460449219
62.582321 29.813927 1394127084000 105.67114257812
62.582283 29.813976 1394127086000 104.35186767578
62.582247 29.814025 1394127088000 104.91790771484
62.582212 29.814069 1394127090000 106.15051269531
62.582184 29.814098 1394127092000 105.43432617188
62.582156 29.814133 1394127094000 103.60211181641
62.582137 29.814167 1394127096000 98.928833007812
62.582108 29.814212 1394127098000 96.691711425781
62.582069 29.814275 1394127100000 96.239929199219
62.582018 29.814361 1394127102000 92.779724121094
62.581955 29.814432 1394127104000 90.361389160156
62.581873 29.814497 1394127106000 89.399963378906
62.581797 29.814553 1394127108000 87.6279296875
62.581729 29.814623 1394127110000 85.52099609375
62.581661 29.814677 1394127112000 89.031921386719
62.581593 29.814735 1394127114000 90.343933105469
62.581528 29.814781 1394127116000 91.61376953125
62.581456 29.81483 1394127118000 89.211242675781
62.581361 29.814872 1394127120000 92.703796386719
62.581268 29.814924 1394127122000 91.466186523438
62.581198 29.81497 1394127124000 91.209655761719
62.581138 29.81502 1394127126000 93.779052734375
62.581064 29.815076 1394127128000 90.553894042969
62.580979 29.815129 1394127130000 91.348083496094
62.580895 29.815193 1394127132000 92.630981445312
62.580821 29.815246 1394127134000 94.432189941406
62.580753 29.815282 1394127136000 91.836669921875
62.580678 29.815322 1394127138000 93.864501953125
62.580599 29.815371 1394127140000 92.80517578125
62.580513 29.815399 1394127142000 93.3486328125
62.580434 29.815428 1394127144000 91.453674316406
62.580351 29.815448 1394127146000 90.608642578125
62.580274 29.815467 1394127148000 89.224670410156
62.580199 29.815446 1394127150000 95.64599609375
62.580148 29.815442 1394127152000 98.014099121094
62.580114 29.815459 1394127154000 99.277893066406
62.580095 29.815477 1394127156000 98.732971191406
62.580069 29.815518 1394127158000 97.498352050781
62.580051 29.815548 1394127160000 98.577209472656
62.580033 29.815582 1394127162000 102.34582519531
62.580008 29.815617 1394127164000 102.04449462891
62.579984 29.815649 1394127166000 103.00854492188
62.579968 29.815689 1394127168000 103.51580810547
62.579949 29.815729 1394127170000 102.52746582031
62.579931 29.815769 1394127172000 100.62854003906
62.579905 29.815811 1394127174000 98.793212890625
62.579885 29.815851 1394127176000 99.621826171875
62.579862 29.815893 1394127178000 97.026062011719
62.579838 29.815924 1394127180000 98.21826171875
62.579813 29.815957 1394127182000 96.812866210938
62.579784 29.815991 1394127184000 97.767822265625
62.579751 29.816027 1394127186000 99.042541503906
62.579714 29.816069 1394127188000 100.03570556641
62.579675 29.816112 1394127190000 102.88116455078
62.579638 29.816159 1394127192000 103.63079833984
62.579604 29.816198 1394127194000 102.60192871094
62.579568 29.816236 1394127196000 100.19018554688
62.579538 29.816261 1394127198000 98.339172363281
62.579511 29.816283 1394127200000 97.798400878906
62.579482 29.816296 1394127202000 98.020141601562
62.579451 29.816311 1394127204000 99.608581542969
62.579422 29.816337 1394127206000 101.34039306641
62.579395 29.816353 1394127208000 102.880859375
62.579371 29.81636 1394127210000 102.35876464844
62.579344 29.816382 1394127212000 101.52551269531
62.579319 29.816391 1394127214000 104.21398925781
62.579292 29.816391 1394127216000 105.29632568359
62.579268 29.816384 1394127218000 107.24224853516
62.579245 29.816384 1394127220000 106.50134277344
62.579221 29.816383 1394127222000 108.80993652344
62.579199 29.816386 1394127224000 109.82635498047
62.57918 29.816388 1394127226000 110.19818115234
62.579157 29.816381 1394127228000 109.68188476562
62.579136 29.816366 1394127230000 109.76525878906
62.579116 29.816368 1394127232000 111.03002929688
62.579097 29.816373 1394127234000 107.88128662109
62.579075 29.816382 1394127236000 105.48687744141
62.579052 29.816389 1394127238000 107.86767578125
62.579027 29.816379 1394127240000 106.76257324219
62.579 29.816372 1394127242000 105.45385742188
62.578961 29.816382 1394127244000 107.41131591797
62.578922 29.816403 1394127246000 104.78082275391
62.578889 29.816403 1394127248000 105.98083496094
62.57885 29.81641 1394127250000 107.09881591797
62.578818 29.81644 1394127252000 105.12908935547
62.578791 29.816461 1394127254000 104.52606201172
62.578759 29.816456 1394127256000 102.01293945312
62.578701 29.816476 1394127258000 98.1630859375
62.578648 29.816527 1394127260000 95.680847167969
62.578593 29.816561 1394127262000 95.494445800781
62.578533 29.816592 1394127264000 92.371520996094
62.578454 29.816685 1394127266000 89.472290039062
62.578372 29.816792 1394127268000 88.942504882812
62.578303 29.816933 1394127270000 86.780822753906
62.578252 29.817095 1394127272000 86.3447265625
62.57819 29.817283 1394127274000 85.6630859375
62.578126 29.817468 1394127276000 86.527709960938
62.578075 29.817626 1394127278000 87.448791503906
62.57804 29.817712 1394127280000 88.565551757812
62.578008 29.817771 1394127282000 89.579162597656
62.578008 29.817771 1394127284000 88.767150878906
62.577968 29.817826 1394127286000 89.537414550781
62.577968 29.817826 1394127288000 90.868225097656
62.577948 29.817924 1394127290000 92.270263671875
62.577948 29.817924 1394127292000 93.69482421875
62.577948 29.817924 1394127294000 95.080139160156
62.577948 29.817924 1394127296000 95.714111328125
62.577929 29.818011 1394127298000 96.108459472656