62.577828 29.808036 1399485749000 93.723266601562
62.577828 29.808036 1399485751000 94.558837890625
62.577832 29.807925 1399485753000 93.094970703125
62.577832 29.807925 1399485755000 93.103210449219
62.577832 29.807925 1399485757000 93.578186035156
62.577823 29.808032 1399485759000 95.41064453125
62.577811 29.808117 1399485761000 93.385437011719
62.577855 29.808256 1399485763000 92.741088867188
62.577859 29.808384 1399485765000 87.963806152344
62.577832 29.808483 1399485767000 88.33447265625
62.577826 29.808581 1399485769000 91.27685546875
62.577811 29.808681 1399485771000 92.855895996094
62.57778 29.808751 1399485773000 91.632995605469
62.577746 29.80878 1399485775000 94.470825195312
62.57771 29.808826 1399485777000 94.10302734375
62.577692 29.8089 1399485779000 91.032165527344
62.577687 29.809004 1399485781000 93.069396972656
62.577652 29.809108 1399485783000 92.619750976562
62.577578 29.809195 1399485785000 91.870178222656
62.5775 29.809247 1399485787000 91.930358886719
62.577418 29.809285 1399485789000 91.198608398438
62.577345 29.809324 1399485791000 89.638610839844
62.577296 29.809353 1399485793000 89.731079101562
62.577243 29.809393 1399485795000 88.254699707031
62.577183 29.809431 1399485797000 86.294311523438
62.577119 29.809459 1399485799000 83.966979980469
62.577062 29.809468 1399485801000 83.595642089844
62.577014 29.809401 1399485803000 82.356201171875
62.576994 29.809288 1399485805000 80.067016601562
62.576985 29.809164 1399485807000 77.045104980469
62.576966 29.809046 1399485809000 77.825805664062
62.576952 29.808914 1399485811000 75.877014160156
62.576953 29.808778 1399485813000 76.184753417969
62.576939 29.808662 1399485815000 78.716552734375
62.576928 29.808602 1399485816000 78.352416992188
62.576864 29.80707 1399485841000 77.94921875
62.576884 29.806956 1399485843000 78.421691894531
62.576904 29.806838 1399485845000 78.698669433594
62.576929 29.806741 1399485847000 79.540771484375
62.576956 29.806649 1399485849000 78.999450683594
62.576969 29.806543 1399485851000 80.682983398438
62.576983 29.80644 1399485853000 83.282104492188
62.577004 29.806341 1399485855000 79.370788574219
62.577014 29.806241 1399485857000 78.699584960938
62.577017 29.806135 1399485859000 80.069702148438
62.57702 29.806032 1399485861000 81.419189453125
62.577031 29.805938 1399485863000 82.237365722656
62.577068 29.805832 1399485865000 78.890258789062
62.577107 29.805741 1399485867000 79.021728515625
62.577135 29.805661 1399485869000 79.884948730469
62.577151 29.80558 1399485871000 80.408752441406
62.577159 29.805476 1399485873000 81.561584472656
62.577162 29.805356 1399485875000 80.195678710938
62.577173 29.805235 1399485877000 79.557800292969
62.577182 29.805114 1399485879000 80.657531738281
62.577177 29.805 1399485881000 80.270874023438
62.577171 29.804888 1399485883000 81.707702636719
62.577159 29.804777 1399485885000 80.107421875
62.57714 29.804671 1399485887000 83.97021484375
62.577118 29.804569 1399485889000 83.749267578125
62.577088 29.804483 1399485891000 83.811218261719
62.57705 29.804407 1399485893000 82.27099609375
62.577025 29.80431 1399485895000 78.937072753906
62.577019 29.80417 1399485897000 76.5234375
62.577019 29.804022 1399485899000 76.022094726562
62.577014 29.803885 1399485901000 74.484130859375
62.577011 29.803753 1399485903000 77.090576171875
62.577003 29.803634 1399485905000 77.885559082031
62.576991 29.803523 1399485907000 79.843688964844
62.576982 29.803411 1399485909000 78.498779296875
62.576982 29.803307 1399485911000 79.802917480469
62.576984 29.803219 1399485913000 80.260192871094
62.576974 29.803128 1399485915000 80.247619628906
62.57696 29.803037 1399485917000 78.487854003906
62.576949 29.802966 1399485919000 80.780029296875
62.576932 29.802907 1399485921000 82.070556640625
62.576913 29.802829 1399485923000 80.360107421875
62.576889 29.802752 1399485925000 79.332946777344
62.576878 29.802639 1399485927000 77.929626464844
62.576869 29.802525 1399485929000 77.85888671875
62.576874 29.802433 1399485931000 78.268188476562
62.576904 29.802359 1399485933000 76.602355957031
62.576938 29.802287 1399485935000 77.254699707031
62.576958 29.802197 1399485937000 77.274536132812
62.576977 29.802118 1399485939000 78.529846191406
62.576997 29.802047 1399485941000 78.559509277344
62.577012 29.801959 1399485943000 77.735412597656
62.577025 29.801869 1399485945000 76.126342773438
62.577041 29.801791 1399485947000 80.472717285156
62.577048 29.801732 1399485949000 82.4482421875
62.577054 29.801668 1399485951000 82.054992675781
62.57706 29.801592 1399485953000 83.739013671875
62.577059 29.80151 1399485955000 83.005249023438
62.577063 29.801422 1399485957000 86.334594726562
62.57708 29.801314 1399485959000 85.474914550781
62.57709 29.801201 1399485961000 84.737915039062
62.577098 29.801105 1399485963000 86.009399414062
62.577089 29.801028 1399485965000 86.132934570312
62.577059 29.800976 1399485967000 87.071838378906
62.577018 29.800969 1399485969000 87.564697265625
62.576977 29.800973 1399485971000 88.697692871094
62.576932 29.800978 1399485973000 88.363403320312
62.576868 29.801001 1399485975000 87.796630859375
62.576808 29.801001 1399485977000 83.540710449219
62.576768 29.800924 1399485979000 83.544921875
62.576753 29.800802 1399485981000 84.313842773438
62.576747 29.800668 1399485983000 83.258605957031
62.576729 29.80056 1399485985000 81.777404785156
62.57669 29.80049 1399485987000 79.331359863281
62.576642 29.8005 1399485989000 77.890991210938
62.576597 29.800553 1399485991000 76.690368652344
62.576552 29.800593 1399485993000 77.149597167969
62.576507 29.800631 1399485995000 79.526550292969
62.576462 29.800665 1399485997000 81.452514648438
62.576418 29.800692 1399485999000 80.741821289062
62.576376 29.800695 1399486001000 79.832885742188
62.57634 29.800705 1399486003000 81.643920898438
62.576302 29.800722 1399486005000 84.582580566406
62.576259 29.800749 1399486007000 85.8466796875
62.57622 29.800718 1399486009000 84.028015136719
62.576199 29.800642 1399486011000 86.697021484375
62.576189 29.800554 1399486013000 86.31005859375
62.576177 29.80046 1399486015000 83.705078125
62.576164 29.800364 1399486017000 83.742492675781
62.576148 29.800268 1399486019000 82.124145507812
62.576132 29.800173 1399486021000 81.467346191406
62.576122 29.800065 1399486023000 80.614013671875
62.576116 29.799966 1399486025000 81.269958496094
62.576108 29.79986 1399486027000 79.959838867188
62.576108 29.799745 1399486029000 78.860534667969
62.576105 29.799622 1399486031000 78.201232910156
62.576102 29.799501 1399486033000 77.950073242188
62.576103 29.799373 1399486035000 77.227600097656
62.576097 29.799252 1399486037000 78.6435546875
62.576098 29.799136 1399486039000 81.257995605469
62.576107 29.799023 1399486041000 79.025146484375
62.576113 29.798902 1399486043000 78.915954589844
62.576117 29.798783 1399486045000 82.819396972656
62.576119 29.798662 1399486047000 81.365051269531
62.576121 29.798537 1399486049000 78.306396484375
62.576143 29.798425 1399486051000 77.964172363281
62.576167 29.798316 1399486053000 76.140930175781
62.576189 29.798216 1399486055000 79.623840332031
62.576211 29.79811 1399486057000 77.60302734375
62.57624 29.798006 1399486059000 75.345397949219
62.576273 29.797917 1399486061000 76.374572753906
62.576308 29.79782 1399486063000 77.246154785156
62.576346 29.797712 1399486065000 79.164611816406
62.576388 29.79762 1399486067000 77.798278808594
62.576442 29.797552 1399486069000 76.471374511719
62.576493 29.797485 1399486071000 76.807312011719
62.576543 29.797431 1399486073000 77.113464355469
62.576587 29.797379 1399486075000 78.249084472656
62.576622 29.797313 1399486077000 75.521606445312
62.576657 29.797245 1399486079000 78.231750488281
62.576692 29.797173 1399486081000 75.608947753906
62.576735 29.797139 1399486083000 76.253051757812
62.576782 29.797137 1399486085000 77.361877441406
62.576836 29.79711 1399486087000 76.156005859375
62.576889 29.797078 1399486089000 76.370544433594
62.576945 29.797066 1399486091000 76.560302734375
62.576995 29.797054 1399486093000 80.551391601562
62.577043 29.797007 1399486095000 81.701721191406
62.577078 29.796949 1399486097000 82.603637695312
62.577114 29.796911 1399486099000 84.490051269531
62.57714 29.796852 1399486101000 83.582824707031
62.577164 29.796785 1399486103000 83.818481445312
62.577198 29.796719 1399486105000 83.5634765625
62.57725 29.796647 1399486107000 83.394897460938
62.577315 29.796594 1399486109000 83.159545898438
62.577387 29.796561 1399486111000 84.252319335938
62.577442 29.796521 1399486113000 83.715515136719
62.577499 29.796488 1399486115000 84.545959472656
62.57755 29.796465 1399486117000 83.127319335938
62.577595 29.796444 1399486119000 82.955078125
62.577643 29.796415 1399486121000 82.924255371094
62.577687 29.796386 1399486123000 83.312316894531
62.577721 29.79633 1399486125000 82.759765625
62.57776 29.796265 1399486127000 83.529663085938
62.577797 29.796193 1399486129000 81.633117675781
62.577832 29.79613 1399486131000 80.032043457031
62.577875 29.796079 1399486133000 82.926208496094
62.577922 29.79602 1399486135000 80.299438476562
62.577963 29.79596 1399486137000 80.698059082031
62.577994 29.795904 1399486139000 79.354125976562
62.578031 29.795851 1399486141000 79.127685546875
62.578073 29.79581 1399486143000 80.573974609375
62.578115 29.795765 1399486145000 79.709350585938
62.578139 29.795712 1399486147000 79.706420898438
62.578172 29.795645 1399486149000 80.117919921875
62.578211 29.795576 1399486151000 83.032592773438
62.57825 29.795509 1399486153000 86.261169433594
62.578288 29.795433 1399486155000 86.954956054688
62.578328 29.795366 1399486157000 89.052307128906
62.578357 29.79531 1399486159000 91.639526367188
62.578383 29.795254 1399486161000 93.113098144531
62.578411 29.7952 1399486163000 92.118347167969
62.578431 29.795136 1399486165000 93.523193359375
62.578442 29.795068 1399486167000 95.432250976562
62.578461 29.794992 1399486169000 93.546325683594
62.578485 29.794914 1399486171000 90.605529785156
62.578505 29.79482 1399486173000 93.080200195312
62.57853 29.794729 1399486175000 93.642700195312
62.578551 29.794642 1399486177000 92.252014160156
62.578575 29.794568 1399486179000 91.266296386719
62.578613 29.794486 1399486181000 87.709167480469
62.578655 29.794403 1399486183000 86.079223632812
62.578701 29.794332 1399486185000 85.263061523438
62.578744 29.794268 1399486187000 85.350830078125
62.578771 29.794192 1399486189000 86.302368164062
62.57879 29.794117 1399486191000 86.791625976562
62.578811 29.794026 1399486193000 84.216674804688
62.578842 29.793964 1399486195000 85.02734375
62.578879 29.793911 1399486197000 85.669616699219
62.578934 29.793871 1399486199000 81.987976074219
62.578998 29.793844 1399486201000 77.879577636719
62.579065 29.793841 1399486203000 74.815246582031
62.579129 29.793854 1399486205000 74.825439453125
62.579181 29.793863 1399486207000 76.275268554688
62.57923 29.793845 1399486209000 75.38720703125
62.579288 29.79386 1399486211000 72.36279296875
62.57935 29.793867 1399486213000 74.372680664062
62.579416 29.793844 1399486215000 73.994201660156
62.579483 29.793827 1399486217000 74.356994628906
62.579542 29.793805 1399486219000 75.357666015625
62.579597 29.79379 1399486221000 77.732299804688
62.579646 29.793771 1399486223000 82.585510253906
62.579697 29.793772 1399486225000 82.290466308594
62.579755 29.793758 1399486227000 83.6494140625
62.579814 29.79373 1399486229000 85.721069335938
62.579867 29.793695 1399486231000 90.077941894531
62.579917 29.793648 1399486233000 90.473815917969
62.579973 29.793609 1399486235000 90.243103027344
62.580019 29.793565 1399486237000 89.024658203125
62.580068 29.793542 1399486239000 86.332885742188
62.580114 29.793509 1399486241000 89.81787109375
62.580165 29.793482 1399486243000 88.444458007812
62.580211 29.793433 1399486245000 86.166870117188
62.580253 29.793359 1399486247000 83.953796386719
62.580294 29.793278 1399486249000 81.168334960938
62.580335 29.793206 1399486251000 78.79345703125
62.580353 29.793174 1399486252000 78.707336425781
62.580424 29.792992 1399486257000 78.705749511719
62.580451 29.792903 1399486259000 76.152160644531
62.580482 29.792841 1399486261000 76.344604492188
62.580513 29.792784 1399486263000 75.207397460938
62.580547 29.792705 1399486265000 73.568786621094
62.580569 29.792631 1399486267000 74.244384765625
62.580591 29.792556 1399486269000 75.781188964844
62.580613 29.792484 1399486271000 75.321655273438
62.580654 29.792435 1399486273000 79.016845703125
62.580699 29.792391 1399486275000 78.840148925781
62.580728 29.79235 1399486277000 78.505004882812
62.580752 29.792297 1399486279000 77.800964355469
62.580779 29.792246 1399486281000 76.469970703125
62.580813 29.792197 1399486283000 77.035949707031
62.580852 29.792135 1399486285000 76.420837402344
62.580892 29.792089 1399486287000 77.709899902344
62.58093 29.792058 1399486289000 78.403564453125
62.580964 29.792008 1399486291000 77.869384765625
62.580995 29.791962 1399486293000 76.346862792969
62.581036 29.791908 1399486295000 76.193908691406
62.581096 29.791845 1399486297000 77.968811035156
62.581172 29.791796 1399486299000 78.285583496094
62.581229 29.791753 1399486301000 80.245239257812
62.581267 29.791692 1399486303000 80.108093261719
62.581309 29.791637 1399486305000 80.641845703125
62.58137 29.791612 1399486307000 79.394409179688
62.581421 29.791562 1399486309000 78.696411132812
62.581453 29.79147 1399486311000 79.945007324219
62.581486 29.791384 1399486313000 79.771789550781
62.58152 29.791302 1399486315000 82.269775390625
62.58156 29.791226 1399486317000 85.054870605469
62.581586 29.791153 1399486319000 85.119323730469
62.58161 29.791086 1399486321000 84.424621582031
62.581626 29.791025 1399486323000 85.533569335938
62.581638 29.790977 1399486325000 85.091430664062
62.581663 29.79093 1399486327000 84.796936035156
62.581686 29.790886 1399486329000 86.363342285156
62.581711 29.790839 1399486331000 88.110900878906
62.581734 29.79078 1399486333000 89.021606445312
62.581767 29.790733 1399486335000 87.423278808594
62.581802 29.7907 1399486337000 87.550720214844
62.581839 29.790676 1399486339000 85.158630371094
62.581879 29.790649 1399486341000 86.476684570312
62.581933 29.79062 1399486343000 85.779602050781
62.581973 29.790546 1399486345000 88.305786132812
62.582019 29.790454 1399486347000 89.535705566406
62.582066 29.790398 1399486349000 88.012573242188
62.582098 29.790351 1399486351000 88.816589355469
62.582135 29.790334 1399486353000 89.578063964844
62.582168 29.790302 1399486355000 92.10107421875
62.582208 29.790262 1399486357000 93.319458007812
62.582247 29.790221 1399486359000 95.5498046875
62.582282 29.79016 1399486361000 94.732727050781
62.582321 29.790094 1399486363000 94.466552734375
62.582362 29.790022 1399486365000 91.622863769531
62.582409 29.78996 1399486367000 89.78271484375
62.582462 29.789904 1399486369000 89.664978027344
62.58252 29.789861 1399486371000 90.3505859375
62.582567 29.789796 1399486373000 86.536071777344
62.582615 29.789723 1399486375000 88.273803710938
62.582664 29.789657 1399486377000 89.7490234375
62.582711 29.789603 1399486379000 91.025512695312
62.582764 29.789579 1399486381000 87.274047851562
62.582802 29.789567 1399486383000 89.246948242188
62.582838 29.789553 1399486385000 89.032531738281
62.582871 29.789543 1399486387000 90.973205566406
62.5829 29.789521 1399486389000 87.809448242188
62.582943 29.78949 1399486391000 89.318054199219
62.583003 29.789469 1399486393000 90.168884277344
62.583058 29.789452 1399486395000 90.555725097656
62.583117 29.789442 1399486397000 92.079040527344
62.583178 29.789449 1399486399000 91.465087890625
62.583238 29.789435 1399486401000 88.73486328125
62.583289 29.7894 1399486403000 88.879760742188
62.583342 29.78937 1399486405000 90.117431640625
62.583402 29.789354 1399486407000 89.632995605469
62.583482 29.789343 1399486409000 91.917114257812
62.583555 29.789364 1399486411000 89.775329589844
62.583614 29.789371 1399486413000 89.203063964844
62.583678 29.789316 1399486415000 89.282104492188
62.583722 29.789292 1399486417000 88.493896484375
62.583781 29.789289 1399486419000 87.635498046875
62.583834 29.789278 1399486421000 87.695678710938
62.583872 29.789237 1399486423000 87.506530761719
62.583905 29.789176 1399486425000 90.102233886719
62.583944 29.78912 1399486427000 87.701538085938
62.583983 29.789058 1399486429000 86.589233398438
62.584008 29.788975 1399486431000 87.289123535156
62.584024 29.788898 1399486433000 88.925720214844
62.584052 29.78884 1399486435000 88.740112304688
62.584084 29.788779 1399486437000 88.620422363281
62.584112 29.788694 1399486439000 87.20556640625
62.584138 29.788604 1399486441000 87.859069824219
62.584156 29.788509 1399486443000 89.785339355469
62.584188 29.788432 1399486445000 91.035034179688
62.584228 29.788376 1399486447000 90.2314453125
62.584275 29.788336 1399486449000 89.629150390625
62.584326 29.788274 1399486451000 89.262573242188
62.584376 29.788188 1399486453000 91.022827148438
62.584417 29.788107 1399486455000 89.946350097656
62.584466 29.788047 1399486457000 89.209167480469
62.584498 29.787947 1399486459000 88.508056640625
62.584534 29.787855 1399486461000 88.227600097656
62.584567 29.787784 1399486463000 85.845886230469
62.584607 29.787729 1399486465000 88.318237304688
62.584653 29.78768 1399486467000 87.605773925781
62.584694 29.78763 1399486469000 89.624206542969
62.584732 29.787579 1399486471000 89.895568847656
62.584768 29.787513 1399486473000 88.555114746094
62.584804 29.787451 1399486475000 91.872131347656
62.584842 29.787402 1399486477000 90.26953125
62.584879 29.787354 1399486479000 91.697937011719
62.584922 29.787309 1399486481000 93.175231933594
62.584962 29.787262 1399486483000 95.376342773438
62.585004 29.787213 1399486485000 97.999633789062
62.585047 29.787187 1399486487000 97.999450683594
62.585097 29.787161 1399486489000 99.99072265625
62.585149 29.787111 1399486491000 102.5771484375
62.585205 29.787068 1399486493000 98.636962890625
62.585249 29.787014 1399486495000 98.689208984375
62.585279 29.786991 1399486497000 101.57086181641
62.585305 29.786949 1399486499000 103.38146972656
62.585326 29.786909 1399486501000 103.43212890625
62.585354 29.786882 1399486503000 106.26416015625
62.585394 29.786843 1399486505000 106.86181640625
62.585428 29.786796 1399486507000 106.26849365234
62.585457 29.786735 1399486509000 108.29156494141
62.585489 29.786688 1399486511000 108.93292236328
62.585528 29.786696 1399486513000 108.05743408203
62.585572 29.786701 1399486515000 106.22052001953
62.58561 29.786679 1399486517000 107.20806884766
62.585636 29.786687 1399486519000 109.267578125
62.585669 29.786686 1399486521000 110.24066162109
62.585698 29.786668 1399486523000 110.66168212891
62.585735 29.786662 1399486525000 111.21624755859
62.585772 29.786651 1399486527000 111.50244140625
62.58581 29.786672 1399486529000 109.75390625
62.585861 29.786692 1399486531000 110.97106933594
62.58591 29.78669 1399486533000 110.52362060547
62.585963 29.786679 1399486535000 109.09765625
62.586009 29.786689 1399486537000 105.89184570312
62.586059 29.786704 1399486539000 106.30511474609
62.586113 29.786721 1399486541000 107.75109863281
62.586175 29.786728 1399486543000 108.65570068359
62.586239 29.786727 1399486545000 111.24224853516
62.586297 29.786746 1399486547000 108.23309326172
62.586354 29.786795 1399486549000 106.00524902344
62.586404 29.786827 1399486551000 105.41217041016
62.586458 29.786825 1399486553000 106.86907958984
62.586512 29.786817 1399486555000 104.22564697266
62.586551 29.78684 1399486557000 103.84698486328
62.586592 29.786883 1399486559000 102.80786132812
62.586639 29.786911 1399486561000 103.5322265625
62.586687 29.786921 1399486563000 104.51068115234
62.586736 29.786955 1399486565000 107.47369384766
62.586776 29.787017 1399486567000 106.74041748047
62.586811 29.787059 1399486569000 103.69268798828
62.586853 29.7871 1399486571000 103.08813476562
62.586898 29.787117 1399486573000 103.73327636719
62.586931 29.787131 1399486575000 106.18811035156
62.586956 29.787164 1399486577000 107.27044677734
62.58699 29.787197 1399486579000 108.24578857422
62.58702 29.787237 1399486581000 109.11535644531
62.587046 29.78729 1399486583000 108.09399414062
62.587082 29.787346 1399486585000 107.05395507812
62.587124 29.787376 1399486587000 107.69665527344
62.587158 29.787406 1399486589000 108.33624267578
62.587196 29.787431 1399486591000 107.35015869141
62.587239 29.78747 1399486593000 108.54748535156
62.58728 29.787497 1399486595000 110.99432373047
62.587323 29.787537 1399486597000 110.87097167969
62.58736 29.787585 1399486599000 109.86901855469
62.58739 29.787644 1399486601000 109.32867431641
62.587424 29.787681 1399486603000 109.20343017578
62.587453 29.787733 1399486605000 110.92114257812
62.587488 29.787793 1399486607000 110.93267822266
62.58753 29.787832 1399486609000 113.26312255859
62.587572 29.787852 1399486611000 112.38244628906
62.587615 29.78788 1399486613000 113.88171386719
62.587664 29.787916 1399486615000 112.85894775391
62.587721 29.787976 1399486617000 111.44116210938
62.587762 29.788053 1399486619000 112.33117675781
62.587795 29.788145 1399486621000 113.84136962891
62.587833 29.788243 1399486623000 109.73754882812
62.587865 29.788344 1399486625000 108.0
62.587892 29.788446 1399486627000 111.44500732422
62.587917 29.788538 1399486629000 111.25122070312
62.587938 29.788624 1399486631000 107.99841308594
62.587965 29.788704 1399486633000 108.32293701172
62.587991 29.788792 1399486635000 108.40966796875
62.588012 29.788884 1399486637000 110.01318359375
62.588037 29.788975 1399486639000 112.33666992188
62.588059 29.789063 1399486641000 114.50714111328
62.588081 29.78915 1399486643000 117.73718261719
62.588104 29.789228 1399486645000 118.14440917969
62.588113 29.789325 1399486647000 114.10656738281
62.588123 29.78942 1399486649000 117.68444824219
62.588137 29.789523 1399486651000 115.11950683594
62.588147 29.789629 1399486653000 115.65808105469
62.58813 29.78973 1399486655000 111.90545654297
62.588096 29.789808 1399486657000 111.44152832031
62.588058 29.789872 1399486659000 114.02807617188
62.588031 29.789946 1399486661000 116.30139160156
62.588007 29.790028 1399486663000 115.87512207031
62.587985 29.790115 1399486665000 114.17779541016
62.587968 29.790203 1399486667000 112.40447998047
62.587973 29.790307 1399486669000 112.05139160156
62.587986 29.790406 1399486671000 114.66046142578
62.587993 29.790504 1399486673000 115.62780761719
62.588003 29.790601 1399486675000 116.73779296875
62.588 29.790692 1399486677000 116.39233398438
62.587973 29.790772 1399486679000 112.40502929688
62.587943 29.790849 1399486681000 109.41656494141
62.587913 29.790926 1399486683000 109.96911621094
62.587893 29.791005 1399486685000 106.63269042969
62.587879 29.791084 1399486687000 106.74426269531
62.587853 29.791169 1399486689000 109.78234863281
62.58782 29.791251 1399486691000 110.38073730469
62.587785 29.791328 1399486693000 110.29125976562
62.587743 29.791399 1399486695000 108.67297363281
62.587697 29.791463 1399486697000 106.1376953125
62.587655 29.791525 1399486699000 102.55621337891
62.587635 29.791604 1399486701000 103.87017822266
62.587637 29.7917 1399486703000 105.03332519531
62.587651 29.791796 1399486705000 101.43109130859
62.58766 29.791902 1399486707000 100.69256591797
62.587665 29.791996 1399486709000 101.47674560547
62.58767 29.792082 1399486711000 101.42108154297
62.587676 29.792181 1399486713000 101.19122314453
62.587688 29.792287 1399486715000 100.43487548828
62.587704 29.79238 1399486717000 102.35894775391
62.587716 29.792472 1399486719000 101.09112548828
62.587731 29.792565 1399486721000 102.62261962891
62.587745 29.792674 1399486723000 103.5341796875
62.587751 29.792779 1399486725000 99.922607421875
62.587756 29.792873 1399486727000 99.844787597656
62.587764 29.792968 1399486729000 100.12591552734
62.587765 29.793064 1399486731000 98.490539550781
62.587773 29.793157 1399486733000 99.752136230469
62.587775 29.79326 1399486735000 98.386840820312
62.587769 29.79336 1399486737000 98.227722167969
62.587769 29.793462 1399486739000 98.185974121094
62.587774 29.793557 1399486741000 97.463012695312
62.587771 29.793655 1399486743000 100.40319824219
62.587764 29.793748 1399486745000 100.59582519531
62.58777 29.793834 1399486747000 99.7109375
62.587778 29.793915 1399486749000 100.91345214844
62.587792 29.793998 1399486751000 99.40478515625
62.587793 29.794096 1399486753000 101.8984375
62.587793 29.794198 1399486755000 100.82019042969
62.587794 29.794304 1399486757000 103.419921875
62.58781 29.794428 1399486759000 104.78356933594
62.58784 29.79456 1399486761000 102.04803466797
62.587874 29.794689 1399486763000 102.94488525391
62.587908 29.794828 1399486765000 104.01422119141
62.587944 29.794945 1399486767000 106.36828613281
62.587989 29.795034 1399486769000 106.81433105469
62.588018 29.795146 1399486771000 105.93792724609
62.588039 29.795255 1399486773000 102.64892578125
62.588044 29.795365 1399486775000 104.97509765625
62.588045 29.795467 1399486777000 106.76342773438
62.588047 29.795562 1399486779000 106.68444824219
62.58805 29.795658 1399486781000 108.10247802734
62.588057 29.79576 1399486783000 109.00549316406
62.588061 29.795867 1399486785000 107.93707275391
62.588058 29.79598 1399486787000 106.583984375
62.588058 29.796083 1399486789000 106.68103027344
62.588062 29.796185 1399486791000 105.79797363281
62.588074 29.796296 1399486793000 106.02111816406
62.588083 29.796401 1399486795000 102.26232910156
62.58809 29.796484 1399486797000 100.80670166016
62.588085 29.796576 1399486799000 97.785278320312
62.588075 29.79668 1399486801000 92.214660644531
62.588074 29.796794 1399486803000 94.988525390625
62.588083 29.796897 1399486805000 95.571105957031
62.588099 29.797004 1399486807000 91.129821777344
62.588119 29.797103 1399486809000 94.856689453125
62.588136 29.797207 1399486811000 92.288696289062
62.58815 29.797309 1399486813000 92.387451171875
62.588151 29.797421 1399486815000 94.078918457031
62.588135 29.797544 1399486817000 94.335632324219
62.588131 29.797665 1399486819000 94.842529296875
62.588138 29.797777 1399486821000 94.205688476562
62.588146 29.797887 1399486823000 92.637451171875
62.588152 29.798005 1399486825000 92.040893554688
62.588142 29.798134 1399486827000 93.928833007812
62.588115 29.798261 1399486829000 90.811584472656
62.588087 29.798367 1399486831000 89.434814453125
62.588066 29.798464 1399486833000 88.026977539062
62.58804 29.798552 1399486835000 87.524047851562
62.588008 29.798632 1399486837000 88.438110351562
62.587976 29.798719 1399486839000 89.649963378906
62.587947 29.798818 1399486841000 88.793518066406
62.587913 29.798921 1399486843000 87.558410644531
62.587876 29.799016 1399486845000 82.715270996094
62.587833 29.799087 1399486847000 82.3505859375
62.587794 29.799151 1399486849000 82.284851074219
62.587755 29.799204 1399486851000 83.749572753906
62.587719 29.799263 1399486853000 85.547790527344
62.587692 29.799312 1399486855000 85.715881347656
62.587655 29.799366 1399486857000 83.832275390625
62.587615 29.799399 1399486859000 83.188354492188
62.587582 29.79943 1399486861000 83.664367675781
62.587552 29.799468 1399486863000 82.297485351562
62.58752 29.799515 1399486865000 82.854125976562
62.587488 29.799566 1399486867000 83.739501953125
62.587452 29.799613 1399486869000 87.034973144531
62.587413 29.799662 1399486871000 85.930847167969
62.587372 29.799705 1399486873000 83.694519042969
62.587335 29.799751 1399486875000 82.053161621094
62.587298 29.799785 1399486877000 79.902709960938
62.587264 29.799832 1399486879000 82.41015625
62.587233 29.799894 1399486881000 82.516906738281
62.587203 29.799953 1399486883000 81.674377441406
62.587167 29.800012 1399486885000 78.397216796875
62.587127 29.800065 1399486887000 78.982116699219
62.587088 29.800124 1399486889000 79.750854492188
62.587054 29.800176 1399486891000 77.537536621094
62.587023 29.800233 1399486893000 77.401733398438
62.586988 29.800289 1399486895000 76.972839355469
62.586955 29.800352 1399486897000 75.80908203125
62.586921 29.800428 1399486899000 76.0283203125
62.58689 29.800501 1399486901000 75.342407226562
62.586868 29.80058 1399486903000 78.211059570312
62.586849 29.800665 1399486905000 79.537658691406
62.586824 29.80075 1399486907000 78.468200683594
62.586804 29.800841 1399486909000 79.850646972656
62.586785 29.800941 1399486911000 80.4677734375
62.586766 29.801044 1399486913000 83.446899414062
62.586746 29.801139 1399486915000 85.706665039062
62.586725 29.801231 1399486917000 85.356567382812
62.586704 29.80133 1399486919000 87.075378417969
62.58668 29.801419 1399486921000 87.51171875
62.586655 29.801505 1399486923000 85.490905761719
62.586631 29.801585 1399486925000 87.230590820312
62.58661 29.801666 1399486927000 87.935546875
62.586579 29.80173 1399486929000 86.502258300781
62.586542 29.801781 1399486931000 84.985046386719
62.586504 29.801829 1399486933000 84.266967773438
62.58646 29.801865 1399486935000 85.2724609375
62.586414 29.801881 1399486937000 83.924682617188
62.58638 29.801907 1399486939000 84.364013671875
62.586348 29.801939 1399486941000 85.05078125
62.58632 29.801973 1399486943000 85.263122558594
62.586291 29.801995 1399486945000 83.330078125
62.586262 29.802029 1399486947000 84.978942871094
62.586226 29.802059 1399486949000 83.822875976562
62.586188 29.802089 1399486951000 84.583801269531
62.586162 29.802148 1399486953000 85.690307617188
62.586136 29.802225 1399486955000 88.138916015625
62.586123 29.802263 1399486956000 87.804931640625
62.586068 29.802456 1399486961000 87.617614746094
62.586048 29.802548 1399486963000 87.846496582031
62.585998 29.802625 1399486965000 88.202880859375
62.585939 29.802698 1399486967000 89.404113769531
62.585886 29.802771 1399486969000 89.625427246094
62.585829 29.802827 1399486971000 88.77001953125
62.585778 29.802875 1399486973000 90.4072265625
62.585731 29.802938 1399486975000 91.991333007812
62.58568 29.802995 1399486977000 89.601440429688
62.585627 29.803053 1399486979000 90.821655273438
62.58558 29.803104 1399486981000 92.316284179688
62.58553 29.803146 1399486983000 91.842956542969
62.585483 29.803175 1399486985000 93.80224609375
62.585439 29.803198 1399486987000 94.831176757812
62.585393 29.803221 1399486989000 94.209167480469
62.585345 29.803239 1399486991000 92.981323242188
62.585298 29.803248 1399486993000 91.88623046875
62.585251 29.803258 1399486995000 90.476928710938
62.5852 29.803268 1399486997000 89.73779296875
62.585152 29.80328 1399486999000 89.045654296875
62.585109 29.803308 1399487001000 90.270874023438
62.585067 29.80335 1399487003000 92.224731445312
62.585025 29.803384 1399487005000 91.839965820312
62.584975 29.803394 1399487007000 92.979858398438
62.584928 29.803408 1399487009000 91.968078613281
62.584875 29.803413 1399487011000 91.568542480469
62.584826 29.803409 1399487013000 94.433959960938
62.584784 29.803422 1399487015000 94.925048828125
62.584746 29.803429 1399487017000 94.62744140625
62.584703 29.803431 1399487019000 90.689514160156
62.584657 29.803438 1399487021000 90.955993652344
62.584612 29.803469 1399487023000 94.47998046875
62.584568 29.803509 1399487025000 93.546752929688
62.584528 29.80352 1399487027000 91.782104492188
62.584486 29.803515 1399487029000 90.25537109375
62.584443 29.803524 1399487031000 91.139343261719
62.584401 29.803563 1399487033000 93.237365722656
62.584362 29.803602 1399487035000 92.973876953125
62.58432 29.803627 1399487037000 93.481140136719
62.584283 29.80365 1399487039000 93.093566894531
62.58425 29.803693 1399487041000 92.114868164062
62.584214 29.803724 1399487043000 91.0908203125
62.584177 29.803749 1399487045000 91.018188476562
62.584143 29.80378 1399487047000 90.400512695312
62.584101 29.803783 1399487049000 90.799194335938
62.584056 29.80378 1399487051000 93.541564941406
62.584009 29.803782 1399487053000 93.312194824219
62.583966 29.803793 1399487055000 95.72314453125
62.583922 29.803809 1399487057000 97.239074707031
62.583878 29.803823 1399487059000 97.4404296875
62.583832 29.803821 1399487061000 97.675659179688
62.583787 29.803814 1399487063000 100.38568115234
62.583742 29.803821 1399487065000 101.27331542969
62.5837 29.803841 1399487067000 99.927551269531
62.583655 29.803865 1399487069000 99.664428710938
62.583609 29.803893 1399487071000 95.996337890625
62.58356 29.803908 1399487073000 93.654907226562
62.583519 29.803911 1399487075000 95.317932128906
62.583476 29.803907 1399487077000 95.840759277344
62.583438 29.803939 1399487079000 97.54150390625
62.583403 29.803965 1399487081000 98.412536621094
62.58337 29.803972 1399487083000 97.589111328125
62.583338 29.80398 1399487085000 97.1962890625
62.5833 29.803983 1399487087000 94.929992675781
62.583261 29.803987 1399487089000 94.846618652344
62.583227 29.804009 1399487091000 94.484802246094
62.58319 29.804032 1399487093000 94.690307617188
62.583149 29.804048 1399487095000 93.17333984375
62.583109 29.804061 1399487097000 96.430480957031
62.583071 29.804079 1399487099000 96.429931640625
62.583031 29.804078 1399487101000 98.099548339844
62.582992 29.804093 1399487103000 101.19018554688
62.58296 29.804124 1399487105000 103.79541015625
62.582928 29.804147 1399487107000 106.05847167969
62.582898 29.804157 1399487109000 103.51782226562
62.582863 29.804158 1399487111000 104.00598144531
62.582824 29.804175 1399487113000 104.76574707031
62.582782 29.804192 1399487115000 103.86236572266
62.582732 29.80419 1399487117000 99.471130371094
62.582684 29.804172 1399487119000 97.713073730469
62.582627 29.804182 1399487121000 96.608581542969
62.582563 29.804214 1399487123000 98.753662109375
62.582508 29.804248 1399487125000 98.878295898438
62.582455 29.804257 1399487127000 97.744018554688
62.582402 29.804249 1399487129000 97.2080078125
62.582357 29.804269 1399487131000 98.125671386719
62.582313 29.804313 1399487133000 98.666076660156
62.58227 29.804335 1399487135000 96.612060546875
62.582226 29.804351 1399487137000 93.983337402344
62.582179 29.804369 1399487139000 94.0576171875
62.58213 29.804391 1399487141000 95.183044433594
62.582083 29.804419 1399487143000 96.824523925781
62.582038 29.80444 1399487145000 97.971069335938
62.581991 29.804464 1399487147000 98.560913085938
62.581947 29.804497 1399487149000 99.198974609375
62.581908 29.804533 1399487151000 101.11218261719
62.581868 29.804565 1399487153000 98.174987792969
62.581821 29.804592 1399487155000 95.670654296875
62.581771 29.804596 1399487157000 94.573608398438
62.581725 29.804606 1399487159000 97.140869140625
62.581687 29.804625 1399487161000 97.256958007812
62.581648 29.804642 1399487163000 97.001953125
62.581607 29.804657 1399487165000 98.035034179688
62.581563 29.804667 1399487167000 97.110717773438
62.581516 29.804693 1399487169000 97.662902832031
62.581473 29.804731 1399487171000 100.33056640625
62.58143 29.80477 1399487173000 98.783325195312
62.581388 29.804785 1399487175000 98.025634765625
62.581341 29.804786 1399487177000 100.03088378906
62.58129 29.804781 1399487179000 98.620239257812
62.581239 29.804779 1399487181000 99.494506835938
62.581193 29.804805 1399487183000 101.38446044922
62.581142 29.80483 1399487185000 101.57598876953
62.581086 29.804833 1399487187000 99.590026855469
62.581035 29.804841 1399487189000 100.24359130859
62.580991 29.804849 1399487191000 100.39929199219
62.580951 29.804856 1399487193000 100.69891357422
62.580903 29.80487 1399487195000 100.48181152344
62.580854 29.804888 1399487197000 103.35437011719
62.580804 29.804893 1399487199000 100.64678955078
62.580755 29.804917 1399487201000 100.337890625
62.580706 29.804926 1399487203000 98.642822265625
62.580649 29.804894 1399487205000 95.729309082031
62.580599 29.804851 1399487207000 94.994506835938
62.580553 29.80483 1399487209000 93.70751953125
62.580511 29.804809 1399487211000 97.107055664062
62.580463 29.804814 1399487213000 96.0966796875
62.580411 29.804804 1399487215000 94.749755859375
62.580361 29.804776 1399487217000 94.256896972656
62.58031 29.804792 1399487219000 95.051330566406
62.580273 29.804842 1399487221000 95.183959960938
62.580247 29.804919 1399487223000 93.597106933594
62.580222 29.805014 1399487225000 92.765502929688
62.580198 29.805105 1399487227000 91.2900390625
62.580166 29.805194 1399487229000 89.128479003906
62.580134 29.805271 1399487231000 89.388916015625
62.580103 29.80536 1399487233000 89.93408203125
62.580077 29.805451 1399487235000 90.75048828125
62.580057 29.805536 1399487237000 90.070434570312
62.58003 29.805615 1399487239000 88.808715820312
62.580002 29.805688 1399487241000 89.987976074219
62.579983 29.805775 1399487243000 89.449584960938
62.579966 29.805859 1399487245000 91.771606445312
62.579949 29.805939 1399487247000 91.023193359375
62.579932 29.80603 1399487249000 94.15673828125
62.579918 29.806123 1399487251000 95.947326660156
62.579904 29.806224 1399487253000 95.796997070312
62.579874 29.806341 1399487255000 95.117248535156
62.579842 29.806448 1399487257000 93.493713378906
62.579817 29.806552 1399487259000 95.252563476562
62.579789 29.806657 1399487261000 95.074890136719
62.579755 29.806752 1399487263000 93.880615234375
62.57973 29.806864 1399487265000 96.278686523438
62.579697 29.806968 1399487267000 95.324584960938
62.579654 29.807057 1399487269000 94.240844726562
62.57961 29.807132 1399487271000 92.252685546875
62.579566 29.807207 1399487273000 92.543579101562
62.579516 29.807267 1399487275000 92.332885742188
62.57947 29.807324 1399487277000 93.596313476562
62.57942 29.807385 1399487279000 90.086364746094
62.579367 29.807445 1399487281000 90.115112304688
62.579316 29.807514 1399487283000 91.463562011719
62.57927 29.80758 1399487285000 92.149719238281
62.579222 29.807627 1399487287000 93.211242675781
62.579176 29.807678 1399487289000 93.995239257812
62.579135 29.807735 1399487291000 91.855285644531
62.5791 29.807796 1399487293000 94.154724121094
62.579065 29.807857 1399487295000 94.686645507812
62.579027 29.80791 1399487297000 95.099975585938
62.578992 29.807952 1399487299000 91.994140625
62.578963 29.808001 1399487301000 90.393676757812
62.57893 29.808053 1399487303000 91.98681640625
62.578895 29.808101 1399487305000 92.946655273438
62.578855 29.808165 1399487307000 94.860107421875
62.578812 29.808232 1399487309000 95.491088867188
62.578772 29.808286 1399487311000 95.250183105469
62.578734 29.808347 1399487313000 93.7568359375
62.578697 29.808405 1399487315000 93.221740722656
62.57866 29.808457 1399487317000 92.64013671875
62.578624 29.808504 1399487319000 92.933227539062
62.578581 29.808549 1399487321000 92.182495117188
62.578537 29.808604 1399487323000 92.57861328125
62.578496 29.808673 1399487325000 94.923217773438
62.578446 29.80873 1399487327000 94.436889648438
62.578395 29.808777 1399487329000 93.881713867188
62.578342 29.80882 1399487331000 94.461608886719
62.578295 29.808868 1399487333000 94.901000976562
62.57824 29.808892 1399487335000 92.364318847656
62.578186 29.808903 1399487337000 93.14208984375
62.578138 29.808894 1399487339000 93.932678222656
62.578094 29.808855 1399487341000 93.117736816406
62.578054 29.808827 1399487343000 95.231689453125
62.578011 29.808788 1399487345000 94.187316894531
62.577969 29.80873 1399487347000 94.106872558594
62.577949 29.808627 1399487349000 94.501403808594
62.577932 29.808533 1399487351000 95.942077636719
62.577915 29.808457 1399487353000 94.055053710938
62.577905 29.808398 1399487355000 95.497680664062
62.577893 29.808311 1399487357000 92.535034179688
62.577864 29.808215 1399487359000 91.699890136719
62.577844 29.808147 1399487362000 94.1455078125
62.577833 29.808093 1399487363000 94.28662109375