62.577723 29.808246 1401083124000 91.1723022460938
62.577598 29.808262 1401083126000 89.2874755859375
62.577677 29.808097 1401083128000 93.995361328125
62.577751 29.808337 1401083130000 101.614013671875
62.577757 29.808286 1401083131000 107.176208496094
62.577755 29.808264 1401083133000 106.130065917969
62.577767 29.808245 1401083135000 106.0361328125
62.577774 29.808226 1401083137000 106.570190429688
62.577781 29.808213 1401083139000 106.339416503906
62.57779 29.808182 1401083141000 103.668090820313
62.577839 29.808055 1401083143000 103.595703125
62.577842 29.80805 1401083145000 102.39837646484
62.577833 29.808219 1401083147000 98.302307128906
62.577799 29.808413 1401083149000 95.555603027344
62.577767 29.808577 1401083151000 97.333984375
62.577752 29.808684 1401083153000 97.299194335938
62.577742 29.808774 1401083155000 94.690124511719
62.57772 29.808839 1401083157000 95.787414550781
62.577699 29.808899 1401083159000 99.385314941406
62.577704 29.808954 1401083161000 96.593872070312
62.577718 29.808989 1401083163000 94.481628417969
62.577723 29.809019 1401083165000 91.207763671875
62.577737 29.80904 1401083167000 86.973388671875
62.577753 29.809046 1401083169000 87.035583496094
62.577749 29.809042 1401083171000 89.820861816406
62.577751 29.809044 1401083173000 87.514526367188
62.577759 29.809041 1401083175000 87.967956542969
62.577771 29.809055 1401083177000 88.990966796875
62.577779 29.809057 1401083179000 88.866027832031
62.577779 29.809057 1401083181000 89.043334960938
62.577779 29.809057 1401083183000 89.523376464844
62.577779 29.809057 1401083185000 89.101623535156
62.577779 29.809057 1401083187000 89.558654785156
62.577779 29.809057 1401083189000 89.375793457031
62.577779 29.809057 1401083191000 89.419006347656
62.577779 29.809057 1401083193000 89.463989257812
62.577779 29.809057 1401083195000 89.62890625
62.577769 29.809073 1401083197000 89.889282226562
62.57776 29.80906 1401083199000 88.506896972656
62.57776 29.809033 1401083201000 89.134765625
62.577755 29.808994 1401083203000 89.655700683594
62.577762 29.808961 1401083205000 87.59423828125
62.577762 29.808961 1401083207000 90.255310058594
62.577806 29.808889 1401083209000 89.183532714844
62.577794 29.808879 1401083211000 85.211853027344
62.577843 29.808839 1401083213000 84.788208007812
62.577905 29.808793 1401083215000 87.57470703125
62.577972 29.808761 1401083217000 86.010803222656
62.578036 29.808766 1401083219000 86.946899414062
62.578099 29.808816 1401083221000 87.851623535156
62.578148 29.80889 1401083223000 86.298522949219
62.578187 29.808988 1401083225000 88.226013183594
62.578233 29.809059 1401083227000 88.074645996094
62.578272 29.809035 1401083229000 85.89013671875
62.578314 29.80898 1401083231000 86.77294921875
62.578451 29.808938 1401083233000 87.632141113281
62.578564 29.808816 1401083235000 87.064270019531
62.578666 29.808662 1401083237000 86.568237304688
62.578837 29.808407 1401083239000 84.421630859375
62.578946 29.808131 1401083241000 86.521179199219
62.579101 29.807942 1401083243000 86.510375976562
62.579277 29.807727 1401083246000 87.602172851562
62.579469 29.807581 1401083247000 84.845153808594
62.579604 29.807328 1401083249000 86.677551269531
62.579744 29.807006 1401083251000 86.138427734375
62.579852 29.80666 1401083253000 85.68505859375
62.579967 29.806259 1401083255000 83.549377441406
62.580068 29.805901 1401083257000 84.701232910156
62.580169 29.805549 1401083259000 82.901672363281
62.580263 29.805216 1401083261000 82.361938476562
62.58033 29.80498 1401083263000 81.915893554688
62.580506 29.805055 1401083265000 82.53564453125
62.58068 29.805069 1401083267000 82.723876953125
62.580903 29.805012 1401083269000 84.029418945312
62.581126 29.804938 1401083271000 87.858642578125
62.581385 29.804845 1401083273000 88.135375976562
62.581641 29.804744 1401083275000 87.410766601562
62.581978 29.804699 1401083277000 84.683654785156
62.582225 29.804521 1401083279000 85.493408203125
62.582499 29.804421 1401083281000 87.963012695312
62.582762 29.804325 1401083283000 90.118103027344
62.58301 29.804235 1401083285000 89.228332519531
62.583251 29.804147 1401083287000 88.07373046875
62.583463 29.804068 1401083289000 89.468383789062
62.583691 29.803984 1401083291000 90.708618164062
62.583898 29.803908 1401083293000 90.905944824219
62.584104 29.803832 1401083295000 90.722412109375
62.584321 29.803753 1401083297000 90.35302734375
62.58455 29.803669 1401083299000 89.616027832031
62.584657 29.803629 1401083301000 90.029113769531
62.584728 29.803602 1401083303000 91.982116699219
62.584771 29.803585 1401083306000 91.77099609375
62.58485 29.803558 1401083307000 91.046997070312
62.584989 29.803498 1401083309000 91.245971679688
62.585142 29.803427 1401083311000 92.26318359375
62.585313 29.803336 1401083313000 91.019470214844
62.585498 29.803234 1401083315000 90.485290527344
62.585685 29.803127 1401083317000 87.050964355469
62.585872 29.803005 1401083319000 93.279663085938
62.585969 29.802909 1401083321000 93.072143554688
62.586046 29.802829 1401083323000 93.442749023438
62.586049 29.802826 1401083325000 94.390625
62.585983 29.802894 1401083327000 94.093994140625
62.586005 29.802871 1401083329000 94.538146972656
62.586033 29.802842 1401083331000 95.138000488281
62.586048 29.802828 1401083333000 95.328857421875
62.586048 29.802827 1401083336000 95.109130859375
62.586091 29.802888 1401083337000 95.440246582031
62.586088 29.802879 1401083339000 95.273742675781
62.586066 29.802733 1401083341000 92.388916015625
62.586035 29.802505 1401083343000 91.435180664062
62.585894 29.80227 1401083345000 87.280029296875
62.58583 29.802042 1401083347000 87.307006835938
62.585707 29.801604 1401083349000 87.03564453125
62.585596 29.801209 1401083351000 85.719177246094
62.585494 29.80084 1401083353000 79.072021484375
62.585415 29.800281 1401083355000 80.729797363281
62.585294 29.799767 1401083357000 83.195373535156
62.585194 29.799241 1401083359000 82.384704589844
62.585078 29.798721 1401083361000 83.984191894531
62.584951 29.798213 1401083363000 80.854064941406
62.584836 29.797677 1401083366000 79.725952148438
62.584751 29.79716 1401083367000 80.242919921875
62.58467 29.79664 1401083369000 83.943176269531
62.584571 29.796141 1401083371000 84.466430664062
62.5845 29.795685 1401083373000 85.572509765625
62.584444 29.795351 1401083375000 86.784606933594
62.584476 29.795055 1401083377000 89.11572265625
62.584577 29.794825 1401083379000 89.854919433594
62.584715 29.794563 1401083381000 89.499633789062
62.584888 29.794432 1401083383000 91.416015625
62.585022 29.794332 1401083385000 92.200622558594
62.585226 29.794179 1401083387000 91.298400878906
62.585421 29.794031 1401083389000 91.486755371094
62.585687 29.793831 1401083391000 94.330200195312
62.585912 29.793659 1401083393000 98.337707519531
62.586155 29.793473 1401083396000 96.627807617188
62.586423 29.793327 1401083397000 98.954284667969
62.586676 29.793067 1401083399000 101.72906494141
62.586912 29.792868 1401083401000 99.6318359375
62.587144 29.792673 1401083403000 98.005920410156
62.587398 29.792451 1401083405000 97.737243652344
62.587634 29.792245 1401083407000 96.6708984375
62.587858 29.79205 1401083409000 101.04333496094
62.588074 29.79186 1401083411000 106.21838378906
62.588254 29.791703 1401083413000 101.99749755859
62.58846 29.791535 1401083415000 102.36511230469
62.588705 29.791341 1401083417000 107.09509277344
62.588929 29.791163 1401083419000 108.16058349609
62.589133 29.791003 1401083421000 109.66784667969
62.589344 29.790837 1401083423000 108.77917480469
62.589585 29.790648 1401083426000 109.16394042969
62.589822 29.790551 1401083427000 111.33990478516
62.590043 29.790284 1401083429000 112.80181884766
62.590278 29.790094 1401083431000 114.00500488281
62.590492 29.78992 1401083433000 113.10412597656
62.590667 29.789778 1401083435000 114.26940917969
62.590938 29.78941 1401083437000 114.677734375
62.591114 29.789129 1401083439000 113.70703125
62.591302 29.788739 1401083441000 113.81811523438
62.591478 29.788358 1401083443000 113.94354248047
62.591647 29.78799 1401083445000 113.13061523438
62.591825 29.787603 1401083447000 111.75402832031
62.592009 29.787204 1401083449000 108.34381103516
62.592178 29.786835 1401083451000 106.03179931641
62.592345 29.786473 1401083453000 105.44213867188
62.59251 29.786118 1401083456000 106.09625244141
62.592682 29.785979 1401083457000 100.79913330078
62.592808 29.785505 1401083459000 100.86206054688
62.592964 29.785209 1401083461000 101.24786376953
62.593148 29.784915 1401083463000 102.93865966797
62.593305 29.784671 1401083465000 100.77716064453
62.593428 29.78448 1401083467000 99.807189941406
62.593547 29.7843 1401083469000 98.579223632812
62.593661 29.784132 1401083471000 99.716613769531
62.59378 29.783958 1401083473000 99.123901367188
62.593882 29.783807 1401083475000 100.05456542969
62.593939 29.783724 1401083477000 99.030639648438
62.594182 29.78337 1401083479000 99.994567871094
62.594365 29.783105 1401083481000 99.527709960938
62.594492 29.78292 1401083483000 100.41516113281
62.594641 29.782681 1401083486000 106.73443603516
62.594897 29.782506 1401083487000 104.37927246094
62.594972 29.782097 1401083489000 103.01721191406
62.595066 29.781915 1401083491000 93.171447753906
62.595208 29.781627 1401083493000 88.838500976562
62.595342 29.781347 1401083495000 88.98291015625
62.595466 29.781088 1401083497000 86.35693359375
62.595571 29.780869 1401083499000 85.566467285156
62.595672 29.78066 1401083501000 86.347778320312
62.595739 29.780519 1401083503000 85.058227539062
62.59579 29.780412 1401083505000 84.949951171875
62.595854 29.780279 1401083507000 83.643737792969
62.595922 29.780136 1401083509000 83.326843261719
62.596006 29.779963 1401083511000 82.899780273438
62.596028 29.779901 1401083513000 82.603393554688
62.595927 29.779487 1401083516000 82.294189453125
62.595929 29.779163 1401083517000 82.014404296875
62.595831 29.778818 1401083519000 82.2685546875
62.595783 29.778393 1401083521000 85.550170898438
62.595742 29.778012 1401083523000 86.739562988281
62.595709 29.777685 1401083525000 86.429382324219
62.595678 29.77732 1401083528000 86.62158203125
62.595655 29.776964 1401083529000 88.24169921875
62.595637 29.776565 1401083531000 88.320556640625
62.595635 29.776512 1401083533000 89.909973144531
62.595636 29.776525 1401083535000 90.694274902344
62.595637 29.776568 1401083537000 90.536560058594
62.595637 29.776564 1401083539000 91.105712890625
62.595637 29.776569 1401083541000 92.282958984375
62.595637 29.776563 1401083543000 92.893676757812
62.595637 29.776566 1401083546000 92.879333496094
62.595689 29.77657 1401083547000 93.156982421875
62.595693 29.776567 1401083549000 92.052978515625
62.595694 29.776506 1401083551000 94.267578125
62.595633 29.776393 1401083553000 94.858337402344
62.595631 29.776209 1401083555000 94.447387695312
62.595633 29.77589 1401083557000 93.159912109375
62.595637 29.775594 1401083559000 90.790222167969
62.595653 29.775308 1401083561000 87.569580078125
62.595673 29.775004 1401083563000 85.010803222656
62.5957 29.774662 1401083565000 84.859252929688
62.59573 29.77432 1401083567000 83.192260742188
62.59576 29.773969 1401083569000 83.330627441406
62.595797 29.773546 1401083571000 82.848083496094
62.595826 29.773219 1401083573000 79.115051269531
62.59586 29.772834 1401083576000 82.102722167969
62.595936 29.77243 1401083577000 82.188781738281
62.595928 29.771966 1401083579000 79.015014648438
62.595966 29.771493 1401083581000 79.600708007812
62.596012 29.771032 1401083583000 79.418151855469
62.596058 29.770583 1401083586000 79.775390625
62.596105 29.770117 1401083588000 80.701843261719
62.596169 29.769641 1401083589000 80.940368652344
62.596244 29.769155 1401083591000 80.872863769531
62.59633 29.768676 1401083593000 80.528076171875
62.596419 29.768229 1401083595000 81.411376953125
62.596515 29.767834 1401083597000 81.261779785156
62.596621 29.767461 1401083599000 81.862060546875
62.596724 29.767111 1401083601000 82.35302734375
62.596825 29.766786 1401083603000 81.958557128906
62.596921 29.766508 1401083606000 81.164184570312
62.597029 29.766251 1401083607000 79.629821777344
62.597101 29.766007 1401083609000 81.120483398438
62.597171 29.765815 1401083611000 80.697326660156
62.597234 29.76564 1401083614000 79.725830078125
62.597295 29.765469 1401083615000 79.066040039062
62.597345 29.765332 1401083617000 75.841064453125
62.597391 29.765205 1401083619000 76.776611328125
62.597415 29.765136 1401083621000 77.756713867188
62.597433 29.765087 1401083623000 78.072998046875
62.597457 29.765021 1401083625000 77.330810546875
62.597482 29.764951 1401083628000 77.676147460938
62.597495 29.764915 1401083629000 78.462524414062
62.597497 29.764907 1401083631000 78.780029296875
62.597501 29.764898 1401083633000 79.382873535156
62.597502 29.764895 1401083636000 79.928649902344
62.597509 29.764901 1401083637000 79.98291015625
62.597517 29.764902 1401083639000 79.580139160156
62.597521 29.764892 1401083641000 78.810363769531
62.597521 29.764892 1401083643000 79.250244140625
62.597523 29.76488 1401083645000 78.925170898438
62.597542 29.764825 1401083647000 79.054931640625
62.597591 29.764697 1401083649000 79.47998046875
62.597649 29.764484 1401083651000 79.402587890625
62.597731 29.764256 1401083653000 78.007385253906
62.597804 29.764041 1401083655000 77.628234863281
62.597879 29.763813 1401083657000 77.245483398438
62.597953 29.763585 1401083659000 77.020263671875
62.598027 29.763349 1401083661000 77.231567382812
62.598087 29.763101 1401083663000 77.667053222656
62.598106 29.763014 1401083666000 76.998779296875
62.598231 29.762645 1401083667000 76.8359375
62.598238 29.76234 1401083669000 76.6953125
62.598294 29.762057 1401083671000 76.977478027344
62.598352 29.761763 1401083673000 76.144775390625
62.598424 29.7614 1401083675000 76.654602050781
62.598486 29.761082 1401083677000 76.169128417969
62.598589 29.76056 1401083679000 76.804626464844
62.598654 29.760231 1401083681000 76.150939941406
62.598702 29.759989 1401083683000 75.6748046875
62.598742 29.759786 1401083685000 73.224914550781
62.59879 29.759546 1401083687000 76.249877929688
62.598844 29.759273 1401083689000 75.534362792969
62.598859 29.759197 1401083691000 74.806945800781
62.59895 29.758738 1401083693000 76.7451171875
62.59901 29.758432 1401083696000 77.0654296875
62.599113 29.758183 1401083698000 77.419311523438
62.599123 29.757863 1401083699000 77.261779785156
62.599182 29.757567 1401083701000 77.575134277344
62.599245 29.757248 1401083703000 78.109680175781
62.599314 29.756904 1401083705000 78.503112792969
62.599388 29.75654 1401083707000 78.898376464844
62.599461 29.756182 1401083709000 78.986877441406
62.59953 29.75584 1401083711000 77.745483398438
62.599578 29.755599 1401083713000 78.258483886719
62.599596 29.755512 1401083715000 78.808288574219
62.599595 29.755516 1401083717000 78.204772949219
62.599595 29.755514 1401083719000 78.463500976562
62.599597 29.755509 1401083722000 78.675598144531
62.599598 29.755504 1401083723000 79.344665527344
62.599596 29.755514 1401083726000 79.289428710938
62.599621 29.755531 1401083727000 79.9140625
62.599623 29.755528 1401083729000 80.458251953125
62.599627 29.755536 1401083731000 80.598327636719
62.599629 29.755525 1401083734000 81.019714355469
62.599633 29.755517 1401083735000 81.857299804688
62.59963 29.755534 1401083737000 80.851989746094
62.599631 29.75553 1401083739000 81.089660644531
62.599631 29.75553 1401083741000 81.337768554688
62.599631 29.75553 1401083743000 81.970947265625
62.599631 29.75553 1401083745000 82.299438476562
62.599631 29.75553 1401083747000 82.4150390625
62.599631 29.75553 1401083749000 82.210571289062
62.599631 29.75553 1401083751000 82.164611816406
62.599631 29.75553 1401083753000 82.293212890625
62.599631 29.75553 1401083756000 82.500732421875
62.599631 29.75553 1401083757000 82.445739746094
62.599631 29.75553 1401083759000 82.243530273438
62.599631 29.75553 1401083761000 82.29736328125
62.599631 29.75553 1401083763000 82.183532714844
62.599631 29.75553 1401083765000 82.226135253906
62.599631 29.75553 1401083767000 82.021484375
62.599643 29.755513 1401083769000 82.193664550781
62.599656 29.755454 1401083771000 82.372009277344
62.599686 29.7553 1401083773000 82.810363769531
62.599674 29.755128 1401083775000 82.891540527344
62.599739 29.754792 1401083777000 83.005981445312
62.599796 29.754503 1401083779000 83.254760742188
62.59987 29.754123 1401083781000 83.524047851562
62.599952 29.7537 1401083783000 83.412292480469
62.600025 29.753328 1401083786000 83.130920410156
62.600198 29.753063 1401083787000 83.192687988281
62.600173 29.752574 1401083789000 81.959045410156
62.600249 29.752186 1401083791000 81.442443847656
62.600326 29.751798 1401083793000 81.112121582031
62.600389 29.751476 1401083795000 80.882080078125
62.600426 29.751288 1401083798000 80.803405761719
62.600515 29.750836 1401083799000 80.45458984375
62.600585 29.75048 1401083801000 80.26806640625
62.600656 29.750122 1401083803000 80.747680664062
62.600729 29.749752 1401083805000 79.756530761719
62.600787 29.749459 1401083807000 78.753540039062
62.600851 29.749146 1401083809000 78.316833496094
62.600924 29.748793 1401083811000 78.636413574219
62.600998 29.748437 1401083813000 79.815856933594
62.601067 29.748107 1401083816000 77.23681640625
62.601199 29.747837 1401083818000 76.532470703125
62.601167 29.747592 1401083820000 76.495666503906
62.601178 29.74753 1401083821000 77.299072265625
62.601189 29.747472 1401083823000 78.693115234375
62.601165 29.74745 1401083825000 78.731872558594
62.601074 29.747366 1401083827000 76.627685546875
62.600958 29.74726 1401083829000 76.222717285156
62.600821 29.747133 1401083831000 75.060791015625
62.600676 29.747 1401083833000 75.735595703125
62.600534 29.746869 1401083835000 75.820190429688
62.60038 29.746727 1401083838000 75.162658691406
62.600238 29.746597 1401083840000 74.872924804688
62.6001 29.746471 1401083842000 74.579284667969
62.59996 29.746344 1401083843000 75.685485839844
62.599863 29.746257 1401083846000 75.299194335938
62.599696 29.74613 1401083847000 77.308410644531
62.599588 29.746004 1401083849000 76.140563964844
62.599464 29.74589 1401083851000 75.812377929688
62.59935 29.745785 1401083853000 75.656494140625
62.599219 29.745664 1401083855000 75.30419921875
62.599093 29.745548 1401083858000 75.724731445312
62.598961 29.745427 1401083860000 76.552062988281
62.598824 29.745301 1401083861000 77.119689941406
62.598707 29.745193 1401083863000 76.76416015625
62.598632 29.745124 1401083865000 75.681274414062
62.598528 29.745306 1401083867000 74.904541015625
62.598493 29.745477 1401083869000 75.038696289062
62.59846 29.745631 1401083871000 77.443481445312
62.598418 29.745833 1401083873000 77.340026855469
62.598378 29.746027 1401083876000 75.961547851562
62.598393 29.746288 1401083877000 80.877136230469
62.598288 29.746455 1401083879000 76.139038085938
62.598256 29.746607 1401083881000 75.840454101562
62.598225 29.746756 1401083883000 75.859008789062
62.598206 29.746846 1401083885000 75.344848632812
62.598184 29.746935 1401083887000 76.0166015625
62.598078 29.746901 1401083889000 80.446166992188
62.597997 29.746828 1401083891000 78.089904785156
62.597918 29.746757 1401083893000 78.258911132812
62.597853 29.746698 1401083895000 78.224853515625
62.597812 29.746661 1401083897000 77.300964355469
62.597768 29.746621 1401083899000 78.401428222656
62.597745 29.7466 1401083901000 77.675109863281
62.597722 29.74658 1401083903000 77.773193359375
62.597728 29.746585 1401083906000 78.964416503906
62.597733 29.746478 1401083907000 81.440490722656
62.597729 29.746475 1401083909000 81.25927734375
62.597723 29.746472 1401083911000 81.354248046875
62.597723 29.746475 1401083913000 82.35302734375
62.597719 29.746473 1401083915000 83.725830078125
62.597721 29.746471 1401083917000 84.670776367188
62.597715 29.746487 1401083919000 84.930480957031
62.597705 29.746489 1401083921000 86.421203613281
62.597705 29.746489 1401083923000 87.543884277344
62.597705 29.746489 1401083925000 83.953186035156
62.597725 29.746498 1401083927000 84.330322265625
62.59773 29.746496 1401083929000 84.154418945312
62.597734 29.746495 1401083931000 85.247619628906
62.597734 29.746495 1401083933000 85.950012207031
62.597734 29.746495 1401083936000 86.581848144531
62.597733 29.746499 1401083937000 80.694641113281
62.597723 29.746492 1401083939000 85.996704101562
62.597732 29.746498 1401083941000 86.3740234375
62.597732 29.746498 1401083943000 85.2470703125
62.597731 29.746495 1401083945000 85.049682617188
62.597731 29.746495 1401083947000 84.899963378906
62.597731 29.746495 1401083949000 84.763671875
62.597731 29.746495 1401083951000 83.352844238281
62.597788 29.746468 1401083953000 81.325561523438
62.59778 29.746462 1401083955000 82.070922851562
62.597775 29.746457 1401083957000 82.115112304688
62.597758 29.74645 1401083959000 82.822937011719
62.597747 29.74644 1401083961000 83.428405761719
62.597732 29.746424 1401083963000 82.636047363281
62.59774 29.746435 1401083966000 82.952758789062
62.597734 29.746429 1401083967000 81.364379882812
62.59774 29.746436 1401083969000 80.290893554688
62.597714 29.7464 1401083971000 81.163208007812
62.597714 29.7464 1401083973000 78.411010742188
62.597736 29.746429 1401083975000 78.210083007812
62.597733 29.746431 1401083977000 76.159118652344
62.597748 29.74645 1401083980000 74.973999023438
62.597749 29.746503 1401083981000 75.971496582031
62.597755 29.746461 1401083983000 81.545837402344
62.597762 29.746488 1401083985000 78.873168945312
62.597766 29.746509 1401083987000 76.686584472656
62.597764 29.746525 1401083989000 76.159423828125
62.597757 29.746527 1401083991000 77.243469238281
62.597751 29.746543 1401083993000 80.966613769531
62.59774 29.746566 1401083996000 79.654907226562
62.59774 29.746566 1401083997000 77.580383300781
62.59774 29.746566 1401083999000 77.833312988281
62.59774 29.746566 1401084001000 77.890869140625
62.59774 29.746566 1401084003000 77.704406738281
62.59774 29.746566 1401084005000 77.394470214844
62.59774 29.746566 1401084007000 76.398681640625
62.59774 29.746566 1401084009000 76.920776367188
62.59774 29.746566 1401084011000 77.498107910156
62.59774 29.746566 1401084013000 78.257629394531
62.59774 29.746566 1401084015000 78.415893554688
62.59774 29.746566 1401084017000 78.42041015625
62.59774 29.746566 1401084019000 78.316284179688
62.59774 29.746566 1401084021000 78.207763671875
62.597728 29.746566 1401084023000 79.525512695312
62.597735 29.746578 1401084026000 82.145568847656
62.597727 29.746582 1401084027000 82.853576660156
62.597722 29.746566 1401084029000 80.847229003906
62.597734 29.746566 1401084031000 82.984497070312
62.597742 29.746569 1401084033000 81.765991210938
62.597751 29.746577 1401084035000 84.016967773438
62.597763 29.7466 1401084037000 84.225952148438
62.597775 29.746643 1401084039000 85.00390625
62.597775 29.746658 1401084041000 84.108154296875
62.59777 29.746643 1401084043000 88.928405761719
62.597773 29.746648 1401084045000 88.689880371094
62.597791 29.746656 1401084047000 89.911010742188
62.597818 29.746647 1401084049000 88.321899414062
62.597853 29.746648 1401084051000 89.075317382812
62.597889 29.746654 1401084053000 90.613647460938
62.597921 29.746641 1401084056000 91.518310546875
62.597953 29.74661 1401084057000 89.476196289062
62.597973 29.746596 1401084059000 88.998046875
62.597997 29.746596 1401084061000 88.718811035156
62.598021 29.746601 1401084063000 89.113037109375
62.598047 29.746621 1401084065000 90.017333984375
62.598083 29.746621 1401084067000 88.79541015625
62.598112 29.746614 1401084069000 90.637756347656
62.598141 29.746606 1401084071000 90.634399414062
62.598166 29.746621 1401084073000 89.482666015625
62.598189 29.746647 1401084075000 86.201293945312
62.598206 29.746653 1401084077000 85.559020996094
62.598227 29.746632 1401084079000 86.5029296875
62.598246 29.746618 1401084081000 86.623229980469
62.598259 29.74659 1401084083000 87.881042480469
62.598273 29.74657 1401084086000 85.039672851562
62.598278 29.746509 1401084087000 84.292236328125
62.598281 29.746457 1401084089000 81.41259765625
62.598286 29.746411 1401084091000 82.536499023438
62.598288 29.746354 1401084093000 83.917724609375
62.598285 29.746287 1401084095000 82.981323242188
62.598292 29.746218 1401084097000 83.835083007812
62.598302 29.746159 1401084099000 85.466064453125
62.598315 29.746101 1401084101000 86.701110839844
62.598332 29.74605 1401084103000 86.161071777344
62.598344 29.745995 1401084105000 84.26416015625
62.598356 29.745945 1401084107000 83.920349121094
62.59837 29.745897 1401084109000 84.140869140625
62.598384 29.745848 1401084111000 84.867980957031
62.5984 29.745807 1401084113000 85.762512207031
62.598412 29.745776 1401084116000 87.002868652344
62.598424 29.745745 1401084117000 86.793395996094
62.598432 29.745718 1401084119000 84.957885742188
62.598439 29.745678 1401084121000 83.598693847656
62.598446 29.74564 1401084123000 83.478271484375
62.598449 29.745591 1401084125000 83.164978027344
62.598455 29.745557 1401084127000 81.472106933594
62.598463 29.745519 1401084129000 84.295104980469
62.598457 29.745469 1401084131000 82.031127929688
62.598458 29.745421 1401084133000 83.51220703125
62.598465 29.745371 1401084135000 82.401489257812
62.59848 29.74532 1401084137000 82.670288085938
62.5985 29.745281 1401084140000 81.027465820312
62.59851 29.745226 1401084141000 80.742614746094
62.598506 29.74516 1401084143000 80.171752929688
62.598495 29.745093 1401084146000 80.733032226562
62.598485 29.74503 1401084147000 81.059631347656
62.598467 29.744977 1401084149000 81.034545898438
62.598449 29.744929 1401084151000 79.197082519531
62.598428 29.744887 1401084153000 78.143310546875
62.598406 29.744849 1401084155000 77.113220214844
62.598386 29.744818 1401084157000 79.531127929688
62.598369 29.744783 1401084159000 78.9677734375
62.59835 29.744754 1401084161000 77.858459472656
62.598329 29.744728 1401084163000 77.154235839844
62.598308 29.744708 1401084165000 76.858520507812
62.598284 29.744686 1401084167000 75.7890625
62.598263 29.744654 1401084169000 75.501708984375
62.598236 29.744623 1401084171000 75.72314453125
62.598211 29.744598 1401084173000 74.382202148438
62.59818 29.744568 1401084176000 76.940124511719
62.598152 29.744534 1401084177000 75.479736328125
62.598127 29.744495 1401084179000 74.233276367188
62.598102 29.744462 1401084181000 75.947509765625
62.598075 29.744415 1401084183000 73.760437011719
62.598057 29.744352 1401084185000 72.709106445312
62.598044 29.744286 1401084187000 73.306701660156
62.598037 29.744225 1401084189000 76.73291015625
62.598032 29.744183 1401084191000 76.6884765625