59.303776 18.086154 1406630009000 34.2096557617188
59.303776 18.086154 1406630010000 35.12353515625
59.303754 18.086279 1406630012000 33.5795288085938
59.303754 18.086279 1406630014000 33.1611328125
59.303754 18.086279 1406630016000 33.3226928710937
59.303754 18.086279 1406630018000 31.64892578125
59.303754 18.086279 1406630019000 31.4039306640625
59.303754 18.086279 1406630021000 30.1865234375
59.303742 18.086356 1406630023000 29.484619140625
59.303742 18.086356 1406630026000 26.1127319335938
59.303722 18.086411 1406630028000 26.6890869140625
59.303722 18.086411 1406630030000 27.9317626953125
59.303682 18.086357 1406630032000 27.9713134765625
59.303705 18.086357 1406630034000 28.12060546875
59.303753 18.086336 1406630035000 24.656005859375
59.303837 18.086307 1406630038000 23.6649169921875
59.303933 18.086273 1406630040000 20.4255981445313
59.304031 18.08621 1406630042000 20.1277465820313
59.304162 18.086194 1406630043000 17.8099975585938
59.304261 18.086237 1406630046000 18.1483154296875
59.304334 18.086326 1406630048000 18.252197265625
59.30436 18.086482 1406630050000 14.1514282226563
59.304394 18.086658 1406630052000 10.537109375
59.304433 18.086847 1406630054000 10.6174926757813
59.30449 18.087076 1406630056000 10.5147705078125
59.304578 18.08735 1406630058000 7.2265625
59.30462 18.087677 1406630060000 5.1875
59.304679 18.087934 1406630061000 5.909423828125
59.304725 18.088139 1406630064000 4.8377685546875
59.304776 18.088273 1406630066000 5.946044921875
59.304776 18.088373 1406630068000 5.22918701171875
59.304756 18.088458 1406630070000 6.1121826171875
59.304713 18.088524 1406630072000 5.23785400390625
59.304635 18.088625 1406630074000 4.46038818359375
59.304578 18.088681 1406630076000 4.37066650390625
59.304515 18.088759 1406630078000 3.0614013671875
59.304462 18.088838 1406630080000 5.48846435546875
59.304401 18.088919 1406630082000 5.76702880859375
59.304328 18.088994 1406630084000 7.45672607421875
59.304255 18.089065 1406630086000 7.146728515625
59.304184 18.089128 1406630088000 6.02386474609375
59.304115 18.089188 1406630090000 6.8804931640625
59.304031 18.089251 1406630092000 6.7303466796875
59.303912 18.089313 1406630094000 6.0556640625
59.303825 18.089388 1406630096000 8.44195556640625
59.30374 18.089463 1406630098000 8.041259765625
59.303652 18.089556 1406630100000 8.39166259765625
59.303551 18.089623 1406630102000 6.71112060546875
59.303498 18.089662 1406630104000 7.5369873046875
59.303415 18.08972 1406630106000 8.05889892578125
59.30332 18.089738 1406630108000 7.8734130859375
59.303294 18.089765 1406630110000 7.66705322265625
59.303267 18.089775 1406630112000 8.62982177734375
59.303246 18.089775 1406630113000 8.53729248046875
59.303219 18.089745 1406630116000 10.4951782226563
59.303183 18.089646 1406630118000 9.8963623046875
59.303139 18.089495 1406630120000 9.63348388671875
59.303065 18.089354 1406630122000 8.9742431640625
59.303026 18.089199 1406630124000 11.7098999023438
59.302978 18.089071 1406630126000 12.193359375
59.30295 18.088937 1406630128000 11.4308471679688
59.302933 18.08885 1406630130000 12.295166015625
59.302912 18.088803 1406630132000 19.89306640625
59.302849 18.088797 1406630134000 18.785888671875
59.302797 18.088798 1406630136000 18.4175415039063
59.302727 18.08885 1406630138000 17.7505493164063
59.302613 18.08895 1406630140000 15.5554809570313
59.302524 18.089016 1406630142000 14.4890747070313
59.302396 18.08918 1406630144000 13.3521728515625
59.302231 18.089314 1406630146000 12.0681762695313
59.302087 18.089456 1406630147000 12.298095703125
59.301869 18.089516 1406630150000 10.9119873046875
59.301752 18.089705 1406630152000 11.3380737304688
59.301602 18.089816 1406630154000 11.4535522460938
59.301481 18.09 1406630156000 9.3095703125
59.30143 18.090119 1406630158000 8.703125
59.301311 18.090238 1406630160000 10.2698974609375
59.301172 18.090258 1406630162000 10.227294921875
59.301072 18.09028 1406630164000 11.8168334960938
59.300991 18.09029 1406630166000 10.7650756835938
59.3009 18.090287 1406630167000 8.29156494140625
59.300844 18.090302 1406630170000 13.8519897460938
59.300809 18.0903 1406630172000 15.8958740234375
59.300795 18.090273 1406630174000 16.873046875
59.300785 18.090298 1406630175000 17.1880493164063
59.300772 18.090299 1406630178000 16.774169921875
59.300749 18.090293 1406630179000 16.3052368164063
59.300728 18.090295 1406630182000 17.8439331054688
59.300718 18.090299 1406630183000 17.3568725585938
59.300718 18.090299 1406630186000 17.945556640625
59.30072 18.090326 1406630188000 16.7095336914063
59.300707 18.090311 1406630190000 15.6896362304688
59.300663 18.090255 1406630192000 16.3358764648438
59.300585 18.09019 1406630194000 14.825439453125
59.300507 18.090231 1406630196000 20.10400390625
59.300463 18.090364 1406630198000 22.1951293945312
59.300473 18.090559 1406630200000 20.586669921875
59.300515 18.090703 1406630202000 19.4569702148438
59.300573 18.090822 1406630204000 18.9080810546875
59.300663 18.090956 1406630206000 17.655029296875
59.300666 18.091267 1406630208000 18.6141357421875
59.300698 18.09158 1406630209000 15.6497192382813
59.300742 18.091895 1406630212000 16.3405151367188
59.30078 18.092236 1406630214000 15.7797241210938
59.30079 18.092574 1406630216000 15.92236328125
59.300793 18.092952 1406630218000 13.1470947265625
59.300799 18.093353 1406630220000 12.9568481445313
59.300787 18.093783 1406630222000 14.89306640625
59.300777 18.094115 1406630224000 16.9645385742188
59.30076 18.094552 1406630225000 17.0067138671875
59.300797 18.095093 1406630228000 12.7412719726563
59.300728 18.095643 1406630230000 13.0230712890625
59.30076 18.096077 1406630232000 13.5923461914063
59.30074 18.096569 1406630234000 11.1578979492188
59.300796 18.097071 1406630236000 12.324951171875
59.300788 18.097442 1406630238000 9.3330078125
59.300837 18.097865 1406630240000 11.351318359375
59.300839 18.098278 1406630242000 8.77386474609375
59.300816 18.098739 1406630244000 8.5445556640625
59.300822 18.099233 1406630246000 7.14105224609375
59.300859 18.099633 1406630248000 5.2122802734375
59.300854 18.100115 1406630250000 4.79443359375
59.300831 18.100488 1406630252000 5.03253173828125
59.300823 18.100773 1406630253000 3.776123046875
59.300811 18.101032 1406630255000 5.1431884765625
59.300774 18.101146 1406630258000 4.12982177734375
59.300762 18.101242 1406630260000 6.35595703125
59.300704 18.10127 1406630262000 5.927001953125
59.300624 18.101268 1406630264000 7.2808837890625
59.300538 18.101276 1406630266000 6.8116455078125
59.300457 18.101261 1406630267000 6.822998046875
59.30042 18.101234 1406630268000 6.82537841796875