67.295555 25.262301 1406281676000 183.76397705078
67.295556 25.26231 1406281678000 184.16363525391
67.295563 25.26232 1406281680000 184.38140869141
67.295574 25.262332 1406281682000 184.79675292969
67.295585 25.262348 1406281684000 183.95190429688
67.295591 25.262371 1406281686000 181.60870361328
67.295597 25.262395 1406281688000 180.32458496094
67.2956 25.262417 1406281690000 178.96801757812
67.295686 25.262529 1406281719000 187.85015869141
67.295694 25.262543 1406281721000 190.23358154297
67.295697 25.262548 1406281723000 189.52795410156
67.2957 25.262556 1406281725000 189.43359375
67.295704 25.262562 1406281727000 189.14544677734
67.295708 25.262571 1406281729000 189.41607666016
67.295713 25.262587 1406281731000 189.96820068359
67.295716 25.262614 1406281733000 189.98510742188
67.295719 25.26264 1406281735000 190.94635009766
67.295724 25.262672 1406281737000 190.78759765625
67.295729 25.262705 1406281739000 190.25012207031
67.295731 25.262736 1406281741000 189.38140869141
67.295773 25.263144 1406281770000 189.91546630859
67.295776 25.263173 1406281772000 189.25152587891
67.29578 25.263199 1406281774000 189.88647460938
67.29578 25.263223 1406281776000 190.9638671875
67.295783 25.263252 1406281778000 191.17663574219
67.295787 25.263282 1406281780000 192.54449462891
67.29579 25.263314 1406281782000 192.41784667969
67.295797 25.263348 1406281784000 193.39965820312
67.295806 25.263389 1406281787000 194.77966308594
67.295814 25.263417 1406281789000 194.06646728516
67.295822 25.26344 1406281791000 194.06866455078
67.295834 25.263466 1406281793000 194.89428710938
67.295843 25.263499 1406281795000 195.85632324219
67.295854 25.263529 1406281797000 197.39300537109
67.295867 25.263563 1406281799000 198.75018310547
67.295877 25.263592 1406281801000 197.31011962891
67.295887 25.263617 1406281803000 197.95129394531
67.295898 25.26365 1406281805000 198.61364746094
67.295911 25.263683 1406281807000 198.6201171875
67.295923 25.263717 1406281809000 199.54248046875
67.295934 25.26375 1406281811000 201.33776855469
67.295943 25.263784 1406281813000 200.97143554688
67.29595 25.263821 1406281815000 200.05487060547
67.295957 25.263847 1406281817000 198.84338378906
67.295964 25.263874 1406281819000 198.82708740234
67.29597 25.263904 1406281821000 198.65875244141
67.295977 25.263933 1406281823000 198.39855957031
67.295981 25.263964 1406281825000 198.46496582031
67.295986 25.263997 1406281827000 198.58624267578
67.29599 25.264029 1406281829000 197.62591552734
67.295994 25.264061 1406281831000 197.15936279297
67.295998 25.264093 1406281833000 197.37298583984
67.296001 25.264121 1406281835000 196.04559326172
67.296 25.264149 1406281837000 195.51794433594
67.296002 25.264175 1406281839000 193.8193359375
67.296009 25.2642 1406281841000 194.68237304688
67.296015 25.264226 1406281843000 194.34027099609
67.296016 25.264256 1406281845000 193.59576416016
67.296018 25.264288 1406281847000 193.24145507812
67.296021 25.264315 1406281849000 193.67144775391
67.296022 25.264338 1406281851000 192.85290527344
67.296024 25.264363 1406281853000 193.11364746094
67.296031 25.264367 1406281855000 191.259765625
67.296039 25.264371 1406281857000 189.85778808594
67.296049 25.264379 1406281859000 189.60479736328
67.296055 25.264388 1406281861000 191.11315917969
67.296063 25.2644 1406281863000 192.15710449219
67.29607 25.26441 1406281865000 192.31811523438
67.296076 25.264419 1406281867000 192.45404052734
67.296083 25.264429 1406281869000 193.84155273438
67.296091 25.264431 1406281871000 192.55999755859
67.296099 25.264444 1406281873000 192.54260253906
67.296107 25.264454 1406281875000 192.26483154297
67.296114 25.264459 1406281877000 192.78503417969
67.296114 25.264459 1406281879000 193.19323730469
67.296115 25.264451 1406281881000 194.05926513672
67.296125 25.264453 1406281883000 194.62365722656
67.296133 25.264459 1406281885000 195.10821533203
67.296143 25.264468 1406281887000 195.89733886719
67.296154 25.26447 1406281889000 197.05456542969
67.296163 25.264472 1406281891000 198.24328613281
67.29617 25.264469 1406281893000 197.12451171875
67.296175 25.264463 1406281895000 197.45715332031
67.296185 25.264449 1406281897000 197.28942871094
67.296195 25.264441 1406281899000 196.85516357422
67.296199 25.264468 1406281902000 198.27337646484
67.296202 25.264474 1406281903000 198.70178222656
67.29621 25.264484 1406281905000 198.50366210938
67.296221 25.264505 1406281907000 198.49212646484
67.296229 25.26454 1406281909000 198.04302978516
67.29624 25.264566 1406281911000 198.04315185547
67.296253 25.264595 1406281913000 199.27819824219
67.296264 25.264614 1406281915000 199.25
67.29627 25.264648 1406281917000 198.90203857422
67.296278 25.264674 1406281919000 199.01489257812
67.296286 25.264691 1406281921000 198.09173583984
67.296291 25.264701 1406281923000 198.92980957031
67.296299 25.26471 1406281925000 198.76788330078
67.296294 25.264727 1406281927000 198.08880615234
67.296296 25.264722 1406281929000 198.20910644531
67.296296 25.264722 1406281931000 197.73773193359
67.296296 25.264722 1406281933000 197.00817871094
67.296296 25.264722 1406281935000 196.59265136719
67.296296 25.264722 1406281937000 195.97045898438
67.296296 25.264722 1406281939000 196.17877197266
67.296282 25.264697 1406281941000 196.1435546875
67.296284 25.264706 1406281942000 196.42938232422
67.296305 25.264876 1406281963000 190.41278076172
67.296305 25.264904 1406281965000 191.10095214844
67.296304 25.264928 1406281967000 190.98510742188
67.296306 25.26496 1406281969000 192.31195068359
67.29631 25.264991 1406281971000 190.78039550781
67.29632 25.265016 1406281973000 191.61633300781
67.296329 25.265039 1406281975000 192.61608886719
67.296338 25.265059 1406281977000 192.96722412109
67.296346 25.265079 1406281979000 192.65014648438
67.296354 25.265097 1406281981000 192.13360595703
67.296362 25.265115 1406281983000 193.47863769531
67.296369 25.265137 1406281985000 193.72576904297
67.296373 25.265141 1406281987000 192.77502441406
67.296386 25.265141 1406281989000 194.35852050781
67.296397 25.265142 1406281991000 195.28533935547
67.296406 25.265153 1406281993000 194.71411132812
67.296413 25.265175 1406281995000 195.17926025391
67.296422 25.265192 1406281997000 196.01861572266
67.296434 25.265202 1406281999000 196.90881347656
67.296444 25.265207 1406282001000 197.14721679688
67.296452 25.265215 1406282003000 196.11157226562
67.296458 25.265232 1406282005000 197.47448730469
67.296464 25.26525 1406282007000 198.17437744141
67.296474 25.265266 1406282009000 197.03845214844
67.296481 25.265287 1406282011000 196.28552246094
67.296488 25.265306 1406282013000 196.7119140625
67.296498 25.265323 1406282015000 197.10070800781
67.296508 25.26533 1406282017000 196.8212890625
67.296508 25.26533 1406282019000 195.83441162109
67.296508 25.26533 1406282021000 195.23028564453
67.296508 25.26533 1406282023000 195.79455566406
67.296508 25.26533 1406282025000 195.59600830078
67.296521 25.265389 1406282027000 195.00305175781
67.296533 25.265403 1406282029000 195.33630371094
67.296547 25.265421 1406282031000 194.67083740234
67.29656 25.265434 1406282033000 195.91998291016
67.296571 25.265439 1406282035000 197.50347900391
67.296582 25.265447 1406282037000 196.79077148438
67.296592 25.265452 1406282039000 196.294921875
67.2966 25.265465 1406282041000 196.04650878906
67.2966 25.265492 1406282043000 194.63464355469
67.296603 25.265504 1406282045000 193.94030761719
67.296609 25.265505 1406282047000 194.75720214844
67.296612 25.26551 1406282049000 195.10528564453
67.296616 25.265525 1406282051000 195.5087890625
67.296624 25.265539 1406282053000 196.03833007812
67.296635 25.265545 1406282055000 195.25354003906
67.296646 25.265543 1406282057000 197.45391845703
67.296656 25.265542 1406282059000 195.88037109375
67.296665 25.265544 1406282061000 195.89221191406
67.296671 25.265544 1406282063000 195.51092529297
67.296673 25.26554 1406282065000 195.58935546875
67.296673 25.265531 1406282067000 196.72021484375
67.296678 25.265526 1406282069000 196.33154296875
67.296683 25.26551 1406282071000 195.80737304688
67.296687 25.265486 1406282073000 196.30871582031
67.296691 25.265465 1406282075000 196.01293945312
67.296697 25.26544 1406282077000 195.400390625
67.296702 25.265413 1406282079000 195.20043945312
67.296709 25.265386 1406282081000 194.27404785156
67.296719 25.265363 1406282083000 193.71478271484
67.296739 25.265349 1406282085000 193.91870117188
67.296754 25.265336 1406282087000 194.20532226562
67.296757 25.265326 1406282089000 192.95037841797
67.296757 25.265326 1406282091000 192.67102050781
67.296764 25.265314 1406282093000 193.24548339844
67.296763 25.26529 1406282095000 197.45751953125
67.296764 25.265279 1406282097000 196.58569335938
67.296759 25.265236 1406282099000 197.83361816406
67.29676 25.265201 1406282101000 197.76342773438
67.296758 25.265171 1406282103000 199.93981933594
67.296754 25.265136 1406282105000 201.38879394531
67.296751 25.265092 1406282107000 202.86651611328
67.296751 25.26505 1406282109000 202.33648681641
67.296751 25.265005 1406282111000 202.07836914062
67.296749 25.264968 1406282113000 203.41796875
67.296747 25.264933 1406282115000 204.7333984375
67.296747 25.264898 1406282117000 204.80950927734
67.296747 25.264866 1406282119000 205.47436523438
67.296745 25.264839 1406282121000 205.64862060547
67.296744 25.264823 1406282123000 207.01898193359
67.296742 25.26481 1406282125000 207.6298828125
67.29674 25.264806 1406282127000 208.98559570312
67.29674 25.264806 1406282129000 209.22021484375
67.29674 25.264806 1406282131000 208.81597900391
67.29674 25.264806 1406282133000 209.46350097656
67.29674 25.264806 1406282135000 209.14984130859
67.29674 25.264806 1406282137000 209.0498046875
67.296741 25.26485 1406282139000 208.56744384766
67.29674 25.264833 1406282141000 208.22290039062
67.296739 25.264795 1406282143000 206.83465576172
67.296732 25.264754 1406282145000 204.7294921875
67.296726 25.264714 1406282147000 204.208984375
67.296729 25.264647 1406282149000 203.40832519531
67.29673 25.264599 1406282151000 203.51586914062
67.296733 25.264556 1406282153000 204.61437988281
67.296738 25.264523 1406282155000 204.64416503906
67.296745 25.264492 1406282157000 203.04614257812
67.296753 25.26446 1406282159000 203.20690917969
67.29676 25.264433 1406282161000 203.19201660156
67.296765 25.264404 1406282163000 202.75085449219
67.296772 25.264376 1406282165000 202.52978515625
67.296778 25.264346 1406282167000 201.9794921875
67.296784 25.264316 1406282169000 201.74340820312
67.296791 25.264285 1406282171000 201.80651855469
67.296795 25.264256 1406282173000 201.72778320312
67.296801 25.264232 1406282175000 202.26940917969
67.296802 25.264212 1406282177000 203.09338378906
67.296808 25.26419 1406282179000 201.13989257812
67.296816 25.264175 1406282181000 200.9482421875
67.296825 25.264155 1406282183000 200.21936035156
67.296835 25.264136 1406282185000 199.82019042969
67.296848 25.264116 1406282187000 199.00952148438
67.296858 25.264088 1406282189000 198.34252929688
67.296864 25.264057 1406282191000 198.99163818359
67.29687 25.26402 1406282193000 198.66857910156
67.296875 25.263985 1406282195000 200.68560791016
67.296885 25.263944 1406282197000 199.06823730469
67.29689 25.263909 1406282199000 198.88165283203
67.296898 25.263867 1406282201000 200.17852783203
67.296903 25.263828 1406282203000 202.10607910156
67.296912 25.263815 1406282205000 203.18426513672
67.296913 25.263804 1406282207000 204.69549560547
67.296914 25.263775 1406282209000 204.73400878906
67.29691 25.263749 1406282211000 204.98767089844
67.296902 25.263725 1406282213000 206.69940185547
67.296891 25.263701 1406282215000 206.91198730469
67.296878 25.263683 1406282217000 207.11193847656
67.296866 25.26366 1406282219000 207.65008544922
67.296855 25.263635 1406282221000 207.63970947266
67.296841 25.263619 1406282223000 207.55316162109
67.296827 25.263597 1406282225000 207.64697265625
67.296811 25.263578 1406282227000 206.72375488281
67.296794 25.263557 1406282229000 207.00555419922
67.296778 25.263537 1406282231000 207.80126953125
67.296762 25.263518 1406282233000 207.94360351562
67.296746 25.2635 1406282235000 208.53344726562
67.29673 25.263485 1406282237000 208.88214111328
67.296714 25.263476 1406282239000 209.17449951172
67.296696 25.263472 1406282241000 209.40002441406
67.296679 25.263456 1406282243000 210.19323730469
67.296664 25.263444 1406282245000 211.46069335938
67.296648 25.263435 1406282247000 211.19219970703
67.29663 25.263434 1406282249000 212.15930175781
67.296612 25.263431 1406282251000 212.81103515625
67.296594 25.263428 1406282253000 212.54827880859
67.296574 25.263421 1406282255000 212.22924804688
67.296552 25.263413 1406282257000 212.36804199219
67.296533 25.2634 1406282259000 213.42553710938
67.296515 25.263382 1406282261000 213.83221435547
67.296496 25.263362 1406282263000 214.14367675781
67.296479 25.263343 1406282265000 215.15942382812
67.296461 25.263325 1406282267000 215.42596435547
67.296442 25.263309 1406282269000 215.05676269531
67.296423 25.26329 1406282271000 215.79718017578
67.296403 25.263268 1406282273000 215.64984130859
67.296384 25.263243 1406282275000 215.73223876953
67.296365 25.263218 1406282277000 216.01281738281
67.296347 25.263196 1406282279000 215.86102294922
67.296329 25.263171 1406282281000 214.70568847656
67.296313 25.263145 1406282283000 214.70727539062
67.296298 25.263112 1406282285000 214.76495361328
67.296286 25.263078 1406282287000 213.48999023438
67.296278 25.26303 1406282289000 212.78991699219
67.296276 25.262991 1406282291000 212.45318603516
67.296271 25.262968 1406282293000 211.68212890625
67.29627 25.262942 1406282295000 210.27569580078
67.296273 25.262903 1406282297000 208.47760009766
67.296273 25.262903 1406282299000 209.09509277344
67.296279 25.262931 1406282301000 209.26202392578
67.296277 25.262905 1406282303000 210.71142578125
67.296277 25.262892 1406282305000 210.93701171875
67.29627 25.262872 1406282307000 211.19311523438
67.29627 25.262853 1406282309000 211.54364013672
67.296269 25.262817 1406282311000 211.46038818359
67.296272 25.262781 1406282313000 210.79809570312
67.296273 25.262742 1406282315000 211.34826660156
67.296275 25.262706 1406282317000 212.26953125
67.296276 25.262671 1406282319000 212.33862304688
67.296277 25.262631 1406282321000 211.13427734375
67.296283 25.262586 1406282323000 210.67578125
67.296291 25.262547 1406282325000 210.75042724609
67.296294 25.262511 1406282327000 210.99493408203
67.296298 25.262474 1406282329000 211.10717773438
67.2963 25.262425 1406282331000 209.24505615234
67.296302 25.262379 1406282333000 210.32183837891
67.296304 25.262336 1406282335000 210.67797851562
67.296305 25.262288 1406282337000 210.07275390625
67.296304 25.26224 1406282339000 210.12060546875
67.296303 25.262186 1406282341000 209.48150634766
67.296305 25.262129 1406282343000 211.24102783203
67.296308 25.262068 1406282345000 209.78704833984
67.296313 25.262003 1406282347000 209.76867675781
67.296319 25.261929 1406282349000 209.45855712891
67.296326 25.261873 1406282351000 210.30218505859
67.296338 25.26181 1406282353000 211.21997070312
67.296346 25.261759 1406282355000 211.30480957031
67.296358 25.261706 1406282357000 211.78125
67.296369 25.261661 1406282359000 212.39172363281
67.296378 25.26162 1406282361000 212.69049072266
67.296387 25.261582 1406282363000 211.40759277344
67.296403 25.261556 1406282365000 210.36260986328
67.296415 25.261516 1406282367000 211.01025390625
67.296421 25.261473 1406282369000 210.78015136719
67.296423 25.261416 1406282371000 208.25744628906
67.296426 25.261354 1406282373000 207.00244140625
67.296432 25.261291 1406282376000 206.23724365234
67.296436 25.261225 1406282377000 204.87677001953
67.296439 25.261161 1406282379000 203.46118164062
67.296443 25.261098 1406282381000 202.59594726562
67.296446 25.261039 1406282383000 202.17309570312
67.296451 25.260981 1406282385000 200.72583007812
67.296456 25.260929 1406282387000 201.86968994141
67.296462 25.26088 1406282389000 203.13293457031
67.296467 25.26083 1406282391000 204.71887207031
67.296469 25.26078 1406282393000 206.10900878906
67.296472 25.260731 1406282395000 206.53271484375
67.296476 25.26068 1406282397000 209.201171875
67.296479 25.260629 1406282399000 212.09509277344
67.296484 25.260581 1406282401000 212.28540039062
67.29649 25.26053 1406282403000 211.98931884766
67.296498 25.260485 1406282405000 212.78515625
67.29651 25.260434 1406282407000 212.04467773438
67.296525 25.26039 1406282409000 211.24279785156
67.296538 25.260346 1406282411000 211.76696777344
67.296548 25.260308 1406282413000 212.61047363281
67.296553 25.260268 1406282415000 213.14801025391
67.296556 25.260227 1406282417000 213.31134033203
67.296561 25.260185 1406282419000 215.77905273438
67.296566 25.260141 1406282421000 214.80950927734
67.296569 25.260094 1406282423000 213.50805664062
67.296573 25.260039 1406282425000 213.03759765625
67.296579 25.259982 1406282427000 211.88177490234
67.296585 25.259932 1406282429000 211.64050292969
67.29659 25.259888 1406282431000 213.62847900391
67.296599 25.259841 1406282433000 212.95855712891
67.296606 25.259795 1406282435000 212.25982666016
67.296617 25.259749 1406282437000 211.56781005859
67.296627 25.259704 1406282439000 211.28063964844
67.296636 25.259656 1406282441000 210.10070800781
67.296648 25.259609 1406282443000 209.7587890625
67.29666 25.259563 1406282445000 209.39581298828
67.296673 25.259519 1406282447000 209.736328125
67.296689 25.259479 1406282449000 209.3671875
67.296703 25.259436 1406282451000 209.10260009766
67.296719 25.259395 1406282453000 208.84594726562
67.296738 25.259359 1406282455000 208.83160400391
67.296756 25.259325 1406282457000 208.71575927734
67.296775 25.259293 1406282459000 208.22674560547
67.296793 25.259269 1406282461000 208.23132324219
67.296813 25.259252 1406282463000 208.36633300781
67.296832 25.259246 1406282465000 208.50323486328
67.296851 25.259246 1406282467000 209.11047363281
67.296873 25.259248 1406282469000 208.05627441406
67.296894 25.259256 1406282471000 207.10034179688
67.296916 25.25927 1406282473000 206.60852050781
67.296937 25.259266 1406282475000 205.80279541016
67.296958 25.259282 1406282477000 206.45617675781
67.296977 25.259272 1406282479000 205.68701171875
67.296992 25.259255 1406282481000 205.59051513672
67.297006 25.259246 1406282483000 207.42065429688
67.297017 25.259219 1406282485000 207.06671142578
67.297024 25.259186 1406282487000 207.45904541016
67.297032 25.259149 1406282489000 207.85620117188
67.297039 25.259109 1406282491000 208.81683349609
67.297052 25.259077 1406282493000 208.8017578125
67.29706 25.259033 1406282495000 208.84600830078
67.297064 25.258985 1406282497000 208.94354248047
67.297069 25.258936 1406282499000 208.87231445312
67.297072 25.258883 1406282501000 209.51098632812
67.297074 25.258837 1406282503000 208.70336914062
67.297077 25.25879 1406282505000 207.00299072266
67.297081 25.258742 1406282507000 206.1396484375
67.297081 25.258742 1406282509000 205.96166992188
67.297086 25.258691 1406282511000 206.04553222656
67.297088 25.258654 1406282513000 205.822265625
67.297091 25.258616 1406282515000 206.44317626953
67.297096 25.258581 1406282517000 207.04229736328
67.297099 25.258541 1406282519000 207.32727050781
67.297102 25.258507 1406282521000 207.73577880859
67.297106 25.258472 1406282523000 208.05737304688
67.29711 25.258439 1406282525000 209.53796386719
67.297114 25.258411 1406282527000 210.87622070312
67.297118 25.258386 1406282529000 209.60919189453
67.297121 25.258357 1406282531000 209.82043457031
67.297124 25.258328 1406282533000 210.46478271484
67.297129 25.258296 1406282535000 210.02850341797
67.297134 25.258264 1406282537000 209.45965576172
67.29714 25.258232 1406282539000 208.55841064453
67.297146 25.258205 1406282541000 208.22338867188
67.297151 25.258177 1406282543000 207.2431640625
67.297156 25.258148 1406282545000 206.84936523438
67.297162 25.258121 1406282547000 205.88177490234
67.297167 25.258093 1406282549000 205.63598632812
67.297175 25.258067 1406282551000 204.22369384766
67.297183 25.258043 1406282553000 203.796875
67.29719 25.258015 1406282555000 203.93688964844
67.297198 25.257987 1406282557000 204.54937744141
67.297205 25.257963 1406282559000 205.50482177734
67.297213 25.257947 1406282561000 209.74554443359
67.297221 25.257933 1406282563000 209.98156738281
67.297229 25.257914 1406282566000 209.34301757812
67.297237 25.257888 1406282567000 209.49102783203
67.297244 25.257857 1406282569000 208.74798583984
67.29725 25.257827 1406282571000 208.05493164062
67.297256 25.257797 1406282573000 207.91955566406
67.297262 25.257768 1406282575000 207.82043457031
67.297268 25.257742 1406282578000 208.08520507812
67.297276 25.257719 1406282579000 208.2646484375
67.297286 25.257698 1406282582000 207.28405761719
67.297294 25.257677 1406282583000 207.95489501953
67.297301 25.257658 1406282586000 209.21636962891
67.297306 25.257636 1406282587000 209.24462890625
67.297311 25.257613 1406282589000 209.76776123047
67.297318 25.257587 1406282591000 209.40808105469
67.297324 25.257559 1406282593000 209.11517333984
67.29733 25.257529 1406282595000 209.35797119141
67.297338 25.257496 1406282598000 208.72442626953
67.297346 25.257465 1406282600000 208.78863525391
67.297358 25.257438 1406282602000 208.7294921875
67.297377 25.257418 1406282603000 207.2119140625
67.297393 25.257394 1406282605000 205.68322753906
67.297406 25.25737 1406282607000 205.85699462891
67.297418 25.257348 1406282609000 204.92974853516
67.297431 25.257332 1406282611000 204.02215576172
67.297442 25.25731 1406282613000 203.67486572266
67.297455 25.257307 1406282615000 204.02587890625
67.297468 25.257311 1406282617000 204.00891113281
67.297481 25.257324 1406282619000 203.65490722656
67.297492 25.257339 1406282621000 203.26098632812
67.297502 25.257362 1406282623000 203.72320556641
67.297517 25.257387 1406282626000 206.34320068359
67.297532 25.257411 1406282627000 206.13403320312
67.297539 25.257443 1406282629000 206.59460449219
67.297543 25.257476 1406282631000 206.51129150391
67.297545 25.257513 1406282633000 206.53295898438
67.297544 25.25755 1406282635000 205.66888427734
67.297539 25.257584 1406282637000 205.94592285156
67.297533 25.257618 1406282639000 205.45013427734
67.297528 25.257652 1406282641000 205.73175048828
67.297522 25.257684 1406282643000 205.80572509766
67.297513 25.257716 1406282645000 205.45959472656
67.297503 25.257743 1406282647000 205.11273193359
67.297489 25.257771 1406282649000 204.12731933594
67.297476 25.257803 1406282651000 203.35327148438
67.297461 25.257841 1406282653000 203.75030517578
67.297448 25.257868 1406282655000 203.04217529297
67.297429 25.257905 1406282657000 204.29736328125
67.297413 25.257939 1406282659000 204.45458984375
67.297397 25.257961 1406282661000 205.46954345703
67.297375 25.257999 1406282663000 207.44287109375
67.297359 25.258035 1406282666000 208.66235351562
67.297347 25.258083 1406282667000 210.04187011719
67.297332 25.258129 1406282669000 211.119140625
67.297313 25.258166 1406282671000 210.4658203125
67.29729 25.258193 1406282673000 209.86047363281
67.297268 25.258227 1406282675000 210.09503173828
67.297246 25.258256 1406282677000 209.11169433594
67.297225 25.25829 1406282679000 208.45727539062
67.297205 25.258328 1406282681000 208.14727783203
67.297185 25.258367 1406282683000 207.69000244141
67.297166 25.258408 1406282685000 207.64459228516
67.297145 25.258451 1406282687000 207.19244384766
67.297126 25.258499 1406282689000 207.31103515625
67.297108 25.258544 1406282691000 206.62969970703
67.29709 25.258586 1406282693000 206.18701171875
67.297074 25.258623 1406282696000 205.98040771484
67.297055 25.258658 1406282697000 205.43225097656
67.297038 25.258693 1406282699000 204.96594238281
67.297021 25.258723 1406282701000 204.32373046875
67.297003 25.258749 1406282703000 204.96740722656
67.296986 25.258783 1406282705000 204.36279296875
67.296969 25.258821 1406282707000 203.02014160156
67.296952 25.258861 1406282709000 203.55975341797
67.296932 25.258892 1406282711000 202.95910644531
67.296915 25.258923 1406282713000 202.53228759766
67.296895 25.258959 1406282715000 202.30291748047
67.296883 25.259005 1406282717000 201.94244384766
67.29687 25.259054 1406282719000 202.01110839844
67.296855 25.259102 1406282721000 201.9404296875
67.296839 25.259153 1406282723000 200.31048583984
67.296826 25.259203 1406282726000 199.67199707031
67.296815 25.259255 1406282727000 199.81781005859
67.296804 25.259308 1406282729000 199.30346679688
67.296793 25.259363 1406282731000 199.50036621094
67.296785 25.259421 1406282733000 198.13714599609
67.296775 25.259478 1406282735000 198.42211914062
67.296763 25.259537 1406282737000 198.02117919922
67.29675 25.259596 1406282739000 198.43072509766
67.296736 25.259654 1406282741000 197.28259277344
67.296723 25.259708 1406282743000 198.33135986328
67.29671 25.259763 1406282745000 198.48162841797
67.296696 25.259816 1406282747000 198.58648681641
67.296679 25.259862 1406282749000 198.64666748047
67.296658 25.259909 1406282751000 199.57257080078
67.296638 25.259954 1406282753000 199.86584472656
67.296617 25.259993 1406282756000 200.501953125
67.296596 25.260029 1406282757000 199.98333740234
67.296576 25.260063 1406282759000 200.53820800781
67.296558 25.260103 1406282761000 200.22009277344
67.296538 25.260133 1406282763000 199.96826171875
67.296518 25.260157 1406282765000 199.72058105469
67.296498 25.260182 1406282767000 199.89929199219
67.296477 25.260199 1406282769000 199.5107421875
67.296456 25.260221 1406282771000 198.87359619141
67.296438 25.260252 1406282773000 198.66766357422
67.296421 25.26029 1406282775000 199.01654052734
67.296406 25.260335 1406282777000 199.69793701172
67.296391 25.260377 1406282779000 200.58233642578
67.296378 25.260418 1406282781000 200.62072753906
67.296364 25.260463 1406282783000 200.16833496094
67.296351 25.26051 1406282786000 199.67199707031
67.296342 25.260562 1406282787000 200.88385009766
67.296332 25.260616 1406282789000 200.43823242188
67.296323 25.260671 1406282791000 199.80004882812
67.296314 25.260731 1406282793000 200.61279296875
67.296306 25.260791 1406282795000 199.97723388672
67.2963 25.260849 1406282798000 200.48767089844
67.296293 25.260908 1406282799000 199.20715332031
67.296284 25.260965 1406282801000 198.10717773438
67.296275 25.261029 1406282803000 196.79895019531
67.29627 25.26109 1406282805000 195.35498046875
67.296264 25.261148 1406282807000 194.52978515625
67.296258 25.261208 1406282809000 195.2509765625
67.296252 25.261268 1406282811000 195.67626953125
67.29625 25.261334 1406282813000 195.01184082031
67.296249 25.261398 1406282816000 195.49792480469
67.296249 25.261459 1406282817000 195.978515625
67.296247 25.26152 1406282819000 194.75140380859
67.296248 25.261583 1406282821000 195.61956787109
67.296243 25.261645 1406282823000 195.60998535156
67.296238 25.261709 1406282825000 194.7177734375
67.296233 25.261776 1406282827000 196.40686035156
67.296227 25.261842 1406282829000 196.51025390625
67.296222 25.261909 1406282831000 196.81457519531
67.296218 25.261979 1406282833000 196.97277832031
67.296216 25.262046 1406282835000 195.92218017578
67.29621 25.262109 1406282837000 198.06591796875
67.2962 25.262163 1406282839000 199.189453125
67.296188 25.262203 1406282841000 198.55456542969
67.296175 25.262244 1406282843000 198.48962402344
67.296161 25.262286 1406282846000 198.17028808594
67.296144 25.262321 1406282847000 199.13775634766
67.296127 25.262356 1406282849000 199.62451171875
67.296112 25.26239 1406282851000 200.81646728516
67.296094 25.262411 1406282853000 203.08062744141
67.296078 25.26242 1406282856000 204.06164550781
67.296064 25.262433 1406282857000 206.35284423828
67.296047 25.262437 1406282859000 209.65740966797
67.296033 25.262438 1406282861000 210.85803222656
67.296014 25.26244 1406282863000 210.57885742188
67.296 25.262434 1406282865000 209.88854980469
67.295984 25.262431 1406282867000 211.30035400391
67.295968 25.262422 1406282869000 211.69451904297
67.295951 25.262407 1406282871000 211.15850830078
67.295933 25.262392 1406282873000 209.50164794922
67.295918 25.262372 1406282876000 209.21520996094
67.295902 25.262342 1406282877000 207.8984375
67.29589 25.262313 1406282879000 208.68463134766
67.295878 25.262288 1406282881000 208.36663818359
67.295869 25.262271 1406282883000 207.78271484375
67.295859 25.262254 1406282885000 208.69158935547
67.295848 25.262239 1406282887000 209.54608154297
67.295835 25.262221 1406282889000 208.50750732422
67.295822 25.262201 1406282891000 208.94055175781
67.295808 25.262179 1406282893000 208.24664306641
67.295793 25.262163 1406282895000 208.47100830078
67.295779 25.262158 1406282897000 209.14447021484
67.295765 25.262151 1406282899000 208.12066650391
67.295748 25.262145 1406282901000 209.40386962891
67.295727 25.262137 1406282903000 210.08386230469
67.295705 25.262139 1406282905000 210.51416015625
67.295685 25.262148 1406282907000 211.25927734375
67.295668 25.262155 1406282909000 210.98364257812
67.29565 25.262159 1406282911000 210.82171630859
67.295632 25.262173 1406282913000 209.80529785156
67.295616 25.262189 1406282915000 209.14392089844
67.295601 25.262208 1406282917000 209.93322753906
67.295586 25.262228 1406282919000 207.98376464844
67.295573 25.262249 1406282921000 208.81195068359
67.295561 25.262263 1406282923000 208.12243652344
67.295546 25.262285 1406282925000 208.53283691406
67.295528 25.262304 1406282927000 208.44689941406
67.29551 25.262316 1406282929000 207.50109863281
67.295495 25.262326 1406282931000 207.34875488281
67.295478 25.262336 1406282933000 207.84674072266
67.29546 25.262341 1406282935000 207.90234375
67.295444 25.262347 1406282937000 208.96765136719
67.295427 25.262346 1406282939000 207.501953125
67.29541 25.262327 1406282942000 206.837890625
67.295396 25.262309 1406282943000 207.568359375
67.295383 25.262293 1406282945000 208.70831298828
67.295375 25.262274 1406282947000 207.82696533203
67.295364 25.262262 1406282949000 207.55718994141
67.295351 25.262251 1406282951000 207.64965820312
67.295346 25.262246 1406282953000 207.41186523438
67.295339 25.262238 1406282955000 207.60961914062
67.295331 25.262227 1406282957000 205.94818115234
67.295325 25.262213 1406282959000 206.21075439453
67.295322 25.262187 1406282961000 207.07092285156
67.295342 25.262201 1406282963000 208.32208251953
67.295344 25.262204 1406282965000 208.57434082031
67.295338 25.262232 1406282967000 209.46697998047
67.295345 25.262259 1406282969000 209.12957763672
67.295345 25.262259 1406282971000 209.22119140625
67.295345 25.262259 1406282973000 208.76812744141
67.295345 25.262259 1406282975000 207.57189941406
67.295345 25.262259 1406282977000 206.94793701172
67.295345 25.262259 1406282979000 206.79553222656
67.295345 25.262259 1406282981000 206.96118164062
67.295345 25.262259 1406282983000 206.93273925781
67.295345 25.262259 1406282985000 206.93115234375
67.295345 25.262259 1406282987000 206.92810058594
67.295345 25.262259 1406282989000 206.92626953125
67.295345 25.262259 1406282992000 206.90380859375
67.295345 25.262259 1406282993000 206.82940673828
67.295345 25.262259 1406282995000 206.85119628906
67.295345 25.262259 1406282997000 206.84857177734
67.295345 25.262259 1406282999000 206.85217285156
67.295337 25.262291 1406283001000 206.11743164062
67.29533 25.262296 1406283003000 204.48809814453
67.295321 25.262288 1406283006000 203.97882080078
67.295314 25.262279 1406283007000 204.92736816406
67.295308 25.262264 1406283009000 204.85864257812
67.295306 25.262258 1406283011000 205.07568359375
67.295306 25.262258 1406283013000 204.68084716797
67.295306 25.262258 1406283015000 204.4072265625
67.295306 25.262258 1406283017000 205.18988037109
67.295306 25.262258 1406283019000 205.55218505859
67.295306 25.262258 1406283021000 205.41516113281
67.295302 25.262234 1406283023000 205.40759277344
67.295302 25.262234 1406283025000 205.90991210938
67.295302 25.262234 1406283027000 205.87872314453
67.295302 25.262234 1406283029000 206.66467285156
67.295302 25.262234 1406283031000 207.01947021484
67.295302 25.262234 1406283033000 208.02703857422
67.295302 25.262234 1406283035000 207.68927001953
67.295302 25.262234 1406283037000 207.70275878906
67.295313 25.262242 1406283039000 207.53137207031
67.29531 25.262243 1406283041000 206.99340820312
67.295309 25.262244 1406283043000 209.02612304688
67.295309 25.262244 1406283045000 209.53265380859
67.295309 25.262244 1406283047000 209.00610351562