59.323667 17.887752 1406640497000 5.19140625
59.323678 17.887991 1406640499000 5.97589111328125
59.323708 17.888176 1406640501000 5.0528564453125
59.323747 17.888345 1406640503000 4.18438720703125
59.323783 17.888475 1406640505000 5.152099609375
59.323803 17.888579 1406640507000 5.26898193359375
59.323833 17.888669 1406640509000 6.2288818359375
59.323856 17.888674 1406640511000 3.90472412109375
59.323861 17.88867 1406640513000 3.0162353515625
59.323864 17.888648 1406640515000 4.25555419921875
59.323864 17.888648 1406640517000 3.80908203125
59.323864 17.888648 1406640519000 5.58148193359375
59.323864 17.888648 1406640521000 5.02056884765625
59.323864 17.888648 1406640523000 6.16851806640625
59.323864 17.888648 1406640525000 5.6798095703125
59.323864 17.888648 1406640527000 5.81854248046875
59.323864 17.888648 1406640529000 5.53759765625
59.323864 17.888648 1406640531000 5.0413818359375
59.323864 17.888648 1406640533000 5.0546875
59.323864 17.888648 1406640535000 5.11737060546875
59.323864 17.888648 1406640537000 5.1668701171875
59.323864 17.888648 1406640539000 5.41717529296875
59.323864 17.888648 1406640541000 5.47943115234375
59.323864 17.888648 1406640543000 5.5135498046875
59.323864 17.888648 1406640545000 5.68682861328125
59.323864 17.888648 1406640547000 5.69781494140625
59.323864 17.888648 1406640549000 5.74957275390625
59.323864 17.888648 1406640551000 5.7916259765625
59.323864 17.888648 1406640553000 5.77301025390625
59.323864 17.888648 1406640555000 5.78460693359375
59.323864 17.888648 1406640557000 5.79119873046875
59.323864 17.888648 1406640559000 5.797119140625
59.323864 17.888648 1406640561000 5.8026123046875
59.323864 17.888648 1406640563000 5.79766845703125
59.323864 17.888648 1406640565000 5.7794189453125
59.323864 17.888648 1406640567000 5.78668212890625
59.323864 17.888648 1406640569000 5.7908935546875
59.323864 17.888648 1406640571000 5.7921142578125
59.323864 17.888648 1406640573000 5.81378173828125
59.323864 17.888648 1406640575000 5.8076171875
59.323864 17.888648 1406640577000 5.81549072265625
59.323864 17.888648 1406640579000 5.80291748046875
59.323864 17.888648 1406640581000 5.77545166015625
59.323864 17.888648 1406640583000 5.7532958984375
59.323864 17.888648 1406640585000 5.74639892578125
59.323864 17.888648 1406640587000 5.7366943359375
59.323864 17.888648 1406640589000 5.73126220703125
59.323864 17.888648 1406640591000 5.70159912109375
59.323864 17.888648 1406640593000 5.7093505859375
59.323864 17.888648 1406640595000 5.70782470703125
59.323864 17.888648 1406640597000 6.87835693359375
59.323864 17.888648 1406640599000 6.55816650390625
59.323864 17.888648 1406640601000 7.09405517578125
59.323864 17.888648 1406640603000 6.62713623046875
59.323864 17.888648 1406640605000 6.35528564453125
59.323864 17.888648 1406640607000 6.20281982421875
59.323864 17.888648 1406640609000 6.0540771484375
59.323864 17.888648 1406640611000 5.9586181640625
59.323864 17.888648 1406640613000 5.8731689453125
59.323864 17.888648 1406640615000 5.7908935546875
59.323864 17.888648 1406640617000 5.7293701171875
59.323864 17.888648 1406640619000 5.70416259765625
59.323864 17.888648 1406640621000 5.7843017578125
59.323834 17.888644 1406640623000 3.47491455078125
59.323831 17.888643 1406640625000 -1.764404296875
59.323831 17.888643 1406640627000 -1.681640625
59.323831 17.888643 1406640629000 -3.860595703125
59.323831 17.888643 1406640631000 -3.87237548828125
59.323831 17.888643 1406640633000 -2.145751953125
59.323831 17.888643 1406640635000 -1.3861083984375
59.323831 17.888643 1406640637000 -1.23126220703125
59.323831 17.888643 1406640639000 -1.09417724609375
59.323812 17.888679 1406640641000 0.187255859375
59.323815 17.888698 1406640643000 -0.1357421875
59.323845 17.888815 1406640645000 -0.11328125
59.323894 17.888937 1406640647000 0.73583984375
59.32392 17.889109 1406640649000 -1.08685302734375
59.323843 17.889424 1406640651000 -1.5552978515625
59.323783 17.889812 1406640653000 -3.8778076171875
59.323686 17.89023 1406640655000 -5.7801513671875
59.323612 17.890654 1406640657000 -6.70123291015625
59.323549 17.891089 1406640659000 -7.98712158203125
59.323495 17.89152 1406640661000 -9.76068115234375
59.323511 17.891903 1406640663000 -7.64202880859375
59.323548 17.892162 1406640665000 -6.9190673828125
59.323586 17.892377 1406640667000 -8.5921630859375
59.32362 17.892615 1406640669000 -6.7406005859375
59.323645 17.89292 1406640671000 -4.61273193359375
59.3237 17.893269 1406640673000 -4.886474609375
59.323738 17.893693 1406640675000 -5.8382568359375
59.323796 17.894126 1406640677000 -2.10455322265625
59.323847 17.894553 1406640679000 -2.4825439453125
59.323894 17.895007 1406640681000 -0.76739501953125
59.323945 17.895456 1406640683000 -1.5977783203125
59.323983 17.895813 1406640685000 -3.058837890625
59.324043 17.896146 1406640687000 -1.12103271484375
59.324095 17.896457 1406640689000 -0.9661865234375
59.324118 17.896852 1406640691000 -0.9395751953125
59.324209 17.897166 1406640693000 -1.917724609375
59.324346 17.897646 1406640695000 -3.16302490234375
59.324464 17.898153 1406640697000 -3.448974609375
59.324594 17.898602 1406640699000 -2.02655029296875
59.324748 17.899111 1406640701000 -1.20208740234375
59.324881 17.899558 1406640703000 -2.13275146484375
59.325006 17.899994 1406640705000 -0.51690673828125
59.325118 17.900488 1406640707000 -1.1497802734375
59.325231 17.900978 1406640709000 -2.94140625
59.325371 17.901452 1406640711000 -3.7064208984375
59.325535 17.902006 1406640713000 -3.7099609375
59.325711 17.902572 1406640715000 -4.3941650390625
59.325907 17.903175 1406640717000 -3.59521484375
59.326091 17.90377 1406640719000 -4.2718505859375
59.326351 17.904299 1406640721000 -7.18194580078125
59.326506 17.90497 1406640723000 -5.51239013671875
59.326638 17.90561 1406640725000 -4.70721435546875
59.326792 17.906194 1406640727000 -4.1441650390625
59.32692 17.906719 1406640729000 -0.9376220703125
59.327045 17.907258 1406640731000 -2.66802978515625
59.32719 17.907728 1406640733000 -2.59515380859375
59.327332 17.908194 1406640735000 -1.49322509765625
59.327425 17.908705 1406640737000 -2.73455810546875
59.327561 17.90917 1406640739000 0.124755859375
59.327682 17.909658 1406640741000 3.0982666015625
59.32782 17.910226 1406640743000 2.84423828125
59.32798 17.910788 1406640745000 4.0728759765625
59.328123 17.911338 1406640747000 4.15625
59.328274 17.911881 1406640749000 3.76702880859375
59.328426 17.912441 1406640751000 4.501953125
59.32856 17.913005 1406640753000 3.555908203125
59.328709 17.91354 1406640755000 4.690185546875
59.32885 17.914077 1406640757000 5.7799072265625
59.328974 17.914597 1406640759000 5.43109130859375
59.329105 17.915088 1406640761000 6.4005126953125
59.32923 17.915559 1406640763000 4.8201904296875
59.329339 17.915998 1406640765000 4.93023681640625
59.329455 17.916418 1406640767000 5.7354736328125
59.329599 17.916801 1406640769000 5.7391357421875
59.329726 17.917153 1406640771000 4.79888916015625
59.329848 17.917515 1406640773000 5.42132568359375
59.329985 17.917837 1406640775000 6.04986572265625
59.330108 17.918183 1406640777000 6.181396484375
59.330217 17.918554 1406640779000 7.8922119140625
59.33036 17.918853 1406640781000 7.7943115234375
59.330505 17.919123 1406640783000 6.3505859375
59.330632 17.919465 1406640785000 5.99737548828125
59.330744 17.919816 1406640787000 5.861572265625
59.330889 17.920192 1406640789000 5.85321044921875
59.331086 17.920518 1406640791000 3.48223876953125
59.331263 17.920841 1406640793000 6.52984619140625
59.331459 17.921207 1406640795000 6.21978759765625
59.331647 17.92159 1406640797000 5.9237060546875
59.331829 17.921945 1406640799000 6.74237060546875
59.331961 17.922313 1406640801000 10.8784790039063
59.332114 17.922622 1406640803000 11.7242431640625
59.332326 17.922902 1406640805000 13.5845947265625
59.332531 17.92317 1406640807000 14.0657958984375
59.332704 17.92352 1406640809000 16.05029296875
59.332857 17.923963 1406640811000 19.2470703125
59.333002 17.924326 1406640813000 18.1586303710938
59.333137 17.92472 1406640815000 18.337158203125
59.333286 17.925089 1406640817000 17.4683837890625
59.333456 17.925404 1406640819000 16.6708984375
59.333595 17.925788 1406640821000 15.3739013671875
59.333735 17.926171 1406640823000 13.7750244140625
59.333908 17.926556 1406640825000 12.433349609375
59.334091 17.926917 1406640827000 9.34637451171875
59.334263 17.927255 1406640829000 11.4432983398438
59.334428 17.92762 1406640831000 11.2509765625
59.334614 17.927983 1406640833000 14.5232543945313
59.33481 17.928342 1406640835000 11.9647216796875
59.334934 17.928717 1406640837000 14.5277709960938
59.335101 17.929037 1406640839000 13.5962524414063
59.335212 17.929357 1406640841000 12.435791015625
59.335323 17.929659 1406640843000 13.4268188476563
59.335445 17.929961 1406640845000 13.3348388671875
59.335556 17.930263 1406640847000 14.102783203125
59.335708 17.93055 1406640849000 14.1558227539063
59.335837 17.930891 1406640851000 12.6011352539063
59.336008 17.931241 1406640853000 12.1022338867188
59.336193 17.931639 1406640855000 13.9998168945313
59.336301 17.932045 1406640857000 14.89599609375
59.336473 17.932391 1406640859000 14.7711181640625
59.336629 17.932815 1406640861000 12.6417846679688
59.336832 17.933103 1406640863000 17.2409057617188
59.337005 17.933369 1406640865000 17.365478515625
59.33716 17.93373 1406640867000 16.5006713867188
59.337261 17.933951 1406640869000 15.9964599609375
59.33746 17.934085 1406640871000 19.4968872070313
59.337521 17.934394 1406640873000 17.8582763671875
59.337567 17.934631 1406640875000 16.2489624023438
59.337638 17.934839 1406640877000 17.6287841796875
59.337685 17.935025 1406640879000 14.9057006835938
59.337783 17.935099 1406640881000 15.3333129882813
59.337785 17.935087 1406640883000 15.163330078125
59.337785 17.935087 1406640885000 14.6097412109375
59.337785 17.935087 1406640887000 13.77294921875
59.337785 17.935087 1406640889000 13.0089111328125
59.337785 17.935087 1406640891000 12.9799194335938
59.337785 17.935087 1406640893000 12.6134643554688
59.337785 17.935087 1406640895000 12.71142578125
59.337785 17.935087 1406640897000 12.912109375
59.337796 17.935057 1406640899000 12.7939453125
59.337754 17.935103 1406640901000 17.4230346679688
59.337897 17.934969 1406640903000 20.3984985351562
59.337882 17.935153 1406640905000 19.385986328125
59.337941 17.935377 1406640907000 16.470947265625
59.338012 17.935604 1406640909000 14.3900756835938
59.338091 17.935861 1406640911000 11.8440551757813
59.338266 17.935983 1406640913000 10.23388671875
59.338346 17.936356 1406640915000 10.3848266601563
59.338439 17.93667 1406640917000 12.3775634765625
59.338547 17.936912 1406640919000 11.445068359375
59.338592 17.93708 1406640921000 8.66485595703125
59.338641 17.937224 1406640923000 8.1439208984375
59.338685 17.937323 1406640925000 9.5751953125
59.33874 17.937389 1406640927000 9.693603515625
59.338757 17.937419 1406640929000 9.0584716796875
59.338822 17.937483 1406640931000 9.23590087890625
59.338821 17.937497 1406640933000 10.04736328125
59.338821 17.937497 1406640935000 9.48675537109375
59.338812 17.937511 1406640937000 9.3402099609375
59.338821 17.937564 1406640939000 8.6131591796875
59.338831 17.9376 1406640941000 8.41998291015625
59.338851 17.937703 1406640943000 7.875
59.338872 17.937741 1406640945000 8.299560546875
59.338921 17.937841 1406640947000 5.2001953125
59.338959 17.937921 1406640949000 5.8695068359375
59.339029 17.938037 1406640951000 7.14190673828125
59.339094 17.938258 1406640953000 4.5242919921875
59.339088 17.938264 1406640955000 2.89422607421875
59.339093 17.938275 1406640957000 2.95147705078125
59.339093 17.938275 1406640959000 0.9898681640625
59.339089 17.938258 1406640961000 0.6903076171875
59.339107 17.938283 1406640963000 3.0572509765625
59.33914 17.938327 1406640965000 5.44146728515625
59.339182 17.938376 1406640967000 6.61163330078125
59.339199 17.938414 1406640969000 7.95855712890625
59.339196 17.938416 1406640971000 7.47552490234375
59.339196 17.938416 1406640973000 6.611328125
59.339196 17.938416 1406640975000 7.61505126953125
59.339196 17.938416 1406640977000 6.11761474609375
59.339196 17.938416 1406640979000 5.7303466796875
59.339196 17.938416 1406640981000 6.29193115234375
59.339196 17.938416 1406640983000 6.7801513671875
59.339218 17.9384 1406640985000 8.720458984375
59.339247 17.93846 1406640987000 7.2894287109375
59.339309 17.938585 1406640989000 4.31494140625
59.33937 17.938707 1406640991000 5.05401611328125
59.339416 17.938808 1406640993000 8.98809814453125
59.339445 17.938905 1406640995000 7.4488525390625
59.339457 17.938951 1406640997000 8.10064697265625
59.339453 17.938957 1406640999000 6.26416015625
59.339457 17.93897 1406641001000 5.65673828125
59.339458 17.938974 1406641002000 6.16162109375
59.339466 17.93898 1406641005000 5.91131591796875
59.339468 17.938985 1406641007000 9.28179931640625
59.339469 17.939066 1406641009000 2.1273193359375
59.339456 17.939258 1406641011000 3.1214599609375
59.339445 17.939576 1406641013000 4.24163818359375
59.339473 17.939783 1406641015000 4.98333740234375
59.339567 17.939959 1406641017000 4.00762939453125
59.339578 17.94025 1406641019000 3.95758056640625
59.339519 17.940631 1406641021000 2.205322265625
59.339463 17.940951 1406641023000 0.583251953125
59.339382 17.941276 1406641025000 0.9439697265625
59.33931 17.941714 1406641027000 1.1407470703125
59.339223 17.942191 1406641029000 2.179931640625
59.339168 17.942628 1406641031000 1.6434326171875
59.339045 17.943195 1406641033000 -0.0804443359375
59.338958 17.943639 1406641035000 0.63555908203125
59.338804 17.944269 1406641037000 -1.74395751953125
59.338714 17.944856 1406641039000 -2.9356689453125
59.338596 17.945429 1406641041000 -2.2828369140625
59.338516 17.945997 1406641043000 -2.97515869140625
59.338416 17.946563 1406641045000 -2.87042236328125
59.338308 17.947117 1406641047000 -3.9813232421875
59.338229 17.947601 1406641049000 -0.48577880859375
59.338148 17.948096 1406641051000 0.398193359375
59.338005 17.948665 1406641053000 -1.194580078125
59.337882 17.949157 1406641055000 -1.20263671875
59.337795 17.949546 1406641057000 1.88629150390625
59.337724 17.949917 1406641059000 -0.13751220703125
59.337676 17.950174 1406641061000 -0.3365478515625
59.337631 17.95041 1406641063000 -1.258056640625
59.3376 17.950407 1406641065000 0.0928955078125
59.337606 17.9504 1406641067000 0.589599609375
59.337606 17.9504 1406641069000 0.6907958984375
59.337606 17.9504 1406641071000 -0.9443359375
59.337612 17.950429 1406641073000 -0.390625
59.337601 17.950466 1406641075000 0.252685546875
59.337541 17.950641 1406641077000 0.05657958984375
59.337499 17.95079 1406641079000 1.6363525390625
59.337473 17.95094 1406641081000 -1.09326171875
59.337472 17.951152 1406641083000 -2.0037841796875
59.337427 17.951396 1406641085000 -1.62786865234375
59.337384 17.951631 1406641087000 -0.57470703125
59.337329 17.951818 1406641089000 -1.66082763671875
59.337298 17.952223 1406641091000 -3.45758056640625
59.337252 17.952406 1406641093000 -1.42852783203125
59.33718 17.952759 1406641095000 -4.45916748046875
59.337121 17.953132 1406641097000 -2.314208984375
59.337055 17.953563 1406641099000 -3.7066650390625
59.336966 17.954022 1406641101000 -4.2266845703125
59.336884 17.954446 1406641103000 -5.38214111328125
59.336788 17.954904 1406641105000 -7.529541015625
59.336717 17.955352 1406641107000 -5.93841552734375
59.33663 17.955809 1406641109000 -5.9046630859375
59.336549 17.956262 1406641111000 -4.8226318359375
59.33647 17.95669 1406641113000 -1.55755615234375
59.336385 17.957144 1406641115000 -5.008544921875
59.336294 17.957621 1406641117000 -1.21856689453125
59.336208 17.958102 1406641119000 0.66583251953125
59.336128 17.958567 1406641121000 -5.66912841796875
59.336047 17.958978 1406641123000 -2.175048828125
59.33597 17.95938 1406641125000 -2.365478515625
59.335898 17.959772 1406641127000 -6.6827392578125
59.335829 17.960118 1406641129000 -2.89288330078125
59.335766 17.960439 1406641131000 -1.64404296875
59.335697 17.960775 1406641133000 -2.288330078125
59.335627 17.961126 1406641135000 -1.6148681640625
59.33557 17.961461 1406641137000 -1.71685791015625
59.335525 17.96172 1406641139000 -0.81695556640625
59.335488 17.961941 1406641141000 1.718017578125
59.335453 17.962184 1406641143000 4.0352783203125
59.335417 17.962449 1406641145000 3.43524169921875
59.33538 17.962707 1406641147000 2.93951416015625
59.335337 17.962982 1406641149000 3.6025390625
59.33529 17.963312 1406641151000 4.0435791015625
59.335244 17.963661 1406641153000 5.03460693359375
59.335198 17.964024 1406641155000 3.33599853515625
59.335146 17.964387 1406641157000 3.14788818359375
59.335095 17.964756 1406641159000 2.9332275390625
59.335048 17.965123 1406641161000 3.1177978515625
59.334997 17.96554 1406641163000 2.20166015625
59.334937 17.965924 1406641165000 2.7196044921875
59.3349 17.966233 1406641167000 2.39349365234375
59.334868 17.966443 1406641169000 3.49395751953125
59.334845 17.966584 1406641171000 7.055908203125
59.334836 17.966679 1406641173000 4.232421875
59.334822 17.966754 1406641175000 3.925537109375
59.334814 17.966817 1406641177000 4.24761962890625
59.334808 17.966843 1406641179000 4.45208740234375
59.334808 17.966843 1406641181000 4.70428466796875
59.334808 17.966843 1406641183000 4.19903564453125
59.334808 17.966843 1406641185000 5.40057373046875
59.334808 17.966843 1406641187000 4.97222900390625
59.334812 17.966841 1406641189000 5.0751953125
59.334812 17.966841 1406641191000 5.2586669921875
59.334812 17.966841 1406641193000 5.4610595703125
59.334812 17.966841 1406641195000 4.81134033203125
59.334812 17.966841 1406641197000 5.22052001953125
59.334812 17.966841 1406641199000 4.938720703125
59.334812 17.966841 1406641201000 4.7568359375
59.334812 17.966841 1406641203000 4.941162109375
59.334812 17.966841 1406641205000 5.39263916015625
59.334812 17.966841 1406641207000 5.49505615234375
59.334812 17.966841 1406641209000 4.9180908203125
59.334812 17.966841 1406641211000 4.81146240234375
59.334812 17.966841 1406641213000 4.861328125
59.334812 17.966841 1406641215000 4.9666748046875
59.334812 17.966841 1406641217000 5.1219482421875
59.334812 17.966841 1406641219000 5.04315185546875
59.334812 17.966841 1406641221000 5.36126708984375
59.334823 17.966857 1406641223000 5.54241943359375
59.334816 17.966929 1406641225000 5.09173583984375
59.334797 17.967061 1406641227000 4.89996337890625
59.334769 17.967256 1406641229000 3.3909912109375
59.334736 17.967471 1406641231000 2.18231201171875
59.334699 17.967689 1406641233000 2.32568359375
59.334653 17.9679 1406641235000 1.160888671875
59.334581 17.968123 1406641237000 -0.1251220703125
59.334489 17.968352 1406641239000 1.1033935546875
59.334424 17.968647 1406641241000 0.35723876953125
59.33439 17.968963 1406641243000 0.11590576171875
59.334351 17.969277 1406641245000 -1.152587890625
59.334315 17.969598 1406641247000 -2.30181884765625
59.334266 17.969955 1406641249000 -2.93829345703125
59.33421 17.970359 1406641251000 -2.52764892578125
59.334129 17.970766 1406641253000 -2.84259033203125
59.334055 17.971157 1406641255000 -1.393310546875
59.33398 17.971526 1406641257000 -2.1573486328125
59.333909 17.971888 1406641259000 -2.44671630859375
59.333834 17.972244 1406641261000 -3.003173828125
59.333766 17.972603 1406641263000 -2.95233154296875
59.333716 17.972955 1406641265000 -0.76470947265625
59.333659 17.973281 1406641267000 -0.5377197265625
59.333613 17.97355 1406641269000 -0.5833740234375
59.333567 17.973764 1406641271000 -0.74072265625
59.333526 17.973983 1406641273000 -0.01055908203125
59.333482 17.974221 1406641275000 0.61798095703125
59.333443 17.974436 1406641277000 0.275146484375
59.333426 17.974543 1406641279000 0.3585205078125
59.33342 17.974563 1406641281000 0.24090576171875
59.333421 17.974568 1406641283000 -0.03759765625
59.333418 17.974565 1406641285000 -0.4285888671875
59.333414 17.974573 1406641287000 -0.93597412109375
59.333414 17.974576 1406641289000 1.8917236328125
59.333414 17.974576 1406641291000 2.49700927734375
59.333414 17.974576 1406641293000 2.37957763671875
59.333414 17.974576 1406641295000 2.39520263671875
59.333414 17.974576 1406641297000 2.4415283203125
59.333414 17.974576 1406641299000 2.56072998046875
59.333414 17.974576 1406641301000 2.55450439453125
59.333414 17.974576 1406641303000 2.49658203125
59.333414 17.974576 1406641305000 2.43536376953125
59.333414 17.974576 1406641307000 2.46771240234375
59.333414 17.974576 1406641309000 2.285888671875
59.333411 17.974593 1406641311000 2.4019775390625
59.333397 17.974686 1406641313000 2.19970703125
59.333375 17.974822 1406641315000 2.25579833984375
59.333361 17.975048 1406641317000 2.0386962890625
59.333366 17.975381 1406641319000 1.95770263671875
59.33339 17.975727 1406641321000 0.82000732421875
59.333414 17.976127 1406641323000 0.00408935546875
59.333432 17.976546 1406641325000 -0.2459716796875
59.333471 17.976981 1406641327000 2.82733154296875
59.333514 17.977408 1406641329000 0.13739013671875
59.333515 17.97785 1406641331000 -0.12640380859375
59.333477 17.978307 1406641333000 0.4747314453125
59.333422 17.978788 1406641335000 0.98046875
59.333372 17.979274 1406641337000 0.475830078125
59.333316 17.979769 1406641339000 0.4395751953125
59.333256 17.980298 1406641341000 0.47393798828125
59.333202 17.980868 1406641343000 0.9954833984375
59.333139 17.981461 1406641345000 1.89544677734375
59.333079 17.982081 1406641347000 2.33099365234375
59.333009 17.982707 1406641349000 2.85577392578125
59.332959 17.98338 1406641351000 3.46923828125
59.332901 17.984045 1406641353000 4.36639404296875
59.33286 17.984677 1406641355000 4.53466796875
59.332819 17.985284 1406641357000 5.93743896484375
59.332796 17.985894 1406641359000 7.42864990234375
59.332808 17.986507 1406641361000 10.3892211914063
59.332849 17.987117 1406641363000 13.3324584960938
59.332915 17.987711 1406641365000 16.0946655273438
59.332995 17.988324 1406641367000 16.3040771484375
59.333097 17.98893 1406641369000 19.682373046875
59.333211 17.989543 1406641371000 22.5232543945312
59.333322 17.990145 1406641373000 26.0307006835938
59.333424 17.990731 1406641375000 26.234130859375
59.333503 17.991331 1406641377000 27.4732666015625
59.333554 17.991957 1406641379000 27.0093994140625
59.333581 17.992598 1406641381000 28.6505737304688
59.333567 17.993256 1406641383000 28.917236328125
59.333543 17.99391 1406641385000 30.627685546875
59.333512 17.994579 1406641387000 30.50830078125
59.33348 17.995253 1406641389000 30.5928955078125
59.333447 17.995912 1406641391000 27.7327880859375
59.333415 17.996591 1406641393000 26.936279296875
59.333382 17.997285 1406641395000 26.2604370117188
59.333326 17.997971 1406641397000 23.2544555664062
59.333246 17.998642 1406641399000 22.0248413085937
59.3332 17.998966 1406641400000 21.1767578125
59.33304 17.999922 1406641403000 19.5367431640625
59.332942 18.000521 1406641405000 17.2671508789063
59.332842 18.001104 1406641407000 17.4769287109375
59.332749 18.001672 1406641409000 16.7091674804688
59.332649 18.002257 1406641411000 18.4521484375
59.332545 18.002858 1406641413000 17.792724609375
59.332439 18.00344 1406641415000 15.6964721679688
59.33233 18.004039 1406641417000 13.5112915039063
59.332213 18.004675 1406641419000 10.7197875976563
59.332106 18.005318 1406641421000 10.8423461914063
59.332004 18.005928 1406641423000 11.4107666015625
59.331901 18.006464 1406641425000 11.2994995117188
59.331789 18.006966 1406641427000 8.909423828125
59.331683 18.007443 1406641429000 10.259521484375
59.331564 18.007907 1406641431000 7.27813720703125
59.33145 18.008366 1406641433000 6.1336669921875
59.331338 18.008897 1406641435000 3.5389404296875
59.331264 18.009507 1406641437000 0.1048583984375
59.331217 18.010167 1406641439000 0.1453857421875
59.331198 18.010888 1406641441000 -2.13427734375
59.331179 18.011602 1406641443000 -3.0057373046875
59.331174 18.012265 1406641445000 -2.41802978515625
59.331172 18.012947 1406641447000 -1.932373046875
59.331187 18.0136 1406641449000 -1.4984130859375
59.331196 18.014288 1406641451000 1.3555908203125
59.33122 18.014921 1406641453000 1.52520751953125
59.331252 18.015528 1406641455000 0.580810546875
59.331297 18.016147 1406641457000 2.46405029296875
59.331336 18.01676 1406641459000 3.8602294921875
59.331386 18.017364 1406641461000 6.00787353515625
59.331409 18.017933 1406641463000 4.84417724609375
59.331434 18.01839 1406641465000 4.48486328125
59.331447 18.018683 1406641467000 1.08447265625
59.331455 18.018847 1406641469000 0.45269775390625
59.331468 18.018982 1406641471000 1.81365966796875
59.331413 18.019165 1406641473000 1.20782470703125
59.331335 18.019351 1406641475000 0.80059814453125
59.331299 18.019596 1406641477000 0.066650390625
59.331272 18.019799 1406641479000 -0.56072998046875
59.331217 18.019936 1406641481000 -0.0345458984375
59.331133 18.020052 1406641483000 -1.54522705078125
59.331049 18.020241 1406641485000 -1.96240234375
59.330991 18.020468 1406641487000 -0.80413818359375
59.330949 18.020625 1406641489000 1.18896484375
59.330925 18.02069 1406641491000 1.33001708984375
59.330923 18.020702 1406641493000 0.5604248046875
59.330926 18.020696 1406641495000 0.9730224609375
59.330926 18.020715 1406641497000 0.60076904296875
59.330927 18.020714 1406641499000 0.12078857421875
59.33092 18.020738 1406641501000 0.4527587890625
59.330885 18.020858 1406641503000 -0.7718505859375
59.330838 18.021017 1406641505000 -1.0670166015625
59.330764 18.021253 1406641507000 -0.12255859375
59.330679 18.021571 1406641509000 -0.99078369140625
59.330575 18.021961 1406641511000 -1.28436279296875
59.330454 18.022381 1406641513000 -0.69976806640625
59.330325 18.022822 1406641515000 0.536865234375
59.330195 18.023243 1406641517000 0.69366455078125
59.330059 18.023689 1406641519000 0.8443603515625
59.329913 18.024152 1406641521000 1.0465087890625
59.329767 18.02462 1406641523000 1.85711669921875
59.329621 18.025061 1406641525000 5.43206787109375
59.329505 18.025458 1406641527000 4.2109375
59.329378 18.025851 1406641529000 1.4298095703125
59.329262 18.02621 1406641531000 0.6734619140625
59.329148 18.026586 1406641533000 1.95269775390625
59.329029 18.026971 1406641535000 1.2996826171875
59.32892 18.027298 1406641537000 3.48236083984375
59.32883 18.027557 1406641539000 -0.53936767578125
59.328769 18.027729 1406641541000 -1.0736083984375
59.328755 18.027806 1406641543000 0.865966796875
59.328757 18.027805 1406641545000 0.3424072265625
59.328757 18.027805 1406641547000 -0.9049072265625
59.328757 18.027805 1406641549000 -0.98114013671875
59.328757 18.027805 1406641551000 -0.9610595703125
59.328754 18.02781 1406641553000 -0.9967041015625
59.328723 18.027906 1406641555000 -1.982177734375
59.328666 18.028098 1406641557000 -4.70587158203125
59.328598 18.028354 1406641559000 -4.918212890625
59.328542 18.028664 1406641561000 -6.03289794921875
59.328485 18.029015 1406641563000 -5.864501953125
59.328428 18.02939 1406641565000 -6.550048828125
59.328367 18.029765 1406641567000 -6.72711181640625
59.328305 18.03011 1406641569000 -6.98895263671875
59.328259 18.030384 1406641571000 -6.99310302734375
59.328233 18.030569 1406641573000 -7.65057373046875
59.328224 18.030677 1406641575000 -6.40594482421875
59.32822 18.030688 1406641577000 -5.4696044921875
59.32822 18.030688 1406641579000 -5.186767578125
59.32822 18.030688 1406641581000 -3.1334228515625
59.32822 18.030688 1406641583000 -2.759521484375
59.328215 18.030719 1406641585000 -1.8187255859375
59.328201 18.030885 1406641587000 -1.49127197265625
59.328188 18.031097 1406641589000 -0.2962646484375
59.328165 18.03137 1406641591000 -2.79168701171875
59.328141 18.031682 1406641593000 -2.14349365234375
59.328112 18.032044 1406641595000 -1.7764892578125
59.328061 18.032443 1406641597000 -0.68988037109375
59.327991 18.032907 1406641599000 -2.37750244140625
59.327927 18.033359 1406641601000 -5.750244140625
59.327871 18.033774 1406641603000 -6.39056396484375
59.327817 18.034173 1406641605000 -7.30975341796875
59.327753 18.034572 1406641607000 -6.10870361328125
59.327689 18.035 1406641609000 -6.1534423828125
59.327621 18.03545 1406641611000 -6.95867919921875
59.327549 18.035915 1406641613000 -7.05792236328125
59.327484 18.036389 1406641615000 -8.58819580078125
59.327414 18.036882 1406641617000 -9.96826171875
59.32734 18.03739 1406641619000 -8.63250732421875
59.327264 18.037879 1406641621000 -11.4938354492188
59.327196 18.038358 1406641623000 -10.0975341796875
59.327126 18.038845 1406641625000 -10.0504150390625
59.327053 18.039305 1406641627000 -7.87445068359375
59.326989 18.039746 1406641629000 -6.5977783203125
59.326929 18.040169 1406641631000 -6.74993896484375
59.326874 18.040513 1406641633000 -5.94769287109375
59.326827 18.040765 1406641635000 -7.442626953125
59.326801 18.040918 1406641637000 -7.84149169921875
59.326795 18.040953 1406641639000 -7.75177001953125
59.326795 18.040953 1406641641000 -7.5364990234375
59.326795 18.040953 1406641643000 -9.76177978515625
59.326795 18.040953 1406641645000 -10.8770141601563
59.326783 18.040976 1406641647000 -9.91552734375
59.326764 18.041077 1406641649000 -9.51220703125
59.326723 18.041289 1406641651000 -11.2930297851563
59.326691 18.041546 1406641653000 -9.19287109375
59.326681 18.041874 1406641655000 -8.7476806640625
59.326704 18.042282 1406641657000 -10.3551025390625
59.326726 18.042653 1406641659000 -8.21502685546875
59.32673 18.043035 1406641661000 -7.62310791015625
59.326732 18.043434 1406641663000 -6.76690673828125
59.326724 18.043883 1406641665000 -8.3389892578125
59.326716 18.04434 1406641667000 -8.48028564453125
59.326712 18.044824 1406641669000 -8.62176513671875
59.326719 18.045364 1406641671000 -9.07635498046875
59.326728 18.045895 1406641673000 -9.53289794921875
59.32675 18.046471 1406641675000 -8.88568115234375
59.326767 18.047047 1406641677000 -10.8263549804688
59.326785 18.047583 1406641679000 -10.9637451171875
59.326792 18.048091 1406641681000 -11.5039672851563
59.326794 18.048505 1406641683000 -9.5928955078125
59.3268 18.048905 1406641685000 -9.653564453125
59.326817 18.049322 1406641687000 -10.03955078125
59.32683 18.049757 1406641689000 -10.03466796875
59.326855 18.050183 1406641691000 -9.3253173828125
59.32689 18.050614 1406641693000 -9.34478759765625
59.32693 18.051066 1406641695000 -8.5032958984375
59.326973 18.05154 1406641697000 -7.3297119140625
59.327014 18.052006 1406641699000 -6.8751220703125
59.327049 18.052436 1406641701000 -7.76239013671875
59.327075 18.052787 1406641703000 -7.13836669921875
59.327095 18.053025 1406641705000 -10.2677612304688
59.327151 18.053154 1406641707000 -9.58343505859375
59.327257 18.053151 1406641709000 -10.636962890625
59.327383 18.053098 1406641711000 -12.9392700195313
59.32753 18.053016 1406641713000 -10.9990234375
59.327661 18.052968 1406641715000 -10.1035766601563
59.32776 18.052986 1406641717000 -9.639404296875
59.327832 18.0531 1406641719000 -9.3387451171875
59.327873 18.053364 1406641721000 -8.52783203125
59.32791 18.053638 1406641723000 -10.39892578125
59.32793 18.05391 1406641725000 -10.6558227539063
59.327956 18.054183 1406641727000 -8.2413330078125
59.327981 18.054421 1406641729000 -7.2135009765625
59.32799 18.054523 1406641731000 -6.61181640625
59.32799 18.054526 1406641733000 -6.19671630859375
59.327988 18.054516 1406641735000 -7.6568603515625
59.327988 18.054516 1406641737000 -6.75885009765625
59.327989 18.054513 1406641739000 -5.31329345703125
59.327989 18.054513 1406641741000 -7.21893310546875
59.327989 18.054513 1406641743000 -5.95733642578125
59.327989 18.054513 1406641745000 -4.38104248046875
59.327989 18.054513 1406641747000 -6.88885498046875
59.327989 18.054513 1406641749000 -3.45361328125
59.327989 18.054513 1406641751000 -3.3209228515625
59.327989 18.054513 1406641753000 -6.8240966796875
59.327989 18.054513 1406641755000 -6.75994873046875
59.327991 18.054589 1406641757000 -2.6158447265625
59.328003 18.054776 1406641759000 -3.19171142578125
59.328024 18.055025 1406641761000 -3.423095703125
59.328055 18.05536 1406641763000 -3.425537109375
59.328095 18.055734 1406641765000 -2.0672607421875
59.32813 18.056139 1406641767000 -1.81195068359375
59.32818 18.056537 1406641769000 -0.16436767578125
59.328222 18.056936 1406641771000 -0.13482666015625
59.328247 18.057284 1406641773000 -0.90594482421875
59.328249 18.057543 1406641775000 -2.95184326171875
59.328252 18.057663 1406641777000 -3.94964599609375
59.328249 18.057703 1406641779000 -4.85296630859375
59.328249 18.057703 1406641781000 -5.72119140625
59.328249 18.057703 1406641783000 -5.1268310546875
59.328249 18.057703 1406641785000 -5.2005615234375
59.328249 18.057703 1406641787000 -6.15771484375
59.328249 18.057703 1406641789000 -7.12469482421875
59.328235 18.057717 1406641791000 -7.6317138671875
59.328241 18.057716 1406641793000 -6.54278564453125
59.328244 18.057712 1406641795000 -7.15283203125
59.328244 18.057712 1406641797000 -7.26104736328125
59.328244 18.057712 1406641799000 -6.59466552734375
59.328244 18.057712 1406641801000 -4.62017822265625
59.328244 18.057712 1406641803000 -6.7999267578125
59.328244 18.057712 1406641805000 -4.73406982421875
59.328244 18.057712 1406641807000 -4.56964111328125
59.328244 18.057712 1406641809000 -4.8865966796875
59.328244 18.057712 1406641811000 -4.61981201171875
59.328244 18.057712 1406641813000 -4.5576171875
59.328244 18.057712 1406641815000 -4.91461181640625
59.328244 18.057712 1406641817000 -4.47125244140625
59.328244 18.057712 1406641819000 -4.83404541015625
59.328236 18.057743 1406641821000 -5.0634765625
59.328226 18.057827 1406641823000 -5.586669921875
59.328193 18.058016 1406641825000 -6.93212890625
59.328146 18.058312 1406641827000 -6.86968994140625
59.328094 18.058663 1406641829000 -8.09246826171875
59.328068 18.059098 1406641831000 -9.18975830078125
59.328104 18.059581 1406641833000 -8.63421630859375
59.328173 18.060036 1406641835000 -8.61761474609375
59.328235 18.060483 1406641837000 -8.070068359375
59.328281 18.060841 1406641839000 -7.33111572265625
59.328304 18.061174 1406641841000 -6.2064208984375
59.328313 18.061366 1406641843000 -5.21881103515625
59.328331 18.061554 1406641845000 -3.8887939453125
59.328333 18.061742 1406641847000 -6.718017578125
59.328332 18.06191 1406641849000 -5.03033447265625
59.328324 18.062033 1406641851000 -5.6375732421875
59.328321 18.062107 1406641853000 -5.78253173828125
59.328317 18.062139 1406641855000 -6.27685546875
59.328308 18.062179 1406641857000 -6.8424072265625
59.328297 18.062299 1406641859000 -5.01190185546875
59.328274 18.062462 1406641861000 -5.17572021484375
59.328245 18.062639 1406641863000 -4.4354248046875
59.328181 18.062846 1406641865000 -4.53973388671875
59.328084 18.063051 1406641867000 -2.39630126953125
59.327955 18.063254 1406641869000 -7.40435791015625
59.327814 18.063467 1406641871000 -7.0921630859375
59.327666 18.063705 1406641873000 -9.61724853515625
59.327536 18.063929 1406641875000 -10.027099609375
59.327419 18.064131 1406641877000 -8.16912841796875
59.327285 18.064327 1406641879000 -8.087890625
59.327153 18.064514 1406641881000 -11.9305419921875
59.327052 18.064669 1406641883000 -13.4341430664063
59.326948 18.06483 1406641885000 -15.0804443359375
59.326862 18.064965 1406641887000 -14.8497009277344
59.326791 18.065069 1406641889000 -16.2002258300781
59.326721 18.065168 1406641891000 -16.7037048339844
59.326634 18.065298 1406641893000 -16.2122497558594
59.326535 18.065445 1406641895000 -16.5938720703125
59.326427 18.065606 1406641897000 -17.5195617675781
59.326319 18.065768 1406641899000 -16.7507629394531
59.32623 18.065913 1406641901000 -16.1240844726563
59.326157 18.066038 1406641903000 -15.7084350585938
59.326103 18.066124 1406641905000 -15.5689392089844
59.326072 18.066174 1406641907000 -15.0822448730469
59.326068 18.066181 1406641909000 -14.9043273925781
59.326072 18.066175 1406641911000 -14.9719848632813
59.326035 18.06624 1406641913000 -14.1253967285156
59.325966 18.066354 1406641915000 -14.28955078125
59.325916 18.066433 1406641917000 -13.8836059570313
59.325811 18.06652 1406641919000 -15.1766662597656
59.32573 18.06648 1406641921000 -6.19482421875
59.325655 18.066296 1406641923000 -6.63653564453125
59.325586 18.066149 1406641925000 -3.5745849609375
59.32548 18.066029 1406641927000 -7.31646728515625
59.32538 18.066095 1406641929000 -7.04364013671875
59.325252 18.066234 1406641931000 -4.5791015625
59.325108 18.066399 1406641933000 -3.86212158203125
59.324941 18.066517 1406641935000 -4.52447509765625
59.324776 18.066629 1406641937000 -3.111083984375
59.324623 18.066669 1406641939000 -0.92816162109375
59.32449 18.066682 1406641941000 2.12481689453125
59.324316 18.066666 1406641943000 7.00311279296875
59.324148 18.066727 1406641945000 5.9638671875
59.323995 18.066811 1406641947000 7.50408935546875
59.32383 18.066963 1406641949000 9.5323486328125
59.323678 18.067128 1406641951000 11.57666015625
59.323543 18.067318 1406641953000 10.6429443359375
59.323426 18.06748 1406641955000 9.8843994140625
59.323348 18.067576 1406641957000 11.7852172851563
59.323323 18.06764 1406641959000 10.2978515625
59.323315 18.067637 1406641961000 10.392578125
59.323315 18.067637 1406641963000 10.6491088867188
59.323315 18.067637 1406641965000 10.8470458984375
59.323315 18.067637 1406641967000 4.20172119140625
59.323315 18.067637 1406641969000 3.61553955078125
59.323315 18.067637 1406641971000 3.30072021484375
59.323315 18.067637 1406641973000 2.74066162109375
59.323315 18.067637 1406641975000 2.58087158203125
59.323315 18.067637 1406641977000 2.16644287109375
59.323315 18.067637 1406641979000 1.26947021484375
59.323315 18.067637 1406641981000 1.46807861328125
59.323315 18.067637 1406641983000 1.89105224609375
59.323284 18.067629 1406641985000 1.89996337890625
59.323221 18.067713 1406641987000 2.0302734375
59.323134 18.067874 1406641989000 2.01214599609375
59.323041 18.068108 1406641991000 3.0992431640625
59.32293 18.068373 1406641993000 1.945556640625
59.322811 18.068647 1406641995000 0.8768310546875
59.322697 18.068914 1406641997000 0.13836669921875
59.322593 18.069199 1406641999000 0.108154296875
59.322525 18.069487 1406642001000 -0.9786376953125
59.32251 18.069785 1406642003000 -1.72589111328125
59.322523 18.070094 1406642005000 -2.67767333984375
59.322545 18.070402 1406642007000 -3.78466796875
59.322562 18.070662 1406642009000 -4.3787841796875
59.322549 18.070872 1406642011000 -2.33544921875
59.322535 18.070996 1406642013000 -2.15283203125
59.322531 18.071035 1406642015000 -2.61846923828125
59.322527 18.071044 1406642016000 -3.4715576171875
59.322527 18.071046 1406642019000 -3.983154296875
59.322526 18.071046 1406642021000 -4.34637451171875
59.322526 18.071046 1406642023000 -2.35467529296875
59.322526 18.071046 1406642025000 -2.057373046875
59.322526 18.071046 1406642027000 -1.83331298828125
59.322526 18.071046 1406642029000 -2.320556640625
59.322526 18.071046 1406642031000 -0.97418212890625
59.322526 18.071046 1406642033000 -0.52825927734375
59.322526 18.071046 1406642035000 -2.0894775390625
59.322529 18.071056 1406642037000 0.08056640625
59.322518 18.071161 1406642039000 -0.3125
59.322499 18.071329 1406642041000 -0.36468505859375
59.322481 18.071506 1406642043000 -0.281005859375
59.322457 18.071705 1406642045000 -3.694091796875
59.32243 18.071877 1406642047000 -0.87530517578125
59.322387 18.072009 1406642049000 -0.8798828125
59.322327 18.072093 1406642051000 -0.86328125
59.322269 18.072126 1406642053000 -1.67669677734375
59.322192 18.07217 1406642055000 -1.858642578125
59.32211 18.072246 1406642057000 -2.75201416015625
59.322006 18.072317 1406642059000 -2.67041015625
59.321908 18.072346 1406642061000 -3.31781005859375
59.321785 18.072339 1406642063000 -2.25555419921875
59.321679 18.072292 1406642065000 -1.279296875
59.321561 18.072239 1406642067000 -1.20062255859375
59.321446 18.072206 1406642069000 -1.3092041015625
59.321323 18.07213 1406642071000 -1.94305419921875
59.321195 18.072048 1406642073000 -1.5599365234375
59.321069 18.071948 1406642075000 -1.24176025390625
59.320939 18.071895 1406642077000 -0.88763427734375
59.3208 18.071919 1406642079000 -3.46929931640625
59.320655 18.072006 1406642081000 -1.943359375
59.32048 18.072116 1406642083000 -1.9798583984375
59.32035 18.072213 1406642085000 -1.58770751953125
59.320215 18.072302 1406642087000 -1.805908203125
59.320092 18.072373 1406642089000 -0.6326904296875
59.319967 18.072406 1406642091000 0.21002197265625
59.319864 18.072465 1406642093000 2.4552001953125
59.319702 18.072517 1406642095000 1.09210205078125
59.319573 18.072579 1406642097000 1.45989990234375
59.319488 18.072633 1406642099000 0.74786376953125
59.319428 18.072667 1406642101000 3.879638671875
59.319368 18.07274 1406642103000 6.45147705078125
59.319322 18.07282 1406642105000 7.02593994140625
59.319248 18.072959 1406642107000 4.66851806640625
59.319204 18.073119 1406642109000 3.8858642578125
59.319159 18.07331 1406642111000 5.8846435546875
59.319121 18.073531 1406642113000 6.337646484375
59.319085 18.073789 1406642115000 6.66278076171875
59.319061 18.074039 1406642117000 6.570556640625
59.319045 18.074312 1406642119000 7.20245361328125
59.319023 18.074642 1406642121000 1.6845703125
59.318996 18.074894 1406642123000 8.81549072265625
59.318957 18.075177 1406642125000 14.2522583007813
59.318928 18.075468 1406642127000 11.103515625
59.318882 18.075789 1406642129000 15.0665893554688
59.318849 18.076156 1406642131000 7.639404296875
59.318793 18.076511 1406642133000 10.3087158203125
59.318758 18.076868 1406642135000 10.065673828125
59.318726 18.077217 1406642137000 6.608154296875
59.318666 18.07751 1406642139000 8.46380615234375
59.318645 18.077802 1406642141000 5.820556640625
59.318598 18.078065 1406642143000 7.97314453125
59.318539 18.078359 1406642145000 9.0479736328125
59.318455 18.078701 1406642147000 7.603759765625
59.318368 18.079078 1406642149000 6.446044921875
59.318278 18.079387 1406642151000 7.42864990234375
59.318191 18.079729 1406642153000 7.6396484375
59.318109 18.080081 1406642155000 9.23016357421875
59.31804 18.080416 1406642157000 10.6963500976563
59.31798 18.080714 1406642159000 11.8550415039063
59.317933 18.081008 1406642161000 14.979248046875
59.317872 18.081259 1406642163000 15.7464599609375
59.317819 18.081515 1406642165000 15.7969360351563
59.317767 18.081735 1406642167000 16.713134765625
59.317713 18.081949 1406642169000 15.3235473632813
59.317663 18.082155 1406642171000 17.7879638671875
59.317616 18.082353 1406642173000 17.99560546875
59.317559 18.082527 1406642175000 18.8958740234375
59.31747 18.082663 1406642177000 17.9559326171875
59.317383 18.082727 1406642179000 18.253662109375
59.317296 18.082758 1406642181000 20.7506713867187
59.317182 18.082816 1406642183000 23.896484375
59.317056 18.082863 1406642185000 25.132568359375
59.316953 18.08291 1406642187000 26.4529418945312
59.316846 18.082953 1406642189000 26.79345703125
59.316771 18.082988 1406642191000 27.6561279296875
59.316658 18.083051 1406642193000 29.3970336914063
59.316595 18.083092 1406642195000 30.5972900390625
59.316535 18.083126 1406642197000 34.0233764648437
59.316471 18.083141 1406642199000 35.7132568359375
59.3164 18.083186 1406642201000 29.8316040039063
59.316366 18.083213 1406642203000 29.6328125
59.316346 18.083242 1406642205000 27.675537109375
59.316324 18.083247 1406642207000 27.3072509765625
59.316323 18.083235 1406642209000 24.2971801757812
59.316324 18.083238 1406642211000 23.4462280273438
59.316324 18.083238 1406642213000 25.7052612304687
59.316324 18.083238 1406642215000 27.8848266601562
59.316324 18.083238 1406642217000 28.97216796875
59.316324 18.083238 1406642219000 29.4967651367187
59.316324 18.083238 1406642221000 29.2930297851563
59.316324 18.083238 1406642223000 29.0223388671875
59.316351 18.083263 1406642225000 27.2637329101562
59.316329 18.083278 1406642227000 27.5135498046875
59.316257 18.083311 1406642229000 27.223388671875
59.316163 18.08335 1406642231000 26.1203002929687
59.316044 18.083398 1406642233000 25.0106811523437
59.315944 18.083448 1406642235000 24.4857177734375
59.315852 18.083478 1406642237000 23.8640747070312
59.315767 18.083509 1406642239000 23.5242309570312
59.315706 18.083535 1406642241000 23.9647216796875
59.315661 18.083557 1406642243000 16.29931640625
59.315579 18.083608 1406642245000 23.9364624023437
59.315496 18.083793 1406642247000 23.7835693359375
59.315492 18.084008 1406642249000 15.1748046875
59.315527 18.084188 1406642251000 15.8552856445313
59.315566 18.084476 1406642253000 20.94921875
59.315578 18.08471 1406642255000 18.9276123046875
59.315575 18.084961 1406642257000 11.4203491210938
59.315575 18.085229 1406642259000 15.5000610351563
59.315551 18.08553 1406642261000 16.2713623046875
59.315542 18.085825 1406642263000 11.1370239257813
59.315536 18.086093 1406642265000 15.1893920898438
59.315553 18.086357 1406642267000 15.7647705078125
59.315577 18.086604 1406642269000 13.0424194335938
59.315581 18.086848 1406642271000 15.5865478515625
59.315575 18.087094 1406642273000 16.9953002929688
59.315579 18.087325 1406642275000 16.0152587890625
59.315584 18.087494 1406642277000 14.5237426757813
59.315579 18.087585 1406642279000 13.45849609375
59.315576 18.087634 1406642281000 10.9558715820313
59.315573 18.087645 1406642283000 14.4285278320313
59.315575 18.087646 1406642285000 15.0444946289063
59.315575 18.087646 1406642287000 15.097900390625
59.315575 18.08766 1406642289000 15.0667724609375
59.315579 18.087733 1406642291000 14.9566650390625
59.315577 18.087905 1406642293000 15.634765625
59.315584 18.088094 1406642295000 15.627197265625
59.315569 18.088287 1406642297000 15.2451782226563
59.315564 18.088498 1406642299000 15.2356567382813
59.315573 18.088698 1406642301000 14.5714721679688
59.315586 18.088916 1406642303000 14.6280517578125
59.315586 18.08916 1406642305000 14.7177734375
59.315572 18.089414 1406642307000 14.5155029296875
59.315567 18.089627 1406642309000 15.69189453125
59.315586 18.089799 1406642311000 17.317626953125
59.315637 18.089898 1406642313000 16.6840209960938
59.315717 18.089922 1406642315000 16.9829711914063
59.31579 18.089909 1406642317000 17.1580200195313
59.315861 18.089882 1406642319000 16.8361206054688
59.315885 18.089883 1406642321000 16.0595703125
59.315923 18.089876 1406642323000 14.738525390625
59.315965 18.089869 1406642325000 15.4755859375
59.31598 18.089882 1406642327000 13.775146484375
59.316002 18.089879 1406642329000 9.6407470703125
59.31601 18.089873 1406642331000 11.90869140625
59.316014 18.089873 1406642333000 10.8197631835938
59.316026 18.089867 1406642335000 10.3514404296875
59.316027 18.089868 1406642337000 10.4046630859375
59.316042 18.089863 1406642339000 9.41033935546875
59.316042 18.089863 1406642341000 8.02520751953125
59.316042 18.089863 1406642343000 7.549560546875
59.315993 18.089871 1406642345000 3.40765380859375
59.315994 18.089872 1406642347000 7.66278076171875
59.316032 18.089911 1406642349000 12.1450805664063
59.316036 18.089935 1406642351000 18.5217895507813
59.31604 18.089963 1406642353000 22.432373046875
59.316051 18.089995 1406642355000 22.7898559570312
59.316063 18.090004 1406642357000 24.6051635742188
59.316058 18.090003 1406642359000 23.573974609375
59.316044 18.090014 1406642361000 21.8859252929687
59.316029 18.089993 1406642363000 27.100341796875
59.316007 18.089961 1406642365000 30.837890625
59.31599 18.089957 1406642367000 30.1432495117188
59.315972 18.089943 1406642369000 31.7486572265625
59.315939 18.089927 1406642371000 33.0553588867187
59.315905 18.089912 1406642373000 33.357421875
59.315908 18.08991 1406642375000 35.5709228515625
59.315898 18.089903 1406642377000 33.6005859375
59.315875 18.089907 1406642379000 35.1840209960937
59.315854 18.089918 1406642381000 38.41259765625
59.315854 18.089918 1406642383000 38.31884765625
59.315821 18.089921 1406642385000 39.4453735351562
59.315821 18.089896 1406642387000 37.0534057617188
59.31582 18.089869 1406642389000 38.8482666015625
59.315821 18.089847 1406642391000 35.1445922851562
59.315814 18.08984 1406642393000 32.17578125
59.315814 18.08984 1406642395000 31.2594604492187
59.315814 18.08984 1406642397000 30.4744873046875
59.315814 18.08984 1406642399000 30.1817016601563
59.315814 18.08984 1406642401000 30.2805786132813
59.315814 18.08984 1406642403000 30.3162841796875
59.315814 18.08984 1406642405000 29.7075805664062
59.315814 18.08984 1406642407000 29.123291015625
59.315814 18.08984 1406642409000 28.9048461914063
59.315814 18.08984 1406642411000 29.3475341796875
59.315814 18.08984 1406642413000 29.538818359375
59.315814 18.08984 1406642415000 29.638671875
59.315814 18.08984 1406642417000 29.7662353515625
59.315814 18.08984 1406642419000 29.7814331054687
59.315814 18.08984 1406642421000 30.0408935546875
59.315814 18.08984 1406642423000 30.18359375
59.315814 18.08984 1406642425000 30.2569580078125
59.315814 18.08984 1406642427000 30.4014892578125
59.315814 18.08984 1406642429000 30.4592895507812
59.315814 18.08984 1406642431000 30.4537353515625
59.315814 18.08984 1406642433000 30.5244140625
59.315773 18.089803 1406642435000 30.6205444335938
59.315773 18.089803 1406642437000 30.7105102539063
59.315773 18.089803 1406642439000 30.6275634765625
59.315773 18.089803 1406642441000 35.95263671875
59.315773 18.089803 1406642443000 35.6851806640625
59.315718 18.089799 1406642445000 32.58447265625
59.315718 18.089799 1406642447000 28.876708984375
59.315667 18.089813 1406642449000 32.2963256835938
59.315667 18.089813 1406642451000 32.4312133789063
59.315662 18.08983 1406642453000 30.7037963867188
59.31569 18.089844 1406642455000 30.3399047851562
59.315729 18.08985 1406642457000 27.8550415039063
59.315764 18.089856 1406642459000 27.938720703125
59.315798 18.089866 1406642461000 29.5173950195312
59.31583 18.089854 1406642463000 31.09716796875
59.315855 18.08983 1406642465000 32.9923706054688
59.315868 18.089816 1406642467000 34.85595703125
59.315875 18.089809 1406642469000 35.721435546875
59.315898 18.089801 1406642471000 35.8880004882812
59.315929 18.089799 1406642473000 36.7477416992187
59.315962 18.089804 1406642475000 35.55322265625
59.315986 18.089808 1406642477000 32.0186157226563
59.315981 18.089812 1406642479000 34.3591918945313
59.315986 18.089794 1406642481000 33.5556640625
59.315998 18.089788 1406642483000 35.63134765625
59.316028 18.089786 1406642485000 34.7619018554687
59.316063 18.089804 1406642487000 32.1599731445312
59.316093 18.089809 1406642489000 31.5870361328125
59.31612 18.089826 1406642491000 33.0606079101562
59.316135 18.08985 1406642493000 35.591064453125
59.316138 18.08985 1406642495000 37.512939453125
59.316142 18.089844 1406642497000 38.7835693359375
59.316147 18.08985 1406642499000 34.4696655273438
59.316159 18.08986 1406642501000 29.9229736328125
59.316174 18.089861 1406642503000 27.0349731445313
59.316188 18.08985 1406642505000 24.3187866210937
59.316203 18.08985 1406642507000 27.8029174804688
59.316222 18.089842 1406642509000 23.5167236328125
59.316245 18.089834 1406642511000 23.9381713867188
59.31627 18.089811 1406642513000 24.9125366210938
59.316287 18.089792 1406642515000 24.92431640625
59.316301 18.089781 1406642517000 24.2136840820313
59.316313 18.089763 1406642519000 23.6997680664063
59.316335 18.089735 1406642521000 22.560546875
59.316365 18.089707 1406642523000 24.2069091796875
59.316404 18.089687 1406642525000 25.5247802734375
59.31643 18.089665 1406642527000 23.521240234375
59.316456 18.089655 1406642529000 25.682861328125
59.31648 18.089658 1406642531000 28.635498046875
59.316504 18.089659 1406642533000 29.4480590820313
59.316525 18.089655 1406642535000 29.815185546875
59.316541 18.089657 1406642537000 32.1032104492187
59.316558 18.089646 1406642539000 29.5396118164063
59.316579 18.089634 1406642541000 30.9282836914062
59.316604 18.089625 1406642543000 29.124755859375
59.316627 18.089611 1406642545000 28.8951416015625
59.316645 18.089584 1406642547000 28.7774047851562
59.316653 18.089575 1406642549000 28.5164794921875
59.316664 18.089569 1406642551000 26.6966552734375
59.316671 18.089574 1406642553000 29.3737182617187
59.316674 18.089582 1406642555000 29.4926147460938
59.316671 18.089568 1406642557000 31.1867065429688
59.316679 18.089556 1406642559000 31.0510864257813
59.316681 18.089566 1406642561000 31.6005249023438
59.316686 18.089585 1406642563000 34.552001953125
59.316686 18.089604 1406642565000 36.6570434570312
59.31668 18.089631 1406642567000 32.4788208007813
59.316687 18.089666 1406642569000 33.8406372070312
59.316696 18.089701 1406642571000 32.5087280273438
59.316705 18.089749 1406642573000 29.5791015625
59.316707 18.089804 1406642575000 29.6476440429688
59.316709 18.089862 1406642577000 28.7649536132812
59.316716 18.089922 1406642579000 31.3120727539063
59.316721 18.089987 1406642581000 29.3271484375
59.316726 18.090062 1406642583000 31.0719604492188
59.316736 18.090116 1406642585000 33.1318359375
59.316735 18.090169 1406642587000 29.5354614257812
59.316737 18.090217 1406642589000 31.027099609375
59.316751 18.090259 1406642591000 32.3486328125
59.316766 18.090302 1406642593000 31.8773803710937
59.316775 18.090344 1406642595000 32.3890991210938
59.316782 18.090386 1406642597000 29.953125
59.316794 18.090405 1406642599000 29.621826171875
59.316808 18.090421 1406642601000 30.2703857421875
59.31683 18.090428 1406642603000 30.0763549804688
59.31686 18.090436 1406642605000 28.6013793945312
59.316883 18.090428 1406642607000 27.44482421875
59.316908 18.090422 1406642609000 26.857666015625
59.316933 18.090437 1406642611000 27.3333740234375
59.316951 18.090454 1406642613000 27.5498046875
59.31697 18.090468 1406642615000 28.1229858398438
59.316995 18.090482 1406642617000 27.6441650390625
59.317014 18.090498 1406642619000 26.779296875
59.317027 18.090504 1406642621000 27.5614013671875
59.317032 18.090507 1406642623000 27.00732421875
59.317034 18.090513 1406642625000 29.4600219726562
59.317034 18.090513 1406642627000 30.8435668945313
59.317034 18.090513 1406642629000 31.423095703125
59.317021 18.090527 1406642631000 31.5364379882813
59.317018 18.090534 1406642633000 31.0108642578125
59.317016 18.090533 1406642635000 30.8323364257813
59.317016 18.090533 1406642637000 30.879150390625
59.317016 18.090533 1406642639000 31.1714477539063
59.317016 18.090533 1406642641000 31.9044189453125
59.317016 18.090533 1406642643000 33.3248901367187
59.317016 18.090533 1406642645000 33.9016723632812
59.317016 18.090533 1406642647000 34.0206909179687
59.317016 18.090533 1406642649000 34.0935668945312
59.317016 18.090533 1406642651000 34.1043701171875
59.317016 18.090533 1406642653000 34.1051025390625
59.317016 18.090533 1406642655000 34.1087646484375
59.317022 18.090559 1406642657000 34.1159057617187
59.317021 18.090561 1406642659000 34.5009155273438
59.317021 18.090561 1406642661000 34.9970703125
59.317021 18.090561 1406642663000 34.3624877929687
59.317021 18.090561 1406642665000 34.3204956054688
59.317021 18.090561 1406642667000 34.3380737304687
59.317021 18.090561 1406642669000 34.18505859375
59.317017 18.090559 1406642671000 33.180419921875
59.317007 18.090586 1406642673000 32.1891479492188
59.316992 18.090621 1406642675000 31.02978515625
59.316982 18.090653 1406642677000 29.3173828125
59.316974 18.090681 1406642679000 29.9685668945312
59.316975 18.090709 1406642681000 31.0586547851562
59.316986 18.090721 1406642683000 29.1138916015625
59.316987 18.090721 1406642685000 29.7864990234375
59.316987 18.090721 1406642687000 29.7401123046875
59.316987 18.090721 1406642689000 31.3510131835937
59.316987 18.090721 1406642691000 30.9491577148438
59.316987 18.090721 1406642693000 31.1804809570313
59.316987 18.090721 1406642695000 31.889892578125
59.316987 18.090721 1406642697000 32.056396484375
59.316987 18.090721 1406642699000 31.863037109375
59.316987 18.090721 1406642701000 31.8555297851563
59.316987 18.090721 1406642703000 31.855712890625
59.316987 18.090721 1406642705000 31.8583984375
59.316987 18.090721 1406642707000 31.8579711914063
59.316987 18.090721 1406642709000 31.8582763671875
59.317005 18.090743 1406642711000 31.7902221679688
59.317011 18.090737 1406642713000 31.278076171875
59.317011 18.090737 1406642715000 32.7022094726563
59.317011 18.090737 1406642717000 32.9978637695313
59.317011 18.090737 1406642719000 32.9369506835937
59.317011 18.090737 1406642721000 34.5817260742188
59.317011 18.090737 1406642723000 34.9728393554687
59.317011 18.090737 1406642725000 35.154296875
59.317011 18.090737 1406642727000 35.236328125
59.316994 18.090663 1406642729000 35.3793334960937
59.316983 18.090677 1406642731000 33.7433471679688
59.316969 18.090705 1406642733000 31.117919921875
59.316964 18.090734 1406642735000 33.8154296875
59.316964 18.090776 1406642737000 33.266357421875
59.316963 18.09081 1406642739000 32.772705078125
59.316957 18.090839 1406642741000 31.7019653320312
59.316951 18.090874 1406642743000 30.3502197265625
59.316954 18.090883 1406642745000 32.21142578125
59.316966 18.09089 1406642747000 31.6263427734375
59.316961 18.090907 1406642749000 31.2628173828125
59.31696 18.090931 1406642751000 31.00146484375
59.316962 18.090942 1406642753000 32.614990234375
59.316962 18.090942 1406642755000 31.8652954101563
59.316962 18.090942 1406642757000 31.7838134765625
59.316962 18.090942 1406642759000 32.8037109375
59.316962 18.090942 1406642761000 32.4436645507813
59.316962 18.090942 1406642763000 32.94580078125
59.316962 18.090942 1406642765000 33.1307373046875
59.316962 18.090942 1406642767000 33.0709838867187
59.316962 18.090942 1406642769000 32.6138916015625
59.316962 18.090942 1406642771000 32.5528564453125
59.316962 18.090942 1406642773000 32.5874633789063
59.316962 18.090942 1406642775000 32.60693359375
59.316958 18.090994 1406642777000 32.9113159179687
59.316955 18.091017 1406642779000 32.7335815429688
59.316954 18.091036 1406642781000 31.738525390625
59.316951 18.091065 1406642783000 29.467041015625
59.316945 18.091087 1406642785000 30.3941650390625
59.316942 18.091109 1406642787000 29.5592651367187
59.316936 18.091135 1406642789000 28.4310302734375
59.316929 18.091158 1406642791000 29.192138671875
59.316928 18.091178 1406642793000 28.27099609375
59.316927 18.091179 1406642795000 27.6869506835938
59.316927 18.091179 1406642797000 27.6148071289063
59.316927 18.091179 1406642799000 26.7821044921875
59.316927 18.091179 1406642801000 25.924072265625
59.316903 18.091147 1406642803000 25.494140625
59.316899 18.091149 1406642805000 26.12353515625
59.316899 18.091149 1406642807000 26.4221801757813
59.316899 18.091149 1406642809000 26.4844360351563
59.316899 18.091149 1406642811000 26.8283081054687
59.316899 18.091149 1406642813000 26.9951171875
59.316899 18.091149 1406642815000 27.2401123046875
59.316899 18.091149 1406642817000 27.3877563476563
59.316899 18.091149 1406642819000 27.4267578125
59.316899 18.091149 1406642821000 27.409423828125
59.316899 18.091149 1406642823000 27.40869140625
59.316899 18.091149 1406642825000 27.3290405273437
59.316918 18.091188 1406642827000 28.52587890625
59.316932 18.091198 1406642829000 29.5978393554688
59.31694 18.091193 1406642831000 29.527099609375
59.31694 18.091193 1406642833000 31.6060180664063
59.31694 18.091193 1406642835000 32.0914916992188
59.31694 18.091193 1406642837000 31.9674682617187
59.31694 18.091193 1406642839000 34.128173828125
59.316991 18.091191 1406642841000 34.9678955078125
59.316991 18.091191 1406642843000 35.5079956054688
59.316991 18.091191 1406642845000 35.366943359375
59.316991 18.091191 1406642847000 35.5742797851562
59.316991 18.091191 1406642849000 35.744384765625
59.316991 18.091191 1406642851000 35.8968505859375
59.316991 18.091191 1406642853000 35.5989990234375
59.316991 18.091191 1406642855000 35.8041381835937
59.316991 18.091191 1406642857000 35.8522338867188
59.316991 18.091191 1406642859000 35.8651123046875
59.316991 18.091191 1406642861000 35.8880004882812
59.316991 18.091191 1406642863000 35.8901977539062
59.316991 18.091191 1406642865000 35.920654296875
59.316991 18.091191 1406642867000 36.0283813476562
59.316991 18.091191 1406642869000 36.031982421875
59.316991 18.091191 1406642871000 36.0125732421875
59.316989 18.091187 1406642873000 35.9487915039062
59.316986 18.091197 1406642874000 36.34716796875
59.316967 18.091232 1406642877000 34.49267578125
59.316948 18.091245 1406642879000 32.0040283203125
59.316948 18.091245 1406642881000 29.9888916015625
59.316948 18.091245 1406642883000 29.4490356445312
59.316948 18.091245 1406642885000 30.0980224609375
59.316948 18.091245 1406642887000 29.999267578125
59.316948 18.091245 1406642889000 28.9328002929687
59.316948 18.091245 1406642891000 28.1715698242187
59.316948 18.091245 1406642893000 28.2973022460937
59.316948 18.091245 1406642895000 28.5540161132812
59.316948 18.091245 1406642897000 28.552734375
59.316913 18.091242 1406642899000 29.7523803710937
59.316911 18.091227 1406642901000 32.525146484375
59.31691 18.091208 1406642903000 28.6251831054687
59.31691 18.091208 1406642905000 28.5149536132812
59.31691 18.091208 1406642907000 28.4640502929687
59.31691 18.091208 1406642909000 28.4409790039063
59.31691 18.091208 1406642911000 28.2296752929687
59.31691 18.091208 1406642913000 28.7620239257813
59.31691 18.091208 1406642915000 28.6256103515625
59.31691 18.091208 1406642917000 28.6580200195312
59.31691 18.091208 1406642919000 28.8145751953125
59.31691 18.091208 1406642921000 28.7288818359375
59.31691 18.091208 1406642923000 28.73974609375
59.31691 18.091208 1406642925000 28.6798706054688
59.31691 18.091208 1406642927000 28.7632446289063
59.31691 18.091208 1406642929000 28.82080078125
59.31691 18.091208 1406642931000 28.8812255859375
59.31691 18.091208 1406642933000 28.900634765625
59.31691 18.091208 1406642935000 28.92138671875
59.31691 18.091208 1406642937000 28.951171875
59.31691 18.091208 1406642939000 29.0045166015625
59.31691 18.091208 1406642941000 29.0628662109375
59.31691 18.091208 1406642943000 28.9823608398438
59.31691 18.091208 1406642945000 28.9944458007812
59.31691 18.091208 1406642947000 29.0028076171875
59.31691 18.091208 1406642949000 28.982421875
59.31691 18.091208 1406642951000 31.239990234375
59.31691 18.091208 1406642953000 29.3834838867187
59.316926 18.091123 1406642955000 29.3145751953125
59.316926 18.091123 1406642957000 28.40869140625
59.316926 18.091123 1406642959000 28.5025634765625
59.316926 18.091123 1406642961000 28.6703491210937
59.316926 18.091123 1406642963000 28.3357543945312
59.316926 18.091123 1406642965000 28.3445434570313
59.316926 18.091123 1406642967000 28.3193969726562
59.316926 18.091123 1406642969000 28.294921875
59.316923 18.091141 1406642971000 31.0301513671875
59.316924 18.091141 1406642973000 31.5146484375
59.316929 18.09114 1406642975000 33.8587646484375
59.31693 18.09114 1406642977000 35.4790649414062
59.31693 18.09114 1406642979000 36.0175170898438
59.31693 18.09114 1406642981000 35.5328979492188
59.31693 18.09114 1406642983000 35.8945922851563
59.31693 18.09114 1406642985000 34.971923828125
59.31693 18.09114 1406642987000 33.948486328125
59.31693 18.09114 1406642989000 33.80712890625
59.31693 18.09114 1406642991000 33.321044921875
59.31693 18.09114 1406642993000 33.342529296875
59.31693 18.09114 1406642995000 33.2809448242187
59.31693 18.09114 1406642997000 33.2400512695312
59.31693 18.09114 1406642999000 33.2669677734375
59.31693 18.09114 1406643001000 33.28173828125
59.31693 18.09114 1406643003000 33.0269165039063
59.31693 18.09114 1406643005000 33.049072265625
59.31693 18.09114 1406643007000 33.0480346679687
59.31693 18.09114 1406643009000 33.0948486328125
59.31693 18.09114 1406643011000 33.1114501953125
59.31693 18.09114 1406643013000 33.1810913085937
59.31693 18.09114 1406643015000 33.4390869140625
59.31693 18.09114 1406643017000 33.6065063476562
59.31693 18.09114 1406643019000 34.4514770507813
59.31693 18.09114 1406643021000 35.3699951171875
59.31693 18.09114 1406643023000 34.694580078125
59.31693 18.09114 1406643025000 33.2301025390625
59.31693 18.09114 1406643027000 32.2111206054688
59.31693 18.09114 1406643029000 31.4696655273437
59.31693 18.09114 1406643031000 31.6246337890625
59.31692 18.091096 1406643033000 31.7423095703125
59.316927 18.091067 1406643035000 27.955078125
59.316938 18.091032 1406643037000 29.396240234375
59.316947 18.090975 1406643039000 27.412353515625
59.316955 18.090911 1406643041000 28.940673828125
59.316954 18.090856 1406643043000 28.928466796875
59.316947 18.090802 1406643045000 28.86962890625
59.316947 18.090745 1406643047000 31.0819091796875
59.316952 18.090692 1406643049000 32.1427001953125
59.31697 18.090652 1406643051000 32.2291259765625
59.316983 18.090612 1406643053000 32.5714721679688
59.316991 18.090575 1406643055000 31.3215942382813
59.316995 18.090535 1406643057000 31.0346069335938
59.31699 18.090496 1406643059000 29.5841674804688
59.316987 18.090452 1406643061000 31.5953369140625
59.316985 18.090411 1406643063000 29.0211791992187
59.316976 18.09037 1406643065000 27.6082763671875
59.316967 18.090337 1406643067000 28.4940795898438
59.316949 18.090332 1406643069000 25.3060913085937
59.316933 18.090332 1406643071000 24.1930541992187
59.316926 18.090321 1406643073000 24.8555908203125
59.316924 18.0903 1406643075000 25.9031372070313
59.316922 18.090276 1406643077000 28.2072143554688
59.316922 18.09025 1406643079000 27.8781127929687
59.316921 18.090226 1406643081000 29.1646728515625
59.316922 18.090197 1406643083000 29.51513671875
59.316927 18.090166 1406643085000 29.0252685546875
59.31693 18.09015 1406643087000 31.5020751953125
59.316939 18.09013 1406643089000 32.4907836914062
59.316943 18.090118 1406643091000 33.8353881835937
59.31695 18.090113 1406643093000 36.0783081054688
59.316958 18.090118 1406643095000 35.15625
59.31696 18.090105 1406643097000 32.5030517578125
59.316964 18.090091 1406643099000 30.3014526367187
59.316969 18.090072 1406643101000 27.7285766601562
59.316974 18.090065 1406643103000 28.9908447265625
59.316974 18.090065 1406643105000 28.6378173828125
59.316974 18.090065 1406643107000 27.5096435546875
59.316974 18.090065 1406643109000 27.3478393554688
59.316974 18.090065 1406643111000 27.6578979492188
59.316974 18.090065 1406643113000 27.0785522460937
59.316974 18.090065 1406643115000 26.9751586914063
59.316974 18.090065 1406643117000 26.864013671875
59.316974 18.090065 1406643119000 26.830322265625
59.316974 18.090065 1406643121000 26.8331298828125
59.316974 18.090065 1406643123000 26.1192626953125
59.316974 18.090065 1406643125000 26.1265258789063
59.316974 18.090065 1406643127000 26.1939697265625
59.316974 18.090065 1406643129000 26.1990966796875
59.316974 18.090065 1406643131000 26.3670043945313
59.316974 18.090065 1406643133000 26.5682983398437
59.316964 18.090019 1406643135000 26.5280151367187
59.316944 18.090004 1406643137000 27.0462646484375
59.316944 18.090004 1406643139000 29.2451171875
59.3169 18.089892 1406643141000 27.0617065429687
59.316888 18.089875 1406643143000 28.4921264648437
59.316872 18.089869 1406643145000 27.8336181640625
59.316841 18.089903 1406643147000 22.5394287109375
59.316806 18.089944 1406643149000 21.0909423828125
59.316768 18.089966 1406643151000 17.536376953125
59.316735 18.089971 1406643153000 14.1436767578125
59.31672 18.089974 1406643155000 9.8660888671875
59.316702 18.089978 1406643157000 8.39617919921875
59.316685 18.089962 1406643159000 5.81591796875
59.31669 18.089932 1406643161000 8.75457763671875
59.316687 18.089923 1406643163000 6.98785400390625
59.316687 18.089923 1406643164000 6.84503173828125
59.316687 18.089923 1406643167000 7.81707763671875
59.316704 18.089941 1406643169000 9.2154541015625
59.316697 18.089949 1406643171000 6.98870849609375
59.316667 18.089983 1406643173000 6.88525390625
59.31663 18.09003 1406643175000 9.46160888671875
59.316601 18.090084 1406643177000 6.572509765625
59.316586 18.090095 1406643179000 9.669921875
59.316588 18.090066 1406643181000 11.4940185546875
59.316588 18.090066 1406643183000 12.1095581054688
59.316588 18.090066 1406643185000 12.5438842773438
59.316633 18.090024 1406643187000 13.1215209960938
59.316633 18.090024 1406643189000 12.1681518554688
59.316633 18.090024 1406643191000 12.8093872070313
59.316633 18.090024 1406643193000 13.200927734375
59.316633 18.090024 1406643195000 13.2335815429688
59.316633 18.090024 1406643197000 14.3798217773438
59.316633 18.090024 1406643199000 15.0421752929688
59.316633 18.090024 1406643201000 13.8740844726563
59.316633 18.090024 1406643203000 14.6517333984375
59.316633 18.090024 1406643205000 15.5113525390625
59.316633 18.090024 1406643207000 16.3654174804688
59.316633 18.090024 1406643209000 16.633056640625
59.316633 18.090024 1406643211000 17.2463989257813
59.316633 18.090024 1406643213000 17.5797729492188
59.316633 18.090024 1406643215000 17.568603515625
59.316633 18.090024 1406643217000 17.5662231445313
59.316633 18.090024 1406643219000 17.6026611328125
59.316633 18.090024 1406643221000 17.5838623046875
59.316662 18.090063 1406643223000 18.9192504882813
59.316669 18.090038 1406643225000 19.124267578125
59.316673 18.090019 1406643227000 18.6329345703125
59.316678 18.090005 1406643229000 23.9801025390625
59.316677 18.089987 1406643231000 23.3370361328125
59.316688 18.08998 1406643233000 21.3124389648438
59.316707 18.09001 1406643235000 23.0731201171875
59.316729 18.090051 1406643237000 21.3212280273438
59.316745 18.090089 1406643239000 22.7810668945312
59.316765 18.090117 1406643241000 24.31201171875
59.316775 18.090118 1406643243000 21.1832275390625
59.316772 18.090117 1406643245000 21.6014404296875
59.316772 18.090117 1406643247000 21.9362182617188
59.316772 18.090117 1406643249000 24.9157104492187
59.316772 18.090117 1406643251000 25.4817504882813
59.316766 18.090105 1406643253000 27.453857421875
59.316763 18.090118 1406643255000 25.6177978515625
59.316761 18.090131 1406643257000 24.1062622070313
59.31676 18.090142 1406643259000 22.7034301757813
59.316755 18.090149 1406643261000 21.9251098632812
59.316755 18.090149 1406643263000 21.6796875
59.316755 18.090149 1406643265000 21.2236938476562
59.316755 18.090149 1406643267000 22.4683837890625
59.316755 18.090149 1406643269000 22.0725708007813
59.316755 18.090149 1406643271000 23.7303466796875
59.316755 18.090149 1406643273000 23.695068359375
59.316735 18.090179 1406643275000 23.6903686523438
59.316714 18.090214 1406643277000 29.3343505859375
59.316706 18.090229 1406643279000 24.4797973632813
59.316706 18.090229 1406643281000 24.6505737304687
59.316706 18.090229 1406643283000 23.2607421875
59.316706 18.090229 1406643285000 23.1635131835937
59.316706 18.090229 1406643287000 21.978515625
59.316673 18.090288 1406643289000 20.96435546875
59.316675 18.090284 1406643291000 18.7252807617188
59.316676 18.090271 1406643293000 17.4194946289063
59.316683 18.090237 1406643295000 15.37646484375
59.316687 18.090205 1406643297000 13.8223266601563
59.31669 18.090171 1406643299000 12.4481201171875
59.316706 18.090162 1406643301000 10.9608154296875
59.31672 18.09017 1406643303000 10.224853515625
59.316719 18.090158 1406643305000 9.74273681640625
59.316727 18.090144 1406643307000 12.806396484375
59.316735 18.090121 1406643309000 12.5771484375
59.316747 18.090083 1406643311000 17.4290771484375
59.316756 18.090039 1406643313000 16.3527221679688
59.316771 18.090004 1406643315000 18.4431762695313
59.316784 18.089984 1406643317000 21.0504150390625
59.316795 18.089956 1406643319000 21.0506591796875
59.316807 18.089933 1406643321000 22.5762329101562
59.316818 18.089918 1406643323000 22.4520874023437
59.316831 18.0899 1406643325000 23.0196533203125
59.316845 18.089876 1406643327000 24.3777465820312
59.316852 18.089835 1406643329000 26.4005737304688
59.316863 18.089806 1406643331000 26.0762939453125
59.316876 18.089784 1406643333000 26.3058471679687
59.316896 18.089762 1406643335000 29.8224487304688
59.316923 18.089741 1406643337000 32.7368774414063
59.31694 18.089731 1406643339000 34.0703735351562
59.316941 18.08972 1406643341000 35.6978149414063
59.316941 18.089717 1406643343000 34.3726196289063
59.316951 18.089701 1406643345000 35.35546875
59.316975 18.089658 1406643347000 37.3352661132813
59.317015 18.08964 1406643349000 38.0829467773438
59.317051 18.089637 1406643351000 38.706787109375
59.317083 18.089627 1406643353000 38.976318359375
59.317111 18.089613 1406643355000 40.5538330078125
59.31714 18.089625 1406643357000 43.1282348632813
59.317169 18.089653 1406643359000 42.1338500976563
59.317178 18.089661 1406643360000 41.2886962890625
59.317195 18.089678 1406643363000 38.699462890625
59.317193 18.089676 1406643365000 36.29052734375
59.317183 18.089653 1406643367000 36.0694580078125
59.317166 18.089626 1406643369000 34.7147216796875
59.317162 18.089592 1406643371000 34.885009765625
59.317163 18.089568 1406643373000 34.25
59.317162 18.089553 1406643375000 33.4865112304688
59.317157 18.089535 1406643377000 33.3294677734375
59.317147 18.089515 1406643379000 33.1602172851563
59.317139 18.089511 1406643381000 33.1444091796875
59.317135 18.089513 1406643382000 32.9921264648438
59.317131 18.089515 1406643385000 33.5433349609375
59.317131 18.089515 1406643387000 32.30078125
59.317097 18.089575 1406643389000 32.2366333007812
59.317097 18.089575 1406643391000 32.0128173828125
59.317097 18.089575 1406643393000 31.3056640625
59.317097 18.089575 1406643395000 30.2745971679687
59.317097 18.089575 1406643397000 29.6423950195313
59.317058 18.089568 1406643399000 29.523681640625
59.317063 18.089539 1406643401000 31.1974487304687
59.317071 18.089496 1406643403000 31.4439697265625
59.317076 18.089451 1406643405000 30.63818359375
59.31708 18.089406 1406643407000 32.1589965820313
59.317084 18.089382 1406643408000 31.9322509765625
59.317104 18.089305 1406643411000 32.5374145507813
59.317113 18.089249 1406643413000 32.4810791015625
59.31712 18.089191 1406643415000 32.33740234375
59.317128 18.089131 1406643417000 33.1300659179688
59.317134 18.089075 1406643419000 32.1207275390625
59.317139 18.089018 1406643421000 32.10595703125
59.317143 18.088965 1406643423000 30.538330078125
59.317145 18.088914 1406643425000 31.3734130859375
59.317146 18.088856 1406643427000 31.4915771484375
59.317148 18.088802 1406643429000 31.0614624023438
59.317152 18.088743 1406643431000 33.1807861328125
59.317154 18.088678 1406643433000 34.7323608398437
59.317157 18.088616 1406643435000 34.7835083007813
59.317159 18.088561 1406643437000 34.3548583984375
59.31716 18.088507 1406643439000 35.2216186523438
59.317166 18.088457 1406643441000 36.0203247070313
59.317171 18.088411 1406643443000 33.86767578125
59.317177 18.08837 1406643445000 33.624755859375
59.317178 18.088325 1406643447000 33.7567749023438
59.317183 18.088294 1406643449000 33.296142578125
59.317193 18.088282 1406643451000 27.9669189453125
59.317196 18.088261 1406643453000 26.1364135742187
59.317196 18.088229 1406643455000 27.04541015625
59.317195 18.088185 1406643457000 25.7246704101563
59.317194 18.08815 1406643459000 25.5316772460938
59.317196 18.088122 1406643461000 24.7752685546875
59.317206 18.088092 1406643463000 23.11181640625
59.317222 18.088059 1406643465000 21.6294555664063
59.317231 18.08803 1406643467000 21.6685180664063
59.317237 18.087994 1406643469000 21.5623168945313
59.317239 18.087951 1406643471000 21.9999389648438
59.317242 18.087911 1406643473000 20.6931762695313
59.317248 18.087875 1406643475000 20.7175903320313
59.317253 18.087842 1406643477000 19.43798828125
59.317255 18.087809 1406643479000 18.667724609375
59.317258 18.087775 1406643481000 19.052490234375
59.31726 18.087742 1406643483000 19.232177734375
59.317264 18.087709 1406643485000 18.8470458984375
59.317264 18.087678 1406643487000 18.482666015625
59.317262 18.087643 1406643489000 17.5739135742188
59.317264 18.087609 1406643491000 17.649658203125
59.317265 18.087573 1406643493000 18.1119995117188
59.317264 18.087543 1406643495000 18.3569946289063
59.317259 18.087517 1406643497000 17.467529296875
59.317258 18.087486 1406643499000 17.5844116210938
59.317255 18.087446 1406643501000 17.8307495117188
59.317259 18.087394 1406643503000 18.9506225585938
59.317264 18.087337 1406643505000 20.6365966796875
59.317269 18.087295 1406643507000 19.5030517578125
59.31728 18.087263 1406643509000 20.63525390625
59.317281 18.087229 1406643511000 20.7178344726562
59.317281 18.087203 1406643513000 19.051513671875
59.317275 18.087201 1406643515000 20.1728515625
59.317275 18.087199 1406643517000 21.9857177734375
59.317275 18.087199 1406643519000 22.5375366210937
59.317275 18.087199 1406643521000 22.02880859375
59.317275 18.087199 1406643523000 22.3665771484375
59.317275 18.087199 1406643525000 22.603515625
59.317275 18.087199 1406643527000 22.3968505859375
59.317265 18.08715 1406643529000 21.2684326171875
59.317265 18.08715 1406643531000 21.740966796875
59.317265 18.08715 1406643533000 22.1529541015625
59.317265 18.08715 1406643535000 21.7987670898437
59.317276 18.087126 1406643537000 21.9525146484375
59.317285 18.087099 1406643539000 21.1336669921875
59.317291 18.087072 1406643541000 21.7344360351563
59.317292 18.087023 1406643543000 23.9534301757813
59.317299 18.086983 1406643545000 23.5432739257813
59.317307 18.086941 1406643547000 22.8993530273438
59.31732 18.086907 1406643549000 22.4497680664063
59.317335 18.086871 1406643551000 21.3956298828125
59.317346 18.086834 1406643553000 21.24951171875
59.317352 18.086795 1406643555000 20.9370727539063
59.317359 18.086756 1406643557000 21.4470825195312
59.31737 18.086731 1406643559000 21.595703125
59.317383 18.086729 1406643561000 20.7452392578125
59.317397 18.086725 1406643563000 21.0581665039063
59.317408 18.086715 1406643565000 21.5327758789063
59.317412 18.086696 1406643567000 19.7020263671875
59.317407 18.086691 1406643569000 20.2346801757812
59.317407 18.086691 1406643571000 20.6064453125
59.317407 18.086691 1406643573000 21.561279296875
59.317407 18.086691 1406643575000 21.914306640625
59.317407 18.086691 1406643577000 21.6527709960937
59.317407 18.086691 1406643579000 19.1263427734375
59.317362 18.086692 1406643581000 17.7562255859375
59.317359 18.086696 1406643583000 18.2268676757813
59.317349 18.086693 1406643585000 17.7251586914063
59.317341 18.086685 1406643587000 17.9930419921875
59.317329 18.086683 1406643589000 17.7517700195313
59.317311 18.086696 1406643591000 17.31298828125
59.317302 18.086729 1406643593000 21.7183837890625
59.317289 18.086782 1406643595000 19.90576171875
59.31728 18.086835 1406643597000 19.9553833007813
59.317273 18.086895 1406643599000 17.3868408203125
59.317266 18.086967 1406643601000 17.31298828125
59.317254 18.086986 1406643603000 16.0011596679688
59.317242 18.087017 1406643605000 15.3944091796875
59.317232 18.087048 1406643607000 14.2760009765625
59.317228 18.087075 1406643609000 14.3211669921875
59.317227 18.087083 1406643611000 13.4317626953125
59.31722 18.087078 1406643613000 12.79248046875
59.317217 18.087072 1406643615000 13.1350708007813
59.317217 18.087072 1406643617000 14.041259765625
59.317217 18.087072 1406643619000 13.3792724609375
59.317207 18.08709 1406643621000 13.6607055664063
59.317212 18.087123 1406643623000 16.280029296875
59.31721 18.087174 1406643625000 15.8097534179688
59.317201 18.087222 1406643627000 16.677490234375
59.317197 18.087278 1406643629000 16.4495849609375
59.317201 18.087335 1406643631000 16.4774780273438
59.317209 18.087382 1406643633000 16.20458984375
59.317213 18.087409 1406643635000 14.649169921875
59.317219 18.087421 1406643637000 13.9627685546875
59.317226 18.087442 1406643639000 14.3920288085938
59.317233 18.08748 1406643641000 15.6703491210938
59.317245 18.087506 1406643643000 16.5502319335938
59.317255 18.087516 1406643645000 19.3416748046875
59.317258 18.08753 1406643647000 17.7291259765625
59.317259 18.087535 1406643649000 17.16650390625
59.317271 18.087541 1406643651000 16.8438720703125
59.317268 18.087552 1406643653000 16.5420532226563
59.31726 18.087564 1406643655000 17.5856323242188
59.31725 18.087568 1406643657000 16.9984130859375
59.317239 18.087584 1406643659000 16.7334594726563
59.317232 18.087612 1406643661000 15.718994140625
59.317226 18.08763 1406643663000 12.3297119140625
59.317221 18.087646 1406643665000 11.8515625
59.317218 18.087678 1406643667000 12.67138671875
59.317215 18.087717 1406643669000 13.8508911132813
59.317211 18.087754 1406643671000 13.67919921875
59.317208 18.087791 1406643673000 14.2191162109375
59.317212 18.087823 1406643675000 14.2625122070313
59.317217 18.087856 1406643677000 16.5980224609375
59.317214 18.087889 1406643679000 13.9049682617188
59.317215 18.087925 1406643681000 13.89453125
59.317217 18.08797 1406643683000 13.8563232421875
59.317216 18.088013 1406643685000 13.98779296875
59.317213 18.088053 1406643687000 13.5225830078125
59.317208 18.088099 1406643689000 13.8992309570313
59.317207 18.088144 1406643691000 15.3355712890625
59.317208 18.088186 1406643693000 16.7984619140625
59.317205 18.088219 1406643695000 17.772705078125
59.317205 18.088261 1406643697000 18.461181640625
59.317206 18.088303 1406643699000 18.692626953125
59.317206 18.088347 1406643701000 19.6044921875
59.317201 18.08839 1406643703000 21.5748901367188
59.317196 18.088417 1406643705000 19.4072875976563
59.317188 18.088435 1406643707000 18.7599487304688
59.317181 18.088462 1406643709000 19.095458984375
59.317173 18.088488 1406643711000 17.7987670898438
59.317162 18.088514 1406643713000 16.5884399414063
59.31715 18.088542 1406643715000 16.614501953125
59.317139 18.088561 1406643717000 17.167724609375
59.317128 18.088585 1406643719000 15.7661743164063
59.317134 18.088658 1406643721000 17.6812133789063
59.317137 18.088711 1406643723000 18.5745849609375
59.31714 18.088759 1406643725000 18.907958984375
59.317141 18.08881 1406643727000 17.3451538085938
59.317138 18.088854 1406643729000 17.3394165039063
59.317136 18.088895 1406643731000 17.5479736328125
59.317131 18.088922 1406643733000 14.6251831054688
59.317128 18.088951 1406643735000 15.2763061523438
59.317131 18.088985 1406643737000 15.2426147460938
59.317134 18.089027 1406643739000 15.4180297851563
59.317139 18.089076 1406643741000 16.4927368164063
59.317138 18.089126 1406643743000 18.0296020507813
59.317139 18.089175 1406643745000 19.0784912109375
59.317139 18.089223 1406643747000 18.7212524414063
59.317137 18.089266 1406643749000 17.52978515625
59.317135 18.089306 1406643751000 18.67041015625
59.317137 18.089345 1406643753000 19.718994140625
59.31714 18.08939 1406643755000 19.3705444335938
59.317144 18.089433 1406643757000 18.5787963867188
59.317143 18.089468 1406643759000 17.906494140625
59.317131 18.089487 1406643761000 16.744140625
59.317118 18.089508 1406643763000 17.0924072265625
59.317108 18.089544 1406643765000 18.0244750976563
59.317098 18.089559 1406643767000 18.0974731445313
59.317086 18.089573 1406643769000 18.9505615234375
59.317073 18.089574 1406643771000 19.4627685546875
59.317069 18.089568 1406643773000 23.0115966796875
59.317052 18.089566 1406643775000 25.153076171875
59.31704 18.089571 1406643776000 26.2611083984375
59.316989 18.089551 1406643779000 24.4525756835938
59.316948 18.089524 1406643781000 24.9711303710938
59.316908 18.089497 1406643783000 25.2650756835938
59.316889 18.089474 1406643785000 27.0323486328125
59.316879 18.089448 1406643787000 28.9434814453125
59.316872 18.089431 1406643789000 31.5863037109375
59.316858 18.089431 1406643791000 32.909423828125
59.31684 18.089441 1406643793000 35.9710693359375
59.316825 18.089435 1406643795000 35.11767578125
59.316811 18.089432 1406643797000 35.4876098632812
59.316796 18.089445 1406643799000 35.5078125
59.31678 18.089463 1406643801000 35.8482666015625
59.31677 18.089486 1406643803000 36.7161254882813
59.316762 18.089482 1406643805000 41.9361572265625
59.316748 18.089478 1406643807000 40.6758422851563
59.31673 18.089493 1406643809000 42.5517578125
59.316731 18.089483 1406643811000 41.7987670898438
59.316719 18.089471 1406643813000 42.9805908203125
59.316708 18.089486 1406643815000 41.6420288085938
59.316689 18.089521 1406643817000 39.9619750976563
59.316671 18.089545 1406643819000 43.0175170898438
59.316648 18.089554 1406643821000 44.62548828125
59.316617 18.089579 1406643823000 44.3311767578125
59.316587 18.089615 1406643825000 41.219970703125
59.316571 18.089659 1406643827000 40.9910888671875
59.316552 18.089684 1406643829000 40.7263793945313
59.316531 18.089654 1406643831000 39.8785400390625
59.316512 18.089657 1406643833000 41.1292114257813
59.316494 18.089676 1406643835000 37.7950439453125
59.316475 18.089694 1406643837000 39.2610473632812
59.31646 18.089709 1406643839000 39.2142333984375
59.316438 18.089723 1406643841000 38.6366577148437
59.316415 18.089721 1406643843000 40.0584716796875
59.316404 18.089728 1406643845000 42.2449951171875
59.316403 18.08974 1406643846000 42.264404296875
59.316406 18.089771 1406643849000 43.4788208007813
59.316406 18.08978 1406643851000 45.0082397460938
59.316403 18.089799 1406643853000 45.586669921875
59.3164 18.089816 1406643855000 46.6947021484375
59.31639 18.089787 1406643857000 47.156494140625
59.316344 18.089713 1406643859000 46.9866943359375
59.316252 18.08965 1406643861000 46.5816650390625
59.316187 18.089609 1406643863000 43.9979858398438
59.316106 18.08956 1406643865000 38.7302856445313
59.316074 18.089559 1406643867000 39.4906616210937
59.316065 18.089585 1406643869000 39.21337890625
59.316053 18.089606 1406643871000 39.85595703125
59.316043 18.089663 1406643873000 37.4231567382813
59.316052 18.089757 1406643875000 36.0872192382813
59.316042 18.089813 1406643877000 36.5527954101563
59.316042 18.089847 1406643879000 36.736572265625
59.316042 18.08984 1406643881000 37.5327758789063
59.316037 18.089813 1406643883000 36.4158935546875
59.31603 18.089795 1406643885000 37.9228515625
59.316018 18.089778 1406643887000 36.5265502929688
59.315998 18.089775 1406643889000 37.7921142578125
59.31597 18.089773 1406643891000 37.2116088867187
59.315939 18.089785 1406643893000 38.2440185546875
59.315896 18.089776 1406643895000 40.7613525390625
59.315867 18.089756 1406643897000 41.197021484375
59.315846 18.089732 1406643899000 39.577392578125
59.315829 18.089711 1406643901000 40.5282592773438
59.315807 18.089679 1406643903000 43.5646362304688
59.315801 18.089666 1406643905000 43.9920043945313
59.315799 18.089667 1406643907000 48.6743774414063
59.315797 18.089692 1406643909000 43.692626953125
59.315786 18.089747 1406643911000 40.323486328125
59.315773 18.089808 1406643913000 31.4490966796875
59.315762 18.089847 1406643915000 31.9352416992188
59.315764 18.089874 1406643917000 30.7752685546875
59.315775 18.089901 1406643919000 32.2369384765625
59.315774 18.089931 1406643921000 31.72265625
59.315777 18.089952 1406643923000 32.1967163085938
59.315777 18.089969 1406643925000 27.95751953125
59.315769 18.089993 1406643927000 27.5330200195313
59.315757 18.089994 1406643929000 26.1900024414063
59.315738 18.089994 1406643931000 24.1689453125
59.315725 18.090003 1406643933000 24.6450805664062
59.315717 18.090012 1406643935000 25.9703369140625
59.315709 18.090019 1406643937000 26.7727661132812
59.315705 18.09002 1406643939000 25.6857299804687
59.315703 18.090009 1406643941000 26.543701171875
59.315694 18.090004 1406643943000 24.4680786132812
59.31568 18.090011 1406643945000 24.9166870117187
59.315677 18.090014 1406643947000 26.5556640625
59.315694 18.090015 1406643949000 23.579833984375
59.315726 18.090021 1406643951000 22.3201293945313
59.315765 18.090012 1406643953000 22.0365600585938
59.315797 18.090005 1406643955000 20.2069702148437
59.315821 18.089994 1406643957000 18.7474975585938
59.315842 18.089984 1406643959000 19.1569213867188
59.315862 18.08997 1406643961000 19.6072387695313
59.315884 18.089958 1406643963000 18.9313354492188
59.315908 18.089941 1406643965000 18.4341430664063
59.315938 18.089919 1406643967000 19.53466796875
59.315964 18.089912 1406643969000 19.5982055664063
59.315982 18.089912 1406643971000 18.9804077148438
59.315986 18.089897 1406643973000 19.4134521484375
59.315975 18.089885 1406643975000 19.1171264648438
59.315945 18.089849 1406643977000 21.325927734375
59.31592 18.089835 1406643979000 20.1046142578125
59.31589 18.089832 1406643981000 20.2179565429687
59.315865 18.089832 1406643983000 18.9551391601563
59.315831 18.089838 1406643985000 17.26318359375
59.315797 18.089834 1406643987000 14.9374389648438
59.315771 18.089819 1406643989000 15.775634765625
59.315751 18.089801 1406643991000 17.0894775390625
59.31573 18.089789 1406643993000 15.859619140625
59.315709 18.089783 1406643995000 18.0501098632813
59.315689 18.089776 1406643997000 18.4487915039063
59.315676 18.089763 1406643999000 18.64892578125
59.315668 18.089739 1406644001000 19.3348999023438
59.315653 18.089714 1406644003000 15.9522094726563
59.315641 18.0897 1406644005000 16.1107177734375
59.315642 18.089703 1406644007000 16.986328125
59.315642 18.089703 1406644009000 17.127197265625
59.315642 18.089703 1406644011000 17.4918212890625
59.315642 18.089703 1406644013000 17.4918823242188
59.315642 18.089703 1406644015000 17.0797119140625
59.315642 18.089703 1406644017000 17.4913330078125
59.315642 18.089703 1406644019000 17.1405639648438
59.315637 18.089716 1406644021000 17.5523071289063
59.315619 18.089711 1406644023000 19.2560424804688
59.315598 18.089713 1406644025000 17.3988037109375
59.315576 18.089721 1406644027000 17.1212768554688
59.315555 18.089747 1406644029000 16.55810546875
59.315542 18.089791 1406644031000 17.134521484375
59.315541 18.089866 1406644033000 20.4056396484375
59.315535 18.089905 1406644035000 19.3153076171875
59.31554 18.089898 1406644037000 18.028564453125
59.31553 18.089868 1406644039000 17.697998046875
59.315521 18.089857 1406644041000 16.9736328125
59.315526 18.089854 1406644043000 16.609619140625
59.315538 18.089862 1406644045000 16.9244384765625
59.315547 18.089868 1406644047000 17.1859741210938
59.315539 18.089994 1406644049000 19.0261840820313
59.315533 18.090122 1406644051000 19.9419555664063
59.315602 18.089913 1406644083000 28.9158325195313
59.31561 18.089844 1406644085000 29.7977294921875
59.315609 18.089862 1406644087000 29.2981567382813
59.315598 18.089884 1406644089000 28.8394165039062
59.315581 18.089895 1406644091000 26.702880859375
59.315566 18.089911 1406644093000 29.3768310546875
59.315547 18.089938 1406644095000 33.8869018554688
59.315514 18.089971 1406644097000 36.5087890625
59.315504 18.089942 1406644099000 36.0582275390625
59.315505 18.089896 1406644101000 35.36767578125
59.315476 18.08991 1406644103000 35.4813842773438
59.315424 18.089974 1406644105000 34.9022216796875
59.315329 18.090068 1406644107000 36.9091186523437
59.315239 18.090109 1406644109000 37.4414672851563
59.31517 18.090141 1406644111000 39.6821899414062
59.315106 18.090109 1406644113000 40.4815673828125
59.315087 18.09014 1406644115000 40.8485107421875
59.315055 18.090187 1406644117000 35.8541870117187
59.315026 18.090203 1406644119000 37.9920043945313
59.315008 18.090196 1406644121000 38.18115234375
59.314991 18.090183 1406644123000 37.7642211914062
59.314962 18.090196 1406644125000 37.5321655273438
59.31497 18.09025 1406644127000 38.7176513671875
59.31496 18.090278 1406644129000 41.4542236328125
59.314946 18.090286 1406644131000 39.3504638671875
59.31495 18.090313 1406644133000 38.891357421875
59.314938 18.090345 1406644135000 37.6765747070313
59.314915 18.090334 1406644137000 36.1951293945313
59.314881 18.090299 1406644139000 37.5545043945313
59.314829 18.09031 1406644141000 39.87841796875
59.314783 18.090381 1406644143000 40.6898193359375
59.314741 18.090456 1406644145000 40.7095947265625
59.314692 18.090418 1406644147000 42.5220336914063
59.314675 18.090276 1406644149000 44.3858642578125
59.314682 18.090215 1406644151000 46.7997436523438
59.31471 18.090288 1406644153000 48.192626953125
59.314763 18.090295 1406644155000 49.7321166992188
59.314737 18.090313 1406644157000 42.9041748046875
59.314683 18.090276 1406644159000 43.65283203125
59.31466 18.090245 1406644161000 45.057373046875
59.3147 18.090238 1406644163000 44.9976806640625
59.314727 18.090263 1406644165000 46.9887084960938
59.314742 18.090254 1406644167000 47.3670654296875
59.314747 18.090215 1406644169000 48.7489624023438
59.31473 18.090182 1406644171000 48.5304565429688
59.3147 18.090186 1406644173000 46.136962890625
59.314683 18.090173 1406644175000 46.3145751953125
59.31466 18.090167 1406644177000 43.59033203125
59.314639 18.090153 1406644179000 38.2635498046875
59.31463 18.090113 1406644181000 34.8005981445313
59.31463 18.090113 1406644183000 29.991943359375
59.31463 18.090113 1406644185000 28.0996704101562
59.314636 18.090059 1406644187000 28.0317993164062
59.314658 18.090054 1406644189000 26.8758544921875
59.314675 18.090052 1406644191000 26.7554321289063
59.314691 18.09005 1406644193000 23.4351196289062
59.314697 18.090046 1406644195000 22.9078979492188
59.314703 18.09004 1406644197000 22.3629760742187
59.314714 18.09004 1406644199000 22.9244995117187
59.314721 18.090026 1406644201000 23.0267944335937
59.314725 18.090017 1406644202000 22.99267578125
59.314772 18.09016 1406644245000 23.1035766601562
59.314821 18.090145 1406644247000 25.6441650390625
59.31486 18.090119 1406644249000 27.6911010742188
59.314896 18.090095 1406644251000 29.15673828125
59.314934 18.090077 1406644253000 32.6444091796875
59.314959 18.090048 1406644255000 33.6522827148437
59.314972 18.089991 1406644257000 36.0696411132812
59.314986 18.089975 1406644259000 42.3643188476563
59.315003 18.089976 1406644261000 41.8677368164063
59.315022 18.089971 1406644263000 42.0839233398438
59.315048 18.089973 1406644265000 46.2327880859375
59.315075 18.089988 1406644267000 46.2130737304688
59.315107 18.089989 1406644269000 45.9382934570313
59.315142 18.08999 1406644271000 48.8370971679688
59.315187 18.090004 1406644273000 51.0504150390625
59.315241 18.090004 1406644275000 49.7838745117188
59.315291 18.089985 1406644277000 48.931884765625
59.315307 18.090008 1406644279000 47.2810668945313
59.315313 18.090014 1406644281000 49.4777221679688
59.315321 18.090023 1406644283000 49.4686279296875
59.31533 18.090028 1406644285000 48.1497192382813
59.315346 18.090021 1406644287000 48.0289306640625
59.315387 18.089997 1406644289000 47.3709716796875
59.315419 18.090042 1406644291000 44.8607177734375
59.31544 18.090061 1406644293000 47.5626831054688
59.315474 18.090061 1406644295000 45.28759765625
59.315498 18.090067 1406644297000 46.0775756835938
59.315518 18.090104 1406644299000 46.4146118164063
59.315523 18.090127 1406644301000 43.3048095703125
59.315518 18.090125 1406644303000 41.2722778320313
59.315504 18.090127 1406644305000 37.50732421875
59.315497 18.090132 1406644307000 33.1996459960938
59.315501 18.090136 1406644309000 31.9215698242188
59.3155 18.090157 1406644311000 31.4586181640625
59.315492 18.090167 1406644313000 30.5214233398438
59.315492 18.090167 1406644315000 29.3458862304687
59.315492 18.090167 1406644317000 29.7377319335937
59.315492 18.090167 1406644319000 28.9728393554688
59.315447 18.090225 1406644321000 28.3011474609375
59.315381 18.090301 1406644323000 27.2896118164063
59.315332 18.090304 1406644325000 26.1764526367187
59.315332 18.090304 1406644327000 26.0305786132812
59.315325 18.090186 1406644329000 24.3878784179688
59.315325 18.090186 1406644331000 25.3803100585938
59.315325 18.090186 1406644333000 27.2879028320312
59.315325 18.090186 1406644335000 26.0020141601563
59.315325 18.090186 1406644337000 24.6346435546875
59.315325 18.090186 1406644339000 25.7417602539063
59.315325 18.090186 1406644341000 25.632568359375
59.315325 18.090186 1406644343000 25.7084350585938
59.315325 18.090186 1406644345000 27.0471801757813
59.315325 18.090186 1406644347000 27.2537841796875
59.315325 18.090186 1406644349000 27.4054565429688
59.315325 18.090186 1406644351000 28.0971069335937
59.315325 18.090186 1406644353000 28.2361450195313
59.315325 18.090186 1406644355000 28.3110961914062
59.315352 18.09016 1406644357000 31.3207397460937
59.315352 18.09016 1406644359000 30.5264282226562
59.315352 18.09016 1406644361000 31.6064453125
59.315352 18.09016 1406644363000 32.5159912109375
59.315352 18.09016 1406644365000 31.983642578125
59.315352 18.09016 1406644367000 32.4281005859375
59.315352 18.09016 1406644369000 34.1275634765625
59.315395 18.090126 1406644371000 34.3317260742188
59.315395 18.090126 1406644373000 35.85546875
59.315395 18.090126 1406644375000 35.9146728515625
59.315406 18.09016 1406644377000 39.5297241210937
59.315406 18.09016 1406644379000 42.0838012695313
59.315411 18.090248 1406644381000 42.6339721679688
59.315411 18.090248 1406644383000 44.2327270507813
59.315453 18.090281 1406644385000 45.3131103515625
59.315453 18.090281 1406644387000 47.3160400390625
59.315453 18.090281 1406644389000 47.1529541015625
59.315453 18.090281 1406644391000 46.6331787109375
59.315489 18.090282 1406644393000 46.5236206054688
59.315481 18.090254 1406644395000 46.2810668945313
59.315488 18.090206 1406644397000 43.2437744140625
59.315475 18.09016 1406644399000 37.5110473632813
59.315461 18.090167 1406644401000 39.1679077148438
59.31545 18.090172 1406644403000 40.8916625976563
59.315423 18.09017 1406644405000 36.6697387695313
59.31539 18.090138 1406644407000 36.5087280273437
59.315367 18.09008 1406644409000 37.224853515625
59.315311 18.090084 1406644411000 35.5687866210937
59.315182 18.08996 1406644415000 36.2636108398438
59.315142 18.089968 1406644417000 37.7257080078125
59.315117 18.089999 1406644419000 36.8309936523437
59.315078 18.090084 1406644421000 37.8721923828125
59.315047 18.090139 1406644423000 35.0775146484375
59.315008 18.090137 1406644425000 36.0530395507813
59.314961 18.090216 1406644427000 37.946533203125
59.314942 18.090268 1406644429000 37.705810546875
59.314916 18.090307 1406644431000 38.428955078125
59.314868 18.090319 1406644433000 41.9207153320313
59.314835 18.090332 1406644435000 42.6864013671875
59.314798 18.090348 1406644437000 44.0419921875
59.314745 18.090349 1406644439000 46.4266967773438
59.314739 18.090291 1406644441000 46.724853515625
59.314772 18.090221 1406644443000 47.0435791015625
59.314787 18.090198 1406644445000 49.0886840820313
59.314788 18.090181 1406644447000 48.3310546875
59.314787 18.090157 1406644449000 48.2203979492188
59.314789 18.090143 1406644451000 48.5729370117188
59.314771 18.090167 1406644453000 46.636474609375
59.314745 18.090202 1406644455000 44.2744140625
59.314741 18.090217 1406644457000 44.28173828125
59.314735 18.090231 1406644459000 43.3854370117188
59.314733 18.090225 1406644461000 43.5723876953125