62.614622 29.822761 1407855378000 94.119201660156
62.614524 29.822773 1407855380000 89.544860839844
62.614526 29.822778 1407855382000 89.804138183594
62.61449 29.822805 1407855384000 86.87353515625
62.61449 29.822805 1407855386000 86.481079101562
62.614484 29.822795 1407855388000 87.241577148438
62.614472 29.82274 1407855390000 83.621459960938
62.61443 29.822688 1407855392000 85.666259765625
62.614405 29.822649 1407855394000 86.867553710938
62.614404 29.822672 1407855396000 87.736083984375
62.614408 29.822685 1407855397000 89.287170410156
62.61443 29.82274 1407855400000 89.69677734375
62.614438 29.822749 1407855401000 90.125
62.614455 29.822764 1407855404000 90.159729003906
62.614451 29.822749 1407855406000 93.0244140625
62.614434 29.822759 1407855408000 92.673461914062
62.614413 29.822787 1407855410000 93.3896484375
62.614397 29.82279 1407855412000 92.159545898438
62.614399 29.822753 1407855414000 93.591979980469
62.614414 29.822738 1407855416000 95.202087402344
62.614418 29.822747 1407855418000 95.024963378906
62.614424 29.822725 1407855420000 96.742614746094
62.614429 29.822721 1407855422000 97.354614257812
62.614429 29.822721 1407855424000 97.186401367188
62.614429 29.822721 1407855426000 96.567199707031
62.614429 29.822721 1407855428000 94.268981933594
62.614429 29.822721 1407855430000 94.444091796875
62.614429 29.822721 1407855432000 95.572204589844
62.614405 29.822722 1407855434000 95.935485839844
62.614403 29.82272 1407855435000 95.836608886719
62.614414 29.82274 1407855437000 95.126403808594
62.614432 29.822794 1407855440000 93.764404296875
62.614449 29.82277 1407855442000 93.100280761719
62.614464 29.822764 1407855444000 95.268005371094
62.614463 29.822752 1407855446000 90.338684082031
62.614468 29.822721 1407855448000 87.614685058594
62.61449 29.822721 1407855450000 88.836181640625
62.614506 29.822747 1407855451000 89.147766113281
62.614541 29.822821 1407855454000 92.773864746094
62.614546 29.822864 1407855456000 92.793640136719
62.61453 29.82289 1407855458000 92.622497558594
62.614509 29.822862 1407855460000 91.392639160156
62.614497 29.822819 1407855462000 89.560546875
62.614489 29.822772 1407855464000 88.166320800781
62.614477 29.822742 1407855466000 87.747314453125
62.614469 29.822755 1407855468000 88.096130371094
62.614479 29.822774 1407855470000 87.1767578125
62.614468 29.822781 1407855472000 85.959106445312
62.614462 29.822785 1407855473000 86.2197265625
62.614453 29.822818 1407855475000 85.960327148438
62.614449 29.82287 1407855478000 86.191650390625
62.61446 29.822893 1407855480000 86.245971679688
62.614474 29.82292 1407855482000 85.705688476562
62.614493 29.822943 1407855484000 86.809631347656
62.614512 29.822954 1407855486000 89.387084960938
62.614517 29.822984 1407855488000 87.644897460938
62.614517 29.823003 1407855489000 87.646728515625
62.614531 29.823008 1407855491000 87.862365722656
62.614552 29.822964 1407855493000 87.601135253906
62.614591 29.822892 1407855496000 87.183654785156
62.614624 29.822878 1407855498000 87.156433105469
62.614651 29.822867 1407855500000 86.03515625
62.61465 29.822887 1407855502000 87.268981933594
62.614627 29.822912 1407855504000 87.000122070312
62.614602 29.822929 1407855506000 86.974365234375
62.614591 29.822935 1407855507000 86.736389160156
62.614562 29.822894 1407855510000 85.4951171875
62.614542 29.822844 1407855512000 86.182006835938
62.614521 29.822806 1407855514000 86.125244140625
62.614501 29.822765 1407855516000 86.046936035156
62.614488 29.822742 1407855518000 88.150268554688
62.614483 29.822733 1407855520000 87.986267089844
62.614473 29.822726 1407855522000 88.384765625
62.614468 29.822728 1407855523000 87.893432617188
62.614469 29.822742 1407855526000 87.407470703125
62.614479 29.82274 1407855528000 88.164733886719
62.614472 29.822725 1407855530000 89.981262207031
62.614465 29.822723 1407855532000 89.588928222656
62.614457 29.822748 1407855534000 89.767578125
62.614442 29.822778 1407855536000 90.977783203125
62.614439 29.822804 1407855538000 90.814636230469
62.614475 29.822833 1407855540000 90.696655273438
62.614505 29.822866 1407855542000 90.537963867188
62.614519 29.822889 1407855543000 90.429260253906
62.614553 29.822945 1407855546000 89.687622070312
62.614553 29.822961 1407855548000 90.25244140625
62.614532 29.822899 1407855550000 89.669311523438
62.614524 29.822855 1407855552000 90.208068847656
62.614487 29.822781 1407855560000 92.281982421875
62.614505 29.822789 1407855562000 92.674560546875
62.614522 29.822813 1407855564000 93.118347167969
62.614535 29.822848 1407855566000 92.001098632812
62.614546 29.822873 1407855568000 92.794921875
62.614561 29.822902 1407855570000 92.431030273438
62.614571 29.822927 1407855572000 94.230041503906
62.614581 29.822934 1407855574000 95.445556640625
62.614583 29.82294 1407855575000 95.394348144531
62.614589 29.822907 1407855578000 93.418395996094
62.614596 29.822879 1407855580000 92.941162109375
62.614596 29.822879 1407855582000 92.309814453125
62.614596 29.822879 1407855584000 93.099609375
62.614596 29.822879 1407855586000 93.873718261719
62.614605 29.82287 1407855588000 94.04052734375
62.614593 29.822857 1407855590000 93.765014648438
62.614578 29.822806 1407855592000 94.244567871094
62.614568 29.822763 1407855594000 94.475219726562
62.614553 29.822725 1407855596000 94.443237304688
62.614539 29.82271 1407855598000 95.248718261719
62.614538 29.82275 1407855600000 94.312927246094
62.614551 29.822789 1407855602000 91.878845214844
62.614556 29.822828 1407855604000 91.111572265625
62.614534 29.822809 1407855606000 90.980285644531
62.614537 29.822803 1407855608000 92.894409179688
62.614535 29.822839 1407855610000 93.366516113281
62.614525 29.822852 1407855612000 91.920166015625
62.614517 29.822826 1407855614000 93.495056152344
62.614509 29.822806 1407855616000 91.7802734375
62.614503 29.822776 1407855618000 90.767822265625
62.614492 29.822751 1407855620000 90.670471191406
62.614488 29.822769 1407855622000 89.8720703125
62.614497 29.822798 1407855624000 90.358032226562
62.614477 29.822802 1407855626000 91.5341796875
62.614475 29.822805 1407855627000 90.721923828125
62.614481 29.822816 1407855630000 91.423095703125
62.614492 29.822817 1407855632000 92.295104980469
62.614503 29.822832 1407855634000 93.04248046875
62.614516 29.822885 1407855636000 92.951538085938
62.614517 29.822947 1407855638000 91.28515625
62.614521 29.822986 1407855640000 88.50927734375
62.614522 29.822989 1407855642000 87.820373535156
62.614518 29.822994 1407855644000 88.442749023438
62.614523 29.823007 1407855646000 86.271667480469
62.614528 29.822986 1407855648000 85.619140625
62.614522 29.822967 1407855650000 84.729431152344
62.61452 29.822961 1407855652000 83.285583496094
62.61452 29.822961 1407855654000 83.450073242188
62.61452 29.822961 1407855656000 82.731994628906
62.61452 29.822961 1407855658000 82.405456542969
62.61452 29.822961 1407855660000 81.558959960938
62.61452 29.822961 1407855662000 81.314575195312
62.61452 29.822961 1407855664000 80.659851074219
62.61452 29.822961 1407855666000 80.753662109375
62.61452 29.822961 1407855668000 80.75244140625
62.614532 29.822986 1407855670000 82.387023925781
62.61453 29.822926 1407855672000 82.479736328125
62.614527 29.822878 1407855674000 84.639526367188
62.614523 29.822834 1407855676000 85.393493652344
62.614505 29.822827 1407855678000 83.268676757812
62.614498 29.822872 1407855680000 81.436706542969
62.614518 29.822899 1407855682000 81.107788085938
62.614562 29.822926 1407855684000 82.832214355469
62.614602 29.822919 1407855686000 82.513977050781
62.614614 29.822854 1407855688000 82.119201660156
62.614596 29.822814 1407855690000 84.243347167969
62.614574 29.822792 1407855692000 84.3310546875
62.614551 29.822809 1407855694000 85.103393554688
62.614527 29.822832 1407855696000 84.173828125
62.614502 29.822849 1407855698000 83.841491699219
62.614483 29.822864 1407855700000 83.775024414062
62.614484 29.822889 1407855702000 82.429382324219
62.614485 29.822922 1407855704000 82.834411621094
62.614493 29.822923 1407855706000 82.970397949219
62.61449 29.822904 1407855708000 80.666015625
62.614482 29.822863 1407855710000 80.619750976562
62.614485 29.822816 1407855712000 81.978759765625
62.614495 29.822784 1407855714000 81.392456054688
62.614502 29.82277 1407855716000 84.861877441406
62.614491 29.822788 1407855718000 84.025207519531
62.614472 29.822775 1407855720000 84.486633300781
62.614453 29.822735 1407855722000 83.933959960938
62.614438 29.822711 1407855724000 81.943176269531
62.614425 29.822678 1407855726000 82.738037109375
62.614414 29.8227 1407855728000 84.959045410156
62.614408 29.82272 1407855730000 88.888854980469
62.614405 29.822721 1407855732000 90.424987792969
62.614405 29.822721 1407855734000 88.987670898438
62.614405 29.822721 1407855736000 88.420043945312
62.614405 29.822721 1407855738000 88.218994140625
62.614405 29.822721 1407855740000 86.701599121094
62.614405 29.822721 1407855742000 84.843200683594
62.614405 29.822721 1407855744000 84.022521972656
62.614405 29.822721 1407855746000 82.861206054688
62.614405 29.822721 1407855748000 83.026672363281
62.614407 29.822663 1407855750000 83.230773925781
62.614405 29.822711 1407855752000 84.683471679688
62.614416 29.822753 1407855754000 82.474853515625
62.614426 29.822801 1407855756000 80.53564453125
62.614449 29.822851 1407855758000 86.544311523438
62.614465 29.822905 1407855760000 83.616577148438
62.614471 29.822967 1407855762000 83.7275390625
62.614469 29.823021 1407855764000 83.092468261719
62.614466 29.823004 1407855766000 80.923461914062
62.614466 29.823004 1407855768000 81.65673828125
62.614467 29.823001 1407855770000 82.7587890625
62.614471 29.822991 1407855772000 82.405639648438
62.614471 29.822991 1407855774000 81.089904785156
62.614471 29.822991 1407855776000 81.52490234375
62.614477 29.822936 1407855778000 80.905334472656
62.614474 29.822883 1407855780000 81.331420898438
62.61447 29.822828 1407855782000 82.743103027344
62.614459 29.822797 1407855784000 83.701538085938
62.614458 29.822777 1407855786000 83.964904785156
62.614454 29.822772 1407855788000 86.934814453125
62.614457 29.822781 1407855790000 87.228332519531
62.614463 29.822766 1407855792000 84.860534667969
62.614472 29.822759 1407855794000 85.905090332031
62.614484 29.822767 1407855796000 85.513305664062
62.614487 29.822795 1407855798000 84.618469238281
62.614486 29.822812 1407855800000 84.181518554688
62.614486 29.822812 1407855802000 84.174194335938
62.614465 29.822868 1407855804000 83.957153320312
62.614481 29.822872 1407855806000 84.560668945312
62.614499 29.82285 1407855808000 84.253845214844
62.614506 29.822822 1407855810000 85.98583984375
62.614508 29.822805 1407855812000 87.02392578125
62.61451 29.822799 1407855813000 88.484680175781
62.614508 29.822779 1407855815000 89.101928710938
62.614496 29.822749 1407855818000 86.824096679688
62.614497 29.822761 1407855820000 87.35107421875
62.614509 29.822772 1407855822000 88.483276367188
62.614527 29.822787 1407855824000 88.892822265625
62.614513 29.822783 1407855826000 87.458312988281
62.614506 29.822783 1407855828000 83.7958984375
62.614506 29.822783 1407855830000 83.301513671875
62.614487 29.82283 1407855832000 83.198486328125
62.614479 29.822841 1407855834000 81.369689941406
62.614465 29.822856 1407855836000 80.414489746094
62.614455 29.822882 1407855838000 79.296936035156
62.614454 29.822889 1407855840000 79.112243652344
62.614457 29.822878 1407855842000 80.23974609375
62.614457 29.822878 1407855844000 79.825500488281
62.614457 29.822878 1407855845000 79.748413085938
62.614468 29.822927 1407855848000 79.464416503906
62.614482 29.822937 1407855850000 79.055725097656
62.614495 29.822942 1407855852000 79.269653320312
62.614505 29.822963 1407855854000 79.509887695312
62.614501 29.822997 1407855856000 79.309509277344
62.614489 29.823047 1407855858000 77.115844726562
62.614485 29.823069 1407855860000 78.14111328125
62.61447 29.823111 1407855862000 77.397521972656
62.614477 29.823107 1407855864000 78.991882324219
62.614487 29.82307 1407855866000 79.69384765625
62.614487 29.822984 1407855868000 79.998718261719
62.614496 29.822908 1407855870000 80.904907226562
62.614505 29.82285 1407855872000 81.468383789062
62.614509 29.822822 1407855873000 81.523315429688
62.614521 29.822848 1407855876000 81.335693359375
62.614523 29.822854 1407855877000 81.813110351562
62.614515 29.822899 1407855880000 81.621337890625
62.614467 29.822906 1407855882000 80.086608886719
62.614436 29.822858 1407855884000 80.777648925781
62.614431 29.822761 1407855886000 80.25634765625
62.61443 29.822719 1407855888000 80.878662109375
62.61443 29.822723 1407855890000 82.569580078125
62.614461 29.822781 1407855892000 81.719909667969
62.614475 29.822837 1407855894000 82.948059082031
62.614488 29.822874 1407855896000 81.9072265625
62.614498 29.822892 1407855898000 81.906799316406
62.614505 29.822899 1407855900000 80.556335449219
62.6145 29.822901 1407855902000 78.643676757812
62.6145 29.822901 1407855904000 77.611572265625
62.614453 29.822925 1407855906000 77.046142578125
62.614443 29.822928 1407855908000 77.408325195312
62.614459 29.822912 1407855910000 76.732788085938
62.614465 29.822907 1407855912000 75.488403320312
62.614439 29.822923 1407855914000 77.4033203125
62.61442 29.822952 1407855916000 78.650817871094
62.614429 29.822954 1407855917000 79.115051269531
62.614444 29.822923 1407855920000 77.545776367188
62.614457 29.822869 1407855922000 78.692138671875
62.614449 29.822828 1407855924000 80.072509765625
62.614445 29.822819 1407855925000 82.43994140625
62.614443 29.822819 1407855928000 85.106567382812
62.614445 29.822817 1407855929000 86.172973632812
62.614449 29.822804 1407855932000 85.57470703125
62.614436 29.822812 1407855934000 84.252197265625
62.614427 29.822832 1407855936000 82.775939941406
62.614425 29.822845 1407855938000 79.787719726562
62.614425 29.822845 1407855940000 80.108276367188
62.614427 29.822868 1407855942000 80.337951660156
62.614427 29.822869 1407855944000 79.9892578125
62.614413 29.822894 1407855946000 79.48583984375
62.614424 29.822885 1407855948000 78.583129882812
62.614435 29.822863 1407855950000 79.595764160156
62.614459 29.82284 1407855952000 82.692749023438
62.614468 29.822859 1407855954000 82.926818847656
62.614486 29.822861 1407855956000 83.762634277344
62.614501 29.822848 1407855958000 84.285888671875
62.614501 29.822848 1407855960000 85.106201171875
62.614501 29.822848 1407855962000 84.791931152344
62.614501 29.822848 1407855963000 84.789794921875
62.614506 29.822835 1407855966000 83.952392578125
62.61451 29.822829 1407855968000 85.007690429688
62.614518 29.822796 1407855970000 84.537780761719
62.614509 29.822769 1407855972000 84.843139648438
62.614499 29.822707 1407855974000 87.017395019531
62.6145 29.822702 1407855975000 87.72509765625
62.614506 29.822734 1407855977000 87.123107910156
62.614514 29.822774 1407855980000 88.051818847656
62.614525 29.822836 1407855982000 88.346069335938
62.614532 29.822873 1407855984000 87.8466796875
62.614532 29.822907 1407855986000 87.5537109375
62.614542 29.822937 1407855988000 88.861450195312
62.614551 29.822957 1407855990000 90.201416015625
62.614551 29.822957 1407855992000 90.38623046875
62.614551 29.822957 1407855994000 89.655456542969
62.614532 29.822934 1407855996000 88.753295898438
62.614529 29.822904 1407855997000 88.630981445312
62.614517 29.822833 1407856000000 86.631591796875
62.614505 29.822787 1407856002000 86.278625488281
62.614495 29.822779 1407856004000 86.716369628906
62.614495 29.822779 1407856006000 86.161193847656
62.614497 29.822783 1407856007000 86.190002441406
62.614511 29.822754 1407856009000 83.893371582031
62.614516 29.82272 1407856012000 84.383972167969
62.614507 29.822739 1407856014000 84.752807617188
62.61449 29.822772 1407856016000 83.1513671875
62.614486 29.822802 1407856018000 83.000854492188
62.614496 29.822812 1407856020000 83.206787109375
62.614508 29.822811 1407856022000 82.880004882812
62.61451 29.822817 1407856024000 82.815734863281
62.614502 29.82279 1407856026000 82.997131347656
62.614494 29.822766 1407856028000 83.422119140625
62.614494 29.822766 1407856030000 83.690612792969
62.614491 29.822763 1407856032000 84.241088867188
62.614499 29.822792 1407856034000 84.828674316406
62.614526 29.822865 1407856036000 83.548767089844
62.61451 29.822871 1407856038000 83.224182128906
62.614487 29.822829 1407856040000 83.1806640625
62.614468 29.822806 1407856042000 83.448852539062
62.614467 29.822807 1407856044000 83.593566894531
62.614469 29.822818 1407856046000 83.441223144531
62.614473 29.822835 1407856048000 83.268310546875
62.614467 29.822881 1407856050000 82.353149414062
62.614454 29.822903 1407856052000 83.167236328125
62.614454 29.822916 1407856054000 84.604858398438
62.614478 29.822933 1407856056000 87.532165527344
62.61449 29.822946 1407856057000 88.626708984375
62.61451 29.822979 1407856059000 91.922973632812
62.61451 29.822973 1407856062000 91.080200195312
62.614498 29.822959 1407856064000 89.718139648438
62.614492 29.822928 1407856066000 91.2392578125
62.61449 29.822904 1407856068000 91.32177734375
62.61449 29.822904 1407856069000 91.03125
62.61449 29.822852 1407856072000 91.516052246094
62.614495 29.822842 1407856073000 92.564758300781
62.614496 29.82282 1407856075000 93.326965332031
62.614459 29.82281 1407856078000 92.742797851562
62.614471 29.822715 1407856080000 95.817749023438
62.614496 29.822677 1407856082000 96.992492675781
62.614505 29.822646 1407856084000 96.751342773438
62.614505 29.822646 1407856086000 97.105163574219
62.614499 29.822681 1407856088000 97.109619140625
62.614499 29.822681 1407856090000 97.375183105469
62.614499 29.822681 1407856092000 95.926391601562
62.614499 29.822681 1407856094000 96.522888183594
62.614499 29.822681 1407856096000 96.421813964844
62.614499 29.822681 1407856098000 95.543029785156
62.614488 29.822708 1407856100000 95.440979003906
62.61449 29.822738 1407856102000 94.7998046875
62.614512 29.822777 1407856104000 93.712463378906
62.614539 29.82283 1407856106000 92.790771484375
62.614516 29.822869 1407856107000 91.618835449219
62.614471 29.822855 1407856109000 91.277221679688
62.614445 29.822802 1407856111000 91.191955566406
62.614468 29.822699 1407856114000 90.319763183594
62.614473 29.822635 1407856116000 90.186401367188
62.614483 29.822613 1407856117000 89.452087402344
62.614491 29.822555 1407856119000 90.333801269531
62.614506 29.822486 1407856122000 92.635070800781
62.614522 29.822445 1407856124000 92.489624023438
62.614522 29.822425 1407856125000 91.334533691406
62.614507 29.822386 1407856128000 91.023559570312
62.614502 29.822404 1407856130000 91.098876953125
62.614498 29.822418 1407856131000 91.494873046875
62.614483 29.822426 1407856134000 91.533020019531
62.614473 29.822413 1407856136000 91.397094726562
62.61446 29.822405 1407856138000 91.428894042969
62.614448 29.822381 1407856140000 91.185607910156
62.614421 29.822364 1407856142000 88.853698730469
62.614395 29.822357 1407856144000 88.808715820312
62.614379 29.822347 1407856146000 88.313232421875
62.61436 29.822351 1407856148000 87.729431152344
62.614343 29.822354 1407856150000 87.777221679688
62.614327 29.822366 1407856152000 88.019104003906
62.614321 29.822366 1407856153000 86.421875
62.614304 29.822385 1407856156000 84.521545410156
62.614289 29.82238 1407856158000 84.700988769531
62.614277 29.82236 1407856160000 81.910278320312
62.614269 29.82234 1407856162000 81.071228027344
62.614269 29.82234 1407856164000 84.379272460938
62.614269 29.82234 1407856165000 83.930114746094
62.614269 29.82234 1407856168000 85.187377929688
62.614269 29.82234 1407856170000 85.673461914062
62.614269 29.82234 1407856171000 85.138427734375
62.614269 29.82234 1407856174000 86.18896484375
62.614269 29.82234 1407856176000 86.293884277344
62.614269 29.82234 1407856178000 86.225463867188
62.614269 29.82234 1407856180000 86.565551757812
62.614269 29.82234 1407856182000 86.583251953125
62.61429 29.822318 1407856184000 89.520324707031
62.614298 29.822344 1407856186000 88.414611816406
62.614317 29.822374 1407856188000 86.404602050781
62.614333 29.822392 1407856190000 84.841979980469
62.614341 29.822403 1407856191000 84.892272949219
62.614359 29.822426 1407856193000 84.712585449219
62.614376 29.822444 1407856195000 84.034851074219
62.614398 29.822483 1407856198000 85.173950195312
62.614403 29.822519 1407856200000 84.962829589844
62.61441 29.822556 1407856202000 85.154418945312
62.61442 29.822582 1407856204000 86.798889160156
62.614437 29.822599 1407856206000 85.508056640625
62.614448 29.822591 1407856207000 85.6884765625
62.614473 29.82258 1407856209000 88.043151855469
62.614509 29.822548 1407856212000 89.430908203125
62.614528 29.82253 1407856214000 89.119873046875
62.614544 29.822555 1407856216000 91.649536132812
62.614539 29.822632 1407856218000 90.545654296875
62.614525 29.822691 1407856220000 92.1083984375
62.614513 29.822743 1407856222000 90.595764160156
62.614503 29.822774 1407856223000 96.4208984375
62.614491 29.822844 1407856226000 95.741882324219
62.614478 29.822865 1407856228000 98.075744628906
62.614461 29.822846 1407856230000 95.759155273438
62.614448 29.822819 1407856232000 96.032836914062
62.614441 29.82281 1407856233000 96.089965820312
62.614441 29.822813 1407856236000 93.783020019531
62.614442 29.822819 1407856237000 91.569091796875
62.614449 29.822832 1407856240000 89.857971191406
62.614455 29.822825 1407856242000 87.76025390625
62.614461 29.822795 1407856244000 85.449829101562
62.614466 29.82273 1407856246000 85.624633789062
62.614468 29.822701 1407856247000 85.64794921875
62.614463 29.822642 1407856250000 87.352111816406
62.614456 29.822694 1407856252000 89.290283203125
62.614449 29.822747 1407856254000 90.801513671875
62.614449 29.822803 1407856256000 90.250183105469
62.61445 29.822831 1407856257000 90.920654296875
62.614463 29.822887 1407856260000 93.157775878906
62.614466 29.822874 1407856262000 92.663940429688
62.614479 29.822863 1407856264000 94.150756835938
62.614467 29.822859 1407856266000 91.142944335938
62.614464 29.822913 1407856268000 89.7158203125
62.61447 29.822947 1407856270000 86.002624511719
62.614453 29.822923 1407856272000 84.191589355469
62.614441 29.822898 1407856274000 83.768432617188
62.614441 29.822886 1407856276000 83.718322753906
62.614452 29.822877 1407856278000 84.296081542969
62.614454 29.822871 1407856279000 83.441833496094
62.614443 29.82289 1407856282000 82.290832519531
62.614453 29.822882 1407856284000 82.5751953125
62.61447 29.82283 1407856286000 80.441650390625
62.614475 29.822797 1407856287000 80.194458007812
62.614482 29.822693 1407856290000 79.77734375
62.614491 29.822628 1407856292000 81.219116210938
62.614499 29.822584 1407856294000 82.933044433594
62.614503 29.822584 1407856295000 83.10498046875
62.614506 29.822644 1407856298000 85.305603027344
62.614492 29.822684 1407856300000 85.557434082031
62.614481 29.82273 1407856302000 85.919921875
62.614478 29.822753 1407856303000 86.0537109375
62.614469 29.822813 1407856306000 84.227844238281
62.614469 29.822813 1407856307000 83.470764160156
62.614469 29.822813 1407856309000 82.965637207031
62.614469 29.822813 1407856312000 82.380249023438
62.614445 29.822804 1407856314000 83.214904785156
62.614448 29.822805 1407856316000 83.983032226562
62.614457 29.822788 1407856318000 82.642944335938
62.614443 29.822786 1407856320000 83.967529296875
62.614432 29.822797 1407856322000 84.598388671875
62.614429 29.822812 1407856324000 83.497314453125
62.614428 29.822832 1407856326000 82.623779296875
62.614426 29.822841 1407856327000 81.817565917969
62.614426 29.822854 1407856330000 81.992492675781
62.614429 29.822821 1407856332000 83.377319335938
62.614432 29.822808 1407856334000 84.031311035156
62.614432 29.822826 1407856336000 84.7548828125
62.614438 29.822824 1407856337000 85.157531738281
62.614452 29.82281 1407856339000 84.136596679688
62.61446 29.822801 1407856341000 83.330627441406
62.614453 29.822823 1407856344000 84.319641113281
62.614452 29.822878 1407856346000 85.060363769531
62.614456 29.822908 1407856347000 86.4833984375
62.614468 29.822945 1407856350000 84.435546875
62.614473 29.822944 1407856351000 84.348266601562
62.614476 29.822906 1407856353000 84.414855957031
62.614469 29.822889 1407856355000 83.040283203125
62.614459 29.822875 1407856357000 84.68115234375
62.614449 29.822865 1407856359000 85.744079589844
62.614436 29.822863 1407856361000 84.180847167969
62.614424 29.822884 1407856363000 83.068176269531
62.614409 29.822897 1407856366000 81.587280273438
62.614413 29.822909 1407856368000 79.267272949219
62.61443 29.822891 1407856370000 80.871887207031
62.614438 29.822875 1407856372000 78.282958984375
62.614439 29.822856 1407856374000 78.721008300781
62.614445 29.822852 1407856376000 79.862426757812
62.614455 29.822844 1407856378000 80.151733398438
62.614463 29.822841 1407856380000 83.889221191406
62.614496 29.822851 1407856382000 81.691833496094
62.614528 29.822866 1407856384000 79.347412109375
62.614522 29.822835 1407856386000 78.101501464844
62.61451 29.822823 1407856387000 77.375122070312
62.614485 29.822772 1407856390000 77.158569335938
62.61447 29.822747 1407856392000 76.514831542969
62.614472 29.822748 1407856394000 76.449584960938
62.614479 29.822764 1407856396000 76.058410644531
62.614482 29.822775 1407856398000 74.90185546875
62.61447 29.822782 1407856400000 77.886596679688
62.614455 29.822786 1407856402000 78.672485351562
62.614449 29.822793 1407856404000 78.999328613281
62.614447 29.822811 1407856406000 78.9228515625
62.614445 29.82279 1407856408000 77.905578613281
62.614448 29.822781 1407856410000 76.772644042969
62.614448 29.822781 1407856411000 76.64111328125
62.614448 29.822781 1407856414000 76.878601074219
62.614448 29.822781 1407856415000 76.31640625
62.614458 29.822775 1407856417000 76.217529296875
62.614462 29.82277 1407856420000 77.776916503906
62.614458 29.822799 1407856422000 79.820983886719
62.61446 29.822835 1407856424000 80.83349609375
62.614466 29.822874 1407856426000 84.139465332031
62.614468 29.822914 1407856428000 85.86669921875
62.614464 29.822953 1407856430000 86.917846679688
62.614473 29.822968 1407856432000 85.172302246094
62.61448 29.822968 1407856433000 85.098449707031
62.614487 29.822953 1407856435000 86.123779296875
62.614484 29.822945 1407856437000 85.509155273438
62.614491 29.822894 1407856439000 86.307373046875
62.614485 29.822827 1407856441000 84.11181640625
62.614478 29.822746 1407856444000 84.390991210938
62.614475 29.82273 1407856446000 82.982543945312
62.614476 29.82273 1407856447000 83.010925292969
62.614476 29.82273 1407856450000 83.366088867188
62.614476 29.82273 1407856452000 83.201477050781
62.614476 29.82273 1407856454000 83.151000976562
62.614476 29.82273 1407856455000 82.8759765625
62.614476 29.82273 1407856457000 82.744689941406
62.614461 29.822712 1407856459000 85.202026367188
62.614455 29.822726 1407856461000 88.185607910156
62.614465 29.8227 1407856464000 88.631958007812
62.614466 29.822675 1407856466000 89.222778320312
62.614463 29.822654 1407856467000 87.959777832031
62.614452 29.822639 1407856469000 89.928161621094
62.614441 29.822694 1407856472000 88.368835449219
62.614439 29.822727 1407856473000 88.138366699219
62.614441 29.822795 1407856476000 86.496398925781
62.614441 29.822824 1407856477000 88.167846679688
62.614435 29.822878 1407856479000 87.183044433594
62.614429 29.822835 1407856481000 86.67236328125
62.614468 29.822783 1407856484000 88.138549804688
62.614492 29.822768 1407856486000 88.396240234375
62.614498 29.822754 1407856487000 86.30029296875
62.614497 29.822747 1407856489000 85.1572265625
62.614487 29.822785 1407856491000 79.562744140625
62.614497 29.822771 1407856493000 83.139953613281
62.614511 29.82273 1407856495000 81.921569824219
62.614532 29.822672 1407856497000 81.317199707031
62.614551 29.822617 1407856499000 78.412658691406
62.614568 29.822563 1407856501000 78.740844726562
62.614585 29.822514 1407856503000 78.606079101562
62.614586 29.822471 1407856506000 80.806579589844
62.614564 29.822541 1407856508000 83.0576171875
62.614543 29.822587 1407856510000 82.919189453125
62.614533 29.822606 1407856511000 82.479553222656
62.614503 29.822581 1407856514000 79.257385253906
62.614491 29.822573 1407856515000 78.700317382812
62.614466 29.822584 1407856517000 78.520812988281
62.614431 29.822615 1407856520000 79.113525390625
62.614407 29.822635 1407856522000 80.343994140625
62.614387 29.822668 1407856524000 81.176391601562
62.614415 29.822693 1407856526000 81.398620605469
62.614439 29.822674 1407856528000 81.656982421875
62.614441 29.822649 1407856529000 82.409851074219
62.614426 29.822718 1407856532000 81.890258789062
62.614418 29.822771 1407856534000 85.644226074219
62.614413 29.822832 1407856536000 86.578979492188
62.614414 29.822856 1407856537000 85.629760742188
62.614415 29.822893 1407856539000 81.364990234375
62.614421 29.822914 1407856541000 80.755920410156
62.614458 29.822964 1407856544000 79.076782226562
62.614469 29.822998 1407856545000 78.240539550781
62.614496 29.82303 1407856548000 77.123229980469
62.614496 29.822993 1407856549000 76.283874511719
62.614496 29.822916 1407856551000 77.399536132812
62.614493 29.822814 1407856554000 76.408081054688
62.614492 29.822785 1407856555000 76.42431640625
62.614478 29.822749 1407856557000 77.037963867188
62.614459 29.822768 1407856559000 76.123901367188
62.614458 29.822794 1407856561000 77.041442871094
62.614451 29.822787 1407856563000 78.497863769531
62.614431 29.822765 1407856565000 76.417419433594
62.6144 29.822739 1407856568000 76.800659179688
62.614395 29.822723 1407856569000 76.666809082031
62.614433 29.822689 1407856572000 78.372863769531
62.614459 29.82269 1407856574000 80.07666015625
62.614465 29.822688 1407856575000 79.379150390625
62.614457 29.822661 1407856577000 80.04638671875
62.614431 29.822656 1407856579000 76.267883300781
62.614398 29.822675 1407856581000 76.839599609375
62.614378 29.822711 1407856583000 77.678039550781
62.614371 29.822734 1407856585000 78.981140136719
62.614388 29.822716 1407856587000 79.001831054688
62.614401 29.822691 1407856590000 78.509765625
62.614406 29.822686 1407856591000 78.052001953125
62.614422 29.822675 1407856593000 79.025207519531
62.614438 29.822657 1407856595000 78.165283203125
62.614453 29.822666 1407856598000 78.361145019531
62.614441 29.822696 1407856600000 78.4951171875
62.614441 29.822714 1407856601000 78.127685546875
62.614431 29.822756 1407856603000 81.007690429688
62.61441 29.822829 1407856605000 82.006225585938
62.614396 29.822902 1407856608000 80.344299316406
62.614395 29.822933 1407856610000 81.495971679688
62.614422 29.822891 1407856612000 82.408996582031
62.614426 29.822877 1407856614000 80.605590820312
62.614424 29.822867 1407856616000 79.010498046875
62.614441 29.822846 1407856617000 78.364868164062
62.614452 29.822806 1407856619000 76.801818847656
62.614454 29.822787 1407856621000 77.760375976562
62.614458 29.822794 1407856623000 77.566467285156
62.61446 29.822793 1407856626000 79.274169921875
62.614472 29.822778 1407856627000 78.740173339844
62.614479 29.822826 1407856629000 78.139221191406
62.614472 29.822862 1407856631000 78.734191894531
62.614461 29.82286 1407856633000 79.948852539062
62.61445 29.822825 1407856635000 79.653198242188
62.614433 29.822782 1407856638000 79.17724609375
62.614448 29.822778 1407856640000 80.075317382812
62.614448 29.822778 1407856642000 80.783447265625
62.614467 29.822833 1407856644000 82.802978515625
62.614458 29.822904 1407856646000 82.738037109375
62.614457 29.822959 1407856648000 83.278564453125
62.614475 29.822927 1407856649000 84.202453613281
62.614487 29.822894 1407856651000 85.552978515625
62.614504 29.822848 1407856654000 85.3701171875
62.614516 29.822827 1407856656000 86.636108398438
62.61452 29.822811 1407856657000 86.749938964844
62.614497 29.822789 1407856660000 83.11083984375
62.614495 29.822829 1407856662000 82.458862304688
62.614495 29.822829 1407856663000 82.644104003906
62.614495 29.822829 1407856666000 81.853149414062
62.614495 29.822829 1407856667000 81.837280273438
62.614489 29.822839 1407856669000 80.771118164062
62.614493 29.822871 1407856672000 78.927062988281
62.614496 29.822888 1407856673000 77.916748046875
62.61448 29.822889 1407856676000 76.770935058594
62.614468 29.822867 1407856678000 78.22509765625
62.614447 29.822851 1407856680000 78.44140625
62.614431 29.822857 1407856682000 78.42333984375
62.614426 29.822847 1407856684000 79.729370117188
62.614416 29.822851 1407856686000 79.066955566406
62.614443 29.822811 1407856688000 80.867065429688
62.614446 29.822837 1407856689000 80.555725097656
62.614449 29.822845 1407856691000 81.622192382812
62.61443 29.822842 1407856693000 80.968933105469
62.614412 29.82283 1407856695000 79.617431640625
62.614432 29.822867 1407856698000 80.625732421875
62.614458 29.822859 1407856700000 81.261169433594
62.614479 29.82285 1407856702000 79.728637695312
62.614493 29.822842 1407856704000 78.651794433594
62.614493 29.82285 1407856705000 79.268249511719
62.614494 29.822878 1407856708000 78.281005859375
62.614499 29.822891 1407856709000 77.245422363281
62.614494 29.822926 1407856711000 76.95849609375
62.614495 29.822963 1407856713000 77.395385742188
62.614558 29.822942 1407856715000 79.002685546875
62.614585 29.82294 1407856717000 79.797546386719
62.614552 29.822929 1407856719000 78.643371582031
62.614525 29.822899 1407856721000 78.736450195312
62.614503 29.822856 1407856723000 78.097900390625
62.614483 29.82281 1407856725000 77.176147460938
62.614459 29.82279 1407856727000 75.673461914062
62.614442 29.822797 1407856729000 74.933837890625
62.61443 29.82281 1407856731000 73.49658203125
62.614423 29.822835 1407856733000 76.779357910156
62.614457 29.822807 1407856735000 76.810485839844
62.614492 29.822761 1407856737000 76.877136230469
62.614517 29.822719 1407856739000 77.661804199219
62.614522 29.82274 1407856741000 77.44384765625
62.614513 29.822785 1407856743000 75.788635253906
62.614494 29.822803 1407856745000 79.119873046875
62.614475 29.822799 1407856747000 79.431701660156
62.614468 29.822801 1407856749000 78.21142578125
62.614468 29.822801 1407856752000 78.308959960938
62.614456 29.822753 1407856753000 78.620849609375
62.614459 29.822723 1407856755000 78.559875488281
62.614459 29.822723 1407856757000 78.242492675781
62.614459 29.822723 1407856759000 79.327453613281
62.614459 29.822723 1407856761000 81.825073242188
62.614459 29.822729 1407856763000 81.9111328125
62.614437 29.82274 1407856766000 81.460571289062
62.614429 29.822768 1407856767000 79.825439453125
62.614416 29.822821 1407856769000 80.523315429688
62.614405 29.822778 1407856771000 79.857360839844
62.614401 29.822724 1407856773000 79.702575683594
62.614376 29.822725 1407856775000 76.855102539062
62.614357 29.82276 1407856777000 76.056213378906
62.614372 29.822797 1407856779000 75.790954589844
62.614403 29.82281 1407856781000 75.501403808594
62.614427 29.822824 1407856783000 75.936645507812
62.614432 29.82285 1407856785000 75.315124511719
62.614433 29.822861 1407856787000 75.19482421875
62.614433 29.822861 1407856789000 75.2109375
62.614433 29.822881 1407856792000 76.047424316406
62.614428 29.822897 1407856793000 73.743957519531
62.614434 29.822899 1407856795000 77.279541015625
62.614457 29.822865 1407856797000 78.366577148438
62.614474 29.82284 1407856799000 78.320068359375
62.614478 29.822863 1407856801000 80.917114257812
62.614463 29.822914 1407856803000 78.928894042969
62.614468 29.822967 1407856805000 80.561950683594
62.614486 29.822996 1407856807000 79.307739257812
62.614488 29.822961 1407856809000 78.687255859375
62.614468 29.822957 1407856811000 78.18408203125
62.614471 29.822972 1407856813000 80.605224609375
62.614493 29.822938 1407856815000 81.6201171875
62.614494 29.822913 1407856817000 80.458251953125
62.614489 29.822892 1407856819000 79.80712890625
62.614476 29.822923 1407856822000 77.332580566406
62.614474 29.822933 1407856823000 76.778991699219
62.61447 29.822956 1407856826000 78.184387207031
62.61448 29.822933 1407856827000 78.32861328125
62.614482 29.822915 1407856829000 76.463195800781
62.61448 29.822927 1407856831000 76.471313476562
62.614486 29.822926 1407856833000 78.249694824219
62.614493 29.822906 1407856835000 77.631774902344
62.614503 29.822891 1407856837000 78.252685546875
62.6145 29.82287 1407856839000 77.652709960938
62.614475 29.822872 1407856841000 78.299621582031
62.614459 29.822913 1407856843000 79.830139160156
62.614464 29.822952 1407856845000 77.833618164062
62.614471 29.822954 1407856847000 78.423706054688
62.614481 29.822954 1407856849000 76.693664550781
62.614484 29.822971 1407856851000 77.012084960938
62.614486 29.822994 1407856853000 75.937255859375
62.614488 29.823019 1407856856000 75.703186035156
62.614501 29.823031 1407856857000 76.832641601562
62.614515 29.82304 1407856859000 75.266845703125
62.61453 29.823032 1407856861000 76.210693359375
62.614531 29.823024 1407856863000 74.75341796875
62.61453 29.82303 1407856865000 74.325866699219
62.614529 29.823034 1407856867000 74.895202636719
62.614529 29.823034 1407856869000 74.842834472656
62.614531 29.823024 1407856871000 73.809143066406
62.614531 29.823024 1407856873000 74.236572265625
62.614531 29.823024 1407856875000 74.626342773438
62.614513 29.822974 1407856877000 76.717163085938
62.614504 29.822959 1407856879000 77.770263671875
62.614507 29.822923 1407856881000 77.39697265625
62.614508 29.822881 1407856883000 78.062377929688
62.614509 29.822838 1407856885000 77.517822265625
62.61451 29.822774 1407856887000 78.679321289062
62.614506 29.82271 1407856889000 77.743774414062
62.614488 29.822678 1407856891000 79.197998046875
62.614474 29.822713 1407856893000 81.739868164062
62.614479 29.822762 1407856895000 82.290161132812
62.614488 29.822827 1407856898000 78.946533203125
62.61449 29.822843 1407856900000 77.061157226562
62.614498 29.822846 1407856901000 77.752075195312
62.614517 29.822844 1407856903000 77.989135742188
62.614526 29.822822 1407856905000 79.318725585938
62.614508 29.822786 1407856907000 79.878173828125
62.614488 29.822774 1407856909000 79.306457519531
62.61448 29.822775 1407856911000 78.468383789062
62.614477 29.822779 1407856913000 77.181640625
62.614484 29.822797 1407856915000 76.66259765625
62.614487 29.82278 1407856917000 76.531921386719
62.61447 29.822766 1407856919000 77.17138671875
62.614462 29.822802 1407856922000 76.4013671875
62.614467 29.822812 1407856923000 75.54541015625
62.614475 29.822804 1407856925000 74.436157226562
62.614469 29.822763 1407856927000 74.440002441406
62.614447 29.822716 1407856929000 73.716979980469
62.614429 29.822679 1407856931000 73.8798828125
62.614413 29.822662 1407856933000 74.197204589844
62.61442 29.822691 1407856935000 75.803527832031
62.614443 29.822718 1407856937000 75.579040527344
62.614463 29.822754 1407856939000 76.509216308594
62.614481 29.822791 1407856941000 75.764099121094
62.614497 29.822818 1407856943000 76.750915527344
62.614501 29.822847 1407856946000 77.030395507812
62.614496 29.822856 1407856948000 77.049987792969
62.614496 29.822856 1407856949000 77.694641113281
62.614482 29.822827 1407856951000 77.88818359375
62.61448 29.822823 1407856953000 79.215209960938
62.614468 29.822799 1407856956000 80.602294921875
62.614465 29.822781 1407856957000 80.268188476562
62.614477 29.822743 1407856959000 80.064086914062
62.614488 29.822741 1407856961000 80.71630859375
62.614487 29.822747 1407856963000 79.557250976562
62.614494 29.82276 1407856965000 78.898498535156
62.614499 29.822774 1407856968000 80.220031738281
62.614502 29.822767 1407856969000 80.368713378906
62.614506 29.822753 1407856971000 80.389282226562
62.614496 29.82275 1407856973000 79.25537109375
62.614498 29.822755 1407856975000 78.755126953125
62.614496 29.822767 1407856977000 76.620971679688
62.614478 29.822809 1407856979000 74.909423828125
62.614454 29.822788 1407856981000 76.966003417969
62.614445 29.822733 1407856983000 75.771728515625
62.61443 29.822712 1407856985000 78.281616210938
62.614418 29.822686 1407856987000 77.775085449219
62.614426 29.822661 1407856989000 79.061096191406
62.614445 29.822679 1407856991000 80.541625976562
62.614463 29.822709 1407856993000 81.720947265625
62.614475 29.822742 1407856995000 79.69921875
62.614478 29.82278 1407856997000 79.590087890625
62.614479 29.822838 1407857000000 79.100708007812
62.614467 29.822849 1407857001000 77.601928710938
62.614458 29.82283 1407857003000 77.3955078125
62.61445 29.822831 1407857005000 77.44580078125
62.61445 29.822831 1407857007000 77.210693359375
62.614436 29.822879 1407857009000 77.296020507812
62.614444 29.822902 1407857011000 76.907958984375
62.61444 29.822901 1407857013000 75.754272460938
62.614436 29.822882 1407857015000 73.838806152344
62.614434 29.822913 1407857017000 73.940246582031
62.61446 29.822945 1407857019000 73.940002441406
62.61449 29.822877 1407857021000 72.933288574219
62.614495 29.822793 1407857023000 71.847534179688
62.614489 29.822719 1407857025000 72.204223632812
62.614478 29.822663 1407857027000 71.798400878906
62.614468 29.822623 1407857029000 73.864135742188
62.614475 29.822614 1407857031000 75.1123046875
62.614491 29.822634 1407857033000 76.171875
62.614521 29.822647 1407857035000 75.76611328125
62.614543 29.822646 1407857037000 74.250732421875
62.61454 29.822653 1407857039000 75.783813476562
62.614529 29.822687 1407857041000 77.400573730469
62.614525 29.822731 1407857043000 76.898742675781
62.614499 29.822776 1407857046000 76.523010253906
62.614491 29.822794 1407857047000 76.980407714844
62.61449 29.822874 1407857050000 74.465148925781
62.614488 29.822907 1407857051000 75.636352539062
62.614489 29.822972 1407857054000 74.958618164062
62.614493 29.822965 1407857055000 74.736206054688
62.614478 29.822944 1407857057000 75.734924316406
62.614469 29.822921 1407857059000 77.2470703125
62.614454 29.822888 1407857062000 76.384582519531
62.614465 29.822846 1407857063000 76.369018554688
62.614483 29.822799 1407857066000 75.497375488281
62.614493 29.822796 1407857067000 75.735595703125
62.614509 29.822827 1407857069000 77.6142578125
62.614503 29.822825 1407857071000 75.1064453125
62.614499 29.822861 1407857073000 76.082275390625
62.614486 29.822856 1407857075000 74.749877929688
62.614511 29.822891 1407857077000 76.636535644531
62.614533 29.822904 1407857079000 77.884216308594
62.614513 29.822865 1407857081000 78.357543945312
62.614494 29.822842 1407857083000 78.024230957031
62.614479 29.822808 1407857085000 78.849304199219
62.614467 29.822784 1407857087000 77.4921875
62.61447 29.822796 1407857089000 77.027221679688
62.614473 29.822825 1407857091000 77.760620117188
62.614471 29.822847 1407857093000 77.505187988281
62.614466 29.822833 1407857095000 78.21728515625
62.614465 29.822829 1407857097000 78.657836914062
62.614465 29.822829 1407857099000 78.837646484375
62.614465 29.822829 1407857101000 79.067199707031
62.614465 29.822829 1407857103000 79.058227539062
62.614444 29.822862 1407857106000 77.082946777344
62.614454 29.822854 1407857107000 76.365600585938
62.614477 29.822827 1407857109000 74.6806640625
62.614534 29.82284 1407857112000 71.204895019531
62.614543 29.822875 1407857113000 70.240417480469
62.614533 29.822951 1407857115000 72.480895996094
62.614521 29.822909 1407857117000 74.389770507812
62.614512 29.822838 1407857120000 72.988952636719
62.614515 29.822826 1407857121000 73.304260253906
62.614523 29.82283 1407857123000 75.186645507812
62.61453 29.822817 1407857125000 77.225463867188
62.614539 29.822774 1407857127000 81.622253417969
62.614536 29.822762 1407857129000 79.68798828125
62.614536 29.822762 1407857131000 79.098083496094
62.614521 29.822784 1407857133000 76.851135253906
62.614516 29.82279 1407857135000 78.711975097656
62.614515 29.822794 1407857137000 79.730529785156
62.614519 29.822808 1407857139000 78.550476074219
62.614511 29.822796 1407857141000 79.481567382812
62.614485 29.822818 1407857143000 79.382995605469
62.614469 29.82283 1407857145000 77.674499511719
62.614455 29.822841 1407857147000 77.438903808594
62.614447 29.822854 1407857149000 76.51123046875
62.614438 29.822852 1407857151000 77.072387695312
62.614442 29.822862 1407857153000 76.958251953125
62.614456 29.822846 1407857155000 75.822326660156
62.614455 29.822815 1407857157000 76.852600097656
62.614454 29.822827 1407857159000 78.143432617188
62.614462 29.822838 1407857161000 78.953857421875
62.614478 29.822827 1407857163000 78.046630859375
62.614508 29.82275 1407857165000 76.95654296875
62.614491 29.822696 1407857167000 79.477905273438
62.614439 29.822756 1407857169000 77.907958984375
62.614395 29.822727 1407857171000 76.593688964844
62.614386 29.822689 1407857173000 76.264953613281
62.614389 29.822713 1407857175000 78.933044433594
62.614404 29.822757 1407857177000 82.128112792969
62.614421 29.822789 1407857179000 81.497497558594
62.614444 29.822817 1407857181000 79.737121582031
62.614477 29.822826 1407857184000 79.624084472656
62.614487 29.822826 1407857185000 78.673828125
62.614506 29.822821 1407857187000 79.748413085938
62.614522 29.822824 1407857189000 81.530639648438
62.614507 29.822859 1407857191000 81.288269042969
62.614489 29.82283 1407857193000 80.89990234375
62.614499 29.822776 1407857195000 78.9599609375
62.614505 29.822793 1407857197000 77.47607421875
62.614499 29.822843 1407857199000 76.647644042969
62.614498 29.822895 1407857201000 78.722717285156
62.614505 29.822928 1407857203000 80.111877441406
62.614508 29.822947 1407857205000 81.201904296875
62.614504 29.822948 1407857207000 81.181823730469
62.614511 29.822851 1407857209000 82.341186523438
62.614515 29.822747 1407857211000 84.153198242188
62.614491 29.822688 1407857213000 84.086059570312
62.614471 29.822704 1407857215000 83.6806640625
62.614484 29.822738 1407857218000 83.273742675781
62.614478 29.822697 1407857219000 83.378295898438
62.614465 29.822686 1407857221000 82.603637695312
62.61445 29.822683 1407857223000 82.502075195312
62.614445 29.822695 1407857225000 81.530822753906
62.614439 29.822704 1407857227000 81.732727050781
62.614459 29.822721 1407857230000 87.02880859375
62.614468 29.822739 1407857231000 85.683166503906
62.614467 29.822759 1407857233000 87.206665039062
62.614456 29.822767 1407857235000 87.466125488281
62.614431 29.822731 1407857238000 88.02734375
62.614427 29.822715 1407857239000 89.071899414062
62.614421 29.822683 1407857241000 89.226867675781
62.614411 29.822689 1407857243000 88.37841796875
62.614412 29.8227 1407857246000 87.759826660156
62.614412 29.822701 1407857247000 87.175048828125
62.614413 29.822703 1407857249000 86.663635253906
62.614418 29.822703 1407857251000 85.283630371094
62.614436 29.822718 1407857253000 85.953491210938
62.614454 29.822747 1407857255000 86.64013671875
62.614471 29.822775 1407857257000 85.629638671875
62.614489 29.822796 1407857259000 84.486389160156
62.614503 29.822817 1407857261000 84.655456542969
62.614506 29.822837 1407857263000 85.639831542969
62.614511 29.822894 1407857265000 85.752685546875
62.614517 29.822978 1407857267000 84.490356445312
62.614524 29.823014 1407857269000 86.553955078125
62.614526 29.822933 1407857271000 88.869995117188
62.614527 29.822865 1407857273000 88.207397460938
62.614516 29.822826 1407857275000 87.523681640625
62.614516 29.822858 1407857277000 88.657104492188
62.614518 29.822885 1407857279000 86.390197753906
62.614517 29.822911 1407857281000 87.20849609375
62.61452 29.822929 1407857283000 87.883056640625
62.614519 29.822911 1407857285000 88.211608886719
62.614519 29.822911 1407857287000 90.551696777344
62.614519 29.822911 1407857289000 90.578369140625
62.614519 29.822911 1407857291000 89.732849121094
62.614519 29.822911 1407857293000 88.707946777344
62.614519 29.822911 1407857295000 87.913269042969
62.614519 29.822911 1407857297000 86.248474121094
62.614506 29.822817 1407857299000 85.959106445312
62.614494 29.822782 1407857301000 85.670837402344
62.614486 29.822744 1407857303000 85.172241210938
62.614474 29.82271 1407857305000 84.367309570312
62.614457 29.82271 1407857307000 84.478881835938
62.614467 29.822729 1407857309000 84.370788574219
62.61448 29.822747 1407857311000 84.495361328125
62.6145 29.822796 1407857313000 83.646240234375
62.614507 29.822832 1407857315000 83.037414550781
62.61452 29.822849 1407857317000 83.253601074219
62.614511 29.822767 1407857319000 82.855895996094
62.614499 29.82272 1407857321000 83.081604003906
62.614491 29.822725 1407857323000 82.573181152344
62.614493 29.822784 1407857326000 83.026306152344
62.614478 29.822776 1407857327000 82.281372070312
62.614468 29.822778 1407857329000 82.015380859375
62.614458 29.822789 1407857331000 81.639343261719
62.614447 29.822799 1407857333000 82.074523925781
62.614485 29.822819 1407857335000 82.808715820312
62.614496 29.822837 1407857337000 84.804382324219
62.614496 29.822786 1407857339000 82.524047851562
62.614495 29.822764 1407857341000 83.581420898438
62.614496 29.822766 1407857343000 81.715759277344
62.61449 29.822799 1407857345000 83.567199707031
62.614484 29.82284 1407857347000 80.64453125
62.614478 29.822873 1407857349000 81.800842285156
62.614471 29.82289 1407857351000 85.046447753906
62.614457 29.822869 1407857353000 84.038391113281
62.614451 29.822816 1407857355000 84.376525878906
62.614449 29.822764 1407857357000 84.510681152344
62.614443 29.822713 1407857360000 84.650207519531
62.614431 29.822723 1407857361000 82.915161132812
62.614423 29.822731 1407857363000 83.396057128906
62.614431 29.822726 1407857365000 82.157775878906
62.614451 29.822728 1407857367000 84.781677246094
62.614461 29.822727 1407857369000 83.8740234375
62.614461 29.822727 1407857371000 83.221557617188
62.614461 29.822727 1407857373000 82.697082519531
62.614461 29.822727 1407857375000 83.367126464844
62.614469 29.822758 1407857377000 83.215454101562
62.614464 29.822796 1407857379000 81.7294921875
62.614459 29.822789 1407857381000 82.729736328125
62.614435 29.822811 1407857383000 84.247680664062
62.614452 29.822858 1407857385000 81.95068359375
62.614478 29.822851 1407857387000 81.75537109375
62.614495 29.822818 1407857389000 82.057434082031
62.614496 29.822775 1407857391000 81.840393066406
62.614501 29.822773 1407857393000 83.792663574219
62.614506 29.822795 1407857395000 86.162658691406
62.614507 29.822831 1407857397000 85.276916503906
62.614508 29.822811 1407857399000 85.766357421875
62.614493 29.822747 1407857401000 87.249267578125
62.614477 29.822716 1407857403000 85.532653808594
62.614458 29.822745 1407857405000 86.496643066406
62.614451 29.82279 1407857407000 88.038146972656
62.614468 29.822819 1407857409000 87.643798828125
62.614478 29.822831 1407857411000 85.74853515625
62.614478 29.822831 1407857413000 84.8544921875
62.614456 29.822864 1407857415000 85.550231933594
62.614458 29.822885 1407857417000 84.676147460938
62.61448 29.822895 1407857419000 83.618041992188
62.614487 29.822891 1407857421000 81.555297851562
62.614491 29.822847 1407857423000 81.603759765625
62.614499 29.822811 1407857425000 82.821411132812
62.614498 29.822777 1407857427000 83.022277832031
62.614499 29.822769 1407857429000 82.364868164062
62.6145 29.82277 1407857431000 80.30419921875
62.6145 29.82277 1407857433000 80.508422851562
62.614486 29.822801 1407857435000 80.742004394531
62.614485 29.822811 1407857437000 82.489624023438
62.614474 29.822831 1407857439000 82.358947753906
62.61448 29.822808 1407857441000 80.450927734375
62.614485 29.822785 1407857443000 80.785583496094
62.614479 29.822781 1407857445000 81.8544921875
62.614456 29.822787 1407857447000 82.182373046875
62.614443 29.822793 1407857449000 82.538757324219
62.614447 29.822794 1407857451000 82.927612304688
62.614445 29.822794 1407857453000 81.849548339844
62.614447 29.822793 1407857455000 81.397216796875
62.614451 29.822798 1407857457000 81.681945800781
62.614455 29.822789 1407857459000 82.01171875
62.614471 29.822818 1407857461000 84.149291992188
62.614484 29.822852 1407857463000 83.699645996094
62.614489 29.822889 1407857465000 82.916137695312
62.614493 29.822926 1407857467000 82.298095703125
62.614493 29.822926 1407857469000 82.568115234375
62.614498 29.8229 1407857471000 82.232727050781
62.614497 29.822844 1407857473000 84.049682617188
62.614491 29.822803 1407857475000 86.55859375
62.614474 29.822788 1407857477000 88.682312011719
62.614471 29.82278 1407857479000 88.750366210938
62.614472 29.822785 1407857481000 87.57470703125
62.614473 29.822787 1407857483000 85.819091796875
62.614469 29.822779 1407857485000 85.186706542969
62.61447 29.822797 1407857487000 83.455017089844
62.614469 29.822812 1407857489000 84.808227539062
62.614473 29.822831 1407857491000 83.885681152344
62.614473 29.822831 1407857493000 83.410461425781
62.614473 29.822831 1407857495000 82.592468261719
62.614494 29.822851 1407857497000 82.069274902344
62.614511 29.822843 1407857499000 79.753295898438
62.614499 29.822848 1407857501000 81.13525390625
62.614492 29.822884 1407857503000 80.203002929688
62.614491 29.822927 1407857505000 80.834777832031
62.614491 29.822969 1407857507000 79.962524414062
62.614491 29.822969 1407857509000 77.299194335938
62.614487 29.823023 1407857511000 81.366943359375
62.614486 29.823032 1407857513000 83.767822265625
62.614479 29.823021 1407857515000 81.575622558594
62.614474 29.822947 1407857517000 80.179931640625
62.614478 29.822879 1407857519000 79.888549804688
62.614468 29.82285 1407857521000 80.302612304688
62.614465 29.822863 1407857523000 80.017395019531
62.614452 29.822837 1407857525000 78.32861328125
62.614461 29.822853 1407857527000 76.905578613281
62.614474 29.822879 1407857529000 76.520874023438
62.614485 29.822912 1407857531000 73.816467285156
62.614487 29.8229 1407857533000 71.85205078125
62.614484 29.822853 1407857535000 70.373840332031
62.614483 29.822776 1407857537000 70.308959960938
62.61449 29.8227 1407857539000 71.646850585938
62.6145 29.822628 1407857541000 72.271545410156
62.6145 29.822581 1407857543000 74.804382324219
62.614487 29.822608 1407857545000 75.662109375
62.614479 29.822638 1407857547000 77.437316894531
62.61447 29.822673 1407857549000 76.828552246094
62.61447 29.822718 1407857551000 73.102600097656
62.614467 29.822745 1407857553000 74.790832519531
62.61447 29.822699 1407857555000 75.611206054688
62.614479 29.822662 1407857557000 76.345886230469
62.614484 29.822661 1407857559000 75.929077148438
62.614461 29.822668 1407857561000 77.452941894531
62.614446 29.822715 1407857563000 80.642150878906
62.614447 29.822768 1407857565000 78.618774414062
62.61446 29.822811 1407857567000 76.452331542969
62.614481 29.822847 1407857569000 77.173156738281
62.614501 29.822879 1407857571000 75.41845703125
62.614508 29.822916 1407857573000 73.868530273438
62.614495 29.822879 1407857575000 75.345886230469
62.614488 29.822844 1407857577000 77.591003417969
62.614481 29.822821 1407857579000 78.304992675781
62.61448 29.822789 1407857581000 79.739990234375
62.614476 29.822754 1407857583000 80.358093261719
62.614471 29.822723 1407857585000 81.796203613281
62.614466 29.822719 1407857587000 82.892333984375
62.614472 29.822735 1407857589000 80.952026367188
62.614474 29.822716 1407857591000 81.503540039062
62.614456 29.822689 1407857593000 82.253845214844
62.614454 29.822738 1407857595000 81.125671386719
62.614465 29.822781 1407857597000 80.455139160156
62.61446 29.822804 1407857599000 80.325561523438
62.614458 29.82281 1407857601000 81.503051757812
62.614458 29.82281 1407857603000 80.943054199219
62.61445 29.822784 1407857605000 82.5068359375
62.614449 29.822802 1407857607000 82.662963867188
62.614446 29.822809 1407857609000 82.437561035156
62.614455 29.822795 1407857611000 82.768981933594
62.614451 29.822792 1407857613000 82.234924316406
62.614445 29.822795 1407857615000 81.703735351562
62.614441 29.822781 1407857617000 83.345092773438
62.614451 29.822791 1407857619000 84.971252441406
62.61445 29.822801 1407857621000 82.874938964844
62.61444 29.822794 1407857623000 80.774047851562
62.614457 29.822767 1407857625000 80.068664550781
62.614467 29.822733 1407857627000 83.476501464844
62.614482 29.822735 1407857629000 86.917907714844
62.614488 29.822757 1407857631000 85.845947265625
62.614478 29.822774 1407857633000 87.751037597656
62.614445 29.822805 1407857635000 86.580810546875
62.614442 29.822859 1407857637000 85.359802246094
62.614447 29.822918 1407857639000 81.334838867188
62.614445 29.822977 1407857641000 80.296691894531
62.614438 29.823018 1407857643000 79.158569335938
62.614438 29.823018 1407857645000 77.511291503906
62.614435 29.822987 1407857647000 79.627563476562
62.614436 29.822995 1407857649000 78.975708007812
62.61443 29.822969 1407857651000 76.819274902344
62.61442 29.82296 1407857653000 75.191101074219
62.61442 29.82296 1407857655000 74.695556640625
62.614418 29.822994 1407857657000 73.660095214844
62.614429 29.823033 1407857659000 74.590515136719
62.614434 29.823046 1407857661000 73.794921875
62.614432 29.823057 1407857663000 73.485046386719
62.614426 29.823084 1407857665000 74.836975097656
62.614424 29.823116 1407857667000 75.347595214844
62.614432 29.823127 1407857669000 74.653442382812
62.614445 29.823144 1407857671000 74.292297363281
62.614469 29.823118 1407857673000 76.997314453125
62.614486 29.823105 1407857675000 77.224609375
62.614489 29.823068 1407857677000 75.485290527344
62.614496 29.823018 1407857679000 74.513305664062
62.614508 29.822936 1407857681000 77.556579589844
62.614521 29.822859 1407857683000 79.870239257812
62.614526 29.8228 1407857685000 79.670959472656
62.614524 29.822758 1407857687000 79.845886230469
62.614533 29.822794 1407857689000 80.452270507812
62.614532 29.822774 1407857691000 81.209777832031
62.614507 29.822811 1407857693000 82.761108398438
62.614487 29.822861 1407857695000 82.585571289062
62.614475 29.822899 1407857697000 83.122375488281
62.614471 29.822937 1407857699000 82.624267578125
62.614481 29.822912 1407857701000 82.333068847656
62.614484 29.822874 1407857703000 84.124145507812
62.61448 29.822837 1407857705000 81.572692871094
62.614475 29.822806 1407857707000 81.456481933594
62.61446 29.822817 1407857709000 80.726501464844
62.614453 29.822855 1407857711000 80.210388183594
62.614473 29.82286 1407857713000 81.234130859375
62.61448 29.822826 1407857715000 80.0087890625
62.614487 29.822815 1407857717000 79.403991699219
62.614497 29.82283 1407857719000 79.06787109375
62.6145 29.822853 1407857721000 78.613464355469
62.614504 29.82288 1407857723000 77.587219238281
62.614505 29.822911 1407857725000 77.145690917969
62.614498 29.822942 1407857727000 76.553894042969
62.614505 29.822928 1407857729000 75.930603027344
62.614512 29.822884 1407857731000 76.7998046875
62.614518 29.822844 1407857733000 76.466430664062
62.614513 29.822817 1407857735000 75.47705078125
62.614502 29.822815 1407857737000 79.607299804688
62.614498 29.822844 1407857739000 77.519226074219
62.614503 29.822862 1407857741000 77.695129394531
62.614507 29.822874 1407857743000 76.616821289062
62.61449 29.822845 1407857745000 74.451171875
62.61447 29.822809 1407857747000 74.47412109375
62.614449 29.822842 1407857749000 77.254943847656
62.614454 29.822901 1407857751000 77.243103027344
62.614465 29.822936 1407857753000 77.257202148438
62.614465 29.822901 1407857755000 77.4765625
62.614467 29.822909 1407857757000 75.391418457031
62.614456 29.822939 1407857759000 75.409423828125
62.614452 29.822954 1407857761000 76.904235839844
62.614452 29.822954 1407857763000 77.365417480469
62.614458 29.82294 1407857765000 76.3515625
62.614477 29.822912 1407857767000 75.322143554688
62.61449 29.822916 1407857769000 73.438720703125
62.614494 29.822939 1407857771000 74.54833984375
62.614492 29.822949 1407857773000 76.383850097656
62.614492 29.822909 1407857775000 78.691162109375
62.614487 29.822849 1407857777000 80.758117675781
62.614477 29.822797 1407857779000 81.0751953125
62.614466 29.822762 1407857781000 81.860473632812
62.614462 29.822768 1407857783000 82.822509765625
62.614463 29.822771 1407857785000 83.050720214844
62.614467 29.822773 1407857787000 83.266235351562
62.614467 29.822773 1407857789000 83.572204589844
62.614467 29.822773 1407857791000 83.79736328125
62.614467 29.822773 1407857793000 83.018798828125
62.614472 29.822754 1407857795000 82.95263671875
62.614473 29.822725 1407857797000 82.677734375
62.614458 29.822723 1407857799000 83.150451660156
62.614451 29.822726 1407857801000 81.683654785156
62.614446 29.82273 1407857804000 81.744750976562
62.614446 29.82273 1407857805000 81.846435546875
62.614468 29.822719 1407857807000 82.690185546875
62.61448 29.822725 1407857809000 83.295593261719
62.614511 29.822718 1407857811000 84.083618164062
62.614513 29.822715 1407857813000 83.576110839844
62.614496 29.822717 1407857815000 84.078430175781
62.614494 29.822732 1407857817000 86.268005371094
62.614494 29.822742 1407857819000 85.615661621094
62.614481 29.822726 1407857821000 86.819580078125
62.614468 29.822713 1407857823000 87.356262207031
62.61446 29.822704 1407857825000 86.341552734375
62.614457 29.822691 1407857827000 88.267150878906
62.614465 29.822702 1407857829000 87.4111328125
62.61448 29.822739 1407857831000 87.661682128906
62.614492 29.822766 1407857833000 87.566162109375
62.614509 29.822764 1407857835000 86.813598632812
62.614501 29.822731 1407857837000 87.503845214844
62.614481 29.822717 1407857839000 88.37890625
62.614466 29.822724 1407857841000 87.973510742188
62.61446 29.822722 1407857843000 87.577453613281
62.614468 29.822741 1407857845000 85.669677734375
62.61448 29.822739 1407857847000 85.325866699219
62.614469 29.822782 1407857849000 85.483764648438
62.614452 29.822818 1407857851000 83.9072265625
62.61444 29.822809 1407857853000 85.057861328125
62.614437 29.822805 1407857855000 87.929931640625
62.61443 29.822799 1407857857000 87.404113769531
62.614426 29.8228 1407857859000 89.183715820312
62.614423 29.822812 1407857861000 87.330688476562
62.61442 29.822814 1407857863000 82.660278320312
62.61442 29.822838 1407857865000 84.929748535156
62.61442 29.822849 1407857868000 84.570922851562
62.614417 29.822872 1407857869000 84.25
62.61442 29.822856 1407857871000 81.287414550781
62.614414 29.822858 1407857873000 80.528686523438
62.614409 29.822857 1407857875000 81.576904296875
62.614409 29.822857 1407857877000 82.208801269531
62.614418 29.822841 1407857879000 81.175231933594
62.61446 29.822896 1407857881000 80.745727539062
62.614483 29.822977 1407857883000 79.818908691406
62.614467 29.823039 1407857885000 79.839172363281
62.614448 29.823097 1407857887000 78.530578613281
62.614453 29.823122 1407857889000 79.226928710938
62.614468 29.82315 1407857891000 80.098266601562
62.614484 29.823098 1407857893000 86.560119628906
62.614493 29.823014 1407857895000 88.051940917969
62.614491 29.822931 1407857897000 89.282836914062
62.614489 29.822863 1407857899000 88.314453125
62.61449 29.8228 1407857901000 88.192687988281
62.614484 29.822753 1407857903000 88.659118652344
62.614488 29.822767 1407857905000 89.059875488281
62.614501 29.822801 1407857907000 88.834533691406
62.61448 29.822769 1407857909000 85.265380859375
62.614506 29.822771 1407857911000 84.374816894531
62.614554 29.822805 1407857913000 83.069885253906
62.614581 29.822841 1407857915000 83.175598144531
62.614561 29.822836 1407857917000 84.806823730469
62.614539 29.822776 1407857919000 84.570129394531
62.614529 29.822728 1407857921000 84.392944335938
62.614516 29.822692 1407857923000 83.819091796875
62.614495 29.822675 1407857925000 82.508117675781
62.614484 29.822687 1407857927000 81.067565917969
62.614497 29.822711 1407857929000 82.37548828125
62.614524 29.822787 1407857931000 83.4169921875
62.61454 29.822851 1407857933000 84.420715332031
62.614537 29.822828 1407857935000 85.290893554688
62.614526 29.82278 1407857937000 85.626403808594
62.614518 29.82274 1407857939000 85.528381347656
62.614513 29.822696 1407857941000 85.989685058594
62.614495 29.822684 1407857943000 86.037658691406
62.614479 29.822715 1407857945000 86.45068359375
62.614485 29.822722 1407857947000 86.553466796875
62.614496 29.822706 1407857949000 87.374206542969
62.614495 29.822667 1407857951000 88.76171875
62.614497 29.822614 1407857953000 89.193969726562
62.614507 29.82259 1407857955000 89.4541015625
62.614507 29.822616 1407857957000 87.511962890625
62.614503 29.822662 1407857959000 85.095581054688
62.6145 29.822709 1407857961000 85.486572265625
62.614496 29.822746 1407857963000 85.135375976562
62.614493 29.822778 1407857965000 83.094421386719
62.6145 29.822789 1407857967000 83.71142578125
62.614497 29.822767 1407857969000 82.396118164062
62.614484 29.822763 1407857971000 82.916442871094
62.614484 29.822763 1407857973000 82.566284179688
62.614482 29.822772 1407857975000 81.813171386719
62.614484 29.822784 1407857977000 81.822387695312
62.614471 29.82278 1407857979000 81.46044921875
62.614456 29.822795 1407857981000 81.236511230469
62.614456 29.822795 1407857983000 81.3193359375
62.614464 29.822746 1407857985000 80.027587890625
62.614463 29.822766 1407857987000 80.528869628906
62.614462 29.822779 1407857989000 79.477172851562
62.614459 29.822806 1407857991000 76.77880859375
62.614459 29.822841 1407857993000 76.141967773438
62.614456 29.822889 1407857995000 78.918823242188
62.614459 29.822937 1407857997000 77.335083007812
62.614469 29.822952 1407857999000 78.841613769531
62.614471 29.822944 1407858001000 78.264282226562
62.614471 29.822944 1407858003000 79.41259765625
62.614471 29.822944 1407858005000 79.148864746094
62.614479 29.822943 1407858007000 78.873474121094
62.61449 29.82297 1407858009000 79.802856445312
62.614497 29.822998 1407858011000 77.94482421875
62.614497 29.822998 1407858013000 76.663146972656
62.614497 29.822998 1407858015000 76.599304199219
62.614497 29.822998 1407858017000 76.569763183594
62.614497 29.822998 1407858019000 76.162719726562
62.614497 29.822998 1407858021000 75.661499023438
62.614497 29.822998 1407858024000 75.336303710938
62.614497 29.822998 1407858025000 74.776672363281
62.614497 29.822998 1407858027000 74.219604492188
62.614497 29.822998 1407858029000 74.018920898438
62.614497 29.822998 1407858031000 74.053955078125
62.614482 29.82306 1407858033000 73.954833984375
62.614481 29.823055 1407858035000 73.345153808594
62.614481 29.823055 1407858037000 73.793395996094
62.614481 29.823055 1407858039000 73.173950195312
62.614481 29.823055 1407858041000 72.336181640625
62.614481 29.823055 1407858043000 72.252075195312
62.614481 29.823055 1407858045000 72.898864746094
62.614481 29.823055 1407858047000 72.688049316406
62.614491 29.823039 1407858049000 72.76953125
62.614484 29.822983 1407858052000 75.978088378906
62.614483 29.822904 1407858053000 78.992858886719
62.614475 29.822851 1407858055000 82.510986328125
62.614475 29.822851 1407858057000 82.19921875
62.614475 29.822851 1407858059000 81.578796386719
62.614475 29.822851 1407858061000 81.627746582031
62.614471 29.822821 1407858063000 81.485046386719
62.614477 29.822827 1407858065000 81.064575195312
62.614473 29.822853 1407858067000 80.850463867188
62.614484 29.822859 1407858069000 80.511596679688
62.614507 29.822835 1407858071000 79.95556640625
62.614519 29.82282 1407858073000 79.752014160156
62.614516 29.822812 1407858075000 80.719482421875
62.614518 29.822799 1407858077000 81.244140625
62.614528 29.82279 1407858079000 82.186462402344
62.614525 29.822784 1407858082000 82.500671386719
62.614522 29.822781 1407858083000 83.617370605469
62.614525 29.82277 1407858085000 84.292358398438
62.614524 29.822781 1407858087000 86.410278320312
62.614514 29.822791 1407858089000 87.113586425781
62.614517 29.822802 1407858091000 86.821105957031
62.614521 29.822812 1407858093000 84.393615722656
62.614503 29.822824 1407858095000 84.969177246094
62.614481 29.8228 1407858097000 86.998413085938
62.614465 29.82276 1407858099000 85.557373046875
62.614457 29.822706 1407858101000 87.477844238281
62.614446 29.822681 1407858103000 85.320068359375
62.614446 29.822711 1407858105000 84.762329101562
62.61445 29.822751 1407858107000 81.756713867188
62.61446 29.82279 1407858109000 81.699462890625
62.614466 29.822823 1407858112000 83.861938476562
62.614467 29.822852 1407858113000 83.685424804688
62.614473 29.822847 1407858115000 82.000793457031
62.614485 29.822796 1407858117000 80.2734375
62.614492 29.822739 1407858119000 80.486328125
62.614494 29.822751 1407858121000 79.750366210938
62.614482 29.8227 1407858123000 79.124206542969
62.6145 29.822704 1407858125000 77.233276367188
62.614502 29.822743 1407858127000 76.737487792969
62.614496 29.822774 1407858129000 78.331176757812
62.614491 29.822796 1407858131000 82.349609375
62.614492 29.822827 1407858133000 82.843444824219
62.614507 29.822835 1407858135000 83.448181152344
62.614512 29.822815 1407858137000 83.536499023438
62.614515 29.822815 1407858139000 83.123718261719
62.614528 29.822813 1407858142000 84.379211425781
62.614539 29.822807 1407858143000 83.58984375
62.614546 29.822805 1407858145000 83.013916015625
62.614539 29.822821 1407858147000 83.005493164062
62.614518 29.822841 1407858149000 81.218017578125
62.614496 29.822858 1407858151000 80.279724121094
62.614483 29.822876 1407858153000 80.106506347656
62.614477 29.82291 1407858155000 81.451843261719
62.614479 29.822948 1407858157000 81.035949707031
62.614484 29.822986 1407858159000 81.925537109375
62.614489 29.823017 1407858161000 80.550598144531
62.61449 29.823025 1407858163000 82.454833984375
62.614486 29.822974 1407858165000 84.852111816406
62.614495 29.822904 1407858167000 86.660217285156
62.614501 29.822835 1407858169000 85.341979980469
62.614502 29.822765 1407858172000 88.686767578125
62.614495 29.822721 1407858173000 89.60791015625
62.614489 29.822696 1407858175000 89.320068359375
62.614476 29.822685 1407858177000 89.487670898438
62.61447 29.822726 1407858179000 89.915161132812
62.614475 29.822757 1407858181000 88.887634277344
62.614454 29.82278 1407858183000 85.914184570312
62.614434 29.822817 1407858185000 83.569091796875
62.614448 29.822835 1407858187000 83.432373046875
62.614476 29.822856 1407858189000 80.612670898438
62.614495 29.822899 1407858191000 77.091552734375
62.614511 29.822947 1407858193000 75.7900390625
62.614529 29.822933 1407858195000 77.740966796875
62.614529 29.8229 1407858197000 78.631469726562
62.614522 29.822858 1407858199000 79.626098632812
62.614509 29.822819 1407858202000 81.087158203125
62.614494 29.822793 1407858203000 80.444946289062
62.614486 29.822805 1407858205000 80.217651367188
62.614497 29.822806 1407858207000 80.365844726562
62.614512 29.822792 1407858209000 80.998657226562
62.614512 29.822793 1407858211000 80.594848632812
62.614511 29.822806 1407858213000 79.997619628906
62.614511 29.822811 1407858215000 81.105834960938
62.614499 29.822806 1407858217000 80.955261230469
62.614487 29.822792 1407858219000 80.958923339844
62.614482 29.822801 1407858221000 80.379333496094
62.614476 29.822824 1407858223000 76.703430175781
62.614467 29.822869 1407858225000 77.716430664062
62.614453 29.822933 1407858227000 76.289916992188
62.614451 29.822986 1407858229000 79.353759765625
62.614446 29.823036 1407858232000 79.721496582031
62.614455 29.823069 1407858233000 79.584289550781
62.614471 29.823033 1407858235000 81.128173828125
62.614505 29.822978 1407858237000 83.448791503906
62.614522 29.822916 1407858239000 84.553039550781
62.614519 29.822862 1407858241000 83.525085449219
62.6145 29.82283 1407858243000 80.172668457031
62.614482 29.822817 1407858245000 76.08642578125
62.614478 29.82281 1407858247000 75.731872558594
62.61447 29.822812 1407858249000 74.504821777344
62.614472 29.822863 1407858251000 74.57568359375
62.614495 29.822888 1407858253000 72.590270996094
62.614489 29.822904 1407858255000 74.14794921875
62.614469 29.822931 1407858257000 71.102905273438
62.614448 29.822943 1407858259000 72.504577636719
62.614421 29.822918 1407858262000 71.066711425781
62.614398 29.822882 1407858263000 72.462951660156
62.614376 29.822838 1407858265000 71.062622070312
62.614359 29.822813 1407858267000 72.972778320312
62.614351 29.822817 1407858269000 71.940490722656
62.614343 29.822825 1407858271000 71.078430175781
62.614337 29.822824 1407858273000 69.112731933594
62.61436 29.82281 1407858275000 70.419677734375
62.614384 29.82283 1407858277000 70.688598632812
62.614408 29.822871 1407858279000 71.246520996094
62.614431 29.822895 1407858281000 69.859008789062
62.614445 29.822927 1407858284000 70.9375
62.614447 29.822943 1407858285000 72.087585449219
62.614428 29.822955 1407858287000 73.637756347656
62.614406 29.822935 1407858289000 72.866577148438
62.614429 29.822894 1407858292000 71.639221191406
62.614453 29.822878 1407858293000 73.489929199219
62.614473 29.822873 1407858295000 74.1796875
62.614485 29.822856 1407858297000 72.549926757812
62.614483 29.822859 1407858299000 73.081237792969
62.614484 29.822837 1407858301000 75.051452636719
62.61448 29.822843 1407858303000 76.637390136719
62.614468 29.822848 1407858305000 76.92919921875
62.614458 29.822857 1407858307000 77.678405761719
62.614445 29.822909 1407858309000 77.55419921875
62.614445 29.82295 1407858311000 80.395874023438
62.614445 29.82299 1407858313000 83.061645507812
62.614456 29.823007 1407858315000 81.450439453125
62.614467 29.82301 1407858317000 79.8935546875
62.614467 29.822985 1407858319000 79.437744140625
62.614479 29.822946 1407858322000 79.985717773438
62.614486 29.82288 1407858323000 80.508911132812
62.61449 29.822832 1407858325000 79.490112304688
62.614489 29.822793 1407858327000 79.669799804688
62.614469 29.822793 1407858329000 78.742431640625
62.614462 29.822807 1407858331000 78.187866210938
62.614456 29.822815 1407858333000 78.499938964844
62.61445 29.822826 1407858335000 78.442138671875
62.614449 29.82284 1407858337000 78.723754882812
62.614457 29.822859 1407858339000 79.047790527344
62.614535 29.822791 1407858341000 80.210693359375
62.614555 29.822716 1407858343000 80.060546875
62.614523 29.822716 1407858345000 80.71484375
62.614498 29.822757 1407858347000 80.099853515625
62.614476 29.822779 1407858349000 80.067077636719
62.61447 29.82278 1407858352000 79.614379882812
62.61447 29.822786 1407858353000 80.653564453125
62.614487 29.822751 1407858355000 79.529296875
62.614499 29.822765 1407858357000 78.900207519531
62.614505 29.822829 1407858359000 80.27392578125
62.614503 29.82288 1407858361000 80.07470703125
62.614501 29.822943 1407858364000 80.025573730469
62.614496 29.82296 1407858365000 78.998352050781
62.614503 29.822997 1407858367000 80.859619140625
62.614507 29.823036 1407858369000 80.079956054688
62.614508 29.823064 1407858371000 80.361450195312