62.577831 29.808072 1407662437000 95.0846557617188
62.577831 29.808072 1407662439000 97.4434814453125
62.577819 29.808096 1407662441000 97.3424072265625
62.577803 29.808104 1407662443000 99.232421875
62.577747 29.808105 1407662445000 105.814636230469
62.577752 29.808146 1407662447000 107.733032226563
62.57773 29.808168 1407662449000 108.546813964844
62.57772 29.808179 1407662450000 108.519897460938
62.577928 29.808313 1407662459000 108.569763183594
62.577952 29.808523 1407662461000 102.874328613281
62.577905 29.808617 1407662463000 102.09533691406
62.57789 29.808651 1407662465000 103.31323242188
62.577896 29.808634 1407662468000 104.75793457031
62.577897 29.808633 1407662470000 101.69061279297
62.577881 29.808664 1407662472000 100.50006103516
62.577862 29.808733 1407662474000 103.93444824219
62.577839 29.80884 1407662476000 107.46575927734
62.577772 29.808983 1407662478000 105.27856445312
62.577701 29.8091 1407662480000 108.59283447266
62.577634 29.809185 1407662482000 104.8779296875
62.577579 29.809261 1407662484000 108.02288818359
62.577542 29.809328 1407662486000 111.35791015625
62.577493 29.809397 1407662488000 111.05853271484
62.577439 29.809472 1407662490000 113.12762451172
62.577383 29.809532 1407662492000 108.69201660156
62.57733 29.809608 1407662494000 104.75073242188
62.57729 29.809695 1407662496000 106.232421875
62.577259 29.809769 1407662498000 106.24456787109
62.577235 29.809798 1407662500000 101.03472900391
62.577219 29.809817 1407662502000 101.56121826172
62.577199 29.80984 1407662504000 102.25451660156
62.577187 29.809875 1407662506000 101.84210205078
62.577174 29.80997 1407662508000 99.460693359375
62.577171 29.810109 1407662510000 99.648803710938
62.577181 29.810256 1407662512000 97.643188476562
62.577205 29.810339 1407662514000 103.48217773438
62.577233 29.810398 1407662516000 106.33612060547
62.577254 29.810502 1407662518000 105.91540527344
62.577275 29.810598 1407662520000 109.66143798828
62.577283 29.810715 1407662522000 109.23791503906
62.57729 29.810841 1407662524000 110.0126953125
62.577283 29.811019 1407662526000 106.125
62.57728 29.811187 1407662528000 104.81842041016
62.577273 29.811363 1407662530000 102.14251708984
62.577268 29.811525 1407662532000 102.59313964844
62.577272 29.811661 1407662534000 103.20056152344
62.577276 29.811796 1407662536000 102.77734375
62.577279 29.811925 1407662538000 101.12542724609
62.577279 29.812043 1407662540000 101.19696044922
62.57729 29.812164 1407662542000 99.452697753906
62.577307 29.812268 1407662544000 99.307922363281
62.57732 29.812387 1407662546000 96.53369140625
62.577327 29.812502 1407662548000 96.067565917969
62.577341 29.812615 1407662550000 95.587524414062
62.577361 29.812722 1407662552000 95.16650390625
62.577382 29.81282 1407662554000 96.357971191406
62.57739 29.812937 1407662556000 95.551574707031
62.577395 29.813045 1407662558000 94.342712402344
62.577412 29.813143 1407662560000 95.089172363281
62.57743 29.813251 1407662562000 96.202392578125
62.577447 29.813357 1407662564000 96.443054199219
62.57746 29.813494 1407662566000 93.212158203125
62.577479 29.813625 1407662568000 95.223510742188
62.577495 29.813755 1407662570000 94.775207519531
62.577513 29.813871 1407662572000 94.688049316406
62.577522 29.813994 1407662574000 94.159545898438
62.577536 29.814101 1407662576000 95.815307617188
62.577549 29.81417 1407662578000 95.436828613281
62.577543 29.814221 1407662580000 95.415283203125
62.577548 29.814273 1407662582000 96.284301757812
62.577559 29.814368 1407662584000 93.692626953125
62.577576 29.814455 1407662586000 96.472595214844
62.577595 29.814558 1407662588000 97.645385742188
62.577619 29.814675 1407662590000 97.871337890625
62.577654 29.814824 1407662592000 96.221557617188
62.577685 29.814983 1407662594000 95.705200195312
62.577714 29.815095 1407662596000 101.13171386719
62.577744 29.815149 1407662598000 102.70239257812
62.577765 29.815198 1407662600000 101.73321533203
62.577765 29.815259 1407662602000 99.433288574219
62.577764 29.815328 1407662604000 100.84735107422
62.577768 29.815428 1407662606000 100.65783691406
62.577776 29.815598 1407662608000 98.570617675781
62.577778 29.815784 1407662610000 96.493347167969
62.577841 29.816426 1407662620000 97.848937988281
62.577862 29.816534 1407662622000 99.789306640625
62.577882 29.816643 1407662624000 99.317016601562
62.577902 29.816753 1407662626000 99.417846679688
62.577922 29.816854 1407662628000 99.980224609375
62.577944 29.816971 1407662630000 98.677429199219
62.577958 29.817042 1407662632000 100.74096679688
62.57796 29.817059 1407662634000 101.38354492188
62.577959 29.817048 1407662636000 104.63989257812
62.577977 29.81705 1407662638000 103.41174316406
62.577985 29.817054 1407662640000 105.53717041016
62.577978 29.817066 1407662642000 104.99169921875
62.577974 29.817102 1407662644000 109.322265625
62.577969 29.817132 1407662646000 110.73461914062
62.577967 29.817196 1407662648000 112.17224121094
62.577968 29.817267 1407662650000 111.28973388672
62.577966 29.817327 1407662652000 110.0791015625
62.577961 29.817377 1407662654000 113.68084716797
62.577955 29.817434 1407662656000 112.24182128906
62.57795 29.817493 1407662658000 113.74926757812
62.577946 29.817555 1407662660000 114.37255859375
62.577948 29.817619 1407662662000 113.86676025391
62.577956 29.817693 1407662664000 111.90979003906
62.57796 29.817777 1407662666000 110.57293701172
62.577959 29.817872 1407662668000 112.15899658203
62.577957 29.817956 1407662670000 112.16369628906
62.577948 29.818047 1407662672000 114.30456542969
62.577936 29.818137 1407662674000 113.43041992188
62.577927 29.818234 1407662676000 113.07202148438
62.577915 29.818325 1407662678000 114.73846435547
62.577903 29.818401 1407662680000 113.04766845703
62.577889 29.81848 1407662682000 114.04315185547
62.577881 29.818554 1407662684000 116.54528808594
62.577854 29.818612 1407662686000 114.49572753906
62.57783 29.818675 1407662688000 111.12799072266
62.5778 29.818734 1407662690000 108.341796875
62.57777 29.818808 1407662692000 109.39984130859
62.577754 29.818907 1407662694000 107.76037597656
62.577738 29.819008 1407662696000 108.92352294922
62.577733 29.819108 1407662698000 107.34063720703
62.57773 29.819201 1407662700000 107.03594970703
62.577724 29.819297 1407662702000 109.99267578125
62.577721 29.819386 1407662704000 111.09606933594
62.577711 29.819473 1407662706000 113.08996582031
62.577695 29.819561 1407662708000 111.80810546875
62.577681 29.819655 1407662710000 110.66009521484
62.57767 29.819751 1407662712000 111.07434082031
62.577652 29.81984 1407662714000 111.28015136719
62.577628 29.819938 1407662716000 110.21673583984
62.577606 29.820053 1407662718000 110.71356201172
62.57758 29.820163 1407662720000 108.78625488281
62.577553 29.820266 1407662722000 104.84216308594
62.57752 29.82035 1407662724000 105.01824951172
62.577484 29.820438 1407662726000 103.1806640625
62.577443 29.820526 1407662728000 103.05938720703
62.577413 29.820615 1407662730000 100.947265625
62.577387 29.820709 1407662732000 101.17852783203
62.577349 29.820797 1407662734000 96.659301757812
62.577305 29.820882 1407662736000 96.939636230469
62.57725 29.821011 1407662738000 92.253723144531
62.577191 29.821177 1407662740000 93.58349609375
62.577151 29.821359 1407662742000 98.855895996094
62.577119 29.821552 1407662744000 99.292846679688
62.577111 29.821732 1407662746000 101.33435058594
62.57712 29.82186 1407662748000 104.07635498047
62.577125 29.821969 1407662750000 107.38201904297
62.577111 29.822071 1407662752000 110.21875
62.577082 29.822161 1407662754000 108.91137695312
62.577058 29.822241 1407662756000 111.75933837891
62.577037 29.822335 1407662758000 111.70965576172
62.57702 29.822438 1407662760000 111.92700195312
62.577056 29.822547 1407662762000 113.81713867188
62.577071 29.822634 1407662764000 115.64685058594
62.577077 29.82268 1407662766000 112.54614257812
62.577095 29.822707 1407662768000 111.96771240234
62.57713 29.822721 1407662770000 111.41778564453
62.577173 29.822772 1407662772000 113.17730712891
62.577209 29.822868 1407662774000 109.36511230469
62.577237 29.822974 1407662776000 110.52746582031
62.577254 29.823063 1407662778000 113.45623779297
62.577279 29.823142 1407662780000 113.57049560547
62.577337 29.823266 1407662782000 111.81127929688
62.577427 29.823465 1407662784000 111.55615234375
62.577466 29.823685 1407662786000 110.66430664062
62.577451 29.823736 1407662788000 110.53643798828
62.577438 29.823681 1407662790000 112.68298339844
62.577434 29.823638 1407662792000 111.7451171875
62.57744 29.82364 1407662794000 113.86791992188
62.577451 29.823681 1407662796000 110.70373535156
62.577451 29.823789 1407662798000 110.81872558594
62.577448 29.823887 1407662800000 112.20220947266
62.577473 29.823986 1407662802000 110.97003173828
62.577512 29.824071 1407662804000 107.33404541016
62.577546 29.82415 1407662806000 107.17132568359
62.577569 29.824197 1407662808000 109.27532958984
62.577587 29.82426 1407662810000 109.85333251953
62.5776 29.82433 1407662812000 108.73620605469
62.577611 29.824397 1407662814000 111.65179443359
62.577624 29.824477 1407662816000 111.75415039062
62.577682 29.824612 1407662818000 107.73962402344
62.577739 29.824759 1407662820000 107.85583496094
62.577776 29.824904 1407662822000 107.89678955078
62.577834 29.825066 1407662824000 106.97351074219
62.577934 29.825256 1407662826000 108.69085693359
62.578008 29.825406 1407662828000 106.85162353516
62.578031 29.825487 1407662830000 111.396484375
62.578054 29.825545 1407662832000 113.5107421875
62.578061 29.825613 1407662834000 112.18371582031
62.578066 29.825743 1407662836000 112.87561035156
62.578055 29.825838 1407662838000 113.36395263672
62.578053 29.825894 1407662840000 114.66674804688
62.578056 29.825932 1407662842000 112.48394775391
62.578047 29.826004 1407662844000 111.32965087891
62.578053 29.826094 1407662846000 114.9482421875
62.578065 29.826178 1407662848000 113.47015380859
62.578085 29.826262 1407662850000 112.52703857422
62.57809 29.826319 1407662852000 113.69219970703
62.578088 29.826367 1407662854000 111.29858398438
62.578075 29.826411 1407662856000 112.67059326172
62.578068 29.826498 1407662858000 115.47418212891
62.578085 29.826603 1407662860000 118.6640625
62.578126 29.826691 1407662862000 117.54547119141
62.57817 29.826766 1407662864000 116.89202880859
62.578183 29.826827 1407662866000 118.162109375
62.578189 29.826845 1407662868000 122.34216308594
62.5782 29.826873 1407662870000 122.90698242188
62.57822 29.826921 1407662872000 120.54095458984
62.578242 29.826976 1407662874000 120.57336425781
62.578274 29.827043 1407662876000 118.23712158203
62.578311 29.827137 1407662878000 118.60522460938
62.578343 29.827259 1407662880000 116.96929931641
62.578349 29.827352 1407662882000 113.41979980469
62.578344 29.82741 1407662884000 113.73236083984
62.57834 29.82747 1407662886000 115.61267089844
62.578347 29.827538 1407662888000 114.05139160156
62.578359 29.827608 1407662890000 111.98278808594
62.578375 29.827665 1407662892000 112.41564941406
62.578395 29.827708 1407662894000 113.21343994141
62.578411 29.827752 1407662896000 114.65173339844
62.578424 29.827773 1407662898000 119.10339355469
62.578434 29.827787 1407662900000 123.38513183594
62.578453 29.827805 1407662902000 126.04846191406
62.578485 29.827843 1407662904000 124.70294189453
62.578515 29.827875 1407662906000 126.94555664062
62.578558 29.827916 1407662908000 124.50646972656
62.578598 29.827967 1407662910000 126.19519042969
62.578632 29.827995 1407662912000 124.30358886719
62.578663 29.828027 1407662914000 124.63824462891
62.578688 29.82803 1407662916000 124.85192871094
62.578715 29.828033 1407662918000 123.93548583984
62.578726 29.828016 1407662920000 124.34338378906
62.578747 29.828005 1407662922000 124.15771484375
62.578773 29.827994 1407662924000 122.62622070312
62.57881 29.827997 1407662926000 122.27783203125
62.578863 29.827996 1407662928000 123.57568359375
62.578951 29.828021 1407662930000 122.52661132812
62.579018 29.828015 1407662932000 121.14660644531
62.579057 29.827947 1407662934000 122.49499511719
62.579099 29.827851 1407662936000 120.34442138672
62.579132 29.8278 1407662938000 120.24627685547
62.579163 29.827775 1407662940000 119.05383300781
62.579172 29.827739 1407662942000 118.51202392578
62.579173 29.827708 1407662944000 118.99865722656
62.579176 29.827672 1407662946000 121.33715820312
62.57917 29.82761 1407662948000 121.32666015625
62.579161 29.827558 1407662950000 119.78576660156
62.579158 29.827512 1407662952000 121.95251464844
62.579163 29.827458 1407662954000 124.91485595703
62.579178 29.827394 1407662956000 124.73022460938
62.579193 29.827232 1407662958000 122.09161376953
62.579219 29.827062 1407662960000 123.46728515625
62.579229 29.826982 1407662962000 127.95367431641
62.579233 29.826937 1407662964000 130.88708496094
62.57924 29.826893 1407662966000 130.62829589844
62.579245 29.826846 1407662968000 132.70935058594
62.579268 29.826811 1407662970000 130.04675292969
62.579296 29.826778 1407662972000 132.16613769531
62.579324 29.826736 1407662974000 133.87683105469
62.579364 29.826694 1407662976000 130.57025146484
62.579405 29.826642 1407662978000 130.84521484375
62.579441 29.82657 1407662980000 134.10443115234
62.579484 29.826504 1407662982000 135.15789794922
62.579525 29.826467 1407662984000 135.79229736328
62.579561 29.826456 1407662986000 133.85803222656
62.579596 29.826439 1407662988000 134.66589355469
62.57963 29.826412 1407662990000 135.40795898438
62.579665 29.826372 1407662992000 136.12609863281
62.5797 29.82634 1407662994000 134.79864501953
62.579734 29.826314 1407662996000 136.74761962891
62.579764 29.826312 1407662998000 135.396484375
62.579795 29.826297 1407663000000 135.51867675781
62.579828 29.826289 1407663002000 137.18969726562
62.57986 29.82629 1407663004000 138.0185546875
62.579892 29.826284 1407663006000 139.21374511719
62.579922 29.826272 1407663008000 138.42315673828
62.579953 29.826266 1407663010000 138.06976318359
62.579986 29.826269 1407663012000 136.97930908203
62.580027 29.826275 1407663014000 132.02203369141
62.580067 29.82629 1407663016000 130.93591308594
62.580112 29.8263 1407663018000 129.03405761719
62.580158 29.826289 1407663020000 127.74053955078
62.580197 29.826275 1407663022000 128.56591796875
62.580229 29.826254 1407663024000 128.69049072266
62.580265 29.826235 1407663026000 131.36096191406
62.580299 29.826221 1407663028000 132.30932617188
62.580334 29.826197 1407663030000 138.11010742188
62.580371 29.826169 1407663032000 140.6259765625
62.580417 29.826128 1407663034000 140.36126708984
62.580463 29.826101 1407663036000 140.71166992188
62.580505 29.826075 1407663038000 140.07635498047
62.580547 29.82604 1407663040000 136.14410400391
62.580594 29.826018 1407663042000 132.49462890625
62.580638 29.826013 1407663044000 132.05725097656
62.580678 29.826026 1407663046000 132.65484619141
62.580717 29.826033 1407663048000 131.15118408203
62.580761 29.826035 1407663050000 132.623046875
62.5808 29.826051 1407663052000 132.68041992188
62.580837 29.826076 1407663054000 130.05950927734
62.580883 29.826114 1407663056000 128.67706298828
62.580953 29.826226 1407663058000 126.76409912109
62.581043 29.826334 1407663060000 127.16107177734
62.58111 29.826405 1407663062000 130.11462402344
62.58116 29.826445 1407663064000 130.68811035156
62.581204 29.826499 1407663066000 134.39495849609
62.581246 29.82656 1407663068000 132.25512695312
62.581276 29.826608 1407663070000 132.55505371094
62.581308 29.826685 1407663072000 128.31829833984
62.581362 29.826801 1407663074000 128.84729003906
62.581408 29.826858 1407663076000 130.41424560547
62.581445 29.826922 1407663078000 127.23834228516
62.581487 29.827001 1407663080000 127.44470214844
62.581513 29.827066 1407663082000 128.22760009766
62.581529 29.82711 1407663084000 130.06024169922
62.581554 29.827132 1407663086000 129.88909912109
62.581575 29.827149 1407663088000 132.36975097656
62.581601 29.827175 1407663090000 131.72149658203
62.581631 29.827198 1407663092000 134.18640136719
62.581662 29.827211 1407663094000 134.32147216797
62.581695 29.827226 1407663096000 134.75775146484
62.581728 29.827223 1407663098000 137.345703125
62.581754 29.827239 1407663100000 138.11492919922
62.58178 29.827275 1407663102000 139.61181640625
62.581815 29.827283 1407663104000 138.81817626953
62.581851 29.827285 1407663106000 136.60107421875
62.581886 29.827287 1407663108000 137.60638427734
62.581919 29.827297 1407663110000 138.16314697266
62.581961 29.827314 1407663112000 134.55596923828
62.582041 29.827319 1407663114000 134.28082275391
62.582143 29.827309 1407663116000 129.42883300781
62.582228 29.827318 1407663118000 128.94067382812
62.582281 29.827314 1407663120000 126.84814453125
62.582317 29.827283 1407663122000 127.67248535156
62.582365 29.827285 1407663124000 123.43115234375
62.582413 29.827303 1407663126000 122.48944091797
62.582444 29.827285 1407663128000 120.67077636719
62.582471 29.827254 1407663130000 120.56756591797
62.582508 29.82724 1407663132000 120.93743896484
62.582545 29.827234 1407663134000 119.29467773438
62.582594 29.827239 1407663136000 121.67626953125
62.582679 29.827276 1407663138000 118.93688964844
62.582771 29.827272 1407663140000 115.02447509766
62.582864 29.827255 1407663142000 111.21228027344
62.582933 29.827199 1407663144000 113.05767822266
62.583007 29.827147 1407663146000 111.58746337891
62.583083 29.827099 1407663148000 105.84411621094
62.583129 29.826983 1407663150000 105.20770263672
62.58314 29.826899 1407663152000 108.89617919922
62.583138 29.826882 1407663154000 110.27795410156
62.583136 29.826842 1407663156000 111.18933105469
62.583138 29.826741 1407663158000 110.30535888672
62.583128 29.826605 1407663160000 108.36218261719
62.583115 29.826465 1407663162000 110.14495849609
62.583106 29.826389 1407663164000 110.22869873047
62.583094 29.826335 1407663166000 113.37902832031
62.583125 29.82631 1407663168000 107.39428710938
62.583162 29.826279 1407663170000 106.72772216797
62.583194 29.826267 1407663172000 108.56286621094
62.583221 29.82626 1407663174000 110.27429199219
62.583236 29.826233 1407663176000 112.97998046875
62.583249 29.826185 1407663178000 111.60668945312
62.583268 29.826161 1407663180000 111.78015136719
62.583283 29.826102 1407663182000 112.51055908203
62.583293 29.826002 1407663184000 111.95581054688
62.583308 29.825843 1407663186000 116.94970703125
62.583353 29.825693 1407663188000 115.37908935547
62.583402 29.825609 1407663190000 120.04364013672
62.58341 29.825596 1407663192000 118.79766845703
62.583408 29.825593 1407663194000 120.39123535156
62.583414 29.82559 1407663196000 117.07269287109
62.583427 29.825537 1407663198000 115.15643310547
62.583432 29.825486 1407663200000 114.67443847656
62.583425 29.825389 1407663202000 115.85131835938
62.583447 29.82527 1407663204000 114.13555908203
62.583455 29.825156 1407663206000 115.26885986328
62.583462 29.825058 1407663208000 114.30859375
62.583461 29.824995 1407663210000 115.67077636719
62.583463 29.824936 1407663212000 113.80859375
62.583489 29.824866 1407663214000 114.65985107422
62.583502 29.824795 1407663216000 116.72827148438
62.583515 29.824721 1407663218000 114.04229736328
62.583536 29.824654 1407663220000 114.61022949219
62.583541 29.824588 1407663222000 118.95111083984
62.583532 29.824544 1407663224000 121.02331542969
62.583542 29.824485 1407663226000 121.13482666016
62.583568 29.82445 1407663228000 120.63494873047
62.583606 29.824392 1407663230000 119.69781494141
62.583643 29.824328 1407663232000 123.24743652344
62.583669 29.824265 1407663234000 121.18048095703
62.583701 29.824192 1407663236000 123.21343994141
62.58373 29.824102 1407663238000 122.27661132812
62.583769 29.824013 1407663240000 119.01165771484
62.583784 29.82394 1407663242000 118.64306640625
62.583814 29.823884 1407663244000 113.48541259766
62.583838 29.823834 1407663246000 113.43627929688
62.583855 29.823745 1407663248000 112.03637695312
62.583883 29.823646 1407663250000 112.20654296875
62.583915 29.823555 1407663252000 108.78759765625
62.583944 29.823474 1407663254000 108.14025878906
62.58397 29.823391 1407663256000 107.5244140625
62.583997 29.823321 1407663258000 110.3369140625
62.584013 29.823264 1407663260000 112.38122558594
62.584029 29.823214 1407663262000 115.24975585938
62.584048 29.823168 1407663264000 117.93640136719
62.58408 29.823133 1407663266000 119.79663085938
62.584117 29.823081 1407663268000 123.65087890625
62.584152 29.823038 1407663270000 124.96173095703
62.584188 29.823001 1407663272000 124.30944824219
62.58422 29.822973 1407663274000 124.92962646484
62.584263 29.822949 1407663276000 125.09765625
62.584312 29.822916 1407663278000 122.60437011719
62.584354 29.822887 1407663280000 122.75396728516
62.584387 29.822836 1407663282000 122.76007080078
62.584427 29.822798 1407663284000 122.42901611328
62.584474 29.822789 1407663286000 122.59655761719
62.584514 29.822779 1407663288000 125.62969970703
62.584554 29.822761 1407663290000 125.29968261719
62.584593 29.822745 1407663292000 123.84692382812
62.58463 29.822734 1407663294000 123.15728759766
62.584665 29.822742 1407663296000 121.85125732422
62.5847 29.822766 1407663298000 121.41851806641
62.584729 29.822779 1407663300000 123.49127197266
62.584756 29.822802 1407663302000 123.29479980469
62.584789 29.822808 1407663304000 126.12127685547
62.584823 29.822838 1407663306000 125.53118896484
62.584859 29.822862 1407663308000 129.56231689453
62.584899 29.822874 1407663310000 127.88317871094
62.584933 29.822878 1407663312000 128.49462890625
62.584965 29.82288 1407663314000 130.58306884766
62.584998 29.82289 1407663316000 129.02722167969
62.58503 29.822892 1407663318000 130.18389892578
62.585073 29.822909 1407663320000 126.36474609375
62.58512 29.822932 1407663322000 126.49383544922
62.58516 29.822965 1407663324000 125.23388671875
62.585191 29.822976 1407663326000 122.75061035156
62.585214 29.822985 1407663328000 119.24291992188
62.585237 29.822976 1407663330000 117.10882568359
62.585261 29.822954 1407663332000 116.70379638672
62.58529 29.822931 1407663334000 116.47332763672
62.585324 29.822905 1407663336000 115.47839355469
62.585356 29.822884 1407663338000 115.73236083984
62.585388 29.82285 1407663340000 114.81903076172
62.585414 29.822811 1407663342000 113.38677978516
62.585446 29.822775 1407663344000 113.28833007812
62.585482 29.822733 1407663346000 110.98846435547
62.585518 29.822684 1407663348000 108.29418945312
62.585558 29.822606 1407663350000 103.63061523438
62.585609 29.822522 1407663352000 102.78753662109
62.585659 29.822455 1407663354000 100.39147949219
62.585713 29.822407 1407663356000 98.116455078125
62.585755 29.822304 1407663358000 98.633239746094
62.585805 29.822213 1407663360000 100.93627929688
62.585828 29.822126 1407663362000 100.37854003906
62.585832 29.822038 1407663364000 99.207275390625
62.585851 29.821961 1407663366000 99.691467285156
62.585893 29.821906 1407663368000 99.637573242188
62.585927 29.821828 1407663370000 99.761169433594
62.585959 29.821761 1407663372000 98.851135253906
62.58599 29.821719 1407663374000 97.376831054688
62.586009 29.821667 1407663376000 100.77154541016
62.586019 29.821552 1407663378000 98.873901367188
62.586029 29.821463 1407663380000 99.468566894531
62.586035 29.821408 1407663382000 100.38720703125
62.586037 29.821354 1407663384000 99.129333496094
62.586063 29.821255 1407663386000 99.80615234375
62.586114 29.821119 1407663388000 98.106262207031
62.586165 29.821009 1407663390000 97.496704101562
62.586222 29.820959 1407663392000 98.420715332031
62.586278 29.820915 1407663394000 98.545104980469
62.586322 29.820874 1407663396000 97.466430664062
62.586348 29.820825 1407663398000 95.766479492188
62.586348 29.820776 1407663400000 96.598937988281
62.586353 29.820748 1407663402000 101.45233154297
62.586367 29.820714 1407663404000 102.35144042969
62.586398 29.820653 1407663406000 103.42846679688
62.586435 29.820577 1407663408000 101.87738037109
62.586461 29.820506 1407663410000 97.635681152344
62.586483 29.820466 1407663412000 96.425964355469
62.58651 29.820426 1407663414000 96.338806152344
62.586545 29.82041 1407663416000 97.170593261719
62.586576 29.820393 1407663418000 100.40570068359
62.5866 29.820363 1407663420000 99.255798339844
62.586644 29.820306 1407663422000 97.945617675781
62.586674 29.820227 1407663424000 97.461059570312
62.58669 29.820154 1407663426000 95.923278808594
62.586704 29.820116 1407663428000 95.91748046875
62.586704 29.820102 1407663430000 96.225402832031
62.586697 29.820058 1407663432000 93.173767089844
62.586688 29.82002 1407663434000 94.033630371094
62.58668 29.819971 1407663436000 94.728576660156
62.58668 29.819914 1407663438000 93.048950195312
62.586679 29.819858 1407663440000 91.13720703125
62.586687 29.819848 1407663442000 92.324279785156
62.586684 29.819807 1407663444000 91.609008789062
62.58667 29.819747 1407663446000 92.247436523438
62.586669 29.819698 1407663448000 93.547180175781
62.586677 29.819662 1407663450000 95.169372558594
62.586698 29.819605 1407663452000 100.48114013672
62.586729 29.819517 1407663454000 104.3349609375
62.586754 29.819447 1407663456000 105.02111816406
62.586773 29.819412 1407663458000 101.65869140625
62.586786 29.819386 1407663460000 101.07666015625
62.586799 29.819335 1407663462000 99.220397949219
62.586809 29.819255 1407663464000 102.408203125
62.586827 29.819143 1407663466000 99.166748046875
62.58685 29.819038 1407663468000 98.955810546875
62.586871 29.818958 1407663470000 100.21215820312
62.586893 29.818897 1407663472000 103.39544677734
62.586906 29.818842 1407663474000 106.64141845703
62.586925 29.818825 1407663476000 106.44732666016
62.586927 29.818776 1407663478000 101.82800292969
62.586921 29.818729 1407663480000 107.03283691406
62.586925 29.818679 1407663482000 109.18933105469
62.586936 29.818655 1407663484000 112.93731689453
62.586956 29.81861 1407663486000 109.98297119141
62.58698 29.818575 1407663488000 111.60473632812
62.587009 29.818536 1407663490000 108.18310546875
62.587034 29.818478 1407663492000 106.10668945312
62.587052 29.818426 1407663494000 105.35821533203
62.587063 29.818373 1407663496000 107.62707519531
62.587073 29.818308 1407663498000 109.40795898438
62.587079 29.818245 1407663500000 109.49011230469
62.587088 29.818179 1407663502000 111.02185058594
62.587096 29.818129 1407663504000 113.15417480469
62.587099 29.818084 1407663506000 111.06805419922
62.587096 29.818046 1407663508000 109.81982421875
62.587091 29.818006 1407663510000 108.68859863281
62.587084 29.817956 1407663512000 107.83923339844
62.587075 29.817901 1407663514000 108.03125
62.587072 29.817854 1407663516000 108.76110839844
62.587072 29.817803 1407663518000 113.61614990234
62.587071 29.817753 1407663520000 115.24523925781
62.587073 29.817708 1407663522000 117.05346679688
62.58706 29.817668 1407663524000 113.83117675781
62.58704 29.817615 1407663526000 110.91241455078
62.587025 29.817555 1407663528000 111.21484375
62.587012 29.817491 1407663530000 108.52185058594
62.587001 29.817438 1407663532000 109.89831542969
62.586992 29.817388 1407663534000 112.00500488281
62.586976 29.81734 1407663536000 110.88793945312
62.586968 29.817283 1407663538000 110.06304931641
62.586954 29.817236 1407663540000 110.017578125
62.58693 29.817203 1407663542000 110.74768066406
62.58691 29.817157 1407663544000 113.70764160156
62.586896 29.8171 1407663546000 111.31109619141
62.586884 29.81703 1407663548000 111.75335693359
62.586874 29.816962 1407663550000 114.86730957031
62.586865 29.816895 1407663552000 117.55212402344
62.586859 29.816835 1407663554000 116.78863525391
62.586838 29.816792 1407663556000 116.84185791016
62.586811 29.816756 1407663558000 116.09558105469
62.586786 29.816725 1407663560000 114.36761474609
62.586774 29.81668 1407663562000 113.56140136719
62.586765 29.816602 1407663564000 113.10345458984
62.586748 29.816541 1407663566000 111.44982910156
62.586744 29.816483 1407663568000 109.09436035156
62.586749 29.816405 1407663570000 109.33972167969
62.586752 29.81633 1407663572000 112.34002685547
62.586744 29.816269 1407663574000 112.14813232422
62.586731 29.816214 1407663576000 111.91436767578
62.586742 29.816171 1407663578000 113.90350341797
62.586751 29.816132 1407663580000 113.46881103516
62.586745 29.816122 1407663582000 112.79949951172
62.586732 29.816081 1407663584000 110.76776123047
62.586721 29.816065 1407663586000 104.70349121094
62.586708 29.816025 1407663588000 106.03887939453
62.586684 29.816015 1407663590000 105.17944335938
62.586688 29.815955 1407663592000 104.26745605469
62.586699 29.815886 1407663594000 104.58941650391
62.586708 29.8158 1407663596000 104.33605957031
62.586715 29.815705 1407663598000 109.37384033203
62.586713 29.815636 1407663600000 109.08020019531
62.586707 29.815596 1407663602000 110.94897460938
62.586702 29.815539 1407663604000 111.53479003906
62.586698 29.815477 1407663606000 109.27008056641
62.586706 29.815387 1407663608000 106.91613769531
62.586713 29.815305 1407663610000 108.8427734375
62.586715 29.815239 1407663612000 111.15844726562
62.586713 29.815181 1407663614000 106.94158935547
62.586721 29.815121 1407663616000 105.56121826172
62.586716 29.815069 1407663618000 104.58489990234
62.586708 29.815049 1407663620000 104.29113769531
62.58668 29.81502 1407663622000 105.46850585938
62.586654 29.814992 1407663624000 105.9560546875
62.58663 29.814958 1407663626000 104.12719726562
62.586621 29.814944 1407663628000 104.35638427734
62.586623 29.81493 1407663630000 104.18328857422
62.586631 29.814908 1407663632000 106.51879882812
62.586633 29.814883 1407663634000 107.48315429688
62.586642 29.814848 1407663636000 108.27996826172
62.586656 29.814816 1407663638000 108.32135009766
62.586665 29.814759 1407663640000 111.12908935547
62.58667 29.814693 1407663642000 107.40313720703
62.586671 29.814636 1407663644000 110.09106445312
62.586672 29.814572 1407663646000 111.78607177734
62.58668 29.814502 1407663648000 114.45666503906
62.58669 29.814427 1407663650000 116.82629394531
62.586702 29.81435 1407663652000 116.23150634766
62.58673 29.814296 1407663654000 114.53564453125
62.586753 29.814221 1407663656000 114.10144042969
62.586774 29.814151 1407663658000 113.46911621094
62.586788 29.814095 1407663660000 116.88708496094
62.586796 29.814042 1407663662000 118.83245849609
62.586785 29.813978 1407663664000 117.41735839844
62.586779 29.813929 1407663666000 120.11944580078
62.586778 29.813881 1407663668000 121.90563964844
62.586781 29.813814 1407663670000 124.4013671875
62.586781 29.81373 1407663672000 124.65460205078
62.586786 29.813655 1407663674000 124.392578125
62.586789 29.813601 1407663676000 122.38146972656
62.586789 29.813572 1407663678000 123.89807128906
62.586786 29.813544 1407663680000 120.92742919922
62.586784 29.8135 1407663682000 121.7666015625
62.586775 29.813422 1407663684000 121.31384277344
62.586762 29.813339 1407663686000 121.86962890625
62.58675 29.813266 1407663688000 120.33447265625
62.586729 29.813215 1407663690000 119.07958984375
62.586706 29.813165 1407663692000 119.5302734375
62.586683 29.813116 1407663694000 114.64105224609
62.586664 29.813061 1407663696000 116.61376953125
62.586651 29.813007 1407663698000 115.1044921875
62.586641 29.812962 1407663700000 113.12884521484
62.586631 29.81292 1407663702000 114.58129882812
62.586614 29.812875 1407663704000 113.41479492188
62.586597 29.812831 1407663706000 112.39343261719
62.586564 29.812789 1407663708000 111.46209716797
62.586515 29.812762 1407663710000 110.36212158203
62.586468 29.812746 1407663712000 109.8505859375
62.586429 29.812741 1407663714000 110.00689697266
62.586397 29.812754 1407663716000 112.27648925781
62.586358 29.8128 1407663718000 109.37896728516
62.58632 29.812866 1407663720000 106.62182617188
62.586276 29.81292 1407663722000 107.99584960938
62.586229 29.81297 1407663724000 109.90496826172
62.586182 29.813027 1407663726000 108.06207275391
62.586139 29.813079 1407663728000 106.11407470703
62.586094 29.813122 1407663730000 108.11004638672
62.58605 29.813184 1407663732000 107.19641113281
62.586012 29.813219 1407663734000 105.94445800781
62.585981 29.813226 1407663736000 108.85748291016
62.58596 29.813264 1407663738000 108.69506835938
62.585941 29.813308 1407663740000 109.57098388672
62.585918 29.813315 1407663742000 109.42236328125
62.585903 29.813313 1407663744000 111.86840820312
62.585885 29.813326 1407663746000 112.71704101562
62.58586 29.813349 1407663748000 114.00646972656
62.585833 29.813389 1407663750000 110.72937011719
62.585801 29.813424 1407663752000 109.09655761719
62.585777 29.813447 1407663754000 109.55010986328
62.585752 29.813453 1407663756000 109.22314453125
62.585721 29.813465 1407663758000 103.17205810547
62.585694 29.813484 1407663760000 102.89196777344
62.585671 29.81349 1407663762000 104.48638916016
62.585647 29.813486 1407663764000 104.22137451172
62.585629 29.813486 1407663766000 103.51867675781
62.585622 29.813484 1407663768000 103.71075439453
62.585614 29.813506 1407663770000 105.37847900391
62.5856 29.813513 1407663772000 104.81787109375
62.585581 29.813498 1407663774000 109.38049316406
62.585557 29.813492 1407663776000 110.48608398438
62.585534 29.813484 1407663778000 111.52032470703
62.585515 29.81349 1407663780000 113.86657714844
62.585495 29.813508 1407663782000 112.01458740234
62.585472 29.813528 1407663784000 110.78881835938
62.585448 29.813539 1407663786000 113.13354492188
62.585422 29.813532 1407663788000 113.826171875
62.585398 29.813535 1407663790000 116.60504150391
62.585373 29.813545 1407663792000 115.98718261719
62.585354 29.81355 1407663794000 114.41748046875
62.585332 29.813545 1407663796000 113.32928466797
62.585315 29.813541 1407663798000 112.52856445312
62.585294 29.813546 1407663800000 112.11682128906
62.585268 29.813543 1407663802000 112.40130615234
62.585241 29.813536 1407663804000 110.74566650391
62.585212 29.813539 1407663806000 110.92852783203
62.585181 29.813542 1407663808000 110.71997070312
62.585149 29.813535 1407663810000 111.01208496094
62.585117 29.813523 1407663812000 114.3984375
62.585088 29.813509 1407663814000 115.94885253906
62.58506 29.8135 1407663816000 113.81359863281
62.585034 29.813495 1407663818000 115.23284912109
62.585013 29.813511 1407663820000 115.22888183594
62.584986 29.813519 1407663822000 114.96472167969
62.584958 29.813519 1407663824000 110.46160888672
62.584929 29.813504 1407663826000 112.68090820312
62.5849 29.813495 1407663828000 115.18206787109
62.584871 29.813478 1407663830000 116.21069335938
62.584843 29.813461 1407663832000 117.31518554688
62.584812 29.813443 1407663834000 116.22790527344
62.584783 29.813432 1407663836000 117.26318359375
62.584754 29.813431 1407663838000 118.2919921875
62.584726 29.813413 1407663840000 119.03997802734
62.584698 29.813402 1407663842000 116.68255615234
62.584669 29.813398 1407663844000 117.56329345703
62.584643 29.813395 1407663846000 115.76025390625
62.584618 29.813397 1407663848000 117.82946777344
62.584593 29.813407 1407663850000 116.32012939453
62.584569 29.813431 1407663852000 117.40002441406
62.584541 29.813435 1407663854000 118.45892333984
62.584508 29.813416 1407663856000 114.31848144531
62.584476 29.813406 1407663858000 114.50317382812
62.584446 29.813406 1407663860000 115.87457275391
62.584414 29.813414 1407663862000 115.65405273438
62.584381 29.813421 1407663864000 114.66821289062
62.584345 29.81342 1407663866000 115.73870849609
62.584307 29.813423 1407663868000 116.71252441406
62.58427 29.813414 1407663870000 115.43176269531
62.584232 29.813398 1407663872000 117.86486816406
62.5842 29.813394 1407663874000 116.6611328125
62.584166 29.81339 1407663876000 114.02752685547
62.584134 29.81339 1407663878000 115.70977783203
62.584103 29.813385 1407663880000 114.89733886719
62.584073 29.813378 1407663882000 113.12744140625
62.584042 29.813374 1407663884000 111.76312255859
62.584017 29.813363 1407663886000 110.17291259766
62.583988 29.813377 1407663888000 106.19494628906
62.583952 29.813377 1407663890000 103.23541259766
62.583916 29.813393 1407663892000 101.57550048828
62.583883 29.813392 1407663894000 100.40734863281
62.583852 29.813378 1407663896000 103.08978271484
62.583827 29.813372 1407663898000 104.22875976562
62.583806 29.813361 1407663900000 104.90606689453
62.583789 29.813331 1407663902000 106.66394042969
62.583762 29.813305 1407663904000 106.20867919922
62.583731 29.813279 1407663906000 103.61303710938
62.583709 29.813265 1407663908000 103.76300048828
62.583686 29.813252 1407663910000 104.87908935547
62.583664 29.81324 1407663912000 103.54431152344
62.583638 29.813234 1407663914000 104.90435791016
62.58361 29.81323 1407663916000 106.03875732422
62.583581 29.813219 1407663918000 105.2607421875
62.583558 29.813206 1407663920000 105.61761474609
62.583531 29.813189 1407663922000 105.22821044922
62.583504 29.813176 1407663924000 106.18487548828
62.583476 29.813167 1407663926000 107.50305175781
62.583446 29.813155 1407663928000 105.66668701172
62.583413 29.813138 1407663930000 103.61511230469
62.583382 29.813108 1407663932000 108.40551757812
62.583354 29.813091 1407663934000 108.56164550781
62.583329 29.813075 1407663936000 107.01306152344
62.583304 29.813053 1407663938000 108.46948242188
62.583274 29.813032 1407663940000 107.18762207031
62.583239 29.813009 1407663942000 100.52630615234
62.583198 29.81298 1407663944000 97.427734375
62.583167 29.812958 1407663946000 100.02673339844
62.583135 29.812929 1407663948000 100.56195068359
62.583105 29.812908 1407663950000 98.381164550781
62.58308 29.812905 1407663952000 99.495544433594
62.583053 29.812917 1407663954000 98.319030761719
62.583027 29.812928 1407663956000 98.825744628906
62.582997 29.812937 1407663958000 95.585144042969
62.582966 29.812939 1407663960000 96.498229980469
62.582934 29.81296 1407663962000 98.174377441406
62.582852 29.813021 1407663964000 100.14385986328
62.582765 29.813153 1407663966000 102.16326904297
62.582704 29.813279 1407663968000 103.44281005859
62.582665 29.813332 1407663970000 102.48876953125
62.582661 29.813343 1407663972000 101.95397949219
62.582656 29.813366 1407663974000 105.79571533203
62.582647 29.813379 1407663976000 107.15795898438
62.582623 29.813406 1407663978000 104.53369140625
62.582591 29.813439 1407663980000 106.44812011719
62.582568 29.813499 1407663982000 107.39709472656
62.582547 29.813555 1407663984000 107.01519775391
62.582527 29.813593 1407663986000 106.74621582031
62.582513 29.813639 1407663988000 108.30718994141
62.582496 29.813665 1407663990000 110.05267333984
62.582473 29.813693 1407663992000 106.84454345703
62.582445 29.813724 1407663994000 104.90435791016
62.58241 29.813717 1407663996000 104.89154052734
62.58235 29.813695 1407663998000 104.76983642578
62.582307 29.813741 1407664000000 106.90802001953
62.582285 29.813844 1407664002000 107.80133056641
62.582274 29.813896 1407664004000 108.71520996094
62.582273 29.813983 1407664006000 107.40356445312
62.582267 29.814056 1407664008000 106.38684082031
62.582249 29.814097 1407664010000 108.48822021484
62.582232 29.814126 1407664012000 108.75231933594
62.582227 29.814144 1407664014000 107.70697021484
62.58221 29.814156 1407664016000 107.93890380859
62.582187 29.814174 1407664018000 106.57470703125
62.582169 29.814201 1407664020000 106.88854980469
62.582158 29.81424 1407664022000 107.14477539062
62.582146 29.814261 1407664024000 109.71362304688
62.582132 29.81426 1407664026000 106.4873046875
62.582114 29.814285 1407664028000 108.34893798828
62.582103 29.814312 1407664030000 110.06573486328
62.582091 29.814341 1407664032000 109.38726806641
62.582071 29.814353 1407664034000 110.15533447266
62.582058 29.814368 1407664036000 109.44592285156
62.582047 29.814395 1407664038000 109.01025390625
62.582035 29.814418 1407664040000 110.57940673828
62.582026 29.81443 1407664042000 112.5166015625
62.582011 29.814441 1407664044000 110.88305664062
62.58199 29.814464 1407664046000 110.12463378906
62.581964 29.814493 1407664048000 110.91027832031
62.58192 29.814552 1407664050000 109.54425048828
62.581874 29.814612 1407664052000 111.01605224609
62.581843 29.814679 1407664054000 111.34844970703
62.581822 29.814738 1407664056000 112.72644042969
62.581798 29.814776 1407664058000 115.41284179688
62.581783 29.814804 1407664060000 113.85906982422
62.581769 29.814831 1407664062000 116.03393554688
62.581758 29.814857 1407664064000 116.8583984375
62.581744 29.814886 1407664066000 116.23645019531
62.581726 29.814918 1407664068000 116.92492675781
62.581703 29.814949 1407664070000 118.56372070312
62.581679 29.81496 1407664072000 118.76586914062
62.581655 29.81497 1407664074000 120.44128417969
62.581625 29.814986 1407664076000 117.49450683594
62.581598 29.81501 1407664078000 115.84112548828
62.581567 29.815023 1407664080000 112.77667236328
62.581542 29.815039 1407664082000 113.20294189453
62.581511 29.815049 1407664084000 113.19366455078
62.581474 29.815074 1407664086000 112.55914306641
62.581433 29.815096 1407664088000 112.68695068359
62.581395 29.815103 1407664090000 116.89331054688
62.581367 29.815123 1407664092000 118.31890869141
62.58135 29.815159 1407664094000 121.03210449219
62.581326 29.815183 1407664096000 119.96539306641
62.581296 29.815189 1407664098000 118.32806396484
62.581266 29.815203 1407664100000 117.66046142578
62.581231 29.815212 1407664102000 113.78845214844
62.581188 29.815209 1407664104000 111.95147705078
62.581152 29.81522 1407664106000 113.90130615234
62.581113 29.815232 1407664108000 113.47467041016
62.58107 29.815246 1407664110000 112.14697265625
62.581024 29.815267 1407664112000 110.70776367188
62.580977 29.815295 1407664114000 111.8408203125
62.580931 29.815325 1407664116000 109.53564453125
62.580887 29.815343 1407664118000 109.53302001953
62.580842 29.815353 1407664120000 111.09289550781
62.580796 29.815353 1407664122000 105.89178466797
62.580745 29.815351 1407664124000 103.37915039062
62.580672 29.815345 1407664126000 99.274230957031
62.580612 29.81532 1407664128000 99.2353515625
62.580569 29.815306 1407664130000 98.186401367188
62.580509 29.815286 1407664132000 96.226928710938
62.580441 29.815241 1407664134000 92.826843261719
62.580384 29.815195 1407664136000 91.659240722656
62.58036 29.815147 1407664138000 92.88720703125
62.580333 29.815083 1407664140000 96.260314941406
62.580301 29.815019 1407664142000 96.757568359375
62.580267 29.814949 1407664144000 99.947998046875
62.580238 29.814882 1407664146000 97.176147460938
62.580205 29.814822 1407664148000 99.5986328125
62.580177 29.814759 1407664150000 99.496398925781
62.580157 29.814691 1407664152000 101.53137207031
62.580134 29.814619 1407664154000 104.36608886719
62.580109 29.814545 1407664156000 106.38635253906
62.580083 29.814475 1407664158000 106.07476806641
62.580058 29.814404 1407664160000 106.74127197266
62.580027 29.814331 1407664162000 105.51397705078
62.58 29.814253 1407664164000 107.74633789062
62.57998 29.814163 1407664166000 108.919921875
62.579959 29.814081 1407664168000 110.66754150391
62.579928 29.814013 1407664170000 111.84301757812
62.579892 29.813939 1407664172000 111.49224853516
62.579852 29.813862 1407664174000 111.67492675781
62.579804 29.813796 1407664176000 108.95758056641
62.579772 29.813721 1407664178000 109.59411621094
62.579747 29.813641 1407664180000 111.71575927734
62.579721 29.813562 1407664182000 113.35144042969
62.579688 29.813487 1407664184000 113.40881347656
62.579661 29.81341 1407664186000 113.56884765625
62.579638 29.813324 1407664188000 113.85656738281
62.579617 29.813248 1407664190000 114.01196289062
62.57959 29.813175 1407664192000 112.61474609375
62.579559 29.813095 1407664194000 109.93115234375
62.57952 29.813021 1407664196000 108.91125488281
62.579481 29.812955 1407664198000 109.64794921875
62.579453 29.812896 1407664200000 106.59497070312
62.579434 29.812835 1407664202000 106.26245117188
62.579408 29.812759 1407664204000 105.61389160156
62.579385 29.812681 1407664206000 103.89288330078
62.579363 29.812605 1407664208000 102.65759277344
62.57933 29.81254 1407664210000 101.03588867188
62.579292 29.81249 1407664212000 100.07281494141
62.579253 29.812432 1407664214000 99.382080078125
62.579216 29.812378 1407664216000 100.72296142578
62.579179 29.812323 1407664218000 101.04296875
62.579142 29.812267 1407664220000 102.88214111328
62.579114 29.81221 1407664222000 105.30139160156
62.579084 29.812165 1407664224000 105.35546875
62.579053 29.812153 1407664226000 105.00671386719
62.579013 29.812165 1407664228000 106.40283203125
62.578967 29.812187 1407664230000 106.58959960938
62.578918 29.812203 1407664232000 103.10607910156
62.578869 29.812196 1407664234000 102.97644042969
62.57882 29.812163 1407664236000 101.69232177734
62.578775 29.812116 1407664238000 98.946960449219
62.578751 29.812061 1407664240000 100.13854980469
62.578748 29.812016 1407664242000 98.413146972656
62.578743 29.811966 1407664244000 95.462768554688
62.57874 29.811882 1407664246000 94.062622070312
62.578741 29.811767 1407664248000 95.669982910156
62.57874 29.811667 1407664250000 94.464050292969
62.57873 29.811576 1407664252000 92.238891601562
62.578721 29.811492 1407664254000 91.985778808594
62.578717 29.811414 1407664256000 92.135437011719
62.578707 29.811338 1407664258000 91.916259765625
62.5787 29.811262 1407664260000 93.131713867188
62.57869 29.811204 1407664262000 91.830444335938
62.578683 29.811127 1407664264000 91.538330078125
62.578683 29.811046 1407664266000 91.658935546875
62.57868 29.810963 1407664268000 91.873840332031
62.578675 29.81087 1407664270000 93.198181152344
62.57867 29.810785 1407664272000 92.883972167969
62.578662 29.8107 1407664274000 92.340393066406
62.57865 29.810607 1407664276000 91.8134765625
62.578642 29.810519 1407664278000 92.01171875
62.578632 29.810452 1407664280000 92.669372558594
62.578628 29.810409 1407664282000 94.168029785156
62.578623 29.810372 1407664284000 94.300659179688
62.578611 29.810329 1407664286000 95.644165039062
62.578593 29.810287 1407664288000 93.232360839844
62.578577 29.81024 1407664290000 92.231201171875
62.578559 29.810157 1407664292000 92.308227539062
62.578546 29.810096 1407664293000 93.391662597656
62.578535 29.810045 1407664295000 94.288696289062
62.578526 29.81 1407664297000 95.696472167969
62.578522 29.809956 1407664300000 97.095581054688
62.578511 29.809922 1407664301000 96.291809082031
62.578502 29.809886 1407664303000 96.50634765625
62.578494 29.809834 1407664305000 97.574523925781
62.57849 29.809778 1407664307000 99.013916015625
62.57849 29.809733 1407664309000 97.322692871094
62.578487 29.809688 1407664311000 97.857971191406
62.578475 29.809631 1407664313000 96.056823730469
62.578465 29.809585 1407664315000 94.269287109375
62.578454 29.809551 1407664317000 92.973266601562
62.57843 29.809522 1407664319000 86.581359863281
62.578413 29.809479 1407664322000 86.776062011719
62.578404 29.809421 1407664323000 90.905822753906
62.578393 29.809355 1407664325000 89.313415527344
62.57838 29.809287 1407664327000 90.696899414062
62.578368 29.809223 1407664330000 90.880981445312
62.578356 29.809156 1407664331000 92.212646484375
62.578339 29.809102 1407664333000 93.845031738281
62.578319 29.809064 1407664335000 95.885437011719
62.578294 29.809038 1407664337000 95.07373046875
62.578269 29.809018 1407664339000 95.336975097656
62.578245 29.809007 1407664341000 96.315368652344
62.578219 29.808991 1407664343000 96.852966308594
62.578188 29.808961 1407664345000 94.211181640625
62.578142 29.808907 1407664347000 90.178894042969
62.578103 29.808862 1407664349000 88.204406738281
62.578067 29.808833 1407664352000 89.178100585938
62.578034 29.808801 1407664353000 89.965270996094
62.578005 29.808762 1407664355000 91.682983398438
62.577983 29.80872 1407664357000 91.465209960938
62.577965 29.808685 1407664360000 88.190612792969
62.577948 29.808661 1407664361000 86.692443847656
62.577943 29.808641 1407664363000 88.247802734375
62.57795 29.808605 1407664365000 88.63623046875
62.577946 29.808556 1407664367000 90.087646484375
62.577933 29.808516 1407664369000 89.781372070312
62.577921 29.808488 1407664371000 90.399169921875
62.577916 29.808471 1407664373000 91.258972167969
62.577892 29.808409 1407664375000 89.895874023438
62.577866 29.808299 1407664377000 89.215209960938
62.577852 29.808219 1407664379000 89.024780273438
62.577837 29.808195 1407664381000 88.991333007812