47.021283 28.836987 1413188017000 91.3035888671875
47.021217 28.837067 1413188019000 96.1739501953125
47.021138 28.837132 1413188021000 93.949462890625
47.021066 28.83719 1413188023000 92.8397827148438
47.021026 28.837138 1413188025000 72.4287109375
47.021006 28.837112 1413188027000 71.9229736328125
47.02101 28.837098 1413188029000 69.7447509765625
47.021027 28.837104 1413188031000 71.7388916015625
47.021035 28.837107 1413188032000 71.810546875
47.02105 28.837127 1413188034000 71.8389282226563
47.021076 28.837135 1413188037000 72.7090454101563
47.021081 28.837133 1413188039000 73.03564453125
47.021081 28.837133 1413188041000 73.0411376953125
47.021081 28.837133 1413188042000 73.0394897460938
47.021111 28.837129 1413188045000 74.2874145507813
47.021109 28.837134 1413188046000 74.164306640625
47.021107 28.837185 1413188049000 74.5299682617188
47.021097 28.837216 1413188051000 74.6002197265625
47.021088 28.837249 1413188053000 75.5813598632813
47.021102 28.837284 1413188055000 76.5156860351563
47.021107 28.837307 1413188057000 77.126953125
47.021096 28.83733 1413188059000 78.0159912109375
47.02108 28.837356 1413188061000 78.5523681640625
47.021068 28.83738 1413188063000 77.9674072265625
47.021052 28.8374 1413188065000 77.0655517578125
47.021038 28.837415 1413188066000 76.769287109375
47.020979 28.837458 1413188069000 76.40966796875
47.020934 28.837491 1413188072000 77.0680541992188
47.020914 28.837511 1413188074000 76.851318359375
47.020892 28.837536 1413188076000 77.5435180664063
47.020883 28.83755 1413188078000 78.315673828125
47.020873 28.837573 1413188080000 80.3456420898438
47.020864 28.837605 1413188082000 80.9176635742188
47.020856 28.837633 1413188084000 80.7130126953125
47.020848 28.837661 1413188086000 81.5104370117188
47.020848 28.837661 1413188088000 81.976318359375
47.020848 28.837661 1413188090000 82.0361328125
47.020837 28.837698 1413188092000 82.7626953125
47.020834 28.837704 1413188093000 82.89208984375
47.020819 28.837735 1413188096000 83.6190185546875
47.020806 28.837762 1413188098000 84.5213012695313
47.020818 28.837853 1413188100000 86.1309204101562
47.020849 28.837934 1413188101000 86.9459838867188
47.0209 28.838137 1413188104000 89.2214965820313
47.020921 28.838255 1413188106000 90.6593017578125
47.020935 28.838279 1413188108000 92.145751953125
47.02094 28.838286 1413188110000 93.795166015625
47.020926 28.838249 1413188112000 93.7000122070313
47.020918 28.838211 1413188114000 94.5270385742188
47.020909 28.838181 1413188116000 96.29833984375
47.020885 28.838151 1413188118000 99.119384765625
47.020876 28.838112 1413188119000 90.4133911132813
47.020857 28.838042 1413188122000 93.7761840820312
47.020857 28.838005 1413188124000 90.5496215820313
47.020869 28.837991 1413188125000 89.8276977539063
47.020899 28.837975 1413188128000 91.3394775390625
47.02091 28.837974 1413188130000 88.9907836914063
47.020919 28.837978 1413188131000 88.5001831054688
47.020932 28.837982 1413188133000 88.7388305664063
47.020945 28.838002 1413188136000 88.5081787109375
47.020958 28.838021 1413188138000 87.0150756835938
47.020958 28.838047 1413188140000 87.8447875976562
47.020961 28.838076 1413188142000 87.9893188476563
47.020963 28.83809 1413188143000 87.5923461914063
47.02097 28.83812 1413188146000 87.4264526367188
47.020976 28.838124 1413188148000 86.873779296875
47.020979 28.838123 1413188150000 86.2799072265625
47.020996 28.838108 1413188152000 85.654541015625
47.021013 28.838093 1413188154000 85.3756713867188
47.021021 28.838099 1413188156000 86.5628662109375
47.021018 28.83812 1413188158000 87.3253173828125
47.021018 28.838127 1413188160000 86.1688842773438
47.021019 28.83813 1413188161000 85.8799438476563
47.021007 28.838141 1413188164000 86.0828857421875
47.021001 28.83814 1413188165000 86.254638671875
47.020956 28.838166 1413188168000 85.1331176757813
47.020916 28.838206 1413188170000 85.8590698242188
47.020905 28.838217 1413188172000 85.75341796875
47.020888 28.838253 1413188174000 85.4795532226563
47.020876 28.838259 1413188176000 85.8507690429687
47.020869 28.838265 1413188178000 86.4203491210938
47.020856 28.838273 1413188180000 85.0311279296875
47.020845 28.838285 1413188182000 84.7546997070313
47.020818 28.838303 1413188184000 85.1950073242188
47.020792 28.838308 1413188186000 85.39990234375
47.020782 28.838314 1413188187000 85.5372924804688
47.020781 28.838344 1413188190000 88.1759033203125
47.020786 28.838357 1413188191000 88.064208984375
47.020795 28.838376 1413188194000 92.7722778320313
47.020799 28.838378 1413188196000 92.379150390625
47.020786 28.838378 1413188198000 92.6661376953125
47.020759 28.838382 1413188200000 92.8603515625
47.020744 28.838381 1413188202000 93.7804565429687
47.020731 28.838383 1413188204000 93.7241821289063
47.020728 28.838397 1413188206000 93.576416015625
47.020715 28.838409 1413188208000 93.6182250976563
47.020692 28.838408 1413188210000 91.820068359375
47.020664 28.838407 1413188212000 92.3497924804687
47.020646 28.8384 1413188214000 92.70947265625
47.020636 28.838389 1413188216000 91.9357299804688
47.020621 28.838387 1413188218000 91.857421875
47.020604 28.838387 1413188220000 91.8678588867188