47.022131 28.824648 1413190520000 97.7913818359375
47.022139 28.824648 1413190521000 96.4600219726563
47.022112 28.82457 1413190524000 95.2091674804688
47.022094 28.82452 1413190526000 96.012451171875
47.022076 28.824476 1413190528000 95.4932861328125
47.022071 28.824462 1413190529000 95.06591796875
47.022095 28.82443 1413190532000 97.6022338867188
47.022165 28.824397 1413190537000 100.33447265625
47.022165 28.824362 1413190539000 98.405517578125
47.022151 28.824319 1413190541000 98.3333129882813
47.022148 28.824283 1413190543000 98.4451904296875
47.022144 28.824259 1413190545000 98.322021484375
47.022148 28.824238 1413190547000 94.9822387695312
47.022159 28.824221 1413190549000 94.30029296875
47.022172 28.824206 1413190551000 92.9364013671875
47.022191 28.824176 1413190553000 92.47802734375
47.02221 28.824144 1413190555000 93.5205078125
47.022229 28.824117 1413190557000 93.4841918945313
47.022244 28.82409 1413190559000 93.0868530273438
47.022254 28.824081 1413190560000 93.4818725585938
47.022279 28.82404 1413190563000 95.06298828125
47.022298 28.824004 1413190565000 95.8264770507813
47.02232 28.823978 1413190567000 98.0172119140625
47.02234 28.82396 1413190569000 97.350341796875
47.022362 28.823938 1413190571000 98.7905883789063
47.02238 28.823931 1413190573000 98.5731201171875
47.022399 28.823907 1413190575000 96.3082275390625
47.022413 28.82389 1413190577000 94.8916625976563
47.022432 28.82387 1413190579000 94.8690185546875
47.022444 28.823874 1413190581000 95.0234985351563
47.02246 28.823885 1413190583000 95.552978515625
47.022491 28.823871 1413190585000 95.8660278320312
47.022514 28.823838 1413190587000 95.5950927734375
47.022532 28.823805 1413190589000 95.0296630859375
47.022549 28.823761 1413190591000 94.6213989257813
47.02257 28.823723 1413190593000 94.3071899414062
47.02258 28.823714 1413190595000 94.1443481445313
47.022597 28.823699 1413190597000 93.7260131835938
47.022614 28.823676 1413190599000 93.81787109375
47.02263 28.823656 1413190601000 94.3419799804687
47.022639 28.823628 1413190603000 94.790283203125
47.02265 28.823593 1413190605000 94.8599853515625
47.022665 28.823562 1413190607000 94.5840454101563
47.022676 28.823541 1413190609000 93.9013061523437
47.022686 28.823524 1413190611000 93.7565307617188
47.022703 28.823518 1413190613000 93.256103515625
47.022714 28.823516 1413190615000 93.9346923828125
47.022732 28.823497 1413190617000 93.6651000976562
47.02274 28.823464 1413190619000 93.071533203125
47.022744 28.823429 1413190621000 93.17431640625
47.022748 28.823399 1413190623000 93.3765869140625
47.02275 28.82337 1413190625000 93.176513671875
47.022754 28.823337 1413190627000 92.9913940429688
47.022761 28.823328 1413190628000 93.1397094726563
47.022776 28.823308 1413190631000 93.1922607421875
47.02278 28.823272 1413190633000 92.417724609375
47.022794 28.823252 1413190635000 92.9520874023438
47.022805 28.82324 1413190637000 92.442626953125
47.022819 28.823204 1413190639000 92.3473510742187
47.022836 28.823208 1413190641000 91.989990234375
47.02286 28.823215 1413190643000 92.4757080078125
47.022884 28.823193 1413190645000 92.56103515625
47.0229 28.823147 1413190647000 93.828857421875
47.022918 28.823116 1413190649000 93.197998046875
47.022932 28.823102 1413190651000 92.635986328125
47.022945 28.823095 1413190653000 91.5184936523437
47.02295 28.823093 1413190655000 91.9546508789063
47.022957 28.823079 1413190657000 91.3155517578125
47.022963 28.823069 1413190659000 91.0269775390625
47.022974 28.823051 1413190661000 90.3786010742188
47.022985 28.823031 1413190663000 90.8648071289062
47.022993 28.823015 1413190665000 91.9521484375
47.023004 28.822992 1413190667000 91.3848876953125
47.023013 28.822963 1413190669000 90.463134765625
47.023022 28.822928 1413190671000 89.80029296875
47.023033 28.822898 1413190673000 89.6431274414063
47.02304 28.822888 1413190674000 90.1995849609375
47.023051 28.822875 1413190677000 90.1361694335938
47.023063 28.822878 1413190679000 89.9052124023438
47.023078 28.822878 1413190681000 89.4994506835937
47.023095 28.822858 1413190683000 88.3892211914062
47.023106 28.822838 1413190685000 89.148193359375
47.023106 28.822827 1413190686000 88.6588134765625
47.023106 28.822797 1413190689000 90.2802124023438
47.023113 28.822782 1413190691000 89.9183349609375
47.023124 28.82276 1413190693000 88.5508422851563
47.02314 28.82272 1413190695000 88.20947265625
47.023159 28.822688 1413190697000 88.458984375
47.023181 28.822636 1413190699000 88.5780639648438
47.023207 28.822578 1413190701000 88.7246704101563
47.023228 28.822561 1413190703000 88.24951171875
47.023248 28.82255 1413190705000 87.1806030273438
47.023271 28.822557 1413190707000 88.0939331054688
47.023293 28.82254 1413190709000 87.2880859375
47.023302 28.822518 1413190711000 86.851806640625
47.023323 28.822495 1413190713000 86.795654296875
47.023346 28.822468 1413190715000 87.4140625
47.023362 28.822432 1413190717000 86.5350952148438
47.023386 28.822409 1413190719000 87.1671142578125
47.023412 28.822392 1413190721000 86.5367431640625
47.023432 28.822384 1413190723000 87.0809936523438
47.02344 28.822379 1413190725000 86.7381591796875
47.023441 28.822369 1413190727000 86.65625
47.023434 28.82235 1413190729000 86.806884765625
47.023435 28.822335 1413190731000 87.3597412109375
47.023448 28.822315 1413190733000 86.4391479492187
47.023471 28.822296 1413190735000 85.6534423828125
47.023488 28.822264 1413190737000 85.5203857421875
47.023501 28.82223 1413190739000 86.7750244140625
47.023514 28.822205 1413190741000 87.075439453125
47.023524 28.822199 1413190742000 87.4259643554688
47.023547 28.82218 1413190744000 86.6861572265625
47.023566 28.822149 1413190746000 86.2108154296875
47.02359 28.822111 1413190749000 87.0250854492187
47.023606 28.822091 1413190751000 86.89111328125
47.023628 28.822076 1413190753000 87.3550415039063
47.023644 28.82206 1413190755000 87.3323364257813
47.023652 28.822035 1413190757000 87.3440551757813
47.023662 28.822016 1413190759000 88.4423217773437
47.023677 28.821992 1413190761000 87.6967163085938
47.023693 28.821976 1413190763000 87.8467407226563
47.023709 28.821956 1413190765000 87.117919921875
47.023721 28.821925 1413190767000 86.755859375
47.023736 28.82189 1413190769000 85.3782348632813
47.023744 28.821872 1413190770000 85.530029296875
47.023769 28.821822 1413190773000 86.1394653320312
47.023776 28.821818 1413190774000 86.2945556640625
47.023794 28.821835 1413190777000 87.281982421875
47.023794 28.821835 1413190779000 88.051513671875
47.023807 28.821822 1413190781000 88.11474609375
47.023814 28.821785 1413190783000 88.4821166992188
47.023818 28.821763 1413190785000 87.9327392578125
47.02382 28.82176 1413190786000 88.4517822265625
47.023831 28.821779 1413190789000 89.7564697265625
47.023839 28.821802 1413190791000 90.6900634765625
47.023839 28.821802 1413190793000 89.7274169921875
47.023839 28.821802 1413190795000 89.73681640625
47.023839 28.821802 1413190797000 89.7381591796875
47.023839 28.821802 1413190799000 89.7326049804687
47.023839 28.821802 1413190801000 89.7400512695313
47.023864 28.821846 1413190803000 90.1439208984375
47.023883 28.821853 1413190805000 90.4205322265625
47.02391 28.821855 1413190807000 90.900146484375
47.023925 28.82185 1413190809000 91.140380859375
47.02393 28.821855 1413190811000 91.3014526367188
47.023925 28.821854 1413190813000 91.220703125
47.023921 28.821849 1413190815000 91.118408203125
47.023923 28.82186 1413190817000 91.319580078125
47.023925 28.821865 1413190819000 91.5635375976563
47.02392 28.821875 1413190821000 91.8441162109375
47.023912 28.821886 1413190823000 91.7724609375
47.023905 28.821897 1413190825000 91.7073364257813
47.023899 28.821909 1413190827000 91.6285400390625