47.654438 25.990845 1413116246000 384.119018554688
47.654429 25.990836 1413116248000 381.956787109375
47.654409 25.990834 1413116250000 380.197631835938
47.6544 25.990831 1413116252000 381.49169921875
47.654391 25.990835 1413116254000 381.744995117188
47.654373 25.990859 1413116256000 381.644897460938
47.654354 25.99086 1413116258000 382.965087890625
47.654343 25.99084 1413116260000 384.023803710938
47.654311 25.990805 1413116262000 383.4052734375
47.654269 25.990761 1413116264000 385.410278320313
47.654225 25.990716 1413116266000 385.434387207031
47.654181 25.990672 1413116268000 384.044677734375
47.654146 25.990619 1413116270000 385.203491210938
47.654109 25.99054 1413116272000 385.7275390625
47.654084 25.990455 1413116274000 384.889404296875
47.654071 25.990383 1413116276000 385.067626953125
47.654057 25.990302 1413116278000 383.670593261719
47.654044 25.990208 1413116280000 382.986083984375
47.654036 25.990141 1413116282000 383.124877929688
47.654034 25.990108 1413116284000 382.407836914063
47.654035 25.99009 1413116286000 381.353149414062
47.654034 25.990085 1413116288000 381.599914550781
47.654028 25.99006 1413116290000 382.908752441406
47.654025 25.99002 1413116292000 382.179931640625
47.654033 25.98998 1413116294000 382.408447265625
47.654042 25.989945 1413116296000 383.381042480469
47.654057 25.989915 1413116298000 384.647399902344
47.654069 25.989887 1413116300000 383.823791503906
47.654077 25.98986 1413116302000 384.727783203125
47.654084 25.989822 1413116304000 384.228881835938
47.654088 25.989772 1413116306000 384.63037109375
47.654094 25.989706 1413116308000 383.363159179688
47.654118 25.989663 1413116310000 382.54736328125
47.654146 25.989633 1413116312000 384.369018554688
47.654173 25.989584 1413116314000 387.173156738281
47.654195 25.989505 1413116316000 385.340454101563
47.654215 25.989413 1413116318000 384.872375488281
47.65424 25.989329 1413116320000 385.771362304688
47.654259 25.989244 1413116322000 386.558349609375
47.65428 25.989156 1413116324000 387.457885742188
47.654306 25.989061 1413116326000 392.135620117187
47.654344 25.988956 1413116328000 393.875793457031
47.654382 25.98886 1413116330000 393.848022460938
47.654425 25.988676 1413116333000 392.94921875
47.654433 25.988632 1413116334000 394.329345703125
47.654452 25.988526 1413116336000 394.757202148438
47.654471 25.988425 1413116338000 395.442932128906
47.654488 25.988329 1413116340000 396.122253417969
47.654496 25.988237 1413116342000 397.978881835938
47.654511 25.988144 1413116344000 398.437255859375
47.654529 25.988049 1413116346000 397.364807128906
47.654543 25.987949 1413116348000 398.967590332031
47.654553 25.98785 1413116350000 401.595336914063
47.654565 25.987726 1413116352000 401.58251953125
47.654579 25.987624 1413116354000 401.898315429688
47.654594 25.987535 1413116356000 401.170532226563
47.654614 25.987445 1413116358000 401.222412109375
47.654618 25.987348 1413116360000 400.677185058594
47.654621 25.987253 1413116362000 401.576232910156
47.654631 25.987144 1413116364000 400.1953125
47.654645 25.987036 1413116366000 400.50390625
47.654646 25.986922 1413116368000 399.872924804688
47.654647 25.986799 1413116370000 397.83544921875
47.65466 25.986697 1413116372000 400.781372070313
47.654691 25.986631 1413116374000 400.567993164063
47.654747 25.986631 1413116376000 400.118530273438
47.654806 25.986678 1413116378000 399.450317382813
47.654845 25.986724 1413116380000 397.056030273438
47.654898 25.986771 1413116382000 393.900390625
47.654962 25.986809 1413116384000 395.129272460938
47.655026 25.986836 1413116386000 395.716796875
47.655082 25.986861 1413116388000 393.812133789063
47.655135 25.986883 1413116390000 393.345092773438
47.655189 25.986917 1413116392000 393.629638671875
47.655244 25.986949 1413116394000 393.617797851563
47.655297 25.986977 1413116396000 394.02978515625
47.655351 25.987022 1413116398000 391.408569335938
47.655405 25.987067 1413116400000 391.621459960938
47.655463 25.987101 1413116402000 390.97509765625
47.655526 25.987133 1413116404000 393.328247070312
47.655594 25.98716 1413116406000 396.58544921875
47.655662 25.987178 1413116408000 396.267639160156
47.655738 25.987185 1413116410000 396.74462890625
47.655799 25.987201 1413116412000 398.873291015625
47.655863 25.987221 1413116414000 399.735168457031
47.655934 25.987244 1413116416000 399.298217773438
47.656005 25.987269 1413116418000 400.39990234375
47.656075 25.987295 1413116420000 400.371704101563
47.656144 25.987319 1413116422000 399.629272460938
47.656224 25.987342 1413116424000 403.4013671875
47.656295 25.987348 1413116426000 403.158325195313
47.656372 25.987341 1413116428000 406.262756347656
47.656451 25.987349 1413116430000 406.968200683594
47.656532 25.987354 1413116432000 406.435546875
47.656626 25.987348 1413116434000 404.145202636719
47.656714 25.987334 1413116436000 405.637145996094
47.656833 25.987283 1413116438000 404.719482421875
47.656944 25.987263 1413116440000 404.257019042969
47.657078 25.987253 1413116442000 403.369140625
47.657202 25.987245 1413116444000 404.185729980469
47.657314 25.987212 1413116446000 404.715698242188
47.657415 25.987218 1413116448000 404.597839355469
47.657544 25.987216 1413116450000 404.75
47.657684 25.987204 1413116452000 404.00830078125
47.657792 25.987274 1413116454000 405.162109375
47.657873 25.987377 1413116456000 404.40966796875
47.658014 25.987444 1413116458000 403.460815429688
47.658114 25.987589 1413116460000 405.043884277344
47.658217 25.987725 1413116462000 404.813598632813
47.6583 25.987872 1413116464000 402.304992675781
47.658396 25.988021 1413116466000 401.812744140625
47.658475 25.988184 1413116468000 401.621215820313
47.658564 25.988358 1413116470000 402.348205566406
47.658649 25.98855 1413116472000 401.728576660156
47.658703 25.988766 1413116474000 400.397521972656
47.658745 25.988995 1413116476000 398.584594726563
47.658781 25.989229 1413116478000 398.4609375
47.658841 25.989437 1413116480000 398.445495605469
47.658938 25.989757 1413116483000 398.710083007813
47.658987 25.989866 1413116484000 396.600036621094
47.659078 25.990097 1413116486000 394.303527832031
47.659158 25.990339 1413116488000 393.379760742188
47.659248 25.990577 1413116490000 392.594055175781
47.659344 25.990813 1413116492000 390.451232910156
47.659415 25.991063 1413116494000 390.28125
47.659486 25.991323 1413116496000 388.984741210938
47.659552 25.991582 1413116498000 386.253845214844
47.659695 25.991971 1413116501000 383.25
47.659803 25.992237 1413116503000 383.172241210938
47.659859 25.992368 1413116504000 382.294067382812
47.659949 25.992631 1413116506000 380.125183105469
47.66002 25.992915 1413116508000 378.718627929688
47.660059 25.993205 1413116510000 378.296875
47.66011 25.993504 1413116512000 377.142333984375
47.660153 25.9938 1413116514000 378.052124023437
47.660199 25.994048 1413116516000 377.237121582031
47.66027 25.994288 1413116518000 375.637573242187
47.660373 25.994525 1413116520000 373.992553710938
47.660489 25.994735 1413116522000 371.218627929687
47.660625 25.994945 1413116524000 369.12158203125
47.660766 25.995177 1413116526000 367.7607421875
47.660949 25.995572 1413116529000 364.467163085938
47.661003 25.99572 1413116530000 363.279479980469
47.661094 25.996017 1413116532000 364.169921875
47.661197 25.996304 1413116534000 363.303466796875
47.661304 25.996574 1413116536000 363.435424804688
47.661412 25.996798 1413116538000 361.279602050781
47.661511 25.997041 1413116540000 360.300476074219
47.661605 25.99728 1413116542000 359.054931640625
47.66171 25.997548 1413116544000 357.184936523438
47.661794 25.997872 1413116546000 352.228515625
47.661868 25.998226 1413116548000 349.6826171875
47.661943 25.998592 1413116550000 346.498107910156
47.662025 25.998955 1413116552000 343.977905273438
47.662097 25.999303 1413116554000 342.995727539063
47.662201 25.999828 1413116557000 342.679626464844
47.662239 26.0 1413116558000 341.696411132813
47.662292 26.000326 1413116560000 341.263488769531
47.662348 26.00062 1413116562000 341.081848144531
47.662402 26.000896 1413116564000 341.226684570313
47.66248 26.001156 1413116566000 342.261779785156
47.662592 26.001374 1413116568000 341.697021484375
47.662721 26.00153 1413116570000 342.348266601563
47.662848 26.001695 1413116572000 342.370971679687
47.662902 26.001866 1413116574000 344.035400390625
47.662922 26.002028 1413116576000 344.364196777344
47.662939 26.002228 1413116578000 344.133056640625
47.662963 26.002452 1413116580000 344.814575195313
47.662994 26.002674 1413116582000 344.521728515625
47.663022 26.002897 1413116584000 343.946716308594
47.663031 26.003121 1413116586000 344.979125976563
47.663059 26.003343 1413116588000 345.87646484375
47.663089 26.003566 1413116590000 344.406372070313
47.663124 26.003775 1413116592000 345.700927734375
47.663202 26.003965 1413116594000 345.642211914063
47.663284 26.004154 1413116596000 345.087768554688
47.663411 26.004303 1413116598000 343.48486328125
47.663505 26.004461 1413116600000 343.664978027344
47.663608 26.004617 1413116602000 343.736511230469
47.663695 26.004754 1413116604000 344.8505859375
47.663807 26.004883 1413116606000 345.176330566406
47.663911 26.005025 1413116608000 345.625732421875
47.664028 26.005133 1413116610000 345.987670898438
47.664124 26.005262 1413116612000 347.332092285156
47.664231 26.005393 1413116614000 348.031494140625
47.664399 26.005502 1413116616000 346.056701660156
47.664481 26.005617 1413116618000 346.645629882813
47.664579 26.005777 1413116620000 347.720458984375
47.664665 26.005977 1413116622000 347.199951171875
47.664735 26.006156 1413116624000 348.177001953125
47.664831 26.006323 1413116626000 346.972351074219
47.664934 26.006423 1413116628000 347.424926757813
47.665038 26.006512 1413116630000 346.741943359375
47.665116 26.006602 1413116632000 345.577880859375
47.665181 26.006768 1413116634000 346.409301757813
47.665252 26.006922 1413116636000 346.868041992187
47.66532 26.007091 1413116638000 345.312561035156
47.665371 26.007286 1413116640000 346.4482421875
47.66542 26.007503 1413116642000 348.24853515625
47.665495 26.007692 1413116644000 346.760803222656
47.665574 26.007878 1413116646000 347.851440429688
47.665676 26.008028 1413116648000 347.476196289062
47.665724 26.008328 1413116651000 348.274169921875
47.665747 26.008399 1413116652000 350.183715820313
47.665811 26.008592 1413116654000 350.756469726563
47.665842 26.008788 1413116656000 353.069091796875
47.665857 26.009033 1413116658000 347.69189453125
47.665929 26.009201 1413116660000 347.998168945313
47.666041 26.009321 1413116662000 346.594482421875
47.666129 26.009581 1413116665000 346.236694335938
47.666132 26.009718 1413116666000 345.715087890625
47.66614 26.009903 1413116668000 345.485656738281
47.666103 26.01009 1413116670000 346.607177734375
47.666084 26.010246 1413116672000 348.072143554688
47.666061 26.010414 1413116674000 347.92724609375
47.66606 26.010612 1413116676000 350.019165039063
47.666078 26.0108 1413116678000 351.055603027344
47.666086 26.010998 1413116680000 349.620544433594
47.66611 26.011202 1413116682000 346.979125976562
47.666119 26.011394 1413116684000 345.6669921875
47.666113 26.011585 1413116686000 345.520751953125
47.666128 26.011776 1413116688000 344.3955078125
47.666175 26.01198 1413116690000 342.80322265625
47.666243 26.012159 1413116692000 342.5205078125
47.66634 26.012345 1413116694000 341.702026367187
47.666431 26.012541 1413116696000 340.418701171875
47.666512 26.012719 1413116698000 340.699279785156
47.666604 26.012909 1413116700000 341.712036132813
47.6667 26.013103 1413116702000 341.498840332031
47.666787 26.013275 1413116704000 343.162414550781
47.6669 26.013437 1413116706000 340.366455078125
47.666997 26.013566 1413116708000 341.52685546875
47.667082 26.013736 1413116710000 342.709594726563
47.667176 26.013887 1413116712000 342.265258789063
47.667266 26.014019 1413116714000 342.341674804688
47.667354 26.014184 1413116716000 342.939331054688
47.667474 26.01429 1413116718000 342.385375976563
47.667566 26.014392 1413116720000 342.996826171875
47.667705 26.014434 1413116722000 342.48193359375
47.667847 26.014447 1413116724000 343.4921875
47.667995 26.014441 1413116726000 343.082580566406
47.668149 26.014416 1413116728000 342.6298828125
47.668306 26.014366 1413116730000 341.337036132813
47.668452 26.014308 1413116732000 340.725219726563
47.66858 26.01429 1413116734000 342.374633789063
47.668739 26.01433 1413116736000 341.562683105469
47.66887 26.014447 1413116738000 341.51318359375
47.668968 26.014612 1413116740000 340.657165527344
47.669049 26.014798 1413116742000 338.640991210938
47.669084 26.014984 1413116744000 339.140686035156
47.669158 26.015146 1413116746000 338.143920898437
47.669221 26.015296 1413116748000 339.805297851563
47.669311 26.015428 1413116750000 340.011108398438
47.669411 26.015558 1413116752000 339.372924804687
47.669513 26.015675 1413116754000 338.581298828125
47.669604 26.015794 1413116756000 339.280639648438
47.669706 26.015898 1413116758000 339.284790039063
47.669819 26.015992 1413116760000 340.27734375
47.669921 26.016099 1413116762000 340.405578613281
47.670014 26.016195 1413116764000 339.839111328125
47.670085 26.016268 1413116766000 343.328002929687
47.670188 26.016346 1413116768000 345.435180664063
47.67033 26.016391 1413116770000 343.850341796875
47.670443 26.016462 1413116772000 343.505126953125
47.670547 26.016527 1413116774000 343.832763671875
47.670665 26.016589 1413116776000 343.11865234375
47.670773 26.016651 1413116778000 343.048217773438
47.67089 26.016695 1413116780000 342.627197265625
47.671005 26.016752 1413116782000 343.261657714844
47.671121 26.016807 1413116784000 343.232666015625
47.67125 26.016843 1413116786000 343.104858398438
47.671374 26.016893 1413116788000 344.066040039063
47.671501 26.016936 1413116790000 343.642944335937
47.671624 26.016978 1413116792000 343.992919921875
47.671734 26.017033 1413116794000 344.235107421875
47.671852 26.017088 1413116796000 344.787475585938
47.67198 26.01714 1413116798000 345.284301757813
47.672105 26.017192 1413116800000 344.722290039063
47.672215 26.017249 1413116802000 344.485473632812
47.672346 26.017268 1413116804000 344.526611328125
47.672461 26.017312 1413116806000 343.844604492187
47.67258 26.017357 1413116808000 344.431396484375
47.672702 26.017409 1413116810000 344.076049804688
47.672837 26.017446 1413116812000 343.780578613281
47.672958 26.017502 1413116814000 343.814575195313
47.673084 26.017564 1413116816000 343.585021972656
47.673218 26.017627 1413116818000 343.097595214844
47.673335 26.017697 1413116820000 343.390014648438
47.673454 26.017772 1413116822000 343.456115722656
47.673592 26.017871 1413116824000 343.533752441406
47.673746 26.017959 1413116826000 341.417724609375
47.673892 26.018056 1413116828000 341.99853515625
47.674053 26.018157 1413116830000 343.038330078125
47.674172 26.018314 1413116832000 342.151428222656
47.674293 26.018427 1413116834000 343.357788085938
47.67443 26.018518 1413116836000 341.06298828125
47.674548 26.018634 1413116838000 339.909790039063
47.674639 26.018761 1413116840000 339.278625488281
47.674752 26.01887 1413116842000 337.878173828125
47.674829 26.018987 1413116844000 338.725402832031
47.674904 26.019107 1413116846000 337.582763671875
47.674988 26.019207 1413116848000 337.720092773437
47.675054 26.019302 1413116850000 339.001770019531
47.675114 26.019397 1413116852000 340.154724121094
47.675174 26.019464 1413116854000 340.301208496094
47.675231 26.019513 1413116856000 342.044189453125
47.675255 26.019556 1413116858000 344.397094726563
47.675327 26.019565 1413116860000 345.1201171875
47.675382 26.01958 1413116862000 346.56103515625
47.675441 26.019613 1413116864000 346.394348144531
47.675485 26.019652 1413116866000 348.174438476562
47.675537 26.019682 1413116868000 347.864379882813
47.675598 26.019692 1413116870000 348.770690917969
47.675663 26.019677 1413116872000 348.528076171875
47.675734 26.019659 1413116874000 348.906860351562
47.675799 26.019667 1413116876000 348.943908691406
47.675862 26.019679 1413116878000 348.930541992188
47.675928 26.01969 1413116880000 348.405883789063
47.675995 26.019685 1413116882000 348.1142578125
47.676065 26.019671 1413116884000 348.524475097656
47.676142 26.019661 1413116886000 348.828674316406
47.676222 26.019651 1413116888000 348.57275390625
47.67631 26.019643 1413116890000 348.426452636719
47.676404 26.019631 1413116892000 348.211181640625
47.676508 26.019619 1413116894000 348.018310546875
47.676617 26.019611 1413116896000 347.894409179688
47.676736 26.019599 1413116898000 346.609375
47.676861 26.019581 1413116900000 346.015625
47.676999 26.019561 1413116902000 345.927734375
47.677128 26.01956 1413116904000 346.416748046875
47.677263 26.019553 1413116906000 346.5146484375
47.677388 26.019552 1413116908000 345.978271484375
47.677522 26.019551 1413116910000 345.964172363281
47.677652 26.019552 1413116912000 345.55712890625
47.677775 26.019568 1413116914000 345.643005371094
47.677903 26.019619 1413116916000 345.183471679687
47.67803 26.019672 1413116918000 344.670043945313
47.678129 26.019728 1413116920000 345.002502441406
47.678228 26.019776 1413116922000 346.046264648438
47.678328 26.01983 1413116924000 346.306640625
47.678427 26.019883 1413116926000 346.947631835937
47.67853 26.019952 1413116928000 346.59423828125
47.678622 26.020021 1413116930000 346.904479980469
47.678713 26.020089 1413116932000 346.773803710938
47.678805 26.020166 1413116934000 346.970886230469
47.678898 26.02024 1413116936000 346.970458984375
47.678998 26.020321 1413116938000 347.058471679687
47.679094 26.020399 1413116940000 346.794128417969
47.679169 26.020479 1413116942000 347.534606933594
47.679256 26.020579 1413116944000 346.917724609375
47.679348 26.020675 1413116946000 346.105834960938
47.679435 26.020795 1413116948000 347.31396484375
47.679521 26.020955 1413116951000 346.521606445313
47.679607 26.021086 1413116952000 347.290832519531
47.679753 26.021233 1413116954000 345.899658203125
47.679863 26.021393 1413116956000 345.574584960938
47.67999 26.021584 1413116958000 344.494262695313
47.680109 26.021764 1413116960000 343.768249511719
47.680237 26.021935 1413116962000 342.508422851563
47.680371 26.022087 1413116964000 341.693237304688
47.680492 26.022252 1413116966000 341.04443359375
47.680617 26.022423 1413116968000 340.970703125
47.680748 26.022579 1413116970000 339.8994140625
47.680861 26.022774 1413116972000 340.066528320312
47.680959 26.02297 1413116974000 339.985534667969
47.681059 26.023165 1413116976000 339.70751953125
47.681158 26.023365 1413116978000 339.747497558594
47.681257 26.023587 1413116980000 339.012817382812
47.681359 26.023762 1413116982000 338.615844726563
47.681464 26.02394 1413116984000 338.614807128906
47.681589 26.024125 1413116986000 337.422119140625
47.681718 26.024292 1413116988000 336.972412109375
47.681865 26.024417 1413116990000 338.185546875
47.68207 26.024486 1413116992000 335.221313476563
47.682214 26.024636 1413116994000 333.741394042969
47.682342 26.024802 1413116996000 333.381469726563
47.68243 26.024999 1413116998000 334.128295898438
47.682516 26.025193 1413117000000 334.679626464844
47.682596 26.02538 1413117002000 334.144897460938
47.682665 26.025561 1413117004000 333.903564453125
47.682713 26.025721 1413117006000 336.485778808594
47.682766 26.02587 1413117008000 336.632934570313
47.682788 26.025975 1413117010000 338.779968261719
47.682798 26.026099 1413117012000 342.436218261719
47.682808 26.026215 1413117014000 341.301574707031
47.682828 26.026322 1413117016000 340.599792480469
47.682833 26.026427 1413117018000 340.689819335938
47.682875 26.026533 1413117020000 341.083618164063
47.682927 26.026663 1413117022000 340.264282226562
47.682981 26.026798 1413117024000 339.464599609375
47.683024 26.026953 1413117026000 339.490356445313
47.683064 26.027105 1413117028000 338.08349609375
47.683125 26.027251 1413117030000 337.186889648438
47.683202 26.027346 1413117032000 338.08447265625
47.683247 26.027456 1413117034000 337.764221191406
47.683266 26.027555 1413117036000 337.958374023438
47.683272 26.027581 1413117038000 337.40771484375
47.683269 26.02763 1413117040000 337.434814453125
47.683278 26.02764 1413117042000 336.552001953125
47.683279 26.027655 1413117044000 335.061218261719
47.683279 26.027662 1413117046000 334.620788574219
47.683279 26.027662 1413117048000 335.770141601563
47.683278 26.027646 1413117050000 339.069946289063
47.683276 26.027629 1413117052000 338.715698242188
47.683276 26.027628 1413117054000 338.2626953125
47.683272 26.027625 1413117056000 337.867919921875
47.683261 26.02762 1413117058000 337.218017578125
47.683256 26.027621 1413117060000 337.991943359375
47.683256 26.027621 1413117062000 336.112670898438
47.683254 26.027633 1413117064000 336.595336914063
47.683254 26.027633 1413117066000 336.7861328125
47.683244 26.027659 1413117068000 337.454528808594
47.683212 26.027733 1413117070000 335.651245117188
47.683172 26.02782 1413117072000 335.849853515625
47.683152 26.02789 1413117074000 336.388549804687
47.683144 26.027937 1413117076000 336.180847167969
47.683139 26.027971 1413117078000 334.677612304688
47.683136 26.027992 1413117080000 334.164672851563
47.683134 26.028001 1413117082000 334.447265625
47.683125 26.028014 1413117084000 334.862426757812
47.683118 26.02803 1413117086000 334.740844726563
47.683128 26.028045 1413117088000 334.838134765625
47.683151 26.028049 1413117090000 334.226257324219
47.683171 26.028039 1413117092000 333.85986328125
47.683195 26.028026 1413117094000 333.049560546875
47.683192 26.02803 1413117096000 330.896057128906
47.683177 26.028043 1413117098000 331.16015625
47.683171 26.028041 1413117100000 330.286865234375
47.683172 26.028009 1413117103000 330.414611816406
47.683164 26.027955 1413117104000 334.177490234375