62.577854 29.808066 1414951650000 94.15185546875
62.577815 29.808098 1414951652000 97.1591796875
62.577782 29.808129 1414951654000 103.497680664063
62.577745 29.808111 1414951656000 99.1627197265625
62.577722 29.808078 1414951658000 96.6194458007813
62.577703 29.808066 1414951660000 96.9327392578125
62.577702 29.808118 1414951662000 91.1865844726563
62.577697 29.808216 1414951664000 100.797912597656
62.57773 29.808313 1414951666000 98.609130859375
62.578006 29.808415 1414951668000 87.8346557617188
62.578028 29.808525 1414951670000 88.4326171875
62.578059 29.808604 1414951672000 86.7706909179688
62.578087 29.808687 1414951674000 86.4911499023438
62.578103 29.808781 1414951676000 87.2306518554688
62.578149 29.808824 1414951678000 88.3546142578125
62.578212 29.808802 1414951680000 86.121826171875
62.578263 29.80877 1414951682000 86.667724609375
62.578312 29.808728 1414951684000 86.2540893554688
62.578361 29.808704 1414951686000 86.6478881835937
62.578409 29.80867 1414951688000 85.0349731445313
62.578452 29.808626 1414951690000 86.0552368164062
62.578493 29.808581 1414951692000 87.0107421875
62.578532 29.80851 1414951694000 86.3885498046875
62.578566 29.808454 1414951696000 87.5270385742188
62.578609 29.808417 1414951698000 87.97509765625
62.578652 29.808363 1414951700000 87.15625
62.578694 29.808301 1414951702000 87.2959594726563
62.578741 29.808252 1414951704000 87.2222290039062
62.578791 29.80822 1414951706000 87.6708984375
62.57884 29.808176 1414951708000 87.9822998046875
62.578887 29.80812 1414951710000 88.72021484375
62.578938 29.808067 1414951712000 88.9010009765625
62.57899 29.808017 1414951714000 89.4019775390625
62.579046 29.807961 1414951716000 88.8240966796875
62.579086 29.807886 1414951718000 88.6459350585938
62.579131 29.807811 1414951720000 88.388671875
62.579174 29.807748 1414951722000 88.3017578125
62.579208 29.807693 1414951724000 88.3101806640625
62.579254 29.80764 1414951726000 88.8800048828125
62.579295 29.807568 1414951728000 89.0635375976563
62.579333 29.807497 1414951730000 89.791015625
62.579367 29.807435 1414951732000 89.9949951171875
62.579404 29.807366 1414951734000 91.3372192382812
62.579435 29.807314 1414951736000 91.4125366210938
62.579472 29.807267 1414951738000 90.823486328125
62.579513 29.8072 1414951740000 90.5630493164063
62.579543 29.807102 1414951742000 90.2407836914063
62.579568 29.806997 1414951744000 89.795654296875
62.579586 29.806891 1414951746000 89.0160522460937
62.579607 29.806783 1414951748000 88.897705078125
62.579637 29.806684 1414951750000 89.219970703125
62.579668 29.806599 1414951752000 88.2086181640625
62.579698 29.806515 1414951754000 88.6107177734375
62.579727 29.806432 1414951756000 88.7119750976563
62.579752 29.806344 1414951758000 89.6771240234375
62.579769 29.806253 1414951760000 89.6430053710938
62.579787 29.80615 1414951762000 89.2012939453125
62.579813 29.806037 1414951764000 89.5795288085938
62.579845 29.805943 1414951766000 89.1696166992188
62.579871 29.805864 1414951768000 89.0367431640625
62.579901 29.805779 1414951770000 87.927734375
62.579929 29.805693 1414951772000 87.0115356445313
62.579955 29.805625 1414951774000 86.6122436523438
62.579986 29.805541 1414951776000 87.0100708007813
62.580009 29.80546 1414951778000 87.48828125
62.580033 29.805365 1414951780000 86.8468017578125
62.580058 29.805282 1414951782000 86.72607421875
62.580088 29.805215 1414951784000 86.5553588867188
62.580124 29.80514 1414951786000 86.602294921875
62.580152 29.805065 1414951788000 87.1452026367188
62.580178 29.80499 1414951790000 88.0640869140625
62.580206 29.804914 1414951792000 88.6028442382812
62.580237 29.804858 1414951794000 88.8889770507813
62.580272 29.804836 1414951796000 89.2393798828125
62.58032 29.804837 1414951798000 89.0599365234375
62.58037 29.804855 1414951800000 89.9939575195313
62.580415 29.804878 1414951802000 89.892333984375
62.580458 29.804899 1414951804000 90.0530395507812
62.580507 29.804921 1414951806000 89.4878540039062
62.580566 29.804939 1414951808000 90.0851440429688
62.580613 29.804956 1414951810000 90.3313598632812
62.580653 29.804966 1414951812000 90.262939453125
62.580687 29.804945 1414951814000 90.1798095703125
62.580728 29.80492 1414951816000 90.1373901367188
62.580772 29.804894 1414951818000 90.6847534179687
62.580811 29.80487 1414951820000 90.4190673828125
62.580853 29.804853 1414951822000 90.6064453125
62.580894 29.804851 1414951824000 89.5108032226563
62.58094 29.80484 1414951826000 89.409423828125
62.580988 29.804831 1414951828000 88.7949829101563
62.581035 29.804827 1414951830000 88.4490966796875
62.581076 29.804819 1414951832000 88.748291015625
62.581118 29.80478 1414951834000 88.1744384765625
62.581146 29.804696 1414951836000 87.8663330078125
62.581165 29.804605 1414951838000 87.8884887695313
62.581169 29.804524 1414951840000 88.7086181640625
62.581164 29.804443 1414951842000 88.5037231445313
62.581159 29.804346 1414951844000 87.94482421875
62.581156 29.804258 1414951846000 88.781005859375
62.581151 29.804181 1414951848000 88.8720703125
62.581159 29.804098 1414951850000 88.3685302734375
62.581159 29.804006 1414951852000 88.7728271484375
62.581151 29.803926 1414951854000 88.3863525390625
62.581143 29.803842 1414951856000 88.749267578125
62.581147 29.80377 1414951858000 88.7583618164063
62.581153 29.803699 1414951860000 88.4603271484375
62.581157 29.803623 1414951862000 88.375
62.581157 29.80353 1414951864000 89.1605834960938
62.581155 29.803425 1414951866000 88.4124145507812
62.581147 29.803319 1414951868000 88.7811279296875
62.581133 29.803203 1414951870000 88.587158203125
62.581114 29.803084 1414951872000 89.7216186523437
62.581094 29.802965 1414951874000 89.425048828125
62.581072 29.802865 1414951876000 88.8937377929688
62.581052 29.802785 1414951878000 88.8986206054688
62.581044 29.802688 1414951880000 88.1845703125
62.581045 29.802606 1414951882000 88.4682006835938
62.581045 29.802515 1414951884000 88.3985595703125
62.581035 29.802402 1414951886000 88.53564453125
62.581031 29.802308 1414951888000 88.6275024414063
62.581025 29.802215 1414951890000 88.4630126953125
62.581023 29.802133 1414951892000 88.1651000976563
62.581019 29.802061 1414951894000 88.6078491210938
62.581018 29.801972 1414951896000 89.0157470703125
62.581023 29.801879 1414951898000 89.6708984375
62.581027 29.801783 1414951900000 89.4071044921875
62.58103 29.801692 1414951902000 89.0936889648438
62.581039 29.801617 1414951904000 90.0391845703125
62.581041 29.801519 1414951906000 89.56884765625
62.581043 29.801432 1414951908000 88.4677734375
62.581045 29.801331 1414951910000 88.03125
62.581046 29.801227 1414951912000 88.396484375
62.581044 29.801148 1414951914000 88.7337646484375
62.581033 29.801072 1414951916000 89.1091918945313
62.581016 29.800979 1414951918000 89.1669921875
62.581002 29.80089 1414951920000 89.062255859375
62.581 29.800807 1414951922000 89.2439575195313
62.580991 29.800734 1414951924000 88.7017822265625
62.580975 29.800628 1414951926000 88.6820068359375
62.580964 29.800546 1414951928000 88.659423828125
62.580952 29.80046 1414951930000 88.4912109375
62.580946 29.800358 1414951932000 88.3917846679688
62.580937 29.800264 1414951934000 88.4313354492187
62.580931 29.800163 1414951936000 88.36474609375
62.58093 29.80006 1414951938000 88.955810546875
62.580933 29.799979 1414951940000 88.7286376953125
62.580931 29.799895 1414951942000 88.7377319335937
62.580924 29.799825 1414951944000 88.5311279296875
62.580911 29.799748 1414951946000 88.8045043945313
62.580891 29.799634 1414951948000 88.9022827148438
62.580875 29.799532 1414951950000 89.5365600585938
62.580872 29.799449 1414951952000 90.15966796875
62.580875 29.799361 1414951954000 89.942138671875
62.58088 29.799268 1414951956000 89.8607788085937
62.580879 29.799153 1414951958000 90.2880859375
62.58088 29.799069 1414951960000 90.0418090820313
62.580872 29.798983 1414951962000 89.8765869140625
62.580866 29.798904 1414951964000 90.50341796875
62.580866 29.798834 1414951966000 89.8342895507813
62.580864 29.798777 1414951968000 89.5643310546875
62.58086 29.798707 1414951970000 89.02783203125
62.580857 29.798647 1414951972000 88.9442749023438
62.580844 29.798558 1414951974000 88.4425659179688
62.580831 29.798465 1414951976000 88.1995239257813
62.580825 29.798362 1414951978000 87.8026123046875
62.580819 29.798247 1414951980000 87.4404296875
62.580797 29.798179 1414951982000 87.549072265625
62.580753 29.798171 1414951984000 87.678955078125
62.580716 29.798189 1414951986000 88.35791015625
62.580664 29.798198 1414951988000 88.7197265625
62.580626 29.7982 1414951990000 89.28759765625
62.580587 29.798211 1414951992000 90.1419677734375
62.580556 29.798236 1414951994000 91.3668823242188
62.580519 29.79825 1414951996000 90.5850830078125
62.580475 29.798255 1414951998000 90.1434326171875
62.580439 29.79825 1414952000000 90.2382202148438
62.580402 29.798267 1414952002000 89.9378662109375
62.580368 29.798306 1414952004000 90.2250366210938
62.580344 29.798334 1414952006000 90.355224609375
62.580312 29.798368 1414952008000 90.2532958984375
62.580276 29.798398 1414952010000 89.7357788085938
62.580231 29.798425 1414952012000 89.992431640625
62.580194 29.798462 1414952014000 90.240234375
62.580174 29.798489 1414952016000 90.3441162109375
62.580153 29.798512 1414952018000 90.7357177734375
62.580133 29.798534 1414952020000 92.0159912109375
62.580112 29.798566 1414952022000 92.869384765625
62.580094 29.798604 1414952024000 93.6676635742188
62.580073 29.798656 1414952026000 94.29345703125
62.58005 29.798691 1414952028000 94.6057739257813
62.580022 29.798725 1414952030000 94.357666015625
62.579988 29.798752 1414952032000 93.9236450195313
62.579944 29.798789 1414952034000 92.4521484375
62.579901 29.798839 1414952036000 92.2713012695313
62.579861 29.798881 1414952038000 92.465576171875
62.579824 29.798924 1414952040000 92.85595703125
62.579787 29.798969 1414952042000 92.839111328125
62.579751 29.79903 1414952044000 92.758544921875
62.579726 29.799084 1414952046000 92.9005126953125
62.579695 29.799131 1414952048000 92.7625122070313
62.57966 29.799152 1414952050000 92.09375
62.57962 29.799153 1414952052000 92.4927368164063
62.579575 29.799163 1414952054000 93.0365600585938
62.579531 29.799193 1414952056000 92.7969970703125
62.579475 29.799226 1414952058000 92.5342407226563
62.57941 29.799239 1414952060000 92.7997436523438
62.579364 29.799262 1414952062000 93.140869140625
62.579325 29.79929 1414952064000 93.2691650390625
62.579277 29.799316 1414952066000 93.7686767578125
62.579218 29.799347 1414952068000 93.92236328125
62.579169 29.799388 1414952070000 94.2460327148438
62.579129 29.799428 1414952072000 94.7702026367188
62.579096 29.799467 1414952074000 95.4280395507813
62.579063 29.799508 1414952076000 95.0963134765625
62.579027 29.799555 1414952078000 95.56982421875
62.578984 29.799593 1414952080000 95.7557373046875
62.578935 29.799637 1414952082000 96.188720703125
62.578899 29.799666 1414952084000 96.0272827148438
62.578855 29.799705 1414952086000 97.0396728515625
62.578812 29.799738 1414952088000 97.3954467773438
62.578774 29.799757 1414952090000 96.6527709960938
62.578729 29.799774 1414952092000 96.6258544921875
62.578689 29.799812 1414952094000 97.2439575195313
62.578647 29.799858 1414952096000 97.3111572265625
62.578595 29.799927 1414952098000 97.0916137695313
62.57856 29.799992 1414952100000 97.4854736328125
62.578544 29.800035 1414952102000 97.8052368164063
62.578516 29.800064 1414952104000 97.0969848632813
62.578493 29.800087 1414952106000 97.3665161132813
62.578466 29.800121 1414952108000 98.2708740234375
62.578435 29.800141 1414952110000 98.38720703125
62.578403 29.800152 1414952112000 98.6884155273438
62.578365 29.800166 1414952114000 98.6891479492188
62.578342 29.80018 1414952116000 98.5542602539063
62.578313 29.800211 1414952118000 98.2210693359375
62.578266 29.800252 1414952120000 98.15234375
62.578241 29.800262 1414952122000 99.4896850585938
62.57822 29.800248 1414952124000 98.8654174804688
62.578194 29.800234 1414952126000 98.8258056640625
62.578168 29.800254 1414952128000 98.8505859375
62.578148 29.800261 1414952130000 98.888916015625
62.578129 29.800243 1414952132000 99.273681640625
62.5781 29.800254 1414952134000 99.2828979492188
62.578077 29.800277 1414952136000 98.923583984375
62.578043 29.800318 1414952138000 98.8094482421875
62.578002 29.800357 1414952140000 99.4461669921875
62.577972 29.800389 1414952142000 99.0155029296875
62.577936 29.800421 1414952144000 99.1648559570313
62.577894 29.800423 1414952146000 98.8953247070313
62.577856 29.800446 1414952148000 99.3592529296875
62.577819 29.800464 1414952150000 99.625244140625
62.577778 29.800483 1414952152000 99.1678466796875
62.577743 29.800499 1414952154000 99.3585815429688
62.577713 29.800516 1414952156000 99.5560302734375
62.577688 29.800549 1414952158000 99.9664916992188
62.577658 29.800568 1414952160000 99.89013671875
62.577617 29.80059 1414952162000 99.8955688476563
62.577583 29.800639 1414952164000 100.466552734375
62.57755 29.800684 1414952166000 100.47509765625
62.577524 29.800723 1414952168000 100.057861328125
62.577488 29.800758 1414952170000 99.8722534179688
62.577445 29.800787 1414952172000 99.9561767578125
62.577423 29.800829 1414952174000 100.289367675781
62.577424 29.800899 1414952176000 100.195495605469
62.577416 29.800973 1414952178000 100.469482421875
62.577407 29.801062 1414952180000 100.455383300781
62.577386 29.80114 1414952182000 100.896301269531
62.577371 29.801213 1414952184000 101.298767089844
62.577368 29.801283 1414952186000 101.331298828125
62.577367 29.801337 1414952188000 101.007019042969
62.577348 29.801393 1414952190000 101.527709960938
62.577327 29.801451 1414952192000 101.281616210938
62.57731 29.801514 1414952194000 101.297546386719
62.577298 29.801574 1414952196000 101.149291992188
62.577277 29.80163 1414952198000 100.939575195313
62.577234 29.801695 1414952200000 100.909118652344
62.5772 29.801775 1414952202000 101.148681640625
62.577168 29.801831 1414952204000 101.846069335938
62.577144 29.801869 1414952206000 102.042175292969
62.577134 29.801916 1414952208000 102.068908691406
62.577103 29.801992 1414952210000 101.689819335938
62.577068 29.802074 1414952212000 101.698303222656
62.57705 29.802176 1414952214000 103.062866210938
62.577031 29.802263 1414952216000 103.049072265625
62.577029 29.802351 1414952218000 102.460266113281
62.577017 29.802425 1414952220000 102.882080078125
62.576998 29.802503 1414952222000 102.332763671875
62.576991 29.802594 1414952224000 101.5751953125
62.576999 29.802671 1414952226000 101.35302734375
62.577007 29.802742 1414952228000 102.027709960938
62.577 29.802836 1414952230000 102.394287109375
62.57698 29.802933 1414952232000 103.383911132813
62.576965 29.803019 1414952234000 102.250122070313
62.576956 29.80311 1414952236000 101.7998046875
62.576943 29.8032 1414952238000 101.648071289063
62.576935 29.803283 1414952240000 101.710205078125
62.576939 29.803376 1414952242000 101.9013671875
62.576946 29.803469 1414952244000 101.860534667969
62.576953 29.803561 1414952246000 102.839416503906
62.576965 29.803661 1414952248000 102.642761230469
62.576983 29.803761 1414952250000 101.732971191406
62.577002 29.803838 1414952252000 101.811340332031
62.577019 29.803924 1414952254000 102.488525390625
62.577031 29.804016 1414952256000 102.802307128906
62.577053 29.804077 1414952258000 102.479736328125
62.577079 29.804109 1414952260000 102.014831542969
62.577098 29.804153 1414952262000 101.063232421875
62.57711 29.804221 1414952264000 100.337524414063
62.577119 29.804295 1414952266000 100.449462890625
62.57713 29.804363 1414952268000 99.8901977539063
62.577135 29.804441 1414952270000 99.663330078125
62.577137 29.804528 1414952272000 99.216552734375
62.577138 29.804599 1414952274000 99.8483276367188
62.577134 29.804666 1414952276000 98.9392700195313
62.577135 29.804746 1414952278000 99.1824340820313
62.577146 29.804826 1414952280000 99.0725708007813
62.577161 29.804893 1414952282000 99.4398803710938
62.577179 29.804965 1414952284000 99.5072021484375
62.577195 29.805039 1414952286000 100.789428710938
62.577203 29.805118 1414952288000 100.598388671875
62.5772 29.805182 1414952290000 100.806335449219
62.577203 29.805236 1414952292000 100.299560546875
62.577222 29.805299 1414952294000 99.0569458007813
62.577248 29.805381 1414952296000 99.0549926757813
62.577272 29.80544 1414952298000 98.8460083007813
62.577287 29.80552 1414952300000 98.4705200195313
62.577293 29.805593 1414952302000 97.9791259765625
62.577298 29.805673 1414952304000 97.8138427734375
62.57732 29.80574 1414952306000 98.6981811523438
62.577308 29.805788 1414952308000 98.1674194335938
62.577265 29.805858 1414952310000 97.603515625
62.577258 29.805951 1414952312000 97.6447143554688
62.577282 29.806049 1414952314000 97.4471435546875
62.577286 29.806122 1414952316000 97.3675537109375
62.57729 29.806202 1414952318000 97.1160888671875
62.577335 29.806268 1414952320000 96.2625122070313
62.577361 29.806337 1414952322000 95.6246337890625
62.57737 29.806409 1414952324000 95.7874755859375
62.577366 29.806505 1414952326000 95.313720703125
62.577372 29.806589 1414952328000 95.4962158203125
62.57737 29.806663 1414952330000 95.23388671875
62.577382 29.806733 1414952332000 95.4981079101563
62.577381 29.806818 1414952334000 95.0577392578125
62.57738 29.806894 1414952336000 94.712646484375
62.577381 29.806994 1414952338000 95.86083984375
62.577396 29.807104 1414952340000 96.5789794921875
62.577413 29.8072 1414952342000 95.8983154296875
62.577429 29.807304 1414952344000 97.3543701171875
62.577441 29.807415 1414952346000 98.1270751953125
62.577451 29.807532 1414952348000 97.7426147460938
62.577457 29.807622 1414952350000 98.1753540039063
62.577462 29.807689 1414952352000 98.60791015625
62.577495 29.80773 1414952354000 99.2598266601563
62.577531 29.807748 1414952356000 99.9434204101563
62.577558 29.807762 1414952358000 99.8677368164063
62.57758 29.807777 1414952360000 99.132568359375
62.577591 29.807768 1414952362000 100.87255859375
62.577596 29.80775 1414952364000 101.380310058594
62.577594 29.807731 1414952366000 102.324279785156
62.577595 29.807733 1414952368000 103.918151855469
62.577605 29.807775 1414952370000 104.70751953125
62.57762 29.807812 1414952372000 105.821716308594
62.577636 29.807853 1414952374000 106.728088378906
62.577656 29.807896 1414952376000 106.583435058594
62.577679 29.807936 1414952378000 106.792907714844
62.577708 29.807972 1414952380000 107.381225585938
62.577741 29.807992 1414952382000 107.498107910156